# Alunite, Chemical Formula: KAl3(SO4)2(OH)6
# Sample ID: GDS84_Na03
# wavelengths (microns), reflectance
1.4590921	0.37619266
1.4595029	0.37839174
1.4599138	0.38176879
1.460325	0.38333952
1.4607365	0.38593128
1.4611483	0.38789469
1.4615602	0.39174303
1.4619724	0.39307815
1.4623848	0.39488447
1.4627974	0.39779037
1.4632103	0.39991087
1.4636234	0.40077478
1.4640367	0.40297383
1.4644502	0.40501577
1.4648641	0.4080002
1.4652781	0.40941387
1.4656924	0.41098458
1.4661069	0.41247684
1.4665216	0.41420463
1.4669366	0.41506851
1.4673518	0.41616803
1.4677672	0.41546118
1.4681829	0.41742465
1.4685988	0.41789585
1.469015	0.41899538
1.4694314	0.41954514
1.469848	0.4207232
1.4702649	0.42158711
1.470682	0.42127293
1.4710993	0.42040905
1.471517	0.4208017
1.4719347	0.41852415
1.4723527	0.41695344
1.472771	0.41467586
1.4731897	0.4141261
1.4736084	0.40996361
1.4740274	0.40635088
1.4744467	0.40336651
1.4748662	0.40163869
1.4752858	0.39794746
1.4757057	0.39362788
1.476126	0.39158592
1.4765463	0.38930836
1.476967	0.38679516
1.4773879	0.38585275
1.477809	0.38640249
1.4782305	0.3887586
1.478652	0.39197859
1.4790739	0.39771184
1.479496	0.40540847
1.4799184	0.41200557
1.480341	0.41852415
1.4807638	0.4262208
1.4811869	0.4345457
1.4816102	0.44216383
1.4820337	0.4466404
1.4824575	0.45119557
1.4828815	0.45653614
1.4833061	0.46313322
1.4837304	0.46870938
1.4841553	0.47420692
1.4845803	0.4791548
1.4850056	0.48253188
1.4854311	0.48567334
1.4858568	0.48952168
1.4862827	0.49313441
1.4867089	0.49666858
1.4871353	0.50028127
1.4875621	0.50326568
1.4879889	0.5066427
1.4884162	0.50907743
1.4888437	0.51049107
1.4892714	0.51323986
1.4896992	0.51653844
1.4901278	0.52007264
1.4905561	0.52203608
1.4909849	0.52337116
1.4914138	0.52407801
1.491843	0.52580589
1.4922724	0.52776927
1.4927021	0.52894729
1.493132	0.5297327
1.4935622	0.53161758
1.4939926	0.53248149
1.4944233	0.53326684
1.4948542	0.53491616
1.4952854	0.53782201
1.4957168	0.53923565
1.4961485	0.53978544
1.4965804	0.53962839
1.4970125	0.54119903
1.4974447	0.54308403
1.4978775	0.5450474
1.4983103	0.54677522
1.4987437	0.54803181
1.499177	0.54936695
1.4996107	0.55133039
1.5000446	0.5521943
1.5004789	0.55305815
1.5009133	0.55431479
1.5013479	0.55619961
1.5017828	0.55659235
1.502218	0.55832016
1.5026534	0.55941975
1.5030892	0.56059778
1.503525	0.5617758
1.5039612	0.5638178
1.5043976	0.56633103
1.5048344	0.56939387
1.5052713	0.57112169
1.5057086	0.57206416
1.506146	0.57316375
1.5065837	0.57606959
1.5070215	0.57787591
1.5074598	0.5791325
1.5078982	0.5806247
1.5083369	0.58313787
1.5087758	0.58502275
1.5092151	0.58580816
1.5096546	0.58635789
1.5100944	0.58879256
1.5105344	0.5891853
1.5109746	0.58894962
1.5114151	0.5908345
1.511856	0.59177703
1.5122969	0.5922482
1.5127382	0.59303355
1.5131798	0.59491849
1.5136217	0.59601802
1.5140636	0.59672481
1.514506	0.59813845
1.5149485	0.59876674
1.5153915	0.5993166
1.5158345	0.60018045
1.5162779	0.60253656
1.5167215	0.60355753
1.5171654	0.60300785
1.5176095	0.60347897
1.518054	0.60567802
1.5184987	0.60764146
1.5189435	0.60866249
1.5193887	0.60905522
1.5198342	0.60960495
1.5202799	0.60999763
1.5207258	0.60999763
1.521172	0.61117566
1.5216186	0.61196101
1.5220653	0.61196101
1.5225123	0.61345321
1.5229596	0.61486691
1.5234071	0.61565226
1.5238549	0.616045
1.524303	0.61620206
1.5247513	0.61643761
1.5251998	0.61800843
1.5256486	0.61934358
1.5260978	0.61950058
1.5265471	0.61902934
1.5269967	0.61934358
1.5274466	0.62020743
1.5278969	0.62052155
1.5283473	0.62075716
1.528798	0.62060016
1.529249	0.62028599
1.5297003	0.62091422
1.5301517	0.62232786
1.5306035	0.62374157
1.5310555	0.6242913
1.5315078	0.62460554
1.5319604	0.62452692
1.5324134	0.62452692
1.5328665	0.62436986
1.5333198	0.62531233
1.5337734	0.62601918
1.5342274	0.62633336
1.5346816	0.62594068
1.5351361	0.62625474
1.5355908	0.62688309
1.5360456	0.62743282
1.5365007	0.627747
1.5369563	0.62853241
1.537412	0.62971038
1.5378683	0.63049579
1.5383245	0.63010305
1.5387812	0.63080996
1.539238	0.63175243
1.5396953	0.63198799
1.5401527	0.63214511
1.5406104	0.63238066
1.5410683	0.63230211
1.5415267	0.63253778
1.5419852	0.6329304
1.542444	0.63355869
1.5429029	0.63402992
1.5433626	0.63308758
1.5438222	0.63269478
1.5442821	0.63402992
1.5447421	0.63442266
1.5452026	0.63457966
1.5456632	0.63473678
1.5461243	0.63560069
1.5465856	0.63520801
1.5470469	0.63528657
1.5475086	0.63615042
1.5479708	0.6359148
1.5484331	0.63622898
1.5488957	0.63693577
1.5493586	0.63724995
1.5498219	0.63748556
1.5502852	0.63748556
1.5507492	0.6380353
1.5512131	0.63756412
1.5516775	0.63693577
1.552142	0.63693577
1.5526069	0.63630754
1.553072	0.63575774
1.5535375	0.63638604
1.5540031	0.6380353
1.5544689	0.6381138
1.5549351	0.63756412
1.5554017	0.63748556
1.5558684	0.6379568
1.5563356	0.63842803
1.5568029	0.63913488
1.5572705	0.64007735
1.5577384	0.63944894
1.5582068	0.63937044
1.5586753	0.63921338
1.5591441	0.63842803
1.5596131	0.6381138
1.5600824	0.63858509
1.560552	0.63858509
1.561022	0.63913488
1.5614921	0.63913488
1.5619628	0.63929188
1.5624335	0.63984168
1.5629046	0.63976318
1.5633758	0.64007735
1.5638475	0.63984168
1.5643194	0.63984168
1.5647916	0.64007735
1.565264	0.64046991
1.5657365	0.63999873
1.5662096	0.63897783
1.5666829	0.63874221
1.5671564	0.63937044
1.5676304	0.63992023
1.5681045	0.63976318
1.5685791	0.63999873
1.5690538	0.63992023
1.5695291	0.63999873
1.5700043	0.63976318
1.57048	0.63960606
1.5709559	0.64015585
1.5714321	0.64078408
1.5719085	0.63999873
1.5723853	0.63889927
1.5728624	0.63937044
1.5733397	0.63944894
1.5738174	0.63921338
1.5742953	0.63913488
1.5747734	0.63889927
1.5752521	0.63921338
1.5757308	0.63905632
1.5762099	0.63889927
1.5766892	0.63842803
1.5771688	0.6380353
1.5776488	0.6379568
1.5781291	0.63858509
1.5786096	0.63882071
1.5790905	0.63858509
1.5795716	0.63866359
1.5800531	0.63842803
1.5805347	0.6379568
1.5810168	0.63748556
1.5814991	0.63779974
1.5819818	0.63842803
1.5824646	0.63842803
1.5829479	0.6381138
1.5834312	0.63732845
1.5839151	0.63717145
1.5843991	0.63717145
1.5848837	0.63740706
1.5853683	0.63693577
1.5858533	0.6364646
1.5863385	0.63670021
1.5868242	0.63677871
1.58731	0.63670021
1.5877962	0.63638604
1.5882826	0.63622898
1.5887693	0.63662171
1.5892563	0.63685721
1.5897436	0.63654315
1.5902313	0.63638604
1.5907192	0.63638604
1.5912075	0.63670021
1.591696	0.63670021
1.5921849	0.63567924
1.592674	0.63497239
1.5931635	0.63607192
1.5936533	0.63630754
1.5941433	0.63622898
1.5946337	0.63615042
1.5951242	0.63552213
1.5956153	0.6359148
1.5961065	0.63607192
1.5965984	0.63536507
1.5970901	0.63575774
1.5975825	0.63622898
1.5980748	0.63615042
1.5985676	0.63560069
1.5990607	0.63536507
1.5995542	0.63575774
1.6000477	0.63552213
1.6005416	0.63497239
1.6010358	0.63552213
1.6015304	0.63622898
1.6020253	0.63552213
1.6025206	0.63489383
1.603016	0.63450122
1.6035119	0.63379431
1.604008	0.63355869
1.6045047	0.63426554
1.6050013	0.63473678
1.6054984	0.63426554
1.6059958	0.63426554
1.6064935	0.63473678
1.6069914	0.63473678
1.6074898	0.63395143
1.6079884	0.63371581
1.608487	0.63379431
1.6089861	0.63340157
1.6094857	0.63300896
1.6099856	0.63340157
1.6104858	0.63355869
1.6109861	0.63371581
1.611487	0.63348019
1.6119881	0.63316607
1.6124896	0.63269478
1.6129912	0.63253778
1.6134933	0.6329304
1.6139956	0.63261628
1.6144984	0.63253778
1.6150012	0.63277334
1.6155045	0.63261628
1.616008	0.63222355
1.6165122	0.63245916
1.6170163	0.63316607
1.6175209	0.63316607
1.6180257	0.63222355
1.6185309	0.63198799
1.6190363	0.63277334
1.6195421	0.63253778
1.6200482	0.63206649
1.6205544	0.6315167
1.6210611	0.6315167
1.6215682	0.63128114
1.6220756	0.63128114
1.6225833	0.6313597
1.6230912	0.63128114
1.6235996	0.63065284
1.6241082	0.63057435
1.6246173	0.63112402
1.6251266	0.63120264
1.6256363	0.63096702
1.6261462	0.63057435
1.6266564	0.63073134
1.627167	0.63065284
1.6276779	0.63018155
1.6281891	0.63002455
1.6287007	0.62971038
1.6292125	0.6292392
1.6297247	0.62900358
1.6302372	0.6293962
1.6307501	0.62947482
1.6312631	0.62892497
1.6317767	0.62861091
1.6322904	0.62853241
1.6328044	0.62837523
1.6333188	0.62798256
1.6338336	0.62806112
1.6343486	0.62868947
1.6348641	0.62845385
1.6353798	0.62837523
1.6358958	0.62837523
1.6364123	0.62821817
1.6369292	0.627747
1.637446	0.62743282
1.6379635	0.62735432
1.6384811	0.62680453
1.6389992	0.62656891
1.6395175	0.62641186
1.6400362	0.62641186
1.6405551	0.62672597
1.6410745	0.62672597
1.6415942	0.62578356
1.6421142	0.62539083
1.6426344	0.62562644
1.6431552	0.62601918
1.643676	0.62586206
1.6441975	0.62531233
1.644719	0.62468404
1.6452409	0.62397724
1.6457632	0.62444842
1.6462859	0.62491959
1.6468087	0.62444842
1.6473321	0.62413424
1.6478556	0.6242913
1.6483797	0.6242913
1.648904	0.6242128
1.6494286	0.62413424
1.6499535	0.62366307
1.6504788	0.62334889
1.6510044	0.62311327
1.6515305	0.62311327
1.6520567	0.62279922
1.6525834	0.62295622
1.6531103	0.62279922
1.6536378	0.62256354
1.6541654	0.62224936
1.6546935	0.62224936
1.6552217	0.62217081
1.6557504	0.62146407
1.6562793	0.62114984
1.6568087	0.62169963
1.6573384	0.62177813
1.6578683	0.6212284
1.6583985	0.62067866
1.6589293	0.62012893
1.6594603	0.61989325
1.6599917	0.61973619
1.6605233	0.6191864
1.6610554	0.61895084
1.6615878	0.61926496
1.6621207	0.61887228
1.6626537	0.61855811
1.6631873	0.61910784
1.6637208	0.61887228
1.664255	0.61887228
1.6647894	0.61863667
1.6653243	0.61855811
1.6658593	0.61832249
1.6663947	0.61792982
1.6669306	0.61777276
1.6674668	0.61706597
1.6680032	0.61675179
1.6685401	0.61675179
1.6690773	0.61659473
1.6696149	0.61667329
1.6701527	0.61635906
1.670691	0.61596638
1.6712295	0.6155737
1.6717685	0.61502391
1.6723077	0.61470985
1.6728474	0.61470985
1.6733873	0.61455274
1.6739277	0.61416006
1.6744683	0.61392444
1.6750095	0.61376733
1.6755508	0.61376733
1.6760926	0.61361033
1.6766347	0.61345321
1.6771772	0.61321759
1.6777198	0.61282492
1.6782631	0.61266786
1.6788064	0.61243224
1.6793501	0.61227518
1.6798942	0.61180395
1.6804388	0.61141127
1.6809837	0.61117566
1.6815289	0.61094004
1.6820744	0.61062586
1.6826205	0.61007613
1.6831667	0.60984051
1.6837136	0.60991901
1.6842605	0.61015469
1.684808	0.60999763
1.6853557	0.60929072
1.6859038	0.6088981
1.6864522	0.60913366
1.687001	0.60874099
1.6875501	0.60842681
1.6881	0.60842681
1.6886498	0.60834831
1.6892	0.60826981
1.6897506	0.60795563
1.6903015	0.60756296
1.6908529	0.6074844
1.6914046	0.60717022
1.6919565	0.60638493
1.6925087	0.60614926
1.6930614	0.60630631
1.6936146	0.60591358
1.694168	0.60512835
1.6947218	0.60473555
1.695276	0.60473555
1.6958306	0.60465705
1.6963854	0.6044215
1.6969409	0.60402876
1.6974965	0.60371459
1.6980526	0.60332197
1.6986089	0.60292929
1.6991657	0.60308635
1.6997228	0.60316485
1.7002803	0.60277212
1.7008381	0.60261512
1.7013963	0.60277212
1.7019548	0.60245806
1.7025138	0.60120142
1.703073	0.60127997
1.7036328	0.60143697
1.7041928	0.60104436
1.7047533	0.60033756
1.7053139	0.60018045
1.705875	0.60057312
1.7064364	0.60010189
1.7069983	0.59955215
1.7075605	0.5993951
1.7081233	0.59908092
1.7086862	0.59845269
1.7092496	0.59821701
1.7098132	0.59821701
1.7103775	0.59813845
1.7109419	0.59774578
1.7115068	0.59696043
1.712072	0.59633213
1.7126377	0.59586096
1.7132035	0.59570384
1.7137699	0.59546822
1.7143366	0.59483987
1.7149036	0.59452581
1.715471	0.59397608
1.7160389	0.59342623
1.7166071	0.59358335
1.7171758	0.59326917
1.7177447	0.59240526
1.7183142	0.59146285
1.7188838	0.590599
1.7194541	0.59020627
1.7200245	0.58997059
1.7205955	0.58942091
1.7211666	0.58832133
1.7217383	0.58769304
1.7223103	0.58737892
1.7228827	0.58635789
1.7234554	0.5855726
1.7240288	0.58478725
1.7246022	0.58423746
1.7251762	0.58329499
1.7257504	0.58235252
1.7263252	0.58133161
1.7269002	0.58031058
1.7274756	0.57936817
1.7280514	0.57858276
1.7286276	0.57764035
1.7292041	0.57646227
1.7297812	0.57536274
1.7303585	0.57473445
1.7309363	0.57379198
1.7315143	0.57245684
1.732093	0.57135725
1.7326717	0.57049346
1.7332511	0.56970811
1.7338307	0.5689227
1.7344109	0.56798023
1.7349913	0.56703782
1.7355722	0.56593829
1.7361534	0.56491727
1.7367351	0.56421041
1.737317	0.56358218
1.7378997	0.56263977
1.7384824	0.56154019
1.7390656	0.56051928
1.7396491	0.55949825
1.7402332	0.55816317
1.7408174	0.55659235
1.7414023	0.55533576
1.7419873	0.55423623
1.7425728	0.55321532
1.7431587	0.5516445
1.7437451	0.5500738
1.7443317	0.54897428
1.7449189	0.54787475
1.7455064	0.5465396
1.7460943	0.54544014
1.7466825	0.54441917
1.7472714	0.54300541
1.7478604	0.54174888
1.7484499	0.54064929
1.7490398	0.53970695
1.7496301	0.53860742
1.7502208	0.53766489
1.7508119	0.53664392
1.7514033	0.53554446
1.7519954	0.53460199
1.7525877	0.53405219
1.7531804	0.53397369
1.7537735	0.53381664
1.754367	0.5334239
1.7549609	0.53287417
1.7555553	0.53224587
1.7561499	0.53161758
1.7567449	0.53122491
1.7573403	0.53043956
1.7579362	0.52941853
1.7585325	0.52847612
1.7591293	0.52745503
1.7597264	0.52651268
1.760324	0.52557021
1.7609218	0.52502048
1.7615204	0.52454931
1.7621191	0.52384239
1.7627183	0.52329266
1.7633178	0.52289993
1.7639178	0.52266437
1.7645181	0.52211457
1.7651191	0.52140772
1.7657201	0.52101505
1.7663218	0.52022964
1.7669238	0.5196014
1.7675263	0.5196799
1.768129	0.52022964
1.7687324	0.52085793
1.769336	0.52132928
1.7699401	0.52219313
1.7705445	0.52329266
1.7711494	0.52447075
1.7717546	0.52564871
1.7723604	0.52698386
1.7729665	0.52879018
1.773573	0.53043956
1.7741799	0.53201026
1.7747874	0.53318828
1.7753952	0.53413069
1.7760036	0.53475904
1.7766122	0.53523028
1.7772213	0.53530878
1.7778307	0.5354659
1.7784407	0.53554446
1.7790509	0.53601569
1.7796618	0.53703666
1.7802728	0.53884298
1.7808841	0.54088503
1.781496	0.54308403
1.7821085	0.5450474
1.7827213	0.54669678
1.7833346	0.54826742
1.7839482	0.5499953
1.7845623	0.5516445
1.7851768	0.55345088
1.785792	0.5551787
1.7864072	0.55659235
1.7870232	0.55824167
1.7876393	0.56012654
1.788256	0.56224704
1.788873	0.56452459
1.7894906	0.56664509
1.7901084	0.56853002
1.790727	0.57010072
1.7913457	0.5719071
1.7919649	0.57418472
1.7925845	0.57630521
1.7932047	0.57771885
1.793825	0.57866126
1.794446	0.57983935
1.7950673	0.58109593
1.795689	0.58195984
1.7963111	0.58250964
1.7969339	0.58321643
1.7975569	0.58392328
1.7981805	0.58447301
1.7988043	0.58494425
1.7994287	0.58533698
1.8000535	0.58596528
1.800679	0.58643639
1.8013045	0.58682913
1.8019307	0.5872218
1.8025571	0.58761448
1.8031842	0.58785015
1.8038116	0.58816427
1.8044394	0.58871406
1.8050677	0.58934236
1.8056965	0.58957791
1.8063256	0.58942091
1.8069552	0.58957791
1.8075852	0.58989209
1.8082157	0.58989209
1.8088466	0.58981359
1.809478	0.58989209
1.8101097	0.59004921
1.8107419	0.59028476
1.8113745	0.59036326
1.8120078	0.59044188
1.8126413	0.590599
1.8132753	0.59067744
1.8139096	0.59052044
1.8145447	0.59028476
1.8151799	0.59028476
1.8158158	0.59075594
1.8164519	0.59138435
1.8170887	0.59099162
1.8177258	0.59075594
1.8183634	0.59075594
1.8190013	0.59114867
1.8196399	0.59122723
1.8202788	0.5908345
1.8209183	0.5908345
1.8215581	0.59107012
1.8221985	0.59067744
1.8228391	0.59028476
1.8234804	0.59036326
1.8241218	0.59075594
1.824764	0.59091306
1.8254064	0.59130573
1.8260493	0.59154141
1.8266927	0.5908345
1.8273367	0.59075594
1.8279809	0.5908345
1.8286258	0.59036326
1.829271	0.59028476
1.8299167	0.58989209
1.8305628	0.58989209
1.8312097	0.58973497
1.8318566	0.58973497
1.8325043	0.58949941
1.8331522	0.58926386
1.8338007	0.58942091
1.8344495	0.58934236
1.835099	0.58887112
1.8357487	0.58894962
1.8363992	0.58910674
1.83705	0.58902818
1.8377012	0.58871406
1.8383528	0.58832133
1.839005	0.58871406
1.8396575	0.58863544
1.8403107	0.58808577
1.8409641	0.58808577
1.8416178	0.58839983
1.8422722	0.58785015
1.8429272	0.5871433
1.8435825	0.58706474
1.8442384	0.58745748
1.8448946	0.58753598
1.8455515	0.58730036
1.8462087	0.58730036
1.8468666	0.58698624
1.8475248	0.5871433
1.8481835	0.58706474
1.8488425	0.58635789
1.8495022	0.58588672
1.8501621	0.58541548
1.8508228	0.58549398
1.8514837	0.58541548
1.852145	0.58533698
1.8528068	0.58517987
1.8534694	0.58525842
1.8541322	0.58486575
1.8547956	0.58415884
1.8554593	0.58400184
1.8561238	0.58400184
1.8567885	0.5837661
1.8574541	0.58360916
1.8581197	0.58337361
1.858786	0.58345211
1.8594526	0.58321643
1.8601199	0.58235252
1.8607875	0.58195984
1.8614557	0.58188128
1.8621242	0.58188128
1.8627936	0.58172423
1.8634632	0.58141011
1.8641332	0.58078182
1.8648038	0.58007497
1.8654748	0.57991791
1.8661463	0.57976079
1.8668184	0.57936817
1.8674908	0.57944667
1.8681637	0.579054
1.868837	0.5785042
1.869511	0.57803303
1.8701854	0.57803303
1.8708603	0.57811153
1.8715357	0.57724762
1.8722117	0.577012
1.872888	0.57661933
1.8735651	0.57551986
1.8742423	0.57481295
1.8749202	0.57442027
1.8755985	0.57410616
1.8762774	0.57394904
1.8769567	0.57316375
1.8776366	0.57229978
1.8783168	0.57198566
1.8789977	0.57151443
1.8796788	0.57104319
1.8803607	0.57049346
1.881043	0.56970811
1.8817258	0.56884414
1.882409	0.56813729
1.8830929	0.56798023
1.883777	0.56798023
1.8844618	0.56711638
1.8851469	0.56625241
1.8858327	0.56562418
1.8865188	0.56499588
1.8872057	0.56428903
1.8878928	0.56358218
1.8885808	0.56279677
1.8892689	0.56248266
1.8899578	0.56224704
1.8906469	0.56130463
1.8913368	0.56051928
1.892027	0.55981237
1.8927178	0.55894846
1.893409	0.55855584
1.8941009	0.55800605
1.8947932	0.55659235
1.8954861	0.55564994
1.8961793	0.5551787
1.8968732	0.55439329
1.8975675	0.5536865
1.8982624	0.55321532
1.8989576	0.55297965
1.8996536	0.5522728
1.9003499	0.55125189
1.9010466	0.55030936
1.9017439	0.54944551
1.9024419	0.5485816
1.9031402	0.54740351
1.9038392	0.54661816
1.9045385	0.54661816
1.9052386	0.54591131
1.905939	0.54465473
1.9066402	0.5435552
1.9073416	0.54253417
1.9080436	0.54167032
1.9087461	0.54127765
1.9094492	0.5404923
1.9101527	0.53962839
1.9108568	0.53868586
1.9115614	0.5384503
1.9122664	0.53790051
1.912972	0.53703666
1.9136782	0.53585857
1.9143847	0.53499466
1.915092	0.53460199
1.9157996	0.53405219
1.916508	0.53326684
1.9172167	0.53232437
1.9179261	0.53177464
1.9186358	0.53130341
1.9193462	0.53098929
1.9200571	0.53059661
1.9207685	0.52981126
1.9214803	0.52879018
1.9221928	0.52824044
1.9229058	0.52816194
1.9236195	0.52800488
1.9243335	0.52745503
1.9250481	0.5268268
1.9257631	0.52643412
1.9264789	0.52596295
1.927195	0.52557021
1.9279118	0.52549165
1.9286289	0.52541316
1.9293463	0.52509898
1.9300646	0.5247063
1.9307835	0.52454931
1.9315028	0.5246278
1.9322227	0.52447075
1.9329431	0.52431357
1.9336642	0.52415651
1.9343857	0.52392089
1.9351079	0.52352828
1.9358305	0.52321416
1.9365537	0.52282143
1.9372772	0.52289993
1.9380015	0.52321416
1.9387262	0.52305704
1.9394516	0.52258575
1.9401773	0.52235019
1.940904	0.52211457
1.9416308	0.5217219
1.9423584	0.52140772
1.9430864	0.52156478
1.943815	0.52132928
1.9445441	0.52085793
1.9452738	0.52046531
1.9460039	0.52007264
1.9467345	0.5196799
1.9474658	0.51952285
1.9481977	0.51952285
1.94893	0.51913017
1.949663	0.51842332
1.9503965	0.51803064
1.9511306	0.51787359
1.9518652	0.51748091
1.9526006	0.51677406
1.9533362	0.51630282
1.9540726	0.51606727
1.9548093	0.51583159
1.9555469	0.51536041
1.9562846	0.51488918
1.9570233	0.514575
1.9577622	0.51449645
1.9585019	0.51426095
1.959242	0.51371109
1.9599829	0.51339698
1.960724	0.51339698
1.961466	0.5130828
1.9622083	0.51284719
1.9629514	0.51284719
1.9636948	0.5130043
1.9644389	0.51316136
1.9651834	0.51331842
1.9659288	0.51316136
1.9666744	0.51339698
1.9674209	0.51378965
1.9681678	0.51394677
1.9689153	0.51418233
1.9696634	0.51441795
1.9704123	0.5146535
1.9711614	0.51488918
1.9719112	0.51496768
1.9726615	0.5151248
1.9734125	0.51559597
1.9741639	0.51598871
1.9749161	0.51614577
1.9756685	0.51622432
1.976422	0.51622432
1.9771756	0.51645994
1.9779301	0.51645994
1.9786849	0.51638132
1.9794405	0.51638132
1.9801965	0.51645994
1.9809532	0.51638132
1.9817104	0.51622432
1.9824681	0.51614577
1.9832264	0.51567453
1.9839855	0.51536041
1.984745	0.5151248
1.9855052	0.51449645
1.9862659	0.51394677
1.9870273	0.51347548
1.987789	0.51316136
1.9885516	0.51276869
1.9893147	0.51206189
1.9900783	0.51143354
1.9908425	0.51080531
1.9916074	0.5100199
1.9923728	0.50923449
1.9931389	0.50844908
1.9939053	0.50782079
1.9946727	0.50679988
1.9954402	0.50593597
1.9962088	0.50499356
1.9969776	0.50420815
1.9977473	0.50365841
1.9985173	0.50263739
1.9992882	0.50161642
2.0000594	0.50090957
2.0008314	0.4999671
2.0016038	0.49910319
2.002377	0.49816081
2.0031507	0.49761102
2.0039251	0.49706128
2.0046999	0.49666858
2.0054755	0.49635437
2.0062516	0.49588323
2.0070286	0.49517637
2.0078058	0.49470514
2.0085838	0.49454808
2.0093622	0.49446955
2.0101414	0.49399829
2.010921	0.49376267
2.0117013	0.49384123
2.0124824	0.49399829
2.0132637	0.49399829
2.0140457	0.49423388
2.0148287	0.49423388
2.0156119	0.49439099
2.016396	0.49446955
2.0171804	0.49501923
2.0179658	0.49556902
2.0187516	0.49588323
2.0195379	0.49596173
2.0203249	0.49604025
2.0211127	0.49619731
2.0219009	0.49635437
2.0226898	0.49651152
2.0234792	0.49651152
2.0242696	0.49627587
2.0250602	0.49611881
2.0258517	0.49580467
2.0266438	0.49533343
2.0274363	0.49525493
2.0282295	0.49517637
2.0290234	0.4947837
2.0298178	0.49446955
2.0306129	0.49415538
2.0314085	0.49391979
2.0322044	0.49352714
2.0330014	0.49289873
2.0337989	0.49234906
2.0345972	0.49179927
2.0353961	0.49156365
2.0361953	0.49117097
2.0369956	0.49054265
2.0377963	0.49030706
2.0385981	0.49014997
2.0393999	0.48983583
2.0402026	0.48944312
2.0410056	0.48905042
2.0418096	0.48865783
2.042614	0.48857927
2.0434194	0.48810798
2.044225	0.48771533
2.0450315	0.48755831
2.0458386	0.48708704
2.0466464	0.48645875
2.0474546	0.48590896
2.0482635	0.4851236
2.049073	0.48457381
2.0498834	0.48410267
2.0506942	0.48370996
2.0515053	0.48331726
2.0523174	0.48276752
2.0531304	0.48213917
2.0539436	0.48151088
2.0547578	0.48119673
2.0555725	0.48103967
2.0563879	0.48048994
2.057204	0.47994015
2.0580208	0.47962606
2.0588381	0.47931185
2.0596561	0.47868356
2.0604746	0.4781338
2.0612941	0.47797671
2.062114	0.47797671
2.0629346	0.47797671
2.0637558	0.47797671
2.0645773	0.47789821
2.0653996	0.47789821
2.0662231	0.47797671
2.0670469	0.4781338
2.0678713	0.47829092
2.0686965	0.478448
2.0695224	0.478448
2.0703487	0.478448
2.0711763	0.478448
2.0720038	0.47868356
2.0728326	0.47868356
2.0736616	0.4791548
2.0744915	0.47939041
2.0753219	0.47931185
2.076153	0.47939041
2.0769846	0.47946894
2.0778172	0.47946894
2.0786502	0.47946894
2.0794842	0.47946894
2.0803187	0.47946894
2.0811539	0.47923335
2.0819895	0.47907624
2.0828261	0.47884065
2.0836632	0.47860506
2.084501	0.47821236
2.0853395	0.4781338
2.0861788	0.47805527
2.0870185	0.47758406
2.0878592	0.47679871
2.0887003	0.47648451
2.0895422	0.47609183
2.0903847	0.47546354
2.0912282	0.47459963
2.092072	0.47381431
2.0929167	0.47295034
2.0937619	0.4720079
2.0946081	0.47114402
2.0954545	0.47043717
2.096302	0.46933767
2.0971498	0.46863082
2.0979986	0.46768838
2.0988479	0.46635324
2.0996981	0.46493956
2.1005487	0.46384007
2.1014004	0.46266198
2.1022525	0.46140543
2.1031053	0.45975614
2.1039588	0.45810685
2.1048129	0.45622197
2.1056678	0.45425853
2.1065235	0.45237365
2.1073797	0.45033172
2.1082368	0.44821119
2.1090944	0.44593361
2.1099529	0.44342041
2.1108119	0.44098574
2.1116717	0.43862966
2.1125321	0.4359594
2.1133935	0.43313205
2.1142552	0.43069741
2.115118	0.42779157
2.1159811	0.4243359
2.1168454	0.42119443
2.1177099	0.41821003
2.1185756	0.41506851
2.1194417	0.41153437
2.1203086	0.40752897
2.121176	0.40383774
2.1220446	0.40022501
2.1229134	0.39692646
2.1237831	0.39362788
2.1246536	0.39072204
2.1255245	0.38789469
2.1263962	0.38546002
2.1272688	0.38341808
2.1281419	0.38153318
2.1290162	0.37972683
2.1298907	0.37807757
2.1307662	0.37650681
2.1316423	0.37540731
2.1325192	0.37430781
2.1333966	0.37281558
2.1342752	0.37116629
2.135154	0.3699097
2.1360338	0.3684175
2.1369143	0.3669253
2.1377954	0.36535454
2.1386774	0.36386234
2.1395605	0.36205599
2.1404438	0.36056378
2.1413281	0.35899302
2.1422129	0.35757938
2.1430986	0.35663691
2.1439848	0.35608718
2.144872	0.35522327
2.1457596	0.35404521
2.1466477	0.35294569
2.1475368	0.35184619
2.148427	0.34980419
2.1493175	0.34744808
2.1502092	0.34485638
2.1511011	0.34195048
2.1519942	0.33865193
2.1528878	0.33535337
2.1537826	0.33205482
2.1546776	0.32930604
2.1555736	0.32734263
2.1564703	0.32624307
2.1573677	0.32600746
2.1582658	0.32655722
2.1591649	0.32749966
2.1600645	0.32883477
2.1609645	0.33016992
2.1618655	0.33126944
2.1627674	0.33150506
2.1636701	0.33142653
2.1645734	0.33079821
2.1654775	0.32938457
2.1663826	0.32757822
2.1672883	0.32640016
2.168195	0.32600746
2.169102	0.32718551
2.1700101	0.32922748
2.1709187	0.33166215
2.1718283	0.33433241
2.1727386	0.33708119
2.1736495	0.33865193
2.1745613	0.3390446
2.1754742	0.3385734
2.1763873	0.33708119
2.1773014	0.33480361
2.1782162	0.33229044
2.179132	0.33001286
2.1800482	0.32812798
2.1809654	0.32734263
2.1818831	0.32867777
2.1828015	0.33197626
2.1837208	0.3364529
2.1846411	0.34171489
2.1855621	0.34729102
2.1864841	0.35200325
2.1874065	0.35553741
2.1883299	0.35812914
2.189254	0.3593072
2.1901793	0.35962132
2.1911051	0.36095646
2.1920316	0.36409792
2.1929588	0.36935991
2.193887	0.37650681
2.1948156	0.38475323
2.1957452	0.39315671
2.1966755	0.40053916
2.197607	0.40603676
2.1985388	0.40957096
2.1994717	0.41067046
2.2004051	0.40933532
2.2013395	0.40548703
2.2022746	0.39943963
2.2032106	0.39119324
2.2041473	0.38231859
2.2050848	0.37572145
2.206023	0.3720302
2.2069621	0.36943847
2.207902	0.36684677
2.2088428	0.36456919
2.2097843	0.36346966
2.2107267	0.3648833
2.2116697	0.36967412
2.2126141	0.37674242
2.2135587	0.38593128
2.2145045	0.39582694
2.2154505	0.40572259
2.216398	0.41498998
2.2173457	0.42378613
2.2182946	0.43258229
2.2192442	0.44216383
2.2201948	0.45237365
2.2211459	0.46226934
2.2220981	0.47106546
2.2230508	0.47836941
2.2240045	0.48457381
2.2249589	0.4902285
2.2259145	0.4947837
2.2268705	0.4983964
2.2278273	0.50145936
2.228785	0.50412959
2.2297437	0.50648564
2.2307031	0.5086062
2.2316635	0.51056957
2.2326245	0.51253307
2.2335865	0.51402527
2.234549	0.51559597
2.2355127	0.51708817
2.2364771	0.51834482
2.2374425	0.51936579
2.2384083	0.5203867
2.2393754	0.52101505
2.2403431	0.52187902
2.2413118	0.52258575
2.2422812	0.52321416
2.243252	0.52384239
2.2442229	0.52431357
2.2451949	0.52454931
2.2461677	0.52502048
2.2471414	0.52541316
2.2481158	0.52580589
2.2490911	0.52604139
2.2500672	0.52619851
2.251044	0.52651268
2.2520218	0.52651274
2.2530005	0.52658105
2.2539799	0.52623922
2.2549605	0.52596563
2.2559416	0.5258289
2.2569239	0.5258289
2.2579067	0.52576059
2.2588909	0.52521348
2.2598755	0.52541864
2.2608612	0.52548707
2.2618475	0.52541864
2.2628348	0.52555537
2.263823	0.52569216
2.264812	0.52548707
2.2658017	0.52514511
2.2667923	0.52535027
2.2677839	0.5256238
2.2687764	0.52555537
2.2697697	0.5256238
2.2707639	0.52555537
2.271759	0.52521348
2.2727549	0.52452976
2.2737517	0.52446133
2.2747495	0.52439296
2.275748	0.52425623
2.2767475	0.52343565
2.2777479	0.52288866
2.278749	0.5226835
2.2797511	0.52234167
2.2807541	0.52186298
2.2817578	0.52111083
2.282763	0.52070057
2.2837684	0.52056378
2.284775	0.51988006
2.2857823	0.51926458
2.2867908	0.51864916
2.2877998	0.51776028
2.28881	0.51680303
2.2898209	0.51639271
2.2908323	0.51550376
2.2918451	0.51413625
2.2928588	0.51283699
2.2938731	0.51167458
2.2948887	0.51017028
2.2959049	0.50846088
2.2969222	0.50695652
2.2979403	0.50524706
2.2989597	0.50292224
2.2999794	0.50052893
2.3010006	0.49786225
2.3020222	0.49458006
2.303045	0.49075088
2.3040683	0.48664814
2.3050931	0.48220357
2.3061182	0.47700682
2.3071454	0.47105789
2.3081722	0.46490386
2.3092005	0.45854473
2.3102295	0.45177528
2.3112597	0.44486904
2.3122904	0.43857828
2.3133223	0.43235585
2.3143549	0.42674878
2.3153882	0.42230421
2.3164227	0.41881692
2.3174584	0.41573992
2.3184946	0.41341504
2.3195322	0.412321
2.3205702	0.41245776
2.3216095	0.41286799
2.3226497	0.41403043
2.3236911	0.41662884
2.324733	0.41984263
2.3257761	0.42257774
2.3268199	0.4258599
2.3278646	0.42921045
2.3289104	0.43290284
2.3299572	0.43666366
2.3310046	0.44049287
2.3320534	0.44391176
2.3331029	0.44794607
2.3341534	0.45211715
2.3352048	0.45594636
2.3362572	0.45970714
2.3373103	0.46333116
2.3383648	0.46729711
2.3394198	0.47092116
2.340476	0.47386143
2.3415329	0.47666499
2.342591	0.47926331
2.3436501	0.48158816
2.3447101	0.48336601
2.3457711	0.48466522
2.346833	0.48569089
2.3478959	0.48685333
2.3489597	0.48774222
2.3500245	0.48828927
2.3510904	0.48835763
2.3521569	0.48842603
2.3532248	0.48828927
2.3542933	0.48863116
2.3553631	0.48904142
2.3564336	0.48917818
2.3575051	0.48904142
2.3585775	0.48869956
2.3596511	0.48760548
2.3607256	0.48692167
2.3618011	0.48637465
2.3628776	0.48534897
2.363955	0.48377627
2.3650334	0.48199844
2.3661137	0.48028901
2.3671939	0.47844276
2.3682754	0.47584438
2.3693576	0.47345114
2.3704412	0.47098956
2.3715253	0.46784416
2.3726108	0.46415171
2.373697	0.46059605
2.3747847	0.45649338
2.3758729	0.45211715
2.3769624	0.44719392
2.3780525	0.44261256
2.379144	0.43755254
2.3802361	0.43187714
2.3813298	0.42592826
2.3824239	0.42038962
2.3835192	0.41430396
2.3846154	0.4079448
2.3857129	0.40233776
2.3868113	0.39720941
2.3879108	0.39208105
2.3890109	0.38797832
2.3901126	0.3840124
2.3912148	0.38052508
2.3923185	0.37758484
2.3934228	0.37512323
2.3945284	0.3733454
2.3956349	0.37211457
2.3967426	0.3708154
2.397851	0.36999485
2.3989608	0.36937943
2.4000711	0.36951619
2.4011834	0.36992645
2.4022958	0.37026837
2.4034097	0.37033674
2.4045243	0.37054187
2.4056404	0.37040511
2.4067569	0.36951619
2.4078751	0.36808023
2.4089937	0.3665759
2.4101133	0.36513999
2.4112341	0.36384079
2.4123564	0.36206296
2.4134791	0.35960135
2.4146035	0.35638759
2.4157286	0.35337892
2.4168549	0.35030189
2.4179819	0.34736165
2.4191108	0.34476325
2.4202399	0.34209651
2.4213705	0.3395665
2.4225018	0.33710489
2.4236345	0.33416462
2.424768	0.33101922
2.4259028	0.32753193
2.4270384	0.32418141
2.4281759	0.32110441
2.4293137	0.31877953
2.4304526	0.31679651
2.4315925	0.3157025
2.4327338	0.31604436
2.4338756	0.31741196
2.435019	0.31987354
2.4361632	0.32260868
2.4373078	0.32568571
2.4384544	0.32869437
2.4396017	0.33129275
2.4407504	0.33409625
2.4419	0.33683136
2.4430506	0.33922464
2.4442027	0.34113923
2.4453554	0.34278029
2.4465098	0.34360081
2.447665	0.34407949
2.4488211	0.34435299
2.4499784	0.34469488
2.4511368	0.34442139
2.4522963	0.3440111
2.4534569	0.34305379
2.4546185	0.34189135
2.4557815	0.34004515
2.4569452	0.33758354
2.4581103	0.33471164
2.4592764	0.33163461
2.4604435	0.32828408
2.4616117	0.3247968
2.4627812	0.32137787
2.4639518	0.31830084
2.4651229	0.31577086
2.4662957	0.3141298
2.4674697	0.31365111
2.4686446	0.31426653
2.4698207	0.31529221
2.4709978	0.31713843
2.4721763	0.31980518
2.4733558	0.32288221
2.4745364	0.32643786
2.4757183	0.33013031
2.4769011	0.33348086
2.478085	0.33669466
2.4792702	0.33977163
2.4804564	0.34216487
2.4816439	0.34346408
2.4828324	0.34428462
2.4840217	0.34455812
2.4852126	0.34339568
2.4864044	0.34093407
2.4875975	0.33724162
2.4887917	0.33266032
2.4899871	0.32787383
2.4911838	0.32308733
2.4923813	0.31884789
2.4935806	0.31508711
2.4947805	0.31153142
2.4959817	0.30838603
2.497184	0.30537736
2.4983873	0.30182171
2.4995921	0.29799253
2.5007977	0.29354793
2.5020049	0.28821442
2.5032129	0.28226551
2.5044224	0.27604309
2.5056329	0.26947877
2.5068443	0.26339313
2.5080571	0.25785446
2.5092711	0.25354663
2.5104864	0.25094828
2.5117025	0.24978584
2.5129199	0.24937557
2.5141385	0.24958071
2.5153584	0.25087988
2.5165794	0.2533415
2.5178018	0.25662366
2.5190251	0.26093149
2.5202496	0.26578635
2.5214756	0.27132502
2.5227027	0.27727389
2.5239308	0.28383821
2.5251603	0.29074439
2.5263908	0.29703522
2.5276225	0.3021636
2.5288556	0.30606115
2.5300899	0.30920655
2.5313251	0.31153142
2.532562	0.31310412
2.5337996	0.31419817
2.5350387	0.31515545
2.536279	0.31679651
2.5375204	0.31830084
2.538763	0.32014707
2.5400069	0.32219842
2.5412521	0.32486516
2.5424979	0.3276003
2.5437455	0.32944652
2.5449944	0.33081409
2.5462441	0.33252355
2.5474954	0.33423302
2.548748	0.33519033
2.5500016	0.33601084
2.5512564	0.33655787
2.5525131	0.33607921
2.5537705	0.33430138
2.5550292	0.3321133
2.556289	0.33019871
2.5575502	0.32814732
2.5588126	0.32712168
2.5600762	0.32753193
2.561341	0.32807896
2.5626073	0.32753193
2.5638747	0.32746357
2.5651433	0.32677978
2.5664132	0.32636949
2.5676842	0.32753193
2.5689566	0.32965165
2.5702302	0.32985678
2.5715053	0.32937816
2.5727808	0.33101922
2.5740583	0.33013031
2.5753372	0.32883114
2.576617	0.3288995
2.5778983	0.32677978
2.579181	0.32534385
2.5804646	0.32541221
2.5817497	0.32507029
2.5830364	0.32623273
2.5843241	0.32643786
2.585613	0.32513869
2.5869033	0.32725844
2.5881948	0.32896787
2.5894876	0.33122435
2.5907817	0.33436975
2.592077	0.33915624
2.5933733	0.34763515
2.5946712	0.35611406
2.5959706	0.35508838
2.5972712	0.35296866
2.598573	0.35331056
2.5998762	0.35495162
2.6011808	0.35597727
2.6024866	0.35666108
2.6037939	0.35755
2.6051023	0.35871243
2.6064122	0.35707134
2.6077232	0.35543028
2.6090355	0.3559089
2.6103492	0.35741323
2.6116643	0.35946462
2.6129806	0.36288351
2.6142986	0.36555025
2.6156178	0.37013161
2.6169381	0.37307185
2.6182597	0.37177268
2.6195827	0.37341377
2.6209071	0.37341377
2.6222329	0.3704735
2.62356	0.37026837
2.6248877	0.37184107
2.6262174	0.37532836
2.6275485	0.37546512
2.628881	0.37765321
2.6302147	0.38237131
2.6315498	0.3824397
2.6328864	0.38291833
2.6342242	0.38462779
2.6355639	0.38462779
2.6369042	0.38579023
2.6382463	0.38688427
2.6395895	0.38859373
2.6409342	0.39071348
2.6422803	0.39221779
2.6436276	0.39187589
2.6449764	0.391534
2.6463268	0.38845697
2.6476784	0.383944
2.6490314	0.37922591
2.6503856	0.37505484
2.6517413	0.37115726
2.6530983	0.36548188
2.6544569	0.35932782
2.6558168	0.3543362
2.6571774	0.34982327
2.65854	0.34866083
2.6599042	0.34736165
2.6612697	0.34578896
2.6626365	0.34483165
2.6640048	0.34701973
2.6653745	0.34852406
2.6667454	0.34654111
2.6681182	0.34216487
2.6694922	0.34325895
2.6708674	0.34113923
2.6722443	0.33348086
2.6736224	0.32951489
2.6750021	0.32807896
2.676383	0.32719004
2.6777654	0.32520708
2.6791496	0.32383952
2.6805348	0.321583
2.6819217	0.32103598
2.6833098	0.32240355
2.6846995	0.32329246
2.6860905	0.32459167
2.6874828	0.32548058
2.6888769	0.32664299
2.6902716	0.32842085
2.6916685	0.33122435
2.6930668	0.3348484
2.6944666	0.33519033
2.6958678	0.33218163
2.6972704	0.32869437
2.6986744	0.32582247
2.7000799	0.32438657
2.7014871	0.32192492
2.7028956	0.31761709
2.7043056	0.31330925
2.7057171	0.3097536
2.70713	0.30674493
2.7085443	0.30476198
2.7099602	0.3021636
2.7113776	0.29655656
2.7127967	0.28821442
2.7142169	0.28158173
2.7156389	0.2757012
2.7170622	0.27105147
2.718487	0.26749581
2.7199132	0.26599148
2.7213409	0.26011094
2.7227702	0.2548458
2.7242005	0.25238419
2.7256327	0.24759774
2.7270665	0.24226424
2.7285018	0.23809314
2.7299387	0.23433235
2.7313771	0.23002452
2.7328169	0.22523805
2.7342582	0.2209986
2.7357013	0.21463941
2.7371457	0.20807508
2.7385917	0.20315185
2.7400391	0.19686106
2.741488	0.18940781
2.7429385	0.18298027
2.7443907	0.17757837
2.7458441	0.17361245
2.747299	0.17115083
2.7487557	0.16950974
2.7502139	0.1677319
2.7516737	0.16574894
2.753135	0.16308218
2.7545979	0.16137274
2.7560623	0.15699652
2.7575283	0.15063733
2.7589962	0.14489356
2.7604654	0.14010708
2.7619359	0.13573088
2.7634082	0.13053411
2.7648821	0.12424333
2.7663574	0.11836278
2.7678344	0.11302929
2.7693131	0.1082428
2.7707932	0.10400335
2.772275	0.099832274
2.7737584	0.096139856
2.7752433	0.093336351
2.7767296	0.090943106
2.7782178	0.088755004
2.7797074	0.087045543
2.7811987	0.085677981
2.782691	0.084173664
2.7841854	0.082532577
2.7856815	0.080754742
2.7871792	0.078840151
2.7886784	0.07631015
2.7901793	0.074258804
2.7916818	0.072549351
2.7931859	0.070908271
2.794692	0.069130436
2.7961996	0.0673526
2.7977085	0.065232873
2.7992191	0.063044764
2.8007314	0.061061796
2.8022454	0.059283961
2.803761	0.057095863
2.8052781	0.054976132
2.806797	0.053266674
2.8083177	0.051625594
2.8098397	0.050121274
2.8113635	0.048685327
2.8128889	0.04718101
2.8144159	0.045403171
2.8159447	0.043420207
2.8174751	0.041300479
2.8190067	0.038975615
2.8205404	0.036719132
2.8220758	0.034531031
2.8236129	0.032274544
2.8251517	0.029744549
2.8266921	0.027556444
2.8282342	0.025641853
2.829778	0.024342664
2.8313241	0.023590505
2.8328712	0.023932396
2.83442	0.026120501
2.8359706	0.030291576
2.8375227	0.035693459
2.8390768	0.040685073
2.8406324	0.04362534
2.8421898	0.044992905
2.843749	0.045061283
2.84531	0.044103988
2.8468723	0.04198426
2.8484366	0.039317507
2.8500025	0.036582377
2.8515701	0.034257516
2.8531396	0.033368599
2.8547106	0.035625082
2.8562829	0.043078311
2.8578575	0.057164233
2.8594339	0.077404208
2.861012	0.099422008
2.8625917	0.11706361
2.8641732	0.12711522
2.8657565	0.12991872
2.8673415	0.12663655
2.8689287	0.11802091
2.870517	0.10653335
2.8721075	0.094772287
2.8736994	0.085472837
2.8752933	0.078908525
2.876889	0.074327178
2.8784864	0.071318544
2.8800855	0.069882594
2.8816857	0.068856925
2.8832886	0.067967996
2.8848929	0.067215845
2.8864994	0.066600442
2.8881073	0.066121787
2.8897173	0.065506384
2.8913291	0.064890981
2.8929424	0.06461747
2.8945582	0.065027736
2.8961751	0.065779902
2.897794	0.066532061
2.8994148	0.067147464
2.9010372	0.067489363
2.9026616	0.06707909
2.9042876	0.066326924
2.9059157	0.065369628
2.9075458	0.064480707
2.9091775	0.064275578
2.9108109	0.065096118
2.9124463	0.066532061
2.9140832	0.067694493
2.9157224	0.068583407
2.9173632	0.069335572
2.9190059	0.069882594
2.9206498	0.070292868
2.922296	0.070839889
2.9239442	0.071045019
2.9255943	0.071113408
2.9272463	0.070976652
2.9289	0.070703134
2.9305558	0.070498005
2.9322133	0.070292868
2.9338732	0.069882594
2.9355345	0.069677465
2.9371977	0.069540702
2.9388628	0.069335572
2.9405298	0.069130436
2.9421985	0.069130436
2.9438694	0.069335572
2.9455421	0.069609076
2.9472167	0.070156112
2.9488933	0.070839889
2.9505715	0.071386918
2.9522519	0.071865559
2.953934	0.072344214
2.9556181	0.072959624
2.9573042	0.073575027
2.9589922	0.074258804
2.9606814	0.07501097
2.9623733	0.075557992
2.964067	0.076105013
2.9657626	0.076788798
2.9674604	0.077199072
2.9691598	0.077746093
2.9708614	0.07829313
2.9725649	0.078771777
2.9742706	0.078771777
2.9759779	0.078840151
2.9776874	0.079250418
2.9793985	0.080002576
2.9811118	0.080891497
2.9828272	0.08205393
2.9845443	0.083216362
2.9862635	0.084036902
2.9879854	0.08478906
2.9897087	0.085677981
2.9914336	0.086566888
2.993161	0.087455817
2.99489	0.08854986
2.9966211	0.089507163
2.9983544	0.08998581
3.0000894	0.090327702
3.001826	0.090396076
3.0035653	0.090054184
3.0053065	0.089712292
3.0070496	0.08916527
3.0087948	0.088618241
3.0105422	0.088481486
3.0122914	0.088618241
3.0140429	0.088755004
3.0157964	0.08916527
3.0175517	0.089712292
3.0193093	0.090327702
3.0210688	0.090806343
3.0228302	0.091284998
3.0245938	0.091900408
3.0263596	0.092447422
3.0281272	0.092926078
3.0298975	0.093336351
3.0316694	0.093678236
3.0334435	0.093883365
3.0352194	0.094156891
3.0369976	0.09436202
3.0387776	0.094567157
3.04056	0.094772287
3.0423443	0.094703905
3.0441301	0.094635531
3.0459187	0.094703905
3.0477092	0.094498776
3.0495021	0.094088502
3.0512969	0.093746617
3.0530939	0.093473099
3.054893	0.093062833
3.0566943	0.092789315
3.0584979	0.092379048
3.0603034	0.092310674
3.0621109	0.092310674
3.0639207	0.092242293
3.0657327	0.092242293
3.0675466	0.092242293
3.0693629	0.092037156
3.0711813	0.092105538
3.0730011	0.092310674
3.0748239	0.092173912
3.0766487	0.092105538
3.0784757	0.092037156
3.0803049	0.091832019
3.0821362	0.091900408
3.0839698	0.091900408
3.0858054	0.091968775
3.0876439	0.092105538
3.0894837	0.092584185
3.0913262	0.093199588
3.0931706	0.093609855
3.0950172	0.094088502
3.0968661	0.094772287
3.0987172	0.095592827
3.1005704	0.096276604
3.1024263	0.097165525
3.104284	0.097986065
3.106144	0.098601468
3.1080062	0.099148497
3.1098707	0.099558771
3.1117373	0.099832274
3.1136062	0.099832274
3.1154773	0.099695519
3.1173501	0.099490389
3.1192257	0.099148497
3.1211035	0.098669849
3.1229837	0.098191194
3.1248662	0.098054446
3.1267509	0.098327957
3.128638	0.098601468
3.1305273	0.099011734
3.1324193	0.099422008
3.1343131	0.099900663
3.1362092	0.10024255
3.1381078	0.10078958
3.1400084	0.1013366
3.1419115	0.10167849
3.1438167	0.10188363
3.1457245	0.10202038
3.1476347	0.10222552
3.1495469	0.10249904
3.1514616	0.10263579
3.1533785	0.1029093
3.1552978	0.10318282
3.1572194	0.10325119
3.1591434	0.10338795
3.1610696	0.10352471
3.162998	0.10366146
3.1649289	0.10393498
3.1668622	0.10427687
3.168798	0.10427687
3.1707361	0.10434525
3.1726766	0.10461876
3.1746194	0.10489227
3.1765647	0.10516579
3.1785126	0.10543931
3.1804626	0.10571281
3.182415	0.1057812
3.1843698	0.1060547
3.186327	0.10619146
3.1882865	0.10632821
3.1902485	0.10653335
3.1922131	0.1066701
3.19418	0.1066701
3.1961493	0.1066701
3.1981211	0.10680687
3.2000952	0.10701201
3.2020719	0.10714875
3.2040508	0.10735389
3.2060323	0.10755902
3.2080164	0.10762741
3.2100022	0.10755902
3.2119911	0.10762741
3.2139823	0.10776415
3.215976	0.10783254
3.2179723	0.10783254
3.2199712	0.10803767
3.2219722	0.10831118
3.2239761	0.10851632
3.2259824	0.10872145
3.2279911	0.10872145
3.2300024	0.10885822
3.2320161	0.10906335
3.2340324	0.10926849
3.2360511	0.109542
3.2380724	0.10974713
3.2400961	0.11002064
3.2421229	0.11029416
3.2441516	0.1104993
3.2461832	0.11077281
3.2482171	0.11090957
3.2502534	0.11104631
3.2522926	0.11118308
3.2543342	0.11131983
3.2563784	0.11159334
3.2584248	0.1117301
3.2604742	0.11166172
3.262526	0.1117301
3.2645805	0.11186686
3.2666376	0.11207199
3.2686973	0.11234551
3.2707596	0.11261903
3.2728245	0.11302929
3.2748921	0.11323442
3.2769623	0.11350793
3.2790351	0.11391821
3.2811103	0.11412334
3.2831883	0.11432847
3.2852688	0.11467037
3.2873521	0.11480712
3.289438	0.1148755
3.2915258	0.11494388
3.293617	0.11514901
3.2957108	0.11535415
3.2978072	0.11542253
3.2999065	0.11555929
3.3020084	0.11583279
3.3041129	0.11617469
3.3062201	0.11651658
3.3083303	0.11685847
3.3104429	0.11706361
3.3125582	0.11754225
3.314676	0.11795253
3.3167968	0.11822604
3.3189204	0.11849955
3.3210464	0.11863631
3.3231752	0.11897819
3.3253074	0.11945686
3.3274417	0.11986712
3.3295789	0.12007225
3.3317187	0.120209
3.3338614	0.12055089
3.3360066	0.12089279
3.3381548	0.12123467
3.3403056	0.12171333
3.3424585	0.12198684
3.344615	0.12226035
3.3467741	0.12267063
3.3489361	0.12321766
3.3511009	0.12362792
3.3532684	0.12396981
3.3554389	0.12438008
3.3576121	0.12499549
3.3597887	0.12554252
3.3619676	0.12608953
3.3641491	0.12663655
3.3663337	0.12711522
3.368521	0.1274571
3.3707113	0.12786737
3.3729043	0.12814088
3.3751001	0.12848277
3.3772995	0.1290298
3.3795011	0.12950845
3.3817058	0.12985033
3.383913	0.13032898
3.3861232	0.13080764
3.3883364	0.13121793
3.3905525	0.1315598
3.3927715	0.13197008
3.3949924	0.13238034
3.3972173	0.13279061
3.3994448	0.13326927
3.4016755	0.13347439
3.403909	0.13367952
3.4061456	0.1340898
3.408385	0.13450007
3.4106274	0.13477357
3.4128728	0.13504709
3.4151211	0.13559411
3.4173725	0.13593599
3.4196265	0.1362779
3.4218838	0.1368933
3.424144	0.13771385
3.4264071	0.138466
3.4286733	0.13901302
3.4309425	0.13962844
3.4332149	0.14038061
3.4354899	0.14092761
3.4377682	0.1416114
3.4400494	0.14236356
3.4423335	0.14291058
3.4446208	0.14332086
3.4469111	0.14393626
3.449204	0.14455166
3.4515004	0.1450987
3.4537997	0.14564572
3.4561024	0.14626114
3.4584079	0.14687653
3.4607165	0.14742357
3.4630284	0.14790222
3.4653432	0.14844923
3.4676619	0.14899626
3.4699829	0.1494749
3.472307	0.14995356
3.4746342	0.15063733
3.4769647	0.15125275
3.4792981	0.15193652
3.4816349	0.15275706
3.4839747	0.15303057
3.4863167	0.15323572
3.488663	0.15371436
3.4910121	0.15412463
3.4933646	0.15467165
3.4957201	0.15521868
3.4980791	0.15576571
3.5004408	0.15617597
3.5028062	0.15665463
3.5051751	0.15720165
3.5075467	0.15795381
3.5099213	0.1586376
3.5122993	0.15925299
3.5146806	0.16000515
3.517065	0.1605522
3.5194528	0.16109921
3.5218437	0.16191976
3.5242381	0.16253515
3.5266356	0.16315056
3.5290363	0.16376597
3.5314403	0.16444975
3.5338476	0.16506515
3.536258	0.16561218
3.538672	0.16622758
3.5410891	0.16670625
3.5435085	0.16732164
3.5459323	0.1680738
3.5483594	0.16868921
3.5507898	0.16923623
3.5532234	0.16992001
3.5556605	0.17053542
3.5581009	0.17108244
3.5605447	0.1718346
3.5629921	0.17258675
3.5654426	0.17327055
3.5678964	0.17388594
3.5703535	0.17456974
3.5728142	0.17518513
3.5752783	0.17586893
3.5777457	0.17648433
3.5802164	0.17723648
3.5826914	0.17792027
3.5851691	0.17860405
3.5876501	0.17928784
3.5901346	0.17997162
3.5926225	0.1806554
3.595114	0.18147595
3.5976088	0.18215972
3.6001072	0.18284351
3.6026084	0.18352729
3.6051137	0.18421108
3.6076224	0.18489484
3.6101346	0.18564701
3.6126504	0.18639918
3.6151698	0.18715133
3.6176925	0.18790349
3.620219	0.18858726
3.6227491	0.18927106
3.6252825	0.18995486
3.6278193	0.19063863
3.6303599	0.19132242
3.6329038	0.19207458
3.6354516	0.19275835
3.6380026	0.19337375
3.6405575	0.19412592
3.6431165	0.19474131
3.6456785	0.19542511
3.6482441	0.19610889
3.6508133	0.19679266
3.6533861	0.1973397
3.6559625	0.1979551
3.6585426	0.19857052
3.6611264	0.19939104
3.6637127	0.20000646
3.6663036	0.20041671
3.6688983	0.20096375
3.6714969	0.20157915
3.6740987	0.20233132
3.6767046	0.2030151
3.6793139	0.20349374
3.6819272	0.20410913
3.6845443	0.20479293
3.687165	0.20527157
3.6897893	0.20581861
3.6924174	0.20650238
3.695049	0.2071178
3.6976848	0.20793833
3.7003241	0.20855373
3.7029672	0.20923752
3.7056146	0.20992132
3.7082653	0.21060508
3.7109196	0.21128887
3.713578	0.21197265
3.7162399	0.21258804
3.7189059	0.21313508
3.7215757	0.21361373
3.7242491	0.21422914
3.7269256	0.21484455
3.7296069	0.21559671
3.7322919	0.21621211
3.7349808	0.21675913
3.7376738	0.2171694
3.7403705	0.21771644
3.7430711	0.21819507
3.7457757	0.21874209
3.7484846	0.21928914
3.7511971	0.21983616
3.7539134	0.22038318
3.7566335	0.22086182
3.7593577	0.22134046
3.7620859	0.22175075
3.764818	0.22216102
3.767554	0.22263965
3.770293	0.22318669
3.7730372	0.22352859
3.7757852	0.22387047
3.778537	0.22421235
3.7812932	0.22462265
3.7840533	0.22496451
3.7868173	0.22530642
3.7895856	0.2256483
3.7923579	0.22585344
3.7951343	0.22626372
3.7979145	0.22640048
3.800699	0.22660561
3.8034875	0.22687909
3.8062801	0.22708423
3.8090768	0.22728936
3.8118775	0.2275629
3.8146832	0.22769964
3.8174922	0.22790481
3.8203053	0.22804154
3.8231227	0.22810994
3.8259442	0.22810994
3.8287699	0.22817831
3.8315997	0.22824669
3.8344338	0.22845179
3.837271	0.22845179
3.8401134	0.22845179
3.8429599	0.22852018
3.8458109	0.22838345
3.848666	0.22810994
3.8515253	0.22797318
3.8543887	0.22776803
3.8572567	0.22735776
3.8601296	0.22646885
3.8630059	0.22503291
3.8658867	0.22243452
3.8687716	0.21928914
3.8716609	0.21785317
3.8745544	0.22004129
3.8774524	0.22311832
3.8803546	0.22503291
3.8832617	0.22612694
3.8861728	0.22687909
3.8890882	0.22728936
3.8920078	0.22742614
3.894932	0.22728936
3.8978605	0.22742614
3.9007933	0.22742614
3.9037306	0.22735776
3.9066718	0.22728936
3.9096179	0.22708423
3.9125686	0.22674236
3.9155238	0.22660561
3.9184833	0.22640048
3.9214473	0.22633208
3.9244158	0.22619534
3.9273889	0.22605857
3.9303668	0.22592181
3.9333489	0.22578506
3.9363356	0.22551154
3.9393268	0.22530642
3.9423223	0.22516966
3.9453225	0.22496451
3.9483273	0.22482778
3.9513369	0.22462265
3.9543512	0.22428074
3.9573698	0.22414398
3.960393	0.22387047
3.9634209	0.22359696
3.9664533	0.22339183
3.9694903	0.22318669
3.972532	0.22298156
3.9755785	0.22277641
3.9786289	0.22243452
3.9816847	0.22229776
3.984745	0.22216102
3.9878104	0.22195588
3.9908803	0.22175075
3.9939549	0.22147723
3.9970343	0.22113532
4.0001183	0.22086182
4.0032082	0.22051993
4.0063019	0.22024643
4.0094004	0.21997289
4.0125036	0.2196994
4.0156116	0.21928914
4.0187244	0.21894723
4.021842	0.21867374
4.0249648	0.21853697
4.028091	0.21819507
4.0312233	0.21771644
4.0343604	0.2171694
4.0375023	0.21682751
4.0406489	0.2164856
4.0438008	0.21607535
4.046958	0.21566507
4.0501194	0.21525481
4.0532866	0.21477616
4.056458	0.2142975
4.0596347	0.21381885
4.0628161	0.21340859
4.0660028	0.21286157
4.0691943	0.21231453
4.0723906	0.21190427
4.0755925	0.211494
4.0787992	0.21101534
4.0820107	0.21060508
4.0852275	0.21019481
4.0884495	0.20978454
4.0916762	0.20937428
4.0949082	0.20903237
4.0981455	0.20869049
4.1013875	0.2083486
4.1046343	0.20793833
4.1078868	0.20759644
4.1111441	0.20718616
4.1144071	0.20684429
4.1176748	0.20657076
4.1209483	0.20629726
4.1242266	0.20588699
4.1275101	0.20561346
4.1307993	0.20533995
4.1340938	0.20520321
4.137393	0.20506644
4.1406975	0.20499808
4.1440077	0.2048613
4.1473227	0.20506644
4.1506433	0.20520321
4.1539693	0.20540833
4.1573014	0.2055451
4.1606379	0.20575021
4.16398	0.20595536
4.1673269	0.20629726
4.1706796	0.20663916
4.1740379	0.2067759
4.1774011	0.20670752
4.1807699	0.20650238
4.1841431	0.20636563
4.1875229	0.2061605
4.190908	0.20588699
4.1942987	0.20561346
4.1976953	0.20527157
4.2010965	0.20499808
4.204504	0.20472457
4.2079167	0.20445104
4.2113357	0.20424591
4.2147593	0.20390402
4.2181888	0.20335698
4.2216239	0.2026732
4.2250643	0.20178428
4.2285104	0.20055348
4.2319622	0.19898078
4.2354198	0.1973397
4.2388835	0.19535674
4.242352	0.19323701
4.2458267	0.19125403
4.2493072	0.18927106
4.2527928	0.18721971
4.2562842	0.18551025
4.2597818	0.18455297
4.2632847	0.18400593
4.2667923	0.18325377
4.2703071	0.18236485
4.2738276	0.18133919
4.2773538	0.18031351
4.2808857	0.17928784
4.2844238	0.17839892
4.2879677	0.17723648
4.2915173	0.17600568
4.2950735	0.17477486
4.298635	0.17320217
4.3022022	0.17128758
4.3057756	0.16916786
4.3093548	0.16656947
4.3129401	0.16335569
4.3165312	0.15973166
4.3201284	0.15583409
4.3237324	0.15193652
4.3273416	0.14817572
4.3309565	0.14482519
4.3345776	0.1419533
4.3382049	0.13962844
4.3418384	0.13764545
4.3454776	0.13600437
4.3491235	0.13463682
4.3527737	0.13347439
4.3564315	0.13258548
4.3600955	0.1315598
4.3637652	0.13087602
4.3674417	0.13046575
4.3711243	0.13026062
4.3748131	0.13039738
4.3785081	0.1309444
4.3822103	0.1319017
4.3859177	0.13320088
4.3896313	0.13422656
4.3933511	0.13511546
4.3970776	0.13586764
4.4008102	0.13634628
4.4045491	0.13648304
4.4082947	0.13641465
4.412045	0.13607277
4.415803	0.1353206
4.4195676	0.13436329
4.4233384	0.13306412
4.4271159	0.13183331
4.4308996	0.13067088
4.43469	0.12971358
4.4384871	0.1290298
4.4422908	0.12820925
4.4461007	0.1274571
4.4499168	0.12670495
4.4537401	0.12581602
4.4575696	0.12506387
4.4614058	0.12451684
4.4652486	0.12396981
4.4690976	0.12328602
4.4729543	0.12212359
4.4768167	0.12075603
4.4806862	0.11911495
4.4845624	0.11733712
4.4884448	0.11583279
4.4923344	0.1148755
4.4962306	0.11439685
4.5001335	0.11446523
4.5040426	0.11467037
4.5079594	0.11494388
4.5118828	0.11535415
4.5158129	0.11562767
4.5197501	0.11569605
4.523694	0.11569605
4.5276446	0.11542253
4.5316024	0.11501226
4.5355678	0.11432847
4.5395393	0.11350793
4.5435181	0.11282415
4.5475035	0.11227713
4.551496	0.11186686
4.5554957	0.11166172
4.5595021	0.11138821
4.5635157	0.11077281
4.5675368	0.109542
4.5715647	0.10769579
4.5755997	0.10523416
4.5796418	0.10270417
4.5836911	0.10051606
4.5877471	0.099148497
4.5918107	0.098601468
4.5958815	0.09894336
4.5999584	0.099900663
4.604044	0.10147336
4.6081362	0.10352471
4.612236	0.10584957
4.616343	0.10803767
4.6204576	0.10995226
4.6245794	0.1117301
4.6287084	0.11350793
4.6328454	0.11576441
4.6369891	0.11870469
4.6411405	0.12191847
4.6452994	0.125269
4.6494656	0.12841439
4.6536388	0.1309444
4.6578202	0.13217519
4.6620088	0.1319017
4.6662059	0.13053411
4.6704097	0.12889305
4.6746206	0.12766224
4.6788397	0.12697846
4.6830664	0.12670495
4.6873007	0.12656818
4.6915426	0.12608953
4.6957922	0.125269
4.7000484	0.12424333
4.7043133	0.12308089
4.7085862	0.12157658
4.7128668	0.11973035
4.717155	0.11781578
4.7214513	0.11596955
4.7257552	0.11508062
4.7300668	0.1154909
4.7343879	0.11788414
4.7387152	0.12212359
4.7430506	0.12773061
4.7473941	0.13415818
4.7517457	0.14085925
4.7561049	0.14803897
4.7604723	0.15576571
4.7648478	0.1645865
4.7692318	0.17450136
4.7736235	0.18571539
4.7780232	0.19699782
4.7824311	0.2077332
4.7868466	0.21696427
4.7912707	0.22448587
4.7957029	0.23029803
4.8001437	0.2350845
4.8045907	0.23905045
4.8090477	0.24212748
4.8135128	0.24458909
4.8179865	0.24650368
4.8224683	0.2473242
4.8269582	0.24670883
4.8314571	0.24452071
4.8359637	0.24096502
4.8404803	0.23658884
4.8450041	0.23316991
4.8495364	0.23262289
4.8540773	0.23604181
4.8586264	0.24233261
4.8631845	0.24944395
4.8677506	0.25566635
4.8723259	0.26004258
4.8769083	0.26202554
4.8815002	0.26311961
4.8861008	0.26537609
4.8907104	0.2694104
4.8953285	0.27406013
4.8999557	0.27823117
4.9045911	0.28151333
4.909236	0.28424847
4.9138899	0.28643659
4.9185519	0.28841957
4.923223	0.29012904
4.9279027	0.29156497
4.9325914	0.29265901
4.9372892	0.29382142
4.9419956	0.29498389
4.9467115	0.29594117
4.951437	0.29669333
4.9561706	0.29737711
4.9609137	0.29785576
4.9656653	0.29826602
4.9704261	0.29853955
4.9751964	0.29874468
4.9799757	0.2990182
4.9847641	0.2993601
4.9895606	0.29970196
4.9943671	0.30004388
4.9991837	0.30031738
5.0040088	0.30065927
5.0088439	0.30072767
5.0136881	0.30093279
5.0185413	0.30113792
5.0234041	0.30113792
5.0282774	0.30093279
5.0331593	0.30093279
5.0380507	0.30086443
5.0429511	0.30079603
5.0478616	0.30052251
5.0527816	0.30038574
5.0577111	0.30004388
5.0626502	0.29970196
5.0675998	0.29929173
5.0725584	0.2990182
5.0775266	0.29867628
5.0825043	0.29847115
5.087492	0.29792416
5.0924897	0.29730871
5.097497	0.29683009
5.1025143	0.2964882
5.1075401	0.29600957
5.112577	0.29566765
5.1176243	0.29525739
5.1226811	0.29484713
5.127748	0.29430011
5.1328249	0.29388982
5.1379123	0.29347953
5.1430092	0.2932744
5.1481171	0.29300091
5.1532345	0.29224873
5.1583619	0.29156497
5.1634998	0.29115468
5.1686478	0.29074439
5.1738062	0.2904709
5.1789751	0.29012904
5.184154	0.28978711
5.1893444	0.28951362
5.1945438	0.28944525
5.1997542	0.28944525
5.2049747	0.2891717
5.210206	0.2891717
5.2154474	0.28896657
5.2206998	0.28800929
5.2259626	0.28746223
5.2312346	0.28698364
5.2365189	0.28664172
5.2418137	0.28595793
5.2471189	0.28506902
5.2524352	0.28424847
5.2577624	0.28349632
5.2631001	0.28260741
5.2684488	0.28192365
5.273809	0.28123984
5.2791796	0.28048769
5.2845607	0.27959877
5.2899532	0.27939361
5.2953568	0.2785047
5.3007712	0.27754742
5.3061967	0.2768636
5.3116336	0.27631664
5.3170795	0.27583796
5.3225384	0.27549607
5.3280087	0.27508578
5.3334904	0.27481231
5.3389831	0.27440202
5.3444872	0.27474391
5.3500028	0.27515414
5.3555293	0.27433363
5.3610692	0.27323961
5.3666191	0.27262416
5.37218	0.27207714
5.3777528	0.27159852
5.3833375	0.2709831
5.3889332	0.27016258
5.3945408	0.26913688
5.4001603	0.2681796
5.4057918	0.26708555
5.4114347	0.26612824
5.417089	0.26571798
5.4227557	0.26482907
5.4284339	0.26175204
5.434124	0.25935879
5.439826	0.2574442
5.44554	0.25546122
5.4512644	0.25313637
5.4570026	0.25108504
5.4627528	0.24944395
5.4685154	0.24636692
5.4742899	0.24342667
5.4800768	0.24096502
5.4858756	0.23781963
5.4916868	0.23535801
5.4975119	0.23316991
5.5033479	0.2313237
5.5091963	0.22975101
5.5150576	0.22858855
5.5209308	0.2275629
5.5268164	0.22646885
5.5327148	0.22510129
5.5386262	0.2240072
5.5445509	0.22339183
5.550487	0.22332345
5.5564361	0.2225713
5.562398	0.22154562
5.5683727	0.2209302
5.5743604	0.22134046
5.5803604	0.22106695
5.5863738	0.21949427
5.5923977	0.21833183
5.5984373	0.21798992
5.6044893	0.21737453
5.6105552	0.21669073
5.6166334	0.21607535
5.6227255	0.21504967
5.6288304	0.21416074
5.6349487	0.21402402
5.6410818	0.21409237
5.6472268	0.21197265
5.6533852	0.20978454
5.6595569	0.20786996
5.6657424	0.2061605
5.6719413	0.20575021
5.6781535	0.20451942
5.6843796	0.20294672
5.6906204	0.20198941
5.6968741	0.20034833
5.7031412	0.19918591
5.7094221	0.19898078
5.7157168	0.19740808
5.7220259	0.19521998
5.7283483	0.19310024
5.7346849	0.19152755
5.7410331	0.1900916
5.7473979	0.18879242
5.7537766	0.18619405
5.76017	0.18564701
5.7665772	0.18503162
5.7729988	0.18133919
5.7794347	0.17819379
5.7858849	0.1755954
5.7923512	0.17306539
5.7988305	0.17108244
5.8053241	0.16868921
5.811832	0.16697973
5.8183551	0.16629596
5.8248925	0.16403948
5.8314447	0.1602103
5.8380117	0.15672301
5.8445945	0.15350923
5.851191	0.15084247
5.8578029	0.14831248
5.864429	0.14550897
5.8710709	0.14256871
5.877727	0.14154303
5.8843989	0.13771385
5.8910856	0.13333765
5.8977852	0.12985033
5.9045024	0.12554252
5.9112349	0.12335441
5.9179831	0.12198684
5.9247465	0.12082441
5.9315252	0.12130306
5.9383197	0.1211663
5.9451299	0.11897819
5.9519572	0.11774739
5.9587984	0.11733712
5.9656553	0.11774739
5.9725285	0.11713198
5.9794173	0.11631145
5.9863219	0.1164482
5.9932423	0.11576441
6.0001788	0.11432847
6.0071297	0.11371307
6.0140982	0.11337118
6.0210834	0.11214037
6.0280848	0.1111147
6.0351024	0.11056766
6.0421362	0.11179848
6.0491862	0.11268739
6.0562534	0.10988388
6.0633373	0.10865308
6.0704374	0.10926849
6.0775537	0.10872145
6.0846872	0.10762741
6.0918374	0.10728551
6.0990043	0.10749065
6.1061878	0.1085847
6.1133885	0.10967875
6.1206079	0.10872145
6.1278424	0.10817444
6.1350942	0.10872145
6.1423635	0.10961038
6.1496496	0.11015739
6.1569533	0.1111147
6.1642742	0.11166172
6.1716127	0.1120036
6.1789665	0.11364468
6.1863399	0.11508062
6.1937308	0.11480712
6.2011395	0.11514901
6.2085662	0.11603793
6.2160106	0.11699523
6.2234726	0.11781578
6.2309527	0.11836278
6.238452	0.11877307
6.2459679	0.11918333
6.2535024	0.11959361
6.261055	0.1199355
6.2686257	0.12007225
6.2762151	0.12000386
6.2838225	0.12000386
6.2914486	0.12000386
6.2990947	0.1199355
6.3067579	0.12000386
6.3144398	0.12014063
6.3221402	0.12034577
6.3298597	0.12055089
6.3375978	0.12185008
6.345355	0.122739
6.3531313	0.12171333
6.3609242	0.12178171
6.3687387	0.12287576
6.3765721	0.12301251
6.3844252	0.12321766
6.3922973	0.12383305
6.4001889	0.12479036
6.4081001	0.12786737
6.4160309	0.12916656
6.4239826	0.12711522
6.431953	0.12629467
6.4399428	0.12547414
6.4479527	0.12465359
6.4559822	0.12376467
6.4640322	0.12294414
6.4721022	0.12260225
6.4801922	0.12239711
6.4883046	0.12260225
6.4964356	0.12109794
6.5045867	0.11781578
6.5127583	0.11610631
6.5209503	0.11508062
6.5291634	0.11275577
6.5373969	0.11077281
6.545651	0.10913173
6.5539231	0.10749065
6.5622191	0.10598633
6.5705361	0.10475551
6.5788746	0.10243065
6.587234	0.10058444
6.5956144	0.098874986
6.6040168	0.097097151
6.6124401	0.095934711
6.6208863	0.095114172
6.629353	0.095114172
6.6378412	0.094430394
6.6463513	0.091832019
6.6548829	0.089712292
6.6634369	0.088481486
6.6720128	0.087524191
6.6806107	0.08643014
6.6892328	0.084515549
6.6978755	0.082942851
6.7065401	0.082122311
6.7152276	0.081165008
6.723937	0.07993421
6.7326698	0.078771777
6.7414246	0.078019612
6.7502027	0.077746093
6.7590008	0.077335827
6.7678242	0.077267446
6.7766714	0.077609338
6.7855411	0.078156367
6.7944345	0.078156367
6.8033509	0.077677719
6.8122911	0.077882856
6.8212547	0.078361504
6.8302436	0.078429878
6.8392544	0.07829313
6.848289	0.078703396
6.8573475	0.079455554
6.8664303	0.079182036
6.8755369	0.077609338
6.8846679	0.076583669
6.8938227	0.07583151
6.9029989	0.075079344
6.9122028	0.074122049
6.9214315	0.073027991
6.9306846	0.072002321
6.9399629	0.070908271
6.9492655	0.070156112
6.9585934	0.069677465
6.9679465	0.068241522
6.9773269	0.067010708
6.9867301	0.066326924
6.9961591	0.065779902
7.0056133	0.065164492
7.0150933	0.064959362
7.0245986	0.064822607
7.0341301	0.064890981
7.0436873	0.065506384
7.0532722	0.06543801
7.0628819	0.065232873
7.0725174	0.065506384
7.0821791	0.065848283
7.0918674	0.066190168
7.1015825	0.066395305
7.1113243	0.066532061
7.1210923	0.066532061
7.1308832	0.066190168
7.1407056	0.065985039
7.1505547	0.065643139
7.1604309	0.065232873
7.1703348	0.06461747
7.1802659	0.063660175
7.1902246	0.062702872
7.200211	0.062019095
7.210228	0.061266933
7.2202702	0.060172886
7.23034	0.059078824
7.2404385	0.057984773
7.2505651	0.056959104
7.2607198	0.055933431
7.2709031	0.054839376
7.2811151	0.05360857
7.2913575	0.052514516
7.3016272	0.051488839
7.3119259	0.050463166
7.3222532	0.049574248
7.3326101	0.048685327
7.3429961	0.047659658
7.3534117	0.046565603
7.3638568	0.045403171
7.3743277	0.04403561
7.3848329	0.042668045
7.3953671	0.041232098
7.4059319	0.039727777
7.4165273	0.038155075
7.4271526	0.036719132
7.4378085	0.035214812
7.4484949	0.033847246
7.4592152	0.032616436
7.4699631	0.031522382
7.4807425	0.030359952
7.4915524	0.029402656
7.5023942	0.028445363
7.513267	0.027829956
7.5241718	0.027351309
7.5351081	0.026804285
7.5460782	0.026394013
7.5570784	0.025983745
7.5681105	0.025436718
7.579175	0.025026448
7.5902719	0.024821315
7.6014013	0.025026448
7.6125636	0.025436718
7.6237588	0.026188878
7.6349821	0.027214555
7.6462431	0.028855633
7.6575375	0.030906979
7.6688652	0.033436976
7.6802268	0.036650755
7.6916218	0.040616695
7.7030506	0.045266416
7.7145133	0.050736681
7.7260127	0.057164233
7.7375441	0.064343952
7.7491097	0.072070703
7.7607102	0.080276102
7.7723455	0.088481486
7.7840157	0.0960031
7.7957211	0.10236228
7.8074613	0.10701201
7.8192339	0.10967875
7.8310452	0.1104993
7.8428926	0.10967875
7.8547754	0.10755902
7.8666949	0.10489227
7.8786502	0.1022939
7.8906422	0.099490389
7.9026704	0.096618503
7.9147372	0.093746617
7.9268394	0.090874724
7.9389782	0.087866083
7.9511547	0.084652297
7.9633684	0.0815069
7.9756198	0.078566633
7.9879088	0.075694747
8.0002356	0.073096372
8.0126038	0.070498005
8.0250072	0.068036385
8.0374498	0.066053413
8.0499296	0.064549088
8.0624495	0.063044764
8.0750074	0.061813958
8.0876055	0.060856666
8.1002417	0.060172886
8.1129141	0.059625853
8.1256304	0.059283961
8.1383867	0.059215587
8.1511831	0.059078824
8.1640196	0.058942072
8.1768961	0.059078824
8.1898146	0.059352346
8.2027731	0.059625853
8.2157736	0.060036127
8.2288151	0.060856666
8.2418976	0.061882336
8.2550211	0.063113146
8.2681875	0.064890981
8.281395	0.067147464
8.2946453	0.069950975
8.3079386	0.073301509
8.3212767	0.077199072
8.3346548	0.081712037
8.3480768	0.087045543
8.3615408	0.093131207
8.3750496	0.099969037
8.3886013	0.10755902
8.4021969	0.11590117
8.4158373	0.12520061
8.4295158	0.13559411
8.4432449	0.14756031
8.4570189	0.16157785
8.4708366	0.17785189
8.4847012	0.1967243
8.4986105	0.21860534
8.5125656	0.24281125
8.5265665	0.26770094
8.540616	0.29094955
8.5547094	0.30872792
8.5688496	0.31816411
8.5830364	0.31542897
8.59727	0.29573604
8.6115513	0.25956392
8.6258802	0.2240072
8.6402569	0.21258804
8.6546841	0.22742614
8.6691561	0.25211069
8.6836777	0.27488065
8.6982479	0.29279578
8.7128668	0.30647144
8.7275343	0.31700167
8.7422523	0.32541221
8.75702	0.33183977
8.7718325	0.33683136
8.7866993	0.34059218
8.8016176	0.34360081
8.8165865	0.34592569
8.8316059	0.34804541
8.8466768	0.34982327
8.8617992	0.35160109
8.8769741	0.3529003
8.8922033	0.35399431
8.9074821	0.35460973
8.9228134	0.35502002
8.9381971	0.35508838
8.9536343	0.35502002
8.9691257	0.35399431
8.9846697	0.35235325
9.000268	0.35050705
9.0159235	0.34859243
9.0316315	0.34633595
9.0473928	0.34414786
9.0632105	0.34195974
9.0790825	0.33970326
9.0950108	0.33710489
9.1109953	0.33464327
9.1270351	0.33218163
9.1431274	0.32972002
9.1592817	0.32698491
9.1754923	0.32397628
9.191761	0.32055736
9.2080879	0.3169333
9.224472	0.31296739
9.2409153	0.30879629
9.2574167	0.30387303
9.2739801	0.29785576
9.2906008	0.28978711
9.3072805	0.27768418
9.3240204	0.25935879
9.3408203	0.23788799
9.3576803	0.21846859
9.3746023	0.20287834
9.3915854	0.19057025
9.4086237	0.1809973
9.4257298	0.17361245
9.4428988	0.16766351
9.4601307	0.16253515
9.4774246	0.15815896
9.4947834	0.15474002
9.5122042	0.15179977
9.5296898	0.14879113
9.5472441	0.14605598
9.5648584	0.14318411
9.5825386	0.14017546
9.6002836	0.13703007
9.6180954	0.13374791
9.635973	0.13012385
9.6539164	0.12622629
9.6719275	0.12280737
9.6900091	0.12287576
9.7081556	0.13005547
9.7263699	0.13791898
9.7446527	0.13839762
9.7630043	0.13367952
9.7814245	0.13005547
9.7999153	0.12923494
9.8184757	0.12971358
9.837101	0.13067088
9.8558025	0.13162819
9.8745756	0.13265385
9.8934202	0.13299574
9.9123363	0.1325171
9.9313259	0.13162819
9.950388	0.13197008
9.9695234	0.13313249
9.9887362	0.13374791
10.008019	0.13367952
10.027377	0.13361114
10.04681	0.13374791
10.066319	0.13381627
10.085902	0.13361114
10.105563	0.13313249
10.1253	0.13231196
10.145119	0.13149141
10.165011	0.1309444
10.184982	0.13067088
10.205031	0.13080764
10.22516	0.13121793
10.245367	0.13149141
10.265656	0.13169657
10.286023	0.13149141
10.306466	0.13101277
10.326997	0.13039738
10.34761	0.12998711
10.368304	0.12930332
10.389083	0.12834603
10.409945	0.12725197
10.43089	0.12602116
10.45192	0.12472197
10.473039	0.12383305
10.49424	0.12280737
10.515526	0.12143981
10.536899	0.12014063
10.558359	0.11890981
10.579906	0.11781578
10.601542	0.11679009
10.623267	0.11617469
10.645084	0.11555929
10.666988	0.11446523
10.688982	0.11343955
10.711066	0.11255065
10.733243	0.11179848
10.755511	0.11070443
10.777872	0.10940523
10.800325	0.10803767
10.822865	0.10660174
10.845508	0.10530254
10.868244	0.10414012
10.891077	0.10256741
10.914005	0.10092633
10.937031	0.09928526
10.960154	0.097986065
10.983374	0.096755251
11.006698	0.095524445
11.030116	0.09436202
11.053635	0.093267962
11.077253	0.092310674
11.100973	0.091490135
11.124795	0.090737976
11.14872	0.089712292
11.172747	0.088618241
11.196871	0.08772932
11.221107	0.087182298
11.245447	0.086772025
11.269894	0.086293377
11.294447	0.085951485
11.319107	0.085883111
11.343875	0.086019874
11.368752	0.086156622
11.393744	0.085814737
11.418839	0.085267708
11.444047	0.084515549
11.469365	0.083489865
11.494797	0.082806088
11.52034	0.081848793
11.545999	0.080823116
11.571771	0.079660691
11.597663	0.078635015
11.623667	0.077540964
11.649787	0.076378532
11.676025	0.075352855
11.702382	0.074122049
11.728858	0.072891243
11.755454	0.071660429
11.782171	0.070292868
11.809002	0.069062062
11.835962	0.06755773
11.863048	0.065779902
11.890256	0.063728549
11.91759	0.061882336
11.94505	0.060309637
11.972636	0.058942072
12.000351	0.057642881
12.028198	0.056070186
12.056171	0.054360725
12.084274	0.052719653
12.112508	0.051078569
12.140875	0.049505867
12.169374	0.047796413
12.198009	0.046223711
12.226777	0.044787772
12.255688	0.043351825
12.28473	0.041642368
12.31391	0.040138051
12.343228	0.03883886
12.372687	0.037539672
12.402287	0.036308862
12.432029	0.035078056
12.461913	0.033915628
12.491931	0.032616436
12.522105	0.031454004
12.552425	0.030223196
12.582892	0.029265903
12.613507	0.028376983
12.644272	0.027214555
12.675187	0.025915366
12.706254	0.024479423
12.737479	0.023316991
12.768852	0.02215456
12.80038	0.021197265
12.832064	0.02023997
12.863906	0.019282673
12.895905	0.018393757
12.928064	0.017299702
12.960384	0.016274029
12.992874	0.015658624
13.025519	0.015179976
13.05833	0.014632951
13.091305	0.014564573
13.124448	0.014769706
13.157759	0.015111598
13.191238	0.015658624
13.22489	0.016821055
13.258701	0.01894078
13.292698	0.021334022
13.326869	0.02420591
13.361217	0.027829956
13.395742	0.032411303
13.430446	0.037881561
13.46533	0.044103988
13.500397	0.051557221
13.535651	0.059694234
13.571085	0.068583407
13.606705	0.07829313
13.642511	0.088891752
13.678508	0.10003741
13.714694	0.11166172
13.751073	0.12383305
13.787644	0.13661981
13.82442	0.14995356
13.861383	0.16376597
13.898545	0.17819379
13.935907	0.1920062
13.97347	0.20451942
14.011236	0.21511804
14.049208	0.22359696
14.087384	0.2307083
14.125755	0.23617853
14.16435	0.24062315
14.203156	0.24472585
14.242176	0.24828152
14.281411	0.25156367
14.320862	0.25402528
14.360532	0.25600827
14.400422	0.25703394
14.440542	0.2564185
14.48088	0.2543672
14.521442	0.25129017
14.562233	0.24609341
14.603253	0.23939233
14.644506	0.2313921
14.685991	0.22195588
14.727713	0.21074185
14.76966	0.19884402
14.811859	0.18646754
14.8543	0.17443299
14.896984	0.16349246
14.939916	0.15364599
14.983094	0.14325248
15.026524	0.1319017
15.070205	0.12109794
15.11415	0.11022577
15.158343	0.09846472
15.202796	0.087045543
15.24751	0.078908525
15.292488	0.076446913
15.337732	0.080207713
15.383245	0.0893704
15.429028	0.10591794
15.475092	0.13429493
15.521424	0.17019352
15.568036	0.20192105
15.614927	0.22387047
15.662103	0.23768289
15.709563	0.24623019
15.757313	0.25170043
15.805353	0.25498259
15.853672	0.25730744
15.902304	0.25792283
15.951234	0.25470906
16.000465	0.24629855
16.050003	0.23207586
16.099848	0.21183588
16.150003	0.18824539
16.200472	0.1652703
16.251265	0.14838085
16.30237	0.14550897
16.353796	0.16479164
16.405548	0.20349374
16.45763	0.24602501
16.510042	0.27829957
16.56279	0.29826602
16.615877	0.3081809
16.669313	0.31084764
16.723085	0.3068817
16.777206	0.29710358
16.831676	0.28233391
16.886503	0.26400852
16.941689	0.24438395
16.997234	0.22763127
17.053146	0.21388724
17.109409	0.20322023
17.166063	0.19385241
17.223093	0.18619405
17.280504	0.17997162
17.338299	0.17422783
17.396481	0.1690311
17.455055	0.16451813
17.514025	0.16062057
17.573404	0.15733841
17.633179	0.15412463
17.693359	0.15118438
17.753954	0.14810735
17.814964	0.1453722
17.876394	0.14209004
17.938251	0.13901302
18.000536	0.13709845
18.063269	0.13436329
18.126427	0.1309444
18.190027	0.12814088
18.254078	0.12533738
18.318579	0.12164494
18.383539	0.11802091
18.448961	0.11453361
18.514851	0.11193524
18.58119	0.11015739
18.648029	0.1104993
18.715351	0.11480712
18.783159	0.12198684
18.851461	0.12834603
18.920263	0.13306412
18.989569	0.13661981
19.059383	0.13750871
19.129725	0.13771385
19.200575	0.13668816
19.271952	0.1340898
19.343863	0.13101277
19.416311	0.12786737
19.489305	0.12506387
19.562849	0.12212359
19.636951	0.11884145
19.711594	0.11679009
19.786827	0.11514901
19.862638	0.1133028
19.939034	0.11138821
20.016018	0.10940523
20.093599	0.10742228
20.171785	0.10441362
20.250582	0.099832274
20.330009	0.094977431
20.410049	0.094293632
20.490723	0.10010579
20.572035	0.10714875
20.653994	0.11138821
20.73661	0.11405497
20.819889	0.11542253
20.903841	0.11555929
20.988487	0.11514901
21.073807	0.11350793
21.159821	0.11152496
21.246542	0.1092001
21.333977	0.10728551
21.422132	0.10482389
21.511023	0.10126822
21.600651	0.098259583
21.691	0.095387697
21.782139	0.092926078
21.874046	0.091148242
21.966734	0.088686623
22.060209	0.086703651
22.154484	0.086088248
22.249567	0.087182298
22.34547	0.092926078
22.442221	0.10243065
22.539797	0.11357632
22.638224	0.12308089
22.737514	0.12930332
22.837679	0.13340601
22.93873	0.13709845
23.04068	0.13853438
23.143541	0.13867114
23.247343	0.14079086
23.35206	0.14284222
23.457727	0.14147465
23.564352	0.13956006
23.671953	0.13675654
23.78054	0.13573088
23.890127	0.1353206
24.000731	0.13060249
24.112324	0.12691008
24.224998	0.1236963
24.338732	0.11966198
24.453537	0.11624306
24.569429	0.11152496
24.686426	0.10653335
24.804543	0.10161012
