# Anhydrite, Chemical Formula: CaSO4
# Sample ID: GDS42_lt250um
# wavelengths (microns), reflectance
1.7217383	0.77212828
1.7223103	0.77273488
1.7228827	0.77288651
1.7234554	0.7733416
1.7240288	0.7731899
1.7246022	0.77364486
1.7251762	0.77432734
1.7257504	0.77463073
1.7263252	0.77432734
1.7269002	0.7741757
1.7274756	0.77463073
1.7280514	0.77538902
1.7286276	0.77554071
1.7292041	0.77591985
1.7297812	0.77607149
1.7303585	0.77645069
1.7309363	0.77652651
1.7315143	0.77705735
1.732093	0.77713311
1.7326717	0.77766407
1.7332511	0.77773982
1.7338307	0.77804315
1.7344109	0.77819484
1.7349913	0.77827066
1.7355722	0.77857405
1.7361534	0.77940816
1.7367351	0.77971143
1.737317	0.77986312
1.7378997	0.78009063
1.7384824	0.78046983
1.7390656	0.78039402
1.7396491	0.7807731
1.7402332	0.78137982
1.7408174	0.78213811
1.7414023	0.7822898
1.7419873	0.78206229
1.7425728	0.78206229
1.7431587	0.78236568
1.7437451	0.78274482
1.7443317	0.7834273
1.7449189	0.7834273
1.7455064	0.78365481
1.7460943	0.78403401
1.7466825	0.78410983
1.7472714	0.78410983
1.7478604	0.78486806
1.7484499	0.78517145
1.7490398	0.78524727
1.7496301	0.78509563
1.7502208	0.78562641
1.7508119	0.78661233
1.7514033	0.78683978
1.7519954	0.78683978
1.7525877	0.78706729
1.7531804	0.78737062
1.7537735	0.78797728
1.754367	0.7884323
1.7549609	0.78865969
1.7555553	0.7884323
1.7561499	0.78865969
1.7567449	0.78896308
1.7573403	0.78911471
1.7579362	0.78949386
1.7585325	0.78979719
1.7591293	0.78994882
1.7597264	0.79040384
1.760324	0.79070723
1.7609218	0.79101056
1.7615204	0.79093474
1.7621191	0.79123801
1.7627183	0.79169303
1.7633178	0.7915414
1.7639178	0.79146558
1.7645181	0.79199642
1.7651191	0.79222387
1.7657201	0.79245138
1.7663218	0.79245138
1.7669238	0.7929064
1.7675263	0.79320967
1.768129	0.79343724
1.7687324	0.79374045
1.769336	0.79381639
1.7699401	0.79396808
1.7705445	0.79404384
1.7711494	0.79442304
1.7717546	0.79442304
1.7723604	0.79472643
1.7729665	0.7950297
1.773573	0.79480219
1.7741799	0.7950297
1.7747874	0.79533303
1.7753952	0.79563642
1.7760036	0.79571217
1.7766122	0.7960155
1.7772213	0.79631883
1.7778307	0.79669803
1.7784407	0.79684973
1.7790509	0.79662216
1.7796618	0.79677379
1.7802728	0.79707718
1.7808841	0.79707718
1.781496	0.79775971
1.7821085	0.79806298
1.7827213	0.79813886
1.7833346	0.798518
1.7839482	0.79859382
1.7845623	0.79829049
1.7851768	0.79859382
1.785792	0.79874545
1.7864072	0.79882139
1.7870232	0.79889715
1.7876393	0.79935217
1.788256	0.79957968
1.788873	0.79980713
1.7894906	0.79973137
1.7901084	0.79988301
1.790727	0.80003464
1.7913457	0.80041379
1.7919649	0.80033803
1.7925845	0.80079299
1.7932047	0.80086881
1.793825	0.80071718
1.794446	0.80086881
1.7950673	0.80124801
1.795689	0.80155128
1.7963111	0.80208218
1.7969339	0.802158
1.7975569	0.802158
1.7981805	0.802158
1.7988043	0.80230963
1.7994287	0.80246133
1.8000535	0.80284047
1.800679	0.80253714
1.8013045	0.80268878
1.8019307	0.80306798
1.8025571	0.8031438
1.8031842	0.80321962
1.8038116	0.80359876
1.8044394	0.80367464
1.8050677	0.80405378
1.8056965	0.80428129
1.8063256	0.80450875
1.8069552	0.80450875
1.8075852	0.80481213
1.8082157	0.80473626
1.8088466	0.80481213
1.809478	0.80503964
1.8101097	0.80549467
1.8107419	0.80557042
1.8113745	0.80594957
1.8120078	0.80617708
1.8126413	0.8061012
1.8132753	0.80632877
1.8139096	0.80648041
1.8145447	0.80602545
1.8151799	0.80632877
1.8158158	0.80739039
1.8164519	0.80761796
1.8170887	0.80731457
1.8177258	0.80716294
1.8183634	0.80746621
1.8190013	0.80769378
1.8196399	0.80739039
1.8202788	0.80799711
1.8209183	0.80837619
1.8215581	0.80890709
1.8221985	0.80928624
1.8228391	0.80943793
1.8234804	0.80958956
1.8241218	0.80966538
1.824764	0.80943793
1.8254064	0.80928624
1.8260493	0.80981708
1.8266927	0.81087875
1.8273367	0.81049955
1.8279809	0.81004453
1.8286258	0.81019622
1.829271	0.81072706
1.8299167	0.81087875
1.8305628	0.81103039
1.8312097	0.81163704
1.8318566	0.81194043
1.8325043	0.81156123
1.8331522	0.81201619
1.8338007	0.81216782
1.8344495	0.81262285
1.835099	0.81277454
1.8357487	0.81231958
1.8363992	0.81300205
1.83705	0.81322956
1.8377012	0.81353283
1.8383528	0.81413954
1.839005	0.81345701
1.8396575	0.81368452
1.8403107	0.81398785
1.8409641	0.81330538
1.8416178	0.81391203
1.8422722	0.81527704
1.8429272	0.81504953
1.8435825	0.81489784
1.8442384	0.81497371
1.8448946	0.81520116
1.8455515	0.81504953
1.8462087	0.81459451
1.8468666	0.81497371
1.8475248	0.81565613
1.8481835	0.81565613
1.8488425	0.81633872
1.8495022	0.81595951
1.8501621	0.81580782
1.8508228	0.81618702
1.8514837	0.81633872
1.852145	0.81580782
1.8528068	0.81573206
1.8534694	0.81603533
1.8541322	0.8174004
1.8547956	0.8174004
1.8554593	0.81694531
1.8561238	0.8167178
1.8567885	0.81724864
1.8574541	0.81717283
1.8581197	0.81702119
1.858786	0.8168695
1.8594526	0.81762779
1.8601199	0.8182345
1.8607875	0.81777948
1.8614557	0.81755203
1.8621242	0.81770366
1.8627936	0.81800699
1.8634632	0.81838614
1.8641332	0.81891698
1.8648038	0.81876534
1.8654748	0.81808281
1.8661463	0.81800699
1.8668184	0.81793118
1.8674908	0.81846201
1.8681637	0.81929612
1.868837	0.81884116
1.869511	0.81838614
1.8701854	0.81838614
1.8708603	0.81906861
1.8715357	0.81967539
1.8722117	0.81868953
1.872888	0.81876534
1.8735651	0.81944776
1.8742423	0.81929612
1.8749202	0.81891698
1.8755985	0.81922036
1.8762774	0.81861365
1.8769567	0.81922036
1.8776366	0.81982696
1.8783168	0.81952363
1.8789977	0.819372
1.8796788	0.81952363
1.8803607	0.81922036
1.881043	0.81922036
1.8817258	0.81929612
1.882409	0.81922036
1.8830929	0.81891698
1.883777	0.81906861
1.8844618	0.81944776
1.8851469	0.81944776
1.8858327	0.819372
1.8865188	0.819372
1.8872057	0.81899279
1.8878928	0.81891698
1.8885808	0.81906861
1.8892689	0.81906861
1.8899578	0.81944776
1.8906469	0.81982696
1.8913368	0.81929612
1.892027	0.81922036
1.8927178	0.81922036
1.893409	0.81922036
1.8941009	0.819372
1.8947932	0.81884116
1.8954861	0.81868953
1.8961793	0.81899279
1.8968732	0.81884116
1.8975675	0.81899279
1.8982624	0.81891698
1.8989576	0.81868953
1.8996536	0.81929612
1.9003499	0.81967539
1.9010466	0.819372
1.9017439	0.81876534
1.9024419	0.81853777
1.9031402	0.81891698
1.9038392	0.81838614
1.9045385	0.81831038
1.9052386	0.81929612
1.905939	0.81967539
1.9066402	0.819372
1.9073416	0.81944776
1.9080436	0.81876534
1.9087461	0.81838614
1.9094492	0.81846201
1.9101527	0.81853777
1.9108568	0.81868953
1.9115614	0.81914455
1.9122664	0.81899279
1.912972	0.8182345
1.9136782	0.81861365
1.9143847	0.81914455
1.915092	0.81838614
1.9157996	0.81815863
1.916508	0.81815863
1.9172167	0.81831038
1.9179261	0.81815863
1.9186358	0.81808281
1.9193462	0.81800699
1.9200571	0.81815863
1.9207685	0.81853777
1.9214803	0.81838614
1.9221928	0.81777948
1.9229058	0.81785536
1.9236195	0.81785536
1.9243335	0.81808281
1.9250481	0.81770366
1.9257631	0.81762779
1.9264789	0.81770366
1.927195	0.81838614
1.9279118	0.8182345
1.9286289	0.81846201
1.9293463	0.81800699
1.9300646	0.81785536
1.9307835	0.81800699
1.9315028	0.81831038
1.9322227	0.81838614
1.9329431	0.81838614
1.9336642	0.81846201
1.9343857	0.81861365
1.9351079	0.81838614
1.9358305	0.81876534
1.9365537	0.81914455
1.9372772	0.81906861
1.9380015	0.81884116
1.9387262	0.81891698
1.9394516	0.81914455
1.9401773	0.81922036
1.940904	0.81899279
1.9416308	0.819372
1.9423584	0.819372
1.9430864	0.81952363
1.943815	0.81982696
1.9445441	0.82020617
1.9452738	0.82028198
1.9460039	0.82035774
1.9467345	0.82035774
1.9474658	0.82050949
1.9481977	0.82058537
1.94893	0.820737
1.949663	0.82058537
1.9503965	0.82081282
1.9511306	0.82104033
1.9518652	0.82104033
1.9526006	0.82066113
1.9533362	0.82081282
1.9540726	0.82096452
1.9548093	0.82111615
1.9555469	0.82096452
1.9562846	0.82119191
1.9570233	0.82141948
1.9577622	0.82157111
1.9585019	0.82172281
1.959242	0.82172281
1.9599829	0.82164693
1.960724	0.82172281
1.961466	0.82164693
1.9622083	0.82179856
1.9629514	0.8218745
1.9636948	0.82210195
1.9644389	0.82179856
1.9651834	0.82195026
1.9659288	0.82217783
1.9666744	0.8224811
1.9674209	0.82255697
1.9681678	0.82286024
1.9689153	0.82293612
1.9696634	0.82293612
1.9704123	0.82316357
1.9711614	0.82316357
1.9719112	0.82301193
1.9726615	0.82323945
1.9734125	0.82354277
1.9741639	0.82392192
1.9749161	0.8239978
1.9756685	0.82430112
1.976422	0.82414943
1.9771756	0.82430112
1.9779301	0.82452857
1.9786849	0.8248319
1.9794405	0.82475615
1.9801965	0.82521111
1.9809532	0.82528692
1.9817104	0.82589352
1.9824681	0.82612109
1.9832264	0.82627273
1.9839855	0.82612109
1.984745	0.82665187
1.9855052	0.82672775
1.9862659	0.82687944
1.9870273	0.82695526
1.987789	0.82718271
1.9885516	0.82725859
1.9893147	0.82741022
1.9900783	0.82763773
1.9908425	0.82809275
1.9916074	0.82832021
1.9923728	0.82862353
1.9931389	0.8288511
1.9939053	0.82923019
1.9946727	0.82930607
1.9954402	0.82960939
1.9962088	0.82983691
1.9969776	0.82998854
1.9977473	0.82976109
1.9985173	0.83014017
1.9992882	0.83044356
2.0000594	0.83067113
2.0008314	0.83089852
2.0016038	0.83135355
2.002377	0.83135355
2.0031507	0.83142936
2.0039251	0.83135355
2.0046999	0.83150518
2.0054755	0.83158112
2.0062516	0.83233935
2.0070286	0.83256686
2.0078058	0.83271849
2.0085838	0.83287019
2.0093622	0.83294606
2.0101414	0.83294606
2.010921	0.8330977
2.0117013	0.83332521
2.0124824	0.83370441
2.0132637	0.83385605
2.0140457	0.83393186
2.0148287	0.83415937
2.0156119	0.83408356
2.016396	0.83423519
2.0171804	0.83453852
2.0179658	0.83453852
2.0187516	0.83476603
2.0195379	0.83506936
2.0203249	0.8354485
2.0211127	0.83537275
2.0219009	0.83560014
2.0226898	0.83552438
2.0234792	0.8354485
2.0242696	0.83560014
2.0250602	0.83597934
2.0258517	0.83613098
2.0266438	0.83635849
2.0274363	0.83658594
2.0282295	0.83643436
2.0290234	0.83628273
2.0298178	0.83635849
2.0306129	0.83673769
2.0314085	0.8370409
2.0322044	0.83719265
2.0330014	0.83726847
2.0337989	0.83742011
2.0345972	0.83734429
2.0353961	0.8370409
2.0361953	0.83719265
2.0369956	0.83757186
2.0377963	0.83825427
2.0385981	0.83795094
2.0393999	0.83795094
2.0402026	0.83802688
2.0410056	0.83825427
2.0418096	0.83817852
2.042614	0.83810264
2.0434194	0.83817852
2.044225	0.83840597
2.0450315	0.83848184
2.0458386	0.83886093
2.0466464	0.83855766
2.0474546	0.83863348
2.0482635	0.83878517
2.049073	0.83863348
2.0498834	0.83886093
2.0506942	0.83916426
2.0515053	0.83924013
2.0523174	0.83931595
2.0531304	0.83901262
2.0539436	0.8390885
2.0547578	0.83939177
2.0555725	0.83916426
2.0563879	0.83916426
2.057204	0.83924013
2.0580208	0.83946764
2.0588381	0.83961928
2.0596561	0.83939177
2.0604746	0.83931595
2.0612941	0.83946764
2.062114	0.83954346
2.0629346	0.83946764
2.0637558	0.83961928
2.0645773	0.83954346
2.0653996	0.83977091
2.0662231	0.83992261
2.0670469	0.83992261
2.0678713	0.83977091
2.0686965	0.83992261
2.0695224	0.83999848
2.0703487	0.8400743
2.0711763	0.83999848
2.0720038	0.84037763
2.0728326	0.84037763
2.0736616	0.84037763
2.0744915	0.84015012
2.0753219	0.84030175
2.076153	0.84030175
2.0769846	0.84022593
2.0778172	0.84022593
2.0786502	0.84030175
2.0794842	0.84037763
2.0803187	0.84075677
2.0811539	0.84052932
2.0819895	0.84052932
2.0828261	0.84037763
2.0836632	0.84045345
2.084501	0.84060514
2.0853395	0.84083259
2.0861788	0.84052932
2.0870185	0.84052932
2.0878592	0.84075677
2.0887003	0.84106016
2.0895422	0.84113592
2.0903847	0.84128761
2.0912282	0.84121174
2.092072	0.84143931
2.0929167	0.84151512
2.0937619	0.84151512
2.0946081	0.84151512
2.0954545	0.84166676
2.096302	0.84174258
2.0971498	0.84181851
2.0979986	0.84197015
2.0988479	0.84227347
2.0996981	0.84250093
2.1005487	0.8427285
2.1014004	0.84257674
2.1022525	0.84265262
2.1031053	0.84265262
2.1039588	0.84265262
2.1048129	0.84265262
2.1056678	0.84295589
2.1065235	0.84333509
2.1073797	0.84348679
2.1082368	0.84379011
2.1090944	0.84394181
2.1099529	0.84386587
2.1108119	0.84379011
2.1116717	0.84386587
2.1125321	0.84416926
2.1133935	0.84454846
2.1142552	0.84447259
2.115118	0.84424508
2.1159811	0.8447001
2.1168454	0.84485179
2.1177099	0.84492755
2.1185756	0.84530675
2.1194417	0.84515506
2.1203086	0.84492755
2.121176	0.84523094
2.1220446	0.84523094
2.1229134	0.84523094
2.1237831	0.84515506
2.1246536	0.84545845
2.1255245	0.84576178
2.1263962	0.84598923
2.1272688	0.84598923
2.1281419	0.8460651
2.1290162	0.84629256
2.1298907	0.84614092
2.1307662	0.8460651
2.1316423	0.84636843
2.1325192	0.84636843
2.1333966	0.84644425
2.1342752	0.84652013
2.135154	0.84667176
2.1360338	0.84659588
2.1369143	0.84682345
2.1377954	0.84682345
2.1386774	0.84705091
2.1395605	0.84697509
2.1404438	0.84705091
2.1413281	0.84712672
2.1422129	0.84727842
2.1430986	0.84735429
2.1439848	0.84727842
2.144872	0.84712672
2.1457596	0.84758174
2.1466477	0.8476575
2.1475368	0.84780926
2.148427	0.84758174
2.1493175	0.84780926
2.1502092	0.84788507
2.1511011	0.84811252
2.1519942	0.84796089
2.1528878	0.84788507
2.1537826	0.84788507
2.1546776	0.84811252
2.1555736	0.84803671
2.1564703	0.8481884
2.1573677	0.84834009
2.1582658	0.84834009
2.1591649	0.84834009
2.1600645	0.84849173
2.1609645	0.84841591
2.1618655	0.84849173
2.1627674	0.84841591
2.1636701	0.84856749
2.1645734	0.84856749
2.1654775	0.84856749
2.1663826	0.84856749
2.1672883	0.84864348
2.168195	0.84841591
2.169102	0.84841591
2.1700101	0.84856749
2.1709187	0.84871924
2.1718283	0.84856749
2.1727386	0.84864348
2.1736495	0.84887087
2.1745613	0.84902251
2.1754742	0.84864348
2.1763873	0.84871924
2.1773014	0.84864348
2.1782162	0.84849173
2.179132	0.84841591
2.1800482	0.84834009
2.1809654	0.84811252
2.1818831	0.84826428
2.1828015	0.84834009
2.1837208	0.84879512
2.1846411	0.84864348
2.1855621	0.84864348
2.1864841	0.84856749
2.1874065	0.84879512
2.1883299	0.84871924
2.189254	0.84871924
2.1901793	0.84879512
2.1911051	0.84864348
2.1920316	0.84864348
2.1929588	0.84871924
2.193887	0.84902251
2.1948156	0.8493259
2.1957452	0.84902251
2.1966755	0.84894669
2.197607	0.84894669
2.1985388	0.84909844
2.1994717	0.84902251
2.2004051	0.84925008
2.2013395	0.84917426
2.2022746	0.84925008
2.2032106	0.8493259
2.2041473	0.84947753
2.2050848	0.84955347
2.206023	0.84940171
2.2069621	0.84940171
2.207902	0.84978086
2.2088428	0.84993255
2.2097843	0.84993255
2.2107267	0.84985673
2.2116697	0.84993255
2.2126141	0.85008425
2.2135587	0.85023588
2.2145045	0.85038751
2.2154505	0.85038751
2.216398	0.85038751
2.2173457	0.85061508
2.2182946	0.85076672
2.2192442	0.85091835
2.2201948	0.85076672
2.2211459	0.85069084
2.2220981	0.85076672
2.2230508	0.85099423
2.2240045	0.85107005
2.2249589	0.85129756
2.2259145	0.85160083
2.2268705	0.85190421
2.2278273	0.85190421
2.228785	0.85198003
2.2297437	0.85213172
2.2307031	0.85198003
2.2316635	0.85190421
2.2326245	0.85228336
2.2335865	0.85235918
2.234549	0.8526625
2.2355127	0.85258675
2.2364771	0.8528142
2.2374425	0.85304165
2.2384083	0.85319328
2.2393754	0.85326916
2.2403431	0.85319328
2.2413118	0.85326916
2.2422812	0.85357249
2.243252	0.85349667
2.2442229	0.85372418
2.2451949	0.85395163
2.2461677	0.8541792
2.2471414	0.85402751
2.2481158	0.85395163
2.2490911	0.8541792
2.2500672	0.85463423
2.251044	0.85455829
2.2520218	0.85448247
2.2530005	0.85455829
2.2539799	0.85419154
2.2549605	0.85331142
2.2559416	0.85323811
2.2569239	0.85331142
2.2579067	0.85360479
2.2588909	0.85389817
2.2598755	0.85397154
2.2608612	0.85375148
2.2618475	0.85389817
2.2628348	0.85404485
2.263823	0.85397154
2.264812	0.85411823
2.2658017	0.85411823
2.2667923	0.85382479
2.2677839	0.85367811
2.2687764	0.85367811
2.2697697	0.85367811
2.2707639	0.85345811
2.271759	0.85367811
2.2727549	0.85353142
2.2737517	0.85353142
2.2747495	0.85375148
2.275748	0.85397154
2.2767475	0.85404485
2.2777479	0.85404485
2.278749	0.85404485
2.2797511	0.85411823
2.2807541	0.85316473
2.2817578	0.85272467
2.282763	0.85309142
2.2837684	0.85345811
2.284775	0.85309142
2.2857823	0.85294467
2.2867908	0.85309142
2.2877998	0.85353142
2.28881	0.85309142
2.2898209	0.85272467
2.2908323	0.85294467
2.2918451	0.85294467
2.2928588	0.85323811
2.2938731	0.85331142
2.2948887	0.85309142
2.2959049	0.85294467
2.2969222	0.85279799
2.2979403	0.85243124
2.2989597	0.85250461
2.2999794	0.85287136
2.3010006	0.85243124
2.3020222	0.85213786
2.303045	0.85235792
2.3040683	0.85235792
2.3050931	0.85199118
2.3061182	0.85177112
2.3071454	0.85228455
2.3081722	0.85257792
2.3092005	0.85272467
2.3102295	0.85257792
2.3112597	0.85199118
2.3122904	0.8516978
2.3133223	0.85162443
2.3143549	0.85191786
2.3153882	0.85206449
2.3164227	0.85184455
2.3174584	0.85199118
2.3184946	0.85199118
2.3195322	0.85199118
2.3205702	0.85184455
2.3216095	0.85155112
2.3226497	0.85125768
2.3236911	0.85162443
2.324733	0.85184455
2.3257761	0.85184455
2.3268199	0.85162443
2.3278646	0.85133106
2.3289104	0.85140437
2.3299572	0.85140437
2.3310046	0.85118437
2.3320534	0.85103768
2.3331029	0.85140437
2.3341534	0.85162443
2.3352048	0.85155112
2.3362572	0.85111105
2.3373103	0.85111105
2.3383648	0.85118437
2.3394198	0.85140437
2.340476	0.85118437
2.3415329	0.85096431
2.342591	0.85089093
2.3436501	0.85074425
2.3447101	0.85059762
2.3457711	0.85052425
2.346833	0.85023087
2.3478959	0.85001081
2.3489597	0.8499375
2.3500245	0.84979081
2.3510904	0.8499375
2.3521569	0.8501575
2.3532248	0.8499375
2.3542933	0.85030425
2.3553631	0.85045093
2.3564336	0.85008419
2.3575051	0.8499375
2.3585775	0.8501575
2.3596511	0.85045093
2.3607256	0.85037756
2.3618011	0.85052425
2.3628776	0.85089093
2.363955	0.85045093
2.3650334	0.85074425
2.3661137	0.85103768
2.3671939	0.85118437
2.3682754	0.85081762
2.3693576	0.85045093
2.3704412	0.85045093
2.3715253	0.85067093
2.3726108	0.85074425
2.373697	0.85067093
2.3747847	0.85067093
2.3758729	0.85125768
2.3769624	0.85140437
2.3780525	0.85111105
2.379144	0.85067093
2.3802361	0.85052425
2.3813298	0.85052425
2.3824239	0.85052425
2.3835192	0.85059762
2.3846154	0.85023087
2.3857129	0.8501575
2.3868113	0.85059762
2.3879108	0.85096431
2.3890109	0.85081762
2.3901126	0.85030425
2.3912148	0.85030425
2.3923185	0.85023087
2.3934228	0.8501575
2.3945284	0.84971738
2.3956349	0.8499375
2.3967426	0.8499375
2.397851	0.84971738
2.3989608	0.84949738
2.4000711	0.84942406
2.4011834	0.84957075
2.4022958	0.84927732
2.4034097	0.84883726
2.4045243	0.84854394
2.4056404	0.84847051
2.4067569	0.84832388
2.4078751	0.84832388
2.4089937	0.84854394
2.4101133	0.84847051
2.4112341	0.84832388
2.4123564	0.84825051
2.4134791	0.84810376
2.4146035	0.84773707
2.4157286	0.84700364
2.4168549	0.84678358
2.4179819	0.84722364
2.4191108	0.84722364
2.4202399	0.84715033
2.4213705	0.84700364
2.4225018	0.84707695
2.4236345	0.84700364
2.424768	0.84685689
2.4259028	0.84685689
2.4270384	0.8464902
2.4281759	0.84634346
2.4293137	0.84619683
2.4304526	0.84612352
2.4315925	0.84605014
2.4327338	0.84583008
2.4338756	0.84539002
2.435019	0.84502327
2.4361632	0.84509659
2.4373078	0.84502327
2.4384544	0.84509659
2.4396017	0.84524333
2.4407504	0.84509659
2.4419	0.8449499
2.4430506	0.8449499
2.4442027	0.8449499
2.4453554	0.84509659
2.4465098	0.8447299
2.447665	0.84465653
2.4488211	0.84443653
2.4499784	0.84465653
2.4511368	0.84480327
2.4522963	0.84480327
2.4534569	0.84428978
2.4546185	0.84406978
2.4557815	0.84384972
2.4569452	0.84362972
2.4581103	0.84333634
2.4592764	0.84340966
2.4604435	0.84348297
2.4616117	0.84311628
2.4627812	0.84289622
2.4639518	0.84304291
2.4651229	0.84289622
2.4662957	0.8427496
2.4674697	0.84289622
2.4686446	0.84311628
2.4698207	0.84311628
2.4709978	0.84333634
2.4721763	0.84348297
2.4733558	0.84311628
2.4745364	0.84289622
2.4757183	0.84311628
2.4769011	0.84318966
2.478085	0.84304291
2.4792702	0.84311628
2.4804564	0.8429696
2.4816439	0.84267616
2.4828324	0.84252948
2.4840217	0.84282291
2.4852126	0.84304291
2.4864044	0.8429696
2.4875975	0.8429696
2.4887917	0.84304291
2.4899871	0.84355634
2.4911838	0.84348297
2.4923813	0.84348297
2.4935806	0.84311628
2.4947805	0.84289622
2.4959817	0.84282291
2.497184	0.8427496
2.4983873	0.84282291
2.4995921	0.84311628
2.5007977	0.84340966
2.5020049	0.84340966
2.5032129	0.84333634
2.5044224	0.84318966
2.5056329	0.84304291
2.5068443	0.84304291
2.5080571	0.8427496
2.5092711	0.84289622
2.5104864	0.8429696
2.5117025	0.84304291
2.5129199	0.84304291
2.5141385	0.84267616
2.5153584	0.84267616
2.5165794	0.84318966
2.5178018	0.84304291
2.5190251	0.8429696
2.5202496	0.84304291
2.5214756	0.8427496
2.5227027	0.84260285
2.5239308	0.8429696
2.5251603	0.84304291
2.5263908	0.84304291
2.5276225	0.84282291
2.5288556	0.84252948
2.5300899	0.8422361
2.5313251	0.84267616
2.532562	0.84282291
2.5337996	0.84318966
2.5350387	0.84282291
2.536279	0.84318966
2.5375204	0.84333634
2.538763	0.84370303
2.5400069	0.84377635
2.5412521	0.84326297
2.5424979	0.8429696
2.5437455	0.8429696
2.5449944	0.84333634
2.5462441	0.84333634
2.5474954	0.84370303
2.548748	0.84406978
2.5500016	0.84384972
2.5512564	0.84348297
2.5525131	0.84348297
2.5537705	0.84392303
2.5550292	0.84406978
2.556289	0.84421647
2.5575502	0.84436315
2.5588126	0.84406978
2.5600762	0.8429696
2.561341	0.84238279
2.5626073	0.84216273
2.5638747	0.84230942
2.5651433	0.8429696
2.5664132	0.84377635
2.5676842	0.84355634
2.5689566	0.84304291
2.5702302	0.84304291
2.5715053	0.8429696
2.5727808	0.8422361
2.5740583	0.8427496
2.5753372	0.84282291
2.576617	0.84245616
2.5778983	0.84282291
2.579181	0.8429696
2.5804646	0.8422361
2.5817497	0.8422361
2.5830364	0.84113592
2.5843241	0.84113592
2.585613	0.84142929
2.5869033	0.84120929
2.5881948	0.84113592
2.5894876	0.84172273
2.5907817	0.84208941
2.592077	0.84157604
2.5933733	0.83908224
2.5946712	0.83761531
2.5959706	0.83871549
2.5972712	0.84032917
2.598573	0.84128261
2.5998762	0.84120929
2.6011808	0.84040248
2.6024866	0.84010905
2.6037939	0.83908224
2.6051023	0.83864218
2.6064122	0.83908224
2.6077232	0.83944899
2.6090355	0.83937556
2.6103492	0.8397423
2.6116643	0.8395223
2.6129806	0.83922887
2.6142986	0.83908224
2.6156178	0.83761531
2.6169381	0.83717519
2.6182597	0.83768862
2.6195827	0.83702856
2.6209071	0.837982
2.6222329	0.83878887
2.62356	0.83930224
2.6248877	0.83842212
2.6262174	0.83724856
2.6275485	0.83732188
2.628881	0.8364417
2.6302147	0.83585501
2.6315498	0.83680844
2.6328864	0.83702856
2.6342242	0.83710188
2.6355639	0.83724856
2.6369042	0.83739531
2.6382463	0.83710188
2.6395895	0.83680844
2.6409342	0.83622169
2.6422803	0.83622169
2.6436276	0.83592832
2.6449764	0.83534157
2.6463268	0.8352682
2.6476784	0.83534157
2.6490314	0.83490145
2.6503856	0.83446145
2.6517413	0.83365458
2.6530983	0.83387464
2.6544569	0.83358121
2.6558168	0.83343452
2.6571774	0.83328789
2.65854	0.83233434
2.6599042	0.83182096
2.6612697	0.83167428
2.6626365	0.8310141
2.6640048	0.82932711
2.6653745	0.82778686
2.6667454	0.8273468
2.6681182	0.82756686
2.6694922	0.82624662
2.6708674	0.82653993
2.6722443	0.8273468
2.6736224	0.82749355
2.6750021	0.82639331
2.676383	0.82477963
2.6777654	0.82419294
2.6791496	0.82404619
2.6805348	0.82426625
2.6819217	0.82353276
2.6833098	0.82250595
2.6846995	0.8216992
2.6860905	0.82081902
2.6874828	0.8201589
2.6888769	0.8194254
2.6902716	0.81825185
2.6916685	0.81641817
2.6930668	0.81414443
2.6944666	0.81282425
2.6958678	0.81187069
2.6972704	0.81077051
2.6986744	0.80908352
2.7000799	0.80710322
2.7014871	0.80504948
2.7028956	0.80350924
2.7043056	0.80152893
2.7057171	0.80020869
2.70713	0.79815495
2.7085443	0.79529446
2.7099602	0.79228729
2.7113776	0.79140711
2.7127967	0.79074699
2.7142169	0.78928
2.7156389	0.78685957
2.7170622	0.78429252
2.718487	0.78091854
2.7199132	0.77703124
2.7213409	0.77497751
2.7227702	0.77226371
2.7242005	0.76918316
2.7256327	0.76712948
2.7270665	0.76485568
2.7285018	0.76192182
2.7299387	0.75818121
2.7313771	0.75422049
2.7328169	0.74996638
2.7342582	0.74563897
2.7357013	0.7418983
2.7371457	0.73742419
2.7385917	0.73170316
2.7400391	0.72708231
2.741488	0.7233417
2.7429385	0.71982104
2.7443907	0.71564025
2.7458441	0.71094614
2.747299	0.7059586
2.7487557	0.70075101
2.7502139	0.69539666
2.7516737	0.69004244
2.753135	0.68432146
2.7545979	0.67801362
2.7560623	0.67361289
2.7575283	0.66957879
2.7589962	0.664958
2.7604654	0.65989709
2.7619359	0.65461618
2.7634082	0.65050876
2.7648821	0.64706153
2.7663574	0.6428808
2.7678344	0.63899338
2.7693131	0.63517934
2.7707932	0.63165873
2.772275	0.62879831
2.7737584	0.62557101
2.7752433	0.62219709
2.7767296	0.61904317
2.7782178	0.61559594
2.7797074	0.61192858
2.7811987	0.60870135
2.782691	0.60540074
2.7841854	0.60217351
2.7856815	0.59828615
2.7871792	0.59469217
2.7886784	0.59212506
2.7901793	0.58992469
2.7916818	0.58706421
2.7931859	0.58427703
2.794692	0.58185655
2.7961996	0.57965618
2.7977085	0.57723576
2.7992191	0.57503539
2.8007314	0.57246822
2.8022454	0.56975442
2.803761	0.56806749
2.8052781	0.56652719
2.806797	0.56447345
2.8083177	0.56271321
2.8098397	0.56102622
2.8113635	0.55911916
2.8128889	0.55691886
2.8144159	0.55493844
2.8159447	0.55339819
2.8174751	0.55163783
2.8190067	0.54980427
2.8205404	0.54841065
2.8220758	0.54731047
2.8236129	0.54613692
2.8251517	0.54481667
2.8266921	0.54349643
2.8282342	0.54188275
2.829778	0.5404892
2.8313241	0.53916901
2.8328712	0.53799546
2.83442	0.5368219
2.8359706	0.53564841
2.8375227	0.53396142
2.8390768	0.53227443
2.8406324	0.53051412
2.8421898	0.52882713
2.843749	0.52721351
2.84531	0.52537996
2.8468723	0.52361953
2.8484366	0.52163923
2.8500025	0.52002561
2.8515701	0.51863199
2.8531396	0.516505
2.8547106	0.51459801
2.8562829	0.51283765
2.8578575	0.51078397
2.8594339	0.50858355
2.861012	0.50674999
2.8625917	0.50513631
2.8641732	0.50359607
2.8657565	0.50198239
2.8673415	0.50088221
2.8689287	0.49978206
2.870517	0.49838844
2.8721075	0.49714151
2.8736994	0.49611473
2.8752933	0.49516121
2.876889	0.49398765
2.8784864	0.49288747
2.8800855	0.49200732
2.8816857	0.49127385
2.8832886	0.49105379
2.8848929	0.49083373
2.8864994	0.49098042
2.8881073	0.49134716
2.8897173	0.49171388
2.8913291	0.49230072
2.8929424	0.49296078
2.8945582	0.49332756
2.8961751	0.49398765
2.897794	0.49464774
2.8994148	0.49552789
2.9010372	0.49633473
2.9026616	0.49692151
2.9042876	0.49721491
2.9059157	0.49750829
2.9075458	0.49787503
2.9091775	0.49831507
2.9108109	0.49868181
2.9124463	0.4991219
2.9140832	0.49926862
2.9157224	0.49934193
2.9173632	0.49941525
2.9190059	0.49963531
2.9206498	0.49985537
2.922296	0.50029546
2.9239442	0.50058883
2.9255943	0.50110227
2.9272463	0.50146896
2.9289	0.50212908
2.9305558	0.50234914
2.9322133	0.5027892
2.9338732	0.50344938
2.9355345	0.50410944
2.9371977	0.50469625
2.9388628	0.50542969
2.9405298	0.50616312
2.9421985	0.5068233
2.9438694	0.50763011
2.9455421	0.50858355
2.9472167	0.50931704
2.9488933	0.51027054
2.9505715	0.51107734
2.9522519	0.51181084
2.953934	0.51283765
2.9556181	0.51386452
2.9573042	0.51481801
2.9589922	0.5159182
2.9606814	0.51672506
2.9623733	0.51753187
2.964067	0.51841199
2.9657626	0.5194388
2.9674604	0.52046567
2.9691598	0.5217126
2.9708614	0.5226661
2.9725649	0.52376628
2.9742706	0.5246464
2.9759779	0.52559996
2.9776874	0.52677351
2.9793985	0.5280937
2.9811118	0.52934057
2.9828272	0.53058749
2.9845443	0.5316143
2.9862635	0.53286123
2.9879854	0.53396142
2.9897087	0.53520828
2.9914336	0.53630847
2.993161	0.53726196
2.99489	0.53843558
2.9966211	0.53946245
2.9983544	0.5404892
3.0000894	0.54129606
3.001826	0.5420295
3.0035653	0.54312974
3.0053065	0.54415655
3.0070496	0.54503673
3.0087948	0.54577017
3.0105422	0.54672366
3.0122914	0.54789722
3.0140429	0.54921746
3.0157964	0.55053765
3.0175517	0.55185795
3.0193093	0.55310482
3.0210688	0.55435169
3.0228302	0.55559862
3.0245938	0.55699217
3.0263596	0.55831242
3.0281272	0.5594126
3.0298975	0.56036609
3.0316694	0.56146634
3.0334435	0.56227314
3.0352194	0.56307989
3.0369976	0.56359333
3.0387776	0.56425351
3.04056	0.56513363
3.0423443	0.56579375
3.0441301	0.56623375
3.0459187	0.56682062
3.0477092	0.56748062
3.0495021	0.5681408
3.0512969	0.56843424
3.0530939	0.56880093
3.054893	0.56916761
3.0566943	0.56946105
3.0584979	0.5698278
3.0603034	0.57034117
3.0621109	0.57085466
3.0639207	0.57122135
3.0657327	0.5713681
3.0675466	0.57173479
3.0693629	0.57217485
3.0711813	0.57268828
3.0730011	0.57349509
3.0748239	0.57466865
3.0766487	0.57576883
3.0784757	0.57708913
3.0803049	0.578556
3.0821362	0.5800963
3.0839698	0.58141649
3.0858054	0.58310348
3.0876439	0.58493716
3.0894837	0.58662409
3.0913262	0.58823776
3.0931706	0.58999807
3.0950172	0.59183168
3.0968661	0.59359193
3.0987172	0.59542567
3.1005704	0.59755266
3.1024263	0.59982646
3.104284	0.60188013
3.106144	0.60378712
3.1080062	0.60598755
3.1098707	0.60789454
3.1117373	0.60965484
3.1136062	0.61134177
3.1154773	0.61310214
3.1173501	0.61493576
3.1192257	0.61662275
3.1211035	0.61830968
3.1229837	0.61992335
3.1248662	0.62139028
3.1267509	0.62271053
3.128638	0.6241774
3.1305273	0.6254977
3.1324193	0.62652451
3.1343131	0.62769806
3.1362092	0.62879831
3.1381078	0.62997174
3.1400084	0.6311453
3.1419115	0.63209885
3.1438167	0.63305235
3.1457245	0.63400584
3.1476347	0.63517934
3.1495469	0.63605952
3.1514616	0.63671964
3.1533785	0.63759983
3.1552978	0.63825989
3.1572194	0.63855332
3.1591434	0.63855332
3.1610696	0.63840663
3.162998	0.6378932
3.1649289	0.63752651
3.1668622	0.63730639
3.168798	0.63737977
3.1707361	0.63745308
3.1726766	0.63730639
3.1746194	0.63693964
3.1765647	0.63664627
3.1785126	0.63598621
3.1804626	0.63554609
3.182415	0.63605952
3.1843698	0.63796651
3.186327	0.64141381
3.1882865	0.64603466
3.1902485	0.65116888
3.1922131	0.65644979
3.19418	0.66173077
3.1961493	0.66671824
3.1981211	0.67133909
3.2000952	0.67551982
3.2020719	0.67926049
3.2040508	0.68263447
3.2060323	0.6852749
3.2080164	0.6877687
3.2100022	0.69018912
3.2119911	0.69238955
3.2139823	0.69422317
3.215976	0.6962769
3.2179723	0.69833058
3.2199712	0.70038432
3.2219722	0.70199788
3.2239761	0.70368487
3.2259824	0.70529848
3.2279911	0.70705879
3.2300024	0.70881909
3.2320161	0.7105794
3.2340324	0.71219307
3.2360511	0.71402669
3.2380724	0.71564025
3.2400961	0.71725392
3.2421229	0.71901429
3.2441516	0.72070122
3.2461832	0.72231489
3.2482171	0.72385514
3.2502534	0.72546875
3.2522926	0.72693563
3.2543342	0.72832924
3.2563784	0.73008949
3.2584248	0.7314831
3.2604742	0.73287666
3.262526	0.73434365
3.2645805	0.73566383
3.2666376	0.73698413
3.2686973	0.73867106
3.2707596	0.73999125
3.2728245	0.74116486
3.2748921	0.74241173
3.2769623	0.74358529
3.2790351	0.74483216
3.2811103	0.74585897
3.2831883	0.74673921
3.2852688	0.74813277
3.2873521	0.74930632
3.289438	0.75047988
3.2915258	0.75180006
3.293617	0.75326699
3.2957108	0.7542938
3.2978072	0.75532067
3.2999065	0.75656754
3.3020084	0.75788778
3.3041129	0.75906134
3.3062201	0.76030821
3.3083303	0.76148176
3.3104429	0.76243526
3.3125582	0.76331544
3.314676	0.76441562
3.3167968	0.76544249
3.3189204	0.76639599
3.3210464	0.76734942
3.3231752	0.7682296
3.3253074	0.76925647
3.3274417	0.77006328
3.3295789	0.77087015
3.3317187	0.77197033
3.3338614	0.77277714
3.3360066	0.77373064
3.3381548	0.77431738
3.3403056	0.77497751
3.3424585	0.77549094
3.344615	0.77629775
3.3467741	0.77673781
3.3489361	0.77732456
3.3511009	0.77783805
3.3532684	0.7784248
3.3554389	0.77893817
3.3576121	0.77923161
3.3597887	0.77952498
3.3619676	0.77989173
3.3641491	0.78011179
3.3663337	0.78003842
3.368521	0.78003842
3.3707113	0.78011179
3.3729043	0.78025848
3.3751001	0.7804051
3.3772995	0.78069854
3.3795011	0.78113866
3.3817058	0.78172535
3.383913	0.78231215
3.3861232	0.78289896
3.3883364	0.78355908
3.3905525	0.78407246
3.3927715	0.78429252
3.3949924	0.78451252
3.3972173	0.78480595
3.3994448	0.78480595
3.4016755	0.78473252
3.403909	0.78473252
3.4061456	0.78480595
3.408385	0.78473252
3.4106274	0.78495264
3.4128728	0.78495264
3.4151211	0.7853927
3.4173725	0.78605282
3.4196265	0.78707969
3.4218838	0.78847325
3.424144	0.78994018
3.4264071	0.79126042
3.4286733	0.79265398
3.4309425	0.79382747
3.4332149	0.79485434
3.4354899	0.7958079
3.4377682	0.79661471
3.4400494	0.79727483
3.4423335	0.79771489
3.4446208	0.79808164
3.4469111	0.79837501
3.449204	0.79866838
3.4515004	0.79844838
3.4537997	0.79749483
3.4561024	0.79573452
3.4584079	0.79448766
3.4607165	0.7950744
3.4630284	0.79720145
3.4653432	0.79925513
3.4676619	0.80020869
3.4699829	0.80072206
3.472307	0.80094212
3.4746342	0.80138224
3.4769647	0.80167562
3.4792981	0.80196893
3.4816349	0.80211562
3.4839747	0.80218905
3.4863167	0.80211562
3.488663	0.80204231
3.4910121	0.80182225
3.4933646	0.80160224
3.4957201	0.80138224
3.4980791	0.80138224
3.5004408	0.80152893
3.5028062	0.80204231
3.5051751	0.8029958
3.5075467	0.8043161
3.5099213	0.80578297
3.5122993	0.80732328
3.5146806	0.80886352
3.517065	0.81047714
3.5194528	0.81187069
3.5218437	0.81297094
3.5242381	0.81407112
3.5266356	0.81531799
3.5290363	0.81641817
3.5314403	0.81729835
3.5338476	0.8178851
3.536258	0.8186186
3.538672	0.81927872
3.5410891	0.82008553
3.5435085	0.8205989
3.5459323	0.82111233
3.5483594	0.82162583
3.5507898	0.8221392
3.5532234	0.82279932
3.5556605	0.82345945
3.5581009	0.82411963
3.5605447	0.82477963
3.5629921	0.82529306
3.5654426	0.82573318
3.5678964	0.82646662
3.5703535	0.8271268
3.5728142	0.82756686
3.5752783	0.82771349
3.5777457	0.82786024
3.5802164	0.82830036
3.5826914	0.82844698
3.5851691	0.8286671
3.5876501	0.82852036
3.5901346	0.82837367
3.5926225	0.82822692
3.595114	0.82822692
3.5976088	0.82830036
3.6001072	0.82822692
3.6026084	0.82778686
3.6051137	0.82742018
3.6076224	0.82720011
3.6101346	0.82690668
3.6126504	0.82646662
3.6151698	0.82609993
3.6176925	0.82529306
3.620219	0.82477963
3.6227491	0.82441294
3.6252825	0.82382619
3.6278193	0.82309276
3.6303599	0.82243258
3.6329038	0.82177252
3.6354516	0.82096565
3.6380026	0.8203789
3.6405575	0.8201589
3.6431165	0.82001221
3.6456785	0.81993878
3.6482441	0.8201589
3.6508133	0.82074559
3.6533861	0.82155246
3.6559625	0.82257932
3.6585426	0.82353276
3.6611264	0.82448632
3.6637127	0.82514638
3.6663036	0.82573318
3.6688983	0.82624662
3.6714969	0.82639331
3.6740987	0.82609993
3.6767046	0.8255865
3.6793139	0.824633
3.6819272	0.82360613
3.6845443	0.82228589
3.687165	0.82089233
3.6897893	0.81957209
3.6924174	0.81920534
3.695049	0.81964546
3.6976848	0.82118571
3.7003241	0.82323939
3.7029672	0.82543981
3.7056146	0.8271268
3.7082653	0.82837367
3.7109196	0.82903379
3.713578	0.82954723
3.7162399	0.82991397
3.7189059	0.83006066
3.7215757	0.83020729
3.7242491	0.83028066
3.7269256	0.83013397
3.7296069	0.82976723
3.7322919	0.82940048
3.7349808	0.82896042
3.7376738	0.82844698
3.7403705	0.82800692
3.7430711	0.82742018
3.7457757	0.82683337
3.7484846	0.82609993
3.7511971	0.82529306
3.7539134	0.82426625
3.7566335	0.82309276
3.7593577	0.82177252
3.7620859	0.82001221
3.764818	0.8178851
3.767554	0.81546474
3.770293	0.81282425
3.7730372	0.80967039
3.7757852	0.80607635
3.778537	0.80240905
3.7812932	0.79910845
3.7840533	0.79588121
3.7868173	0.79265398
3.7895856	0.78972012
3.7923579	0.78722638
3.7951343	0.78641951
3.7979145	0.78795981
3.800699	0.79140711
3.8034875	0.79529446
3.8062801	0.79932851
3.8090768	0.8032158
3.8118775	0.80680984
3.8146832	0.80959696
3.8174922	0.81187069
3.8203053	0.81348431
3.8231227	0.81451118
3.8259442	0.81502461
3.8287699	0.81546474
3.8315997	0.81546474
3.8344338	0.81509799
3.837271	0.81458455
3.8401134	0.81407112
3.8429599	0.81348431
3.8458109	0.81275088
3.848666	0.81187069
3.8515253	0.81091726
3.8543887	0.80989039
3.8572567	0.80893683
3.8601296	0.80805671
3.8630059	0.80702984
3.8658867	0.80570966
3.8687716	0.80438942
3.8716609	0.80306917
3.8745544	0.80189562
3.8774524	0.800502
3.8803546	0.79881507
3.8832617	0.79705477
3.8861728	0.79536778
3.8890882	0.79360747
3.8920078	0.79170048
3.894932	0.78979349
3.8978605	0.78781313
3.9007933	0.78568614
3.9037306	0.78370571
3.9066718	0.78179866
3.9096179	0.7799651
3.9125686	0.7782048
3.9155238	0.7766645
3.9184833	0.77541763
3.9214473	0.77461076
3.9244158	0.77409738
3.9273889	0.77402401
3.9303668	0.77409738
3.9333489	0.77431738
3.9363356	0.77461076
3.9393268	0.77475744
3.9423223	0.77453744
3.9453225	0.77402401
3.9483273	0.77307045
3.9513369	0.77204365
3.9543512	0.77079678
3.9573698	0.76932985
3.960393	0.76756954
3.9634209	0.76566255
3.9664533	0.76331544
3.9694903	0.76008821
3.972532	0.75510067
3.9755785	0.74937963
3.9786289	0.74695921
3.9816847	0.74901289
3.984745	0.75069988
3.9878104	0.75084656
3.9908803	0.74989307
3.9939549	0.74871945
3.9970343	0.74725258
4.0001183	0.74563897
4.0032082	0.74373198
4.0063019	0.74197167
4.0094004	0.74006462
4.0125036	0.73815769
4.0156116	0.73632395
4.0187244	0.73441696
4.021842	0.73243666
4.0249648	0.73067635
4.028091	0.72906274
4.0312233	0.72730237
4.0343604	0.72517532
4.0375023	0.7233417
4.0406489	0.72150803
4.0438008	0.71967441
4.046958	0.71762067
4.0501194	0.71556693
4.0532866	0.71336657
4.056458	0.7111662
4.0596347	0.70889246
4.0628161	0.70661879
4.0660028	0.7041983
4.0691943	0.70155782
4.0723906	0.69884402
4.0755925	0.69635028
4.0787992	0.69370973
4.0820107	0.69121593
4.0852275	0.68842882
4.0884495	0.68549496
4.0916762	0.68278116
4.0949082	0.6800673
4.0981455	0.67728019
4.1013875	0.6744197
4.1046343	0.67133909
4.1078868	0.66811186
4.1111441	0.66466463
4.1144071	0.66121733
4.1176748	0.6577701
4.1209483	0.65410274
4.1242266	0.65014201
4.1275101	0.64603466
4.1307993	0.64156049
4.1340938	0.63679302
4.137393	0.63158542
4.1406975	0.62615776
4.1440077	0.6202901
4.1473227	0.61361551
4.1506433	0.60569417
4.1539693	0.5963791
4.1573014	0.58479041
4.1606379	0.56953436
4.16398	0.55002427
4.1673269	0.52816707
4.1706796	0.50660324
4.1740379	0.48731315
4.1774011	0.47088358
4.1807699	0.45731449
4.1841431	0.4462392
4.1875229	0.43751097
4.190908	0.43054307
4.1942987	0.42474869
4.1976953	0.41976115
4.2010965	0.41631386
4.204504	0.41558042
4.2079167	0.41741407
4.2113357	0.42071465
4.2147593	0.42430863
4.2181888	0.42665571
4.2216239	0.42724249
4.2250643	0.42577556
4.2285104	0.42262167
4.2319622	0.41807419
4.2354198	0.4124265
4.2388835	0.405752
4.242352	0.39746386
4.2458267	0.38682866
4.2493072	0.37355295
4.2527928	0.35903037
4.2562842	0.34546131
4.2597818	0.33409262
4.2632847	0.32514435
4.2667923	0.31780973
4.2703071	0.31164864
4.2738276	0.30666107
4.2773538	0.30277371
4.2808857	0.30035329
4.2844238	0.29947314
4.2879677	0.29976654
4.2915173	0.30086672
4.2950735	0.302407
4.298635	0.30387393
4.3022022	0.30497411
4.3057756	0.30541417
4.3093548	0.30526748
4.3129401	0.30482742
4.3165312	0.30380055
4.3201284	0.30182022
4.3237324	0.29873967
4.3273416	0.29455894
4.3309565	0.28891125
4.3345776	0.28179666
4.3382049	0.27394861
4.3418384	0.26720071
4.3454776	0.26360676
4.3491235	0.26309335
4.3527737	0.26419356
4.3564315	0.2661739
4.3600955	0.26808092
4.3637652	0.26962116
4.3674417	0.27064803
4.3711243	0.27130815
4.3748131	0.27211496
4.3785081	0.27380189
4.3822103	0.27688247
4.3859177	0.28084314
4.3896313	0.28421712
4.3933511	0.28605077
4.3970776	0.28575739
4.4008102	0.28333694
4.4045491	0.27908286
4.4082947	0.27358189
4.412045	0.26756749
4.415803	0.26118633
4.4195676	0.25451183
4.4233384	0.24754392
4.4271159	0.24006259
4.4308996	0.23206785
4.43469	0.22341298
4.4384871	0.21424468
4.4422908	0.20624994
4.4461007	0.2011157
4.4499168	0.19796179
4.4537401	0.19517463
4.4575696	0.19246082
4.4614058	0.19040713
4.4652486	0.18938027
4.4690976	0.18894018
4.4729543	0.18908688
4.4768167	0.1907005
4.4806862	0.1941478
4.4845624	0.19906197
4.4884448	0.20470966
4.4923344	0.20999059
4.4962306	0.21417134
4.5001335	0.21783866
4.5040426	0.22135928
4.5079594	0.22495323
4.5118828	0.22854722
4.5158129	0.23177443
4.5197501	0.23478167
4.523694	0.23771553
4.5276446	0.24050267
4.5316024	0.24314314
4.5355678	0.24593031
4.5395393	0.24908419
4.5435181	0.25260484
4.5475035	0.25634548
4.551496	0.26001281
4.5554957	0.26331341
4.5595021	0.26610056
4.5635157	0.26808092
4.5675368	0.26888773
4.5715647	0.26844764
4.5755997	0.2658805
4.5796418	0.2604529
4.5836911	0.25194472
4.5877471	0.24218965
4.5918107	0.23302135
4.5958815	0.22509995
4.5999584	0.21798535
4.604044	0.21175091
4.6081362	0.20654331
4.612236	0.20243593
4.616343	0.19906197
4.6204576	0.19612813
4.6245794	0.19319429
4.6287084	0.18952696
4.6328454	0.1838793
4.6369891	0.17581119
4.6411405	0.16605613
4.6452994	0.15564094
4.6494656	0.14595923
4.6536388	0.13745107
4.6578202	0.13026312
4.6620088	0.12512888
4.6662059	0.12270843
4.6704097	0.12241504
4.6746206	0.1224884
4.6788397	0.12168159
4.6830664	0.11977459
4.6873007	0.11728082
4.6915426	0.116474
4.6957922	0.12028802
4.7000484	0.13048315
4.7043133	0.14669269
4.7085862	0.16774309
4.7128668	0.19268087
4.717155	0.22062582
4.7214513	0.25069782
4.7257552	0.28311688
4.7300668	0.3181031
4.7343879	0.35330939
4.7387152	0.38521501
4.7430506	0.41227984
4.7473941	0.43494383
4.7517457	0.45364717
4.7561049	0.46978334
4.7604723	0.48445266
4.7648478	0.49765497
4.7692318	0.50887698
4.7736235	0.52068573
4.7780232	0.53381473
4.7824311	0.54665035
4.7868466	0.55765229
4.7912707	0.56755406
4.7957029	0.5760622
4.8001437	0.5839836
4.8045907	0.59139162
4.8090477	0.59806609
4.8135128	0.60386044
4.8179865	0.60914141
4.8224683	0.61405563
4.8269582	0.61838305
4.8314571	0.62219709
4.8359637	0.62586439
4.8404803	0.62931168
4.8450041	0.6329056
4.8495364	0.63627958
4.8540773	0.63943344
4.8586264	0.64214724
4.8631845	0.64478773
4.8677506	0.64706153
4.8723259	0.64896846
4.8769083	0.65050876
4.8815002	0.65175563
4.8861008	0.65248913
4.8907104	0.65226901
4.8953285	0.65080214
4.8999557	0.64794165
4.9045911	0.64258736
4.909236	0.63246554
4.9138899	0.61405563
4.9185519	0.58933789
4.923223	0.57004786
4.9279027	0.57224822
4.9325914	0.59366536
4.9372892	0.61772293
4.9419956	0.63569278
4.9467115	0.64794165
4.951437	0.65659648
4.9561706	0.66283095
4.9609137	0.66752511
4.9656653	0.67141247
4.9704261	0.67471302
4.9751964	0.67772031
4.9799757	0.68014073
4.9847641	0.68226773
4.9895606	0.68388134
4.9943671	0.68520159
4.9991837	0.68578833
5.0040088	0.68578833
5.0088439	0.68564165
5.0136881	0.68688852
5.0185413	0.68901557
5.0234041	0.69143599
5.0282774	0.69326967
5.0331593	0.6947366
5.0380507	0.69605684
5.0429511	0.69759715
5.0478616	0.69913745
5.0527816	0.70045763
5.0577111	0.70126444
5.0626502	0.70229131
5.0675998	0.70309806
5.0725584	0.70405155
5.0775266	0.70500511
5.0825043	0.70632535
5.087492	0.70786566
5.0924897	0.7096259
5.097497	0.71153289
5.1025143	0.71366
5.1075401	0.71571368
5.112577	0.71813411
5.1176243	0.72018778
5.1226811	0.72224146
5.127748	0.72385514
5.1328249	0.72539538
5.1379123	0.72649562
5.1430092	0.727229
5.1481171	0.72759575
5.1532345	0.72810924
5.1583619	0.72825593
5.1634998	0.72825593
5.1686478	0.72796249
5.1738062	0.72730237
5.1789751	0.72656894
5.184154	0.72576213
5.1893444	0.72473526
5.1945438	0.72363508
5.1997542	0.72224146
5.2049747	0.72106797
5.210206	0.7193076
5.2154474	0.71718055
5.2206998	0.71512687
5.2259626	0.71299982
5.2312346	0.71065277
5.2365189	0.70881909
5.2418137	0.70713216
5.2471189	0.70588523
5.2524352	0.70449162
5.2577624	0.70346481
5.2631001	0.70251131
5.2684488	0.70185119
5.273809	0.70111769
5.2791796	0.70053101
5.2845607	0.69994414
5.2899532	0.69935745
5.2953568	0.69869727
5.3007712	0.69840389
5.3061967	0.69781715
5.3116336	0.69730371
5.3170795	0.69657028
5.3225384	0.69598353
5.3280087	0.69510335
5.3334904	0.69436985
5.3389831	0.69341642
5.3444872	0.69209611
5.3500028	0.69070256
5.3555293	0.6902625
5.3610692	0.689309
5.3666191	0.68784207
5.37218	0.68571502
5.3777528	0.68344128
5.3833375	0.68058079
5.3889332	0.67757356
5.3945408	0.67383283
5.4001603	0.66950542
5.4057918	0.66466463
5.4114347	0.65938365
5.417089	0.65336931
5.4227557	0.64728153
5.4284339	0.64207393
5.434124	0.63679302
5.439826	0.63077855
5.44554	0.62586439
5.4512644	0.62205034
5.4570026	0.61896986
5.4627528	0.61596268
5.4685154	0.61405563
5.4742899	0.61207527
5.4800768	0.6098749
5.4858756	0.60796785
5.4916868	0.60598755
5.4975119	0.60342038
5.5033479	0.60004646
5.5091963	0.5957191
5.5150576	0.5909515
5.5209308	0.58655071
5.5268164	0.58383691
5.5327148	0.58192986
5.5386262	0.58024293
5.5445509	0.57745576
5.550487	0.57452196
5.5564361	0.57254165
5.562398	0.57224822
5.5683727	0.57217485
5.5743604	0.57195479
5.5803604	0.57312834
5.5863738	0.57745576
5.5923977	0.58273673
5.5984373	0.58787102
5.6044893	0.59234506
5.6105552	0.59601241
5.6166334	0.59828615
5.6227255	0.60019314
5.6288304	0.60232025
5.6349487	0.60466731
5.6410818	0.60518068
5.6472268	0.60408056
5.6533852	0.59997314
5.6595569	0.59278524
5.6657424	0.58303016
5.6719413	0.57224822
5.6781535	0.56197971
5.6843796	0.55376494
5.6906204	0.54606354
5.6968741	0.53953576
5.7031412	0.53396142
5.7094221	0.52992737
5.7157168	0.52794701
5.7220259	0.52684683
5.7283483	0.52493984
5.7346849	0.5228861
5.7410331	0.52119917
5.7473979	0.51841199
5.7537766	0.51408458
5.76017	0.50770342
5.7665772	0.49772835
5.7729988	0.48878002
5.7794347	0.48335242
5.7858849	0.48408589
5.7923512	0.49061376
5.7988305	0.50102895
5.8053241	0.51239759
5.811832	0.5228861
5.8183551	0.53000069
5.8248925	0.53366804
5.8314447	0.53359467
5.8380117	0.53190768
5.8445945	0.52706683
5.851191	0.51914549
5.8578029	0.50807017
5.864429	0.49472117
5.8710709	0.48005182
5.877727	0.46376899
5.8843989	0.44682595
5.8910856	0.43347692
5.8977852	0.42232826
5.9045024	0.42005453
5.9112349	0.42702243
5.9179831	0.43963802
5.9247465	0.45181352
5.9315252	0.45892811
5.9383197	0.462082
5.9451299	0.462082
5.9519572	0.45951483
5.9587984	0.45555419
5.9656553	0.4486596
5.9725285	0.43934461
5.9794173	0.42892942
5.9863219	0.4181475
5.9932423	0.4091993
6.0001788	0.40318489
6.0071297	0.39790395
6.0140982	0.39372319
6.0210834	0.39034927
6.0280848	0.38697532
6.0351024	0.38279459
6.0421362	0.37766033
6.0491862	0.37127921
6.0562534	0.36577824
6.0633373	0.35888371
6.0704374	0.34964204
6.0775537	0.33908015
6.0846872	0.32756478
6.0918374	0.31318891
6.0990043	0.29697937
6.1061878	0.27952293
6.1133885	0.2604529
6.1206079	0.24292311
6.1278424	0.22920734
6.1350942	0.21857212
6.1423635	0.2120443
6.1496496	0.20698339
6.1569533	0.20118903
6.1642742	0.19884194
6.1716127	0.20698339
6.1789665	0.22392641
6.1863399	0.24849744
6.1937308	0.27431533
6.2011395	0.29851964
6.2085662	0.32133034
6.2160106	0.34172064
6.2234726	0.35903037
6.2309527	0.37318623
6.238452	0.38477495
6.2459679	0.39475006
6.2535024	0.40384498
6.261055	0.41293997
6.2686257	0.42108136
6.2762151	0.42760921
6.2838225	0.43193665
6.2914486	0.43384367
6.2990947	0.43200999
6.3067579	0.42548215
6.3144398	0.41426018
6.3221402	0.40303817
6.3298597	0.39680374
6.3375978	0.39504343
6.345355	0.39526346
6.3531313	0.39570355
6.3609242	0.39460334
6.3687387	0.39262301
6.3765721	0.39020255
6.3844252	0.38719538
6.3922973	0.38272125
6.4001889	0.37685353
6.4081001	0.36790526
6.4160309	0.35624322
6.4239826	0.34414104
6.431953	0.33064532
6.4399428	0.31736967
6.4479527	0.30827469
6.4559822	0.30299377
6.4640322	0.30138016
6.4721022	0.30079338
6.4801922	0.30064669
6.4883046	0.30094007
6.4964356	0.30622101
6.5045867	0.31626946
6.5127583	0.32668465
6.5209503	0.33695313
6.5291634	0.34883523
6.5373969	0.36123079
6.545651	0.37274617
6.5539231	0.38272125
6.5622191	0.39159614
6.5705361	0.40032437
6.5788746	0.41007945
6.587234	0.41873431
6.5956144	0.42687574
6.6040168	0.43391699
6.6124401	0.43883121
6.6208863	0.4402248
6.629353	0.43809775
6.6378412	0.43369696
6.6463513	0.42914948
6.6548829	0.4233551
6.6634369	0.41528702
6.6720128	0.40560529
6.6806107	0.39511678
6.6892328	0.38426152
6.6978755	0.37391967
6.7065401	0.36423793
6.7152276	0.35763681
6.723937	0.35462961
6.7326698	0.35345602
6.7414246	0.35264924
6.7502027	0.351329
6.7590008	0.34927529
6.7678242	0.34641477
6.7766714	0.34304088
6.7855411	0.33864009
6.7944345	0.33291906
6.8033509	0.32895836
6.8122911	0.32653794
6.8212547	0.32287061
6.8302436	0.31714961
6.8392544	0.31062177
6.848289	0.30218697
6.8573475	0.2910383
6.8664303	0.27724919
6.8755369	0.26544043
6.8846679	0.25157797
6.8938227	0.22744702
6.9029989	0.1929009
6.9122028	0.17537111
6.9214315	0.18982035
6.9306846	0.20977056
6.9399629	0.2188655
6.9492655	0.22201939
6.9585934	0.22157931
6.9679465	0.21835209
6.9773269	0.21307114
6.9867301	0.20602991
6.9961591	0.19796179
7.0056133	0.1918007
7.0150933	0.18710653
7.0245986	0.1826324
7.0341301	0.17823163
7.0436873	0.17397754
7.0532722	0.16994348
7.0628819	0.16642287
7.0725174	0.16260886
7.0821791	0.15886819
7.0918674	0.1544674
7.1015825	0.15028667
7.1113243	0.14625262
7.1210923	0.1422919
7.1308832	0.13840456
7.1407056	0.13473724
7.1505547	0.13092324
7.1604309	0.12754929
7.1703348	0.12417536
7.1802659	0.12116817
7.1902246	0.11816097
7.200211	0.11530046
7.210228	0.11221991
7.2202702	0.10877264
7.23034	0.10466523
7.2404385	0.1003378
7.2505651	0.096010372
7.2607198	0.091829628
7.2709031	0.08757554
7.2811151	0.083688177
7.2913575	0.079654135
7.3016272	0.075986817
7.3119259	0.072246157
7.3222532	0.069092266
7.3326101	0.065865017
7.3429961	0.062711127
7.3534117	0.059410546
7.3638568	0.056256644
7.3743277	0.052736022
7.3848329	0.049508784
7.3953671	0.046134856
7.4059319	0.043421037
7.4165273	0.040707223
7.4271526	0.038286794
7.4378085	0.035793018
7.4484949	0.033739325
7.4592152	0.031465586
7.4699631	0.029631926
7.4807425	0.02750488
7.4915524	0.025671221
7.5023942	0.02369087
7.513267	0.022003904
7.5241718	0.020390285
7.5351081	0.018850012
7.5460782	0.0170897
7.5570784	0.015622771
7.5681105	0.014082498
7.579175	0.012762264
7.5902719	0.011221992
7.6014013	0.010195143
7.6125636	0.0092416396
7.6237588	0.0084348312
7.6349821	0.0074813273
7.6462431	0.0066745179
7.6575375	0.0056476686
7.6688652	0.0049875518
7.6802268	0.004327435
7.6916218	0.0038140102
7.7030506	0.0034472784
7.7145133	0.0036673171
7.7260127	0.0037406636
7.7375441	0.0039607026
7.7491097	0.0042540883
7.7607102	0.0050608981
7.7723455	0.005867708
7.7840157	0.007187942
7.7957211	0.0088749081
7.8074613	0.011295337
7.8192339	0.014229192
7.8310452	0.018116549
7.8428926	0.022443984
7.8547754	0.02772492
7.8666949	0.033886012
7.8786502	0.041367341
7.8906422	0.050168902
7.9026704	0.060804121
7.9147372	0.073126309
7.9268394	0.086915419
7.9389782	0.10129131
7.9511547	0.116474
7.9633684	0.13231681
7.9756198	0.14845301
7.9879088	0.16436917
8.0002356	0.18013863
8.0126038	0.19693495
8.0250072	0.21835209
8.0374498	0.24666378
8.0499296	0.27878946
8.0624495	0.30900815
8.0750074	0.33394593
8.0876055	0.35272259
8.1002417	0.36570486
8.1129141	0.37450644
8.1256304	0.38103428
8.1383867	0.38594848
8.1511831	0.38954246
8.1640196	0.39225626
8.1768961	0.39416328
8.1898146	0.39526346
8.2027731	0.39614365
8.2157736	0.40135121
8.2288151	0.41183972
8.2418976	0.42042127
8.2550211	0.42262167
8.2681875	0.42071465
8.281395	0.42034793
8.2946453	0.42606893
8.3079386	0.43406367
8.3212767	0.4362641
8.3346548	0.4328168
8.3480768	0.42775589
8.3615408	0.42254829
8.3750496	0.41785416
8.3886013	0.41433355
8.4021969	0.41183972
8.4158373	0.4097127
8.4295158	0.4079524
8.4432449	0.40597203
8.4570189	0.40377164
8.4708366	0.40105781
8.4847012	0.39790395
8.4986105	0.39467672
8.5125656	0.39188954
8.5265665	0.38976249
8.540616	0.38800216
8.5547094	0.38653523
8.5688496	0.38528836
8.5830364	0.38374808
8.59727	0.38206115
8.6115513	0.38096091
8.6258802	0.38074088
8.6402569	0.38125435
8.6546841	0.38220781
8.6691561	0.38242784
8.6836777	0.37927398
8.6982479	0.3692255
8.7128668	0.35440955
8.7275343	0.34098718
8.7422523	0.33049864
8.75702	0.32228386
8.7718325	0.31546265
8.7866993	0.30974162
8.8016176	0.30504745
8.8165865	0.30130678
8.8316059	0.29749277
8.8466768	0.29316536
8.8617992	0.28722429
8.8769741	0.27878946
8.8922033	0.26932779
8.9074821	0.2612597
8.9228134	0.25502527
8.9381971	0.24959761
8.9536343	0.24417
8.9691257	0.23918246
8.9846697	0.23536845
9.000268	0.23250793
9.0159235	0.2294274
9.0316315	0.22590676
9.0473928	0.22275284
9.0632105	0.22018574
9.0790825	0.2177653
9.0950108	0.21512483
9.1109953	0.21065071
9.1270351	0.20294935
9.1431274	0.19510128
9.1592817	0.1908472
9.1754923	0.18982035
9.191761	0.19055381
9.2080879	0.19202074
9.224472	0.1941478
9.2409153	0.19620149
9.2574167	0.19840187
9.2739801	0.20074895
9.2906008	0.20360947
9.3072805	0.20742348
9.3240204	0.21057735
9.3408203	0.21270441
9.3576803	0.21534489
9.3746023	0.21805869
9.3915854	0.21959896
9.4086237	0.22040577
9.4257298	0.22135928
9.4428988	0.22260617
9.4601307	0.22370636
9.4774246	0.22333963
9.4947834	0.22157931
9.5122042	0.21937893
9.5296898	0.21754527
9.5472441	0.2166651
9.5648584	0.21637173
9.5825386	0.21585831
9.6002836	0.21549158
9.6180954	0.21556492
9.635973	0.21622504
9.6539164	0.21673846
9.6719275	0.21688515
9.6900091	0.21659178
9.7081556	0.21615168
9.7263699	0.21585831
9.7446527	0.21534489
9.7630043	0.21358457
9.7814245	0.20984389
9.7999153	0.20470966
9.8184757	0.19473454
9.837101	0.17507772
9.8558025	0.1595283
9.8745756	0.16921003
9.8934202	0.19224077
9.9123363	0.2090371
9.9313259	0.21908554
9.950388	0.22473322
9.9695234	0.22546668
9.9887362	0.22018574
10.008019	0.21717854
10.027377	0.22385304
10.04681	0.23177443
10.066319	0.23632194
10.085902	0.23954919
10.105563	0.24248302
10.1253	0.24512351
10.145119	0.24725053
10.165011	0.24827738
10.184982	0.2476906
10.205031	0.24666378
10.22516	0.24534354
10.245367	0.24424334
10.265656	0.24439001
10.286023	0.246077
10.306466	0.24835072
10.326997	0.25047779
10.34761	0.25260484
10.368304	0.25495189
10.389083	0.25722563
10.409945	0.25905931
10.43089	0.26030618
10.45192	0.26147974
10.473039	0.26301998
10.49424	0.26463363
10.515526	0.26602721
10.536899	0.26786086
10.558359	0.27035466
10.579906	0.27292174
10.601542	0.27497548
10.623267	0.27746922
10.645084	0.2810632
10.666988	0.28443712
10.688982	0.28685755
10.711066	0.28825113
10.733243	0.28847119
10.755511	0.28737098
10.777872	0.2853173
10.800325	0.28311688
10.822865	0.28084314
10.845508	0.27842274
10.868244	0.27578226
10.891077	0.27321514
10.914005	0.27020794
10.937031	0.26749414
10.960154	0.26507369
10.983374	0.26338676
11.006698	0.2625066
11.030116	0.26235989
11.053635	0.26235989
11.077253	0.26228654
11.100973	0.2612597
11.124795	0.25869256
11.14872	0.25517192
11.172747	0.2527515
11.196871	0.25282484
11.221107	0.25443849
11.245447	0.25678557
11.269894	0.26001281
11.294447	0.26382682
11.319107	0.26815423
11.343875	0.27255502
11.368752	0.27600232
11.393744	0.27776262
11.418839	0.28267682
11.444047	0.29008481
11.469365	0.29463229
11.494797	0.29756612
11.52034	0.30005991
11.545999	0.30189356
11.571771	0.30204028
11.597663	0.30064669
11.623667	0.29866633
11.649787	0.2962459
11.676025	0.29272529
11.702382	0.28861788
11.728858	0.28443712
11.755454	0.28018305
11.782171	0.27636907
11.809002	0.27321514
11.835962	0.27094138
11.863048	0.27094138
11.890256	0.27402195
11.91759	0.27871612
11.94505	0.28377703
11.972636	0.28905797
12.000351	0.29316536
12.028198	0.29485232
12.056171	0.29441226
12.084274	0.29331204
12.112508	0.29360545
12.140875	0.29609919
12.169374	0.29998657
12.198009	0.30446067
12.226777	0.308128
12.255688	0.31084183
12.28473	0.31311557
12.31391	0.31450915
12.343228	0.31450915
12.372687	0.31392235
12.402287	0.31487587
12.432029	0.31626946
12.461913	0.31619608
12.491931	0.31619608
12.522105	0.31766301
12.552425	0.3190566
12.582892	0.31788307
12.613507	0.31194201
12.644272	0.30138016
12.675187	0.28913128
12.706254	0.2798163
12.737479	0.2753422
12.768852	0.27424198
12.80038	0.27372855
12.832064	0.27116147
12.863906	0.26456028
12.895905	0.25355831
12.928064	0.24270307
12.960384	0.23654196
12.992874	0.23500171
13.025519	0.23492835
13.05833	0.23324136
13.091305	0.22898729
13.124448	0.22260617
13.157759	0.2150515
13.191238	0.20801024
13.22489	0.20155576
13.258701	0.19502795
13.292698	0.18806005
13.326869	0.18167891
13.361217	0.17757151
13.395742	0.174711
13.430446	0.17243727
13.46533	0.17082365
13.500397	0.16943008
13.535651	0.16832986
13.571085	0.16766976
13.606705	0.1664962
13.642511	0.16378239
13.678508	0.15916157
13.714694	0.15344055
13.751073	0.14815962
13.787644	0.14361215
13.82442	0.13877128
13.861383	0.13290358
13.898545	0.12578899
13.935907	0.11896777
13.97347	0.11302672
14.011236	0.10833255
14.049208	0.10569208
14.087384	0.10598547
14.125755	0.11009287
14.16435	0.11940785
14.203156	0.13532402
14.242176	0.16070184
14.281411	0.20104234
14.320862	0.25905931
14.360532	0.31678286
14.400422	0.34428775
14.440542	0.34267411
14.48088	0.32969183
14.521442	0.31348228
14.562233	0.2962459
14.603253	0.27959627
14.644506	0.264927
14.685991	0.2530449
14.727713	0.24387662
14.76966	0.23610188
14.811859	0.22788709
14.8543	0.21937893
14.896984	0.20610324
14.939916	0.18483281
14.983094	0.16686295
15.026524	0.15930827
15.070205	0.15901488
15.11415	0.1618754
15.158343	0.1658361
15.202796	0.16979679
15.24751	0.17273065
15.292488	0.17368415
15.337732	0.17221723
15.383245	0.16965011
15.429028	0.16825652
15.475092	0.16634952
15.521424	0.16385575
15.568036	0.16150866
15.614927	0.15908822
15.662103	0.15593433
15.709563	0.15219368
15.757313	0.1496999
15.805353	0.15043336
15.853672	0.15593433
15.902304	0.17067695
15.951234	0.19759506
16.000465	0.22517329
16.050003	0.23258127
16.099848	0.22216609
16.150003	0.20881705
16.200472	0.19884194
16.251265	0.19304758
16.30237	0.19114058
16.353796	0.19062717
16.405548	0.19048046
16.45763	0.19238748
16.510042	0.2005289
16.56279	0.21263106
16.615877	0.21879216
16.669313	0.21497814
16.723085	0.20735012
16.777206	0.20192249
16.831676	0.19920869
16.886503	0.19121392
16.941689	0.18336587
16.997234	0.18960032
17.053146	0.20720343
17.109409	0.22840054
17.166063	0.24857076
17.223093	0.26712739
17.280504	0.28326359
17.338299	0.29521903
17.396481	0.30402058
17.455055	0.31172198
17.514025	0.31824979
17.573404	0.32221049
17.633179	0.32492432
17.693359	0.32668465
17.753954	0.32844493
17.814964	0.33049864
17.876394	0.33313912
17.938251	0.33555955
18.000536	0.33651304
18.063269	0.3361463
18.126427	0.33541286
18.190027	0.33416596
18.254078	0.33269903
18.318579	0.32976517
18.383539	0.32470426
18.448961	0.3185432
18.514851	0.31421578
18.58119	0.31098852
18.648029	0.30629435
18.715351	0.3014535
18.783159	0.29815289
18.851461	0.29367879
18.920263	0.28656417
18.989569	0.27680913
19.059383	0.26514703
19.129725	0.25018439
19.200575	0.23199449
19.271952	0.20874371
19.343863	0.17918514
19.416311	0.14867304
19.489305	0.12791602
19.562849	0.12520221
19.636951	0.14060494
19.711594	0.1617287
19.786827	0.17984524
19.862638	0.1918007
19.939034	0.19972211
20.016018	0.20492969
20.093599	0.20962386
20.171785	0.21255772
20.250582	0.21446471
20.330009	0.21365792
20.410049	0.21153088
20.490723	0.208597
20.572035	0.20544313
20.653994	0.20192249
20.73661	0.19957541
20.819889	0.19693495
20.903841	0.19238748
20.988487	0.18637308
21.073807	0.18189894
21.159821	0.17830499
21.246542	0.17485769
21.333977	0.17023687
21.422132	0.16451585
21.511023	0.15835477
21.600651	0.15292713
21.691	0.14793958
21.782139	0.14529911
21.874046	0.14148511
21.966734	0.13627751
22.060209	0.13187674
22.154484	0.12659581
22.249567	0.12080143
22.34547	0.11676739
22.442221	0.11214657
22.539797	0.10987283
22.638224	0.10715902
22.737514	0.10407846
22.837679	0.10165804
22.93873	0.099310957
23.04068	0.094983518
23.143541	0.089629233
23.247343	0.085228458
23.35206	0.08207456
23.457727	0.077087007
23.564352	0.073199652
23.671953	0.069532335
23.78054	0.068725534
23.890127	0.067845374
24.000731	0.066451788
24.112324	0.063004516
24.224998	0.058457039
