# Antigorite, Chemical Formula: (Mg,Fe+2)3Si2O5(OH)4
# Sample ID: NMNH96917.d_70um
# wavelengths (microns), reflectance
1.3696576	0.38704121
1.3700196	0.38735291
1.3703818	0.38729057
1.3707441	0.38710356
1.3711067	0.38691652
1.3714694	0.38672948
1.3718324	0.38685417
1.3721954	0.38666713
1.3725587	0.38635543
1.3729222	0.38635543
1.3732859	0.38635543
1.3736497	0.38660479
1.3740138	0.3867918
1.374378	0.38629305
1.3747425	0.38604367
1.3751072	0.38623071
1.3754721	0.38598132
1.375837	0.38591897
1.3762023	0.38591897
1.3765677	0.38598132
1.3769335	0.38610598
1.3772992	0.38548255
1.3776653	0.38504615
1.3780315	0.38504615
1.3783978	0.38404861
1.3787644	0.38367453
1.3791313	0.38361219
1.3794982	0.38298875
1.3798655	0.38186651
1.3802328	0.38037023
1.3806005	0.37750232
1.3809682	0.37313816
1.3813362	0.36752704
1.3817043	0.36147952
1.3820726	0.35480854
1.382441	0.34801289
1.3828099	0.3436487
1.3831787	0.34190303
1.3835479	0.34196538
1.3839172	0.34290054
1.3842868	0.34321228
1.3846565	0.34333697
1.3850266	0.34371102
1.3853966	0.34477091
1.385767	0.3448956
1.3861375	0.34383574
1.3865082	0.34277585
1.3868792	0.34202772
1.3872503	0.34090549
1.3876216	0.34053141
1.387993	0.34071845
1.3883647	0.34171596
1.3887366	0.34240177
1.3891087	0.34302521
1.3894811	0.34321228
1.3898535	0.34240177
1.3902262	0.34090549
1.3905991	0.33753884
1.3909724	0.33099255
1.3913456	0.31970802
1.3917192	0.30275002
1.3920929	0.28710127
1.3924669	0.28491917
1.3928409	0.29670247
1.3932153	0.31029382
1.3935897	0.31864813
1.3939645	0.32238886
1.3943394	0.3246333
1.3947146	0.32718948
1.3950899	0.32962096
1.3954654	0.33024439
1.3958411	0.33055615
1.3962171	0.33018205
1.3965932	0.32955858
1.3969696	0.32743886
1.397346	0.32313699
1.3977228	0.31902221
1.3980998	0.31933394
1.398477	0.32151604
1.3988543	0.32357344
1.3992319	0.32694009
1.3996096	0.33005738
1.3999877	0.33167836
1.4003658	0.33273822
1.4007442	0.33386043
1.4011228	0.33485797
1.4015017	0.3351697
1.4018805	0.33573082
1.4022598	0.33579314
1.4026392	0.33560613
1.4030188	0.33566847
1.4033985	0.33629191
1.4037787	0.33716476
1.4041588	0.33772585
1.4045392	0.33760118
1.4049199	0.33803761
1.4053007	0.33915979
1.4056817	0.34028205
1.406063	0.34121722
1.4064443	0.34209007
1.406826	0.34327462
1.4072078	0.34458387
1.40759	0.34576845
1.4079722	0.34651658
1.4083548	0.34757644
1.4087374	0.34882337
1.4091204	0.34957153
1.4095035	0.35038203
1.4098868	0.35162893
1.4102703	0.35312521
1.4106542	0.35406041
1.411038	0.35468385
1.4114223	0.35574374
1.4118066	0.35667893
1.4121914	0.35724002
1.4125761	0.35823756
1.4129611	0.35854927
1.4133463	0.35935977
1.4137318	0.36054435
1.4141173	0.3610431
1.4145032	0.36135486
1.4148892	0.36166653
1.4152753	0.3618536
1.4156618	0.36229002
1.4160485	0.36247706
1.4164354	0.36341223
1.4168226	0.36434743
1.4172099	0.36440977
1.4175974	0.36459681
1.4179851	0.36503324
1.4183733	0.36553195
1.4187614	0.36603075
1.4191499	0.36671653
1.4195384	0.36727765
1.4199272	0.36696595
1.4203162	0.3670283
1.4207056	0.36765173
1.4210949	0.36808816
1.4214847	0.36821285
1.4218745	0.36864924
1.4222647	0.36871159
1.422655	0.36896101
1.4230455	0.36927274
1.4234362	0.36952209
1.4238272	0.36964682
1.4242183	0.36995852
1.4246095	0.37020791
1.425001	0.37020791
1.425393	0.37014556
1.4257849	0.37008318
1.4261771	0.37020791
1.4265696	0.3703326
1.4269623	0.37020791
1.4273552	0.37045726
1.4277484	0.37076899
1.4281417	0.37101841
1.4285352	0.3706443
1.428929	0.3706443
1.429323	0.37076899
1.4297171	0.3706443
1.4301115	0.37076899
1.4305061	0.37076899
1.4309008	0.37108076
1.4312959	0.37157953
1.4316912	0.37195358
1.4320866	0.37182888
1.4324824	0.37182888
1.4328783	0.37189123
1.4332745	0.37195358
1.4336708	0.37195358
1.4340675	0.37195358
1.4344643	0.37207827
1.4348613	0.37238997
1.4352585	0.37270173
1.4356561	0.37288877
1.4360538	0.37288877
1.4364517	0.37263939
1.4368497	0.37288877
1.4372482	0.37320048
1.4376467	0.37301347
1.4380456	0.37295112
1.4384446	0.37332517
1.4388438	0.37332517
1.4392433	0.37388629
1.439643	0.37426037
1.4400429	0.37413567
1.4404429	0.37394863
1.4408432	0.37376159
1.4412439	0.37401098
1.4416445	0.37426037
1.4420457	0.37407333
1.4424468	0.37413567
1.4428483	0.37450972
1.4432499	0.3745721
1.443652	0.37444741
1.4440541	0.37463444
1.4444566	0.37475914
1.444859	0.37500849
1.445262	0.37488383
1.4456649	0.37500849
1.4460682	0.37519553
1.4464716	0.37519553
1.4468753	0.37538257
1.4472792	0.37563196
1.4476835	0.37538257
1.4480878	0.37532026
1.4484924	0.37563196
1.4488972	0.37619308
1.4493023	0.37594369
1.4497076	0.37556961
1.4501131	0.37525788
1.4505187	0.37544495
1.4509248	0.3756943
1.4513309	0.37600604
1.4517374	0.37606838
1.4521439	0.37644243
1.4525509	0.37669185
1.452958	0.3766295
1.4533653	0.37625542
1.4537728	0.37631777
1.4541807	0.37681654
1.4545887	0.37712824
1.4549969	0.37687889
1.4554054	0.37712824
1.4558141	0.37737766
1.456223	0.37762702
1.4566324	0.37781405
1.4570416	0.37793878
1.4574513	0.37756467
1.4578612	0.37756467
1.4582713	0.37737766
1.4586816	0.37743998
1.4590921	0.3778764
1.4595029	0.37812579
1.4599138	0.37837514
1.460325	0.37843752
1.4607365	0.37825048
1.4611483	0.37843752
1.4615602	0.3786869
1.4619724	0.37856221
1.4623848	0.37887391
1.4627974	0.3791233
1.4632103	0.3788116
1.4636234	0.37862456
1.4640367	0.37893629
1.4644502	0.37906095
1.4648641	0.37899861
1.4652781	0.37906095
1.4656924	0.37931037
1.4661069	0.37955973
1.4665216	0.37968442
1.4669366	0.37968442
1.4673518	0.37968442
1.4677672	0.3796221
1.4681829	0.37987149
1.4685988	0.37980911
1.469015	0.3799338
1.4694314	0.38018319
1.469848	0.38012084
1.4702649	0.38024554
1.470682	0.38043258
1.4710993	0.38080662
1.471517	0.38080662
1.4719347	0.38049492
1.4723527	0.38068196
1.472771	0.38105601
1.4731897	0.38105601
1.4736084	0.38124308
1.4740274	0.38149244
1.4744467	0.38161713
1.4748662	0.38161713
1.4752858	0.38143012
1.4757057	0.38149244
1.476126	0.3818042
1.4765463	0.3821159
1.476967	0.38242763
1.4773879	0.38248998
1.477809	0.38242763
1.4782305	0.38248998
1.478652	0.38273934
1.4790739	0.38280171
1.479496	0.38267702
1.4799184	0.38248998
1.480341	0.38261467
1.4807638	0.38298875
1.4811869	0.38342515
1.4816102	0.38392392
1.4820337	0.3838616
1.4824575	0.38354984
1.4828815	0.38361219
1.4833061	0.38392392
1.4837304	0.38442269
1.4841553	0.38485909
1.4845803	0.38498381
1.4850056	0.38504615
1.4854311	0.38504615
1.4858568	0.38485909
1.4862827	0.38529554
1.4867089	0.3854202
1.4871353	0.38529554
1.4875621	0.38535786
1.4879889	0.38523316
1.4884162	0.38548255
1.4888437	0.38604367
1.4892714	0.38635543
1.4896992	0.38641775
1.4901278	0.38660479
1.4905561	0.38691652
1.4909849	0.38716587
1.4914138	0.38654244
1.491843	0.38648009
1.4922724	0.38704121
1.4927021	0.38741526
1.493132	0.38753998
1.4935622	0.38753998
1.4939926	0.38753998
1.4944233	0.38735291
1.4948542	0.38772702
1.4952854	0.38816342
1.4957168	0.38810107
1.4961485	0.38835046
1.4965804	0.3885375
1.4970125	0.38828814
1.4974447	0.3885375
1.4978775	0.38891158
1.4983103	0.38916096
1.4987437	0.38928562
1.499177	0.38934797
1.4996107	0.38934797
1.5000446	0.38953504
1.5004789	0.38953504
1.5009133	0.38928562
1.5013479	0.38965973
1.5017828	0.39022082
1.502218	0.39022082
1.5026534	0.39059487
1.5030892	0.39084429
1.503525	0.39096901
1.5039612	0.39078194
1.5043976	0.39059487
1.5048344	0.39078194
1.5052713	0.39078194
1.5057086	0.39109367
1.506146	0.39128068
1.5065837	0.3915301
1.5070215	0.39177948
1.5074598	0.39196649
1.5078982	0.39209121
1.5083369	0.39221588
1.5087758	0.39234054
1.5092151	0.39246526
1.5096546	0.39271462
1.5100944	0.39290169
1.5105344	0.3926523
1.5109746	0.39296401
1.5114151	0.39333811
1.511856	0.39333811
1.5122969	0.39352515
1.5127382	0.39371216
1.5131798	0.39364982
1.5136217	0.3938992
1.5140636	0.39408624
1.514506	0.39439794
1.5149485	0.39464736
1.5153915	0.39489678
1.5158345	0.39502144
1.5162779	0.39520848
1.5167215	0.39545783
1.5171654	0.39552018
1.5176095	0.39527082
1.518054	0.39508376
1.5184987	0.39533317
1.5189435	0.39583191
1.5193887	0.39583191
1.5198342	0.39614365
1.5202799	0.39620596
1.5207258	0.39601898
1.521172	0.3960813
1.5216186	0.39633068
1.5220653	0.39651772
1.5225123	0.39664245
1.5229596	0.3970165
1.5234071	0.3970165
1.5238549	0.39714119
1.524303	0.39739057
1.5247513	0.39739057
1.5251998	0.39751524
1.5256486	0.39795166
1.5260978	0.39826339
1.5265471	0.39838812
1.5269967	0.39838812
1.5274466	0.39851278
1.5278969	0.39838812
1.5283473	0.39857513
1.528798	0.39869979
1.529249	0.39901152
1.5297003	0.39926094
1.5301517	0.39932325
1.5306035	0.39926094
1.5310555	0.39957264
1.5315078	0.40007141
1.5319604	0.40025845
1.5324134	0.40050787
1.5328665	0.40044549
1.5333198	0.40044549
1.5337734	0.40069488
1.5342274	0.40088192
1.5346816	0.40106896
1.5351361	0.40138066
1.5355908	0.40156773
1.5360456	0.40187949
1.5365007	0.40219116
1.5369563	0.40225354
1.537412	0.40219116
1.5378683	0.40250289
1.5383245	0.40262762
1.5387812	0.40244055
1.539238	0.4028146
1.5396953	0.40312636
1.5401527	0.40318868
1.5406104	0.40306401
1.5410683	0.4033134
1.5415267	0.4036251
1.5419852	0.4036251
1.542444	0.4039368
1.5429029	0.40437329
1.5433626	0.40468499
1.5438222	0.40487203
1.5442821	0.40493435
1.5447421	0.40487203
1.5452026	0.40524608
1.5456632	0.40574488
1.5461243	0.40618131
1.5465856	0.40611896
1.5470469	0.40605658
1.5475086	0.40649301
1.5479708	0.40686709
1.5484331	0.40699181
1.5488957	0.40730348
1.5493586	0.4072412
1.5498219	0.40692946
1.5502852	0.40717885
1.5507492	0.40736583
1.5512131	0.40780222
1.5516775	0.40798932
1.552142	0.40817633
1.5526069	0.40855041
1.553072	0.4087998
1.5535375	0.40898687
1.5540031	0.40923619
1.5544689	0.40967265
1.5549351	0.40979734
1.5554017	0.40967265
1.5558684	0.40979734
1.5563356	0.41010904
1.5568029	0.41035849
1.5572705	0.41060781
1.5577384	0.41073254
1.5582068	0.41048312
1.5586753	0.41067016
1.5591441	0.41098186
1.5596131	0.41135597
1.5600824	0.41129363
1.560552	0.41148067
1.561022	0.41197941
1.5614921	0.41222879
1.5619628	0.41197941
1.5624335	0.41216651
1.5629046	0.41254053
1.5633758	0.41260287
1.5638475	0.41272753
1.5643194	0.41285229
1.5647916	0.41285229
1.565264	0.41310161
1.5657365	0.41347572
1.5662096	0.41360041
1.5666829	0.4138498
1.5671564	0.41422391
1.5676304	0.41453558
1.5681045	0.41484728
1.5685791	0.41484728
1.5690538	0.4146603
1.5695291	0.41522139
1.5700043	0.41565782
1.57048	0.41565782
1.5709559	0.41565782
1.5714321	0.41584483
1.5719085	0.41572016
1.5723853	0.41590717
1.5728624	0.41609421
1.5733397	0.41615656
1.5738174	0.41653067
1.5742953	0.41702944
1.5747734	0.41702944
1.5752521	0.41709179
1.5757308	0.41740349
1.5762099	0.41746584
1.5766892	0.41771522
1.5771688	0.41796458
1.5776488	0.41802692
1.5781291	0.41802692
1.5786096	0.41833866
1.5790905	0.41833866
1.5795716	0.41833866
1.5800531	0.41858807
1.5805347	0.41877511
1.5810168	0.41908681
1.5814991	0.41921151
1.5819818	0.4193362
1.5824646	0.41958559
1.5829479	0.41952324
1.5834312	0.41952324
1.5839151	0.4197726
1.5843991	0.41995963
1.5848837	0.42020902
1.5853683	0.42020902
1.5858533	0.42033374
1.5863385	0.42070782
1.5868242	0.42095721
1.58731	0.42095721
1.5877962	0.42083246
1.5882826	0.42114422
1.5887693	0.4213936
1.5892563	0.4213936
1.5897436	0.42164299
1.5902313	0.42183
1.5907192	0.4223288
1.5912075	0.42245349
1.591696	0.42257813
1.5921849	0.42251584
1.592674	0.42251584
1.5931635	0.42276523
1.5936533	0.42320162
1.5941433	0.42351335
1.5946337	0.42382511
1.5951242	0.42401209
1.5956153	0.42419916
1.5961065	0.4243862
1.5965984	0.42419916
1.5970901	0.42419916
1.5975825	0.42457324
1.5980748	0.42482263
1.5985676	0.42494729
1.5990607	0.42507198
1.5995542	0.42532137
1.6000477	0.42563313
1.6005416	0.42594481
1.6010358	0.42600715
1.6015304	0.42600715
1.6020253	0.4260695
1.6025206	0.4265683
1.603016	0.42663065
1.6035119	0.42694235
1.604008	0.42725408
1.6045047	0.42719173
1.6050013	0.42762819
1.6054984	0.42800224
1.6059958	0.42843866
1.6064935	0.42837632
1.6069914	0.42818928
1.6074898	0.42825162
1.6079884	0.42850095
1.608487	0.42875037
1.6089861	0.42875037
1.6094857	0.42918679
1.6099856	0.42949855
1.6104858	0.42943621
1.6109861	0.42949855
1.611487	0.42968559
1.6119881	0.42968559
1.6124896	0.42987257
1.6129912	0.43024668
1.6134933	0.43043372
1.6139956	0.43055838
1.6144984	0.43093246
1.6150012	0.43118185
1.6155045	0.43124419
1.616008	0.43118185
1.6165122	0.43130654
1.6170163	0.43161824
1.6175209	0.4320547
1.6180257	0.43211699
1.6185309	0.43211699
1.6190363	0.43236643
1.6195421	0.43274048
1.6200482	0.43311456
1.6205544	0.43298987
1.6210611	0.43323928
1.6215682	0.43361336
1.6220756	0.43380037
1.6225833	0.43373799
1.6230912	0.43380037
1.6235996	0.43417445
1.6241082	0.4345485
1.6246173	0.43442383
1.6251266	0.43461087
1.6256363	0.43479788
1.6261462	0.43486023
1.6266564	0.43504727
1.627167	0.43523428
1.6276779	0.43542138
1.6281891	0.43554601
1.6287007	0.43560836
1.6292125	0.43579543
1.6297247	0.43598247
1.6302372	0.43604481
1.6307501	0.43616951
1.6312631	0.43629417
1.6317767	0.43648124
1.6322904	0.43666825
1.6328044	0.43691763
1.6333188	0.4371047
1.6338336	0.43729168
1.6343486	0.43716705
1.6348641	0.43760344
1.6353798	0.43810222
1.6358958	0.43797752
1.6364123	0.43791518
1.6369292	0.43797752
1.637446	0.43810222
1.6379635	0.43810222
1.6384811	0.43853867
1.6389992	0.43853867
1.6395175	0.43847632
1.6400362	0.43909976
1.6405551	0.43947378
1.6410745	0.43941143
1.6415942	0.43947378
1.6421142	0.43966085
1.6426344	0.43959853
1.6431552	0.43978554
1.643676	0.44009727
1.6441975	0.44059607
1.644719	0.44053367
1.6452409	0.44053367
1.6457632	0.44047132
1.6462859	0.44065836
1.6468087	0.4408454
1.6473321	0.4408454
1.6478556	0.44090778
1.6483797	0.4408454
1.648904	0.44121945
1.6494286	0.44146886
1.6499535	0.4413442
1.6504788	0.44128186
1.6510044	0.44146886
1.6515305	0.44159356
1.6520567	0.44209233
1.6525834	0.44234174
1.6531103	0.44221699
1.6536378	0.44234174
1.6541654	0.44252872
1.6546935	0.44265342
1.6552217	0.44290283
1.6557504	0.44327685
1.6562793	0.44346395
1.6568087	0.44346395
1.6573384	0.44346395
1.6578683	0.44352627
1.6583985	0.44346395
1.6589293	0.44352627
1.6594603	0.44396269
1.6599917	0.44421208
1.6605233	0.44414973
1.6610554	0.44439909
1.6615878	0.44496024
1.6621207	0.44502258
1.6626537	0.44496024
1.6631873	0.44496024
1.6637208	0.44508487
1.664255	0.44514728
1.6647894	0.44514728
1.6653243	0.44533429
1.6658593	0.44564602
1.6663947	0.4460201
1.6669306	0.4460201
1.6674668	0.44614476
1.6680032	0.44633186
1.6685401	0.44639415
1.6690773	0.44664353
1.6696149	0.44689289
1.6701527	0.44720465
1.670691	0.44732937
1.6712295	0.44726703
1.6717685	0.44726703
1.6723077	0.44732937
1.6728474	0.44782811
1.6733873	0.44820216
1.6739277	0.44782811
1.6744683	0.44776577
1.6750095	0.44820216
1.6755508	0.44863862
1.6760926	0.44870096
1.6766347	0.44863862
1.6771772	0.44876331
1.6777198	0.44895029
1.6782631	0.44919971
1.6788064	0.4493244
1.6793501	0.44944909
1.6798942	0.44963613
1.6804388	0.44969848
1.6809837	0.44988552
1.6815289	0.45013493
1.6820744	0.45044667
1.6826205	0.45069602
1.6831667	0.45082071
1.6837136	0.45082071
1.6842605	0.45113245
1.684808	0.4513818
1.6853557	0.45156884
1.6859038	0.45163119
1.6864522	0.45175588
1.687001	0.45175588
1.6875501	0.45181823
1.6881	0.4520053
1.6886498	0.45237932
1.6892	0.45269108
1.6897506	0.45269108
1.6903015	0.45269108
1.6908529	0.45269108
1.6914046	0.45281577
1.6919565	0.45306516
1.6925087	0.45312747
1.6930614	0.45331457
1.6936146	0.4535639
1.694168	0.45368859
1.6947218	0.45375094
1.695276	0.45381328
1.6958306	0.45412499
1.6963854	0.45424968
1.6969409	0.4543744
1.6974965	0.4544991
1.6980526	0.4544991
1.6986089	0.45456144
1.6991657	0.45474848
1.6997228	0.45493549
1.7002803	0.45506021
1.7008381	0.45506021
1.7013963	0.45524722
1.7019548	0.45543426
1.7025138	0.45568362
1.703073	0.45580837
1.7036328	0.45580837
1.7041928	0.45574602
1.7047533	0.45568362
1.7053139	0.45574602
1.705875	0.45587072
1.7064364	0.45624474
1.7069983	0.45636946
1.7075605	0.45668119
1.7081233	0.45680588
1.7086862	0.4565565
1.7092496	0.45649415
1.7098132	0.45680588
1.7103775	0.45711762
1.7109419	0.45699289
1.7115068	0.45693058
1.712072	0.45717999
1.7126377	0.45742932
1.7132035	0.45736697
1.7137699	0.45755401
1.7143366	0.45774102
1.7149036	0.45780343
1.715471	0.45786577
1.7160389	0.45805275
1.7166071	0.4581151
1.7171758	0.45817751
1.7177447	0.45842686
1.7183142	0.45842686
1.7188838	0.45848921
1.7194541	0.45867625
1.7200245	0.45842686
1.7205955	0.45823985
1.7211666	0.45855156
1.7217383	0.45898798
1.7223103	0.45892563
1.7228827	0.4587386
1.7234554	0.45898798
1.7240288	0.45936203
1.7246022	0.45942438
1.7251762	0.4592374
1.7257504	0.45917499
1.7263252	0.45948672
1.7269002	0.45967379
1.7274756	0.45992318
1.7280514	0.45986077
1.7286276	0.45967379
1.7292041	0.45973614
1.7297812	0.45998552
1.7303585	0.46017253
1.7309363	0.46017253
1.7315143	0.46035957
1.732093	0.46048427
1.7326717	0.4606089
1.7332511	0.4606089
1.7338307	0.46042192
1.7344109	0.46054661
1.7349913	0.46073365
1.7355722	0.46104541
1.7361534	0.46104541
1.7367351	0.4611077
1.737317	0.4611077
1.7378997	0.46098307
1.7384824	0.4611077
1.7390656	0.46141943
1.7396491	0.4617312
1.7402332	0.46191818
1.7408174	0.46191818
1.7414023	0.46204293
1.7419873	0.46229228
1.7425728	0.46241698
1.7431587	0.46254167
1.7437451	0.46266633
1.7443317	0.46260402
1.7449189	0.46272871
1.7455064	0.46304041
1.7460943	0.46310282
1.7466825	0.46316516
1.7472714	0.4632898
1.7478604	0.46353921
1.7484499	0.46372619
1.7490398	0.4637886
1.7496301	0.46366391
1.7502208	0.46353921
1.7508119	0.46372619
1.7514033	0.46391329
1.7519954	0.46385095
1.7525877	0.46403795
1.7531804	0.46416268
1.7537735	0.46428734
1.754367	0.46459907
1.7549609	0.46484849
1.7555553	0.46472374
1.7561499	0.46478608
1.7567449	0.46497318
1.7573403	0.46503547
1.7579362	0.46484849
1.7585325	0.46509781
1.7591293	0.46559662
1.7597264	0.4657836
1.760324	0.46590835
1.7609218	0.46590835
1.7615204	0.46590835
1.7621191	0.4659707
1.7627183	0.46622005
1.7633178	0.46622005
1.7639178	0.4662824
1.7645181	0.46659413
1.7651191	0.4667812
1.7657201	0.46671882
1.7663218	0.46684349
1.7669238	0.46703058
1.7675263	0.46709287
1.768129	0.46709287
1.7687324	0.46740463
1.769336	0.46746698
1.7699401	0.46740463
1.7705445	0.46734229
1.7711494	0.46752933
1.7717546	0.46790338
1.7723604	0.46809042
1.7729665	0.4680281
1.773573	0.46809042
1.7741799	0.46815276
1.7747874	0.46827745
1.7753952	0.46858919
1.7760036	0.46877626
1.7766122	0.4688386
1.7772213	0.4688386
1.7778307	0.4688386
1.7784407	0.46890089
1.7790509	0.46896324
1.7796618	0.46908799
1.7802728	0.46921265
1.7808841	0.46908799
1.781496	0.46890089
1.7821085	0.4688386
1.7827213	0.46908799
1.7833346	0.46939963
1.7839482	0.46952438
1.7845623	0.46946204
1.7851768	0.46952438
1.785792	0.46952438
1.7864072	0.469275
1.7870232	0.46946204
1.7876393	0.46958673
1.788256	0.46971139
1.788873	0.46983612
1.7894906	0.46977377
1.7901084	0.46977377
1.790727	0.46983612
1.7913457	0.47002313
1.7919649	0.47027251
1.7925845	0.47027251
1.7932047	0.4703972
1.793825	0.4703972
1.794446	0.47027251
1.7950673	0.46996078
1.795689	0.47008547
1.7963111	0.47045952
1.7969339	0.4705219
1.7975569	0.47045952
1.7981805	0.47077125
1.7988043	0.47083366
1.7994287	0.47064662
1.8000535	0.4705219
1.800679	0.47064662
1.8013045	0.47045952
1.8019307	0.47064662
1.8025571	0.47070891
1.8031842	0.47095829
1.8038116	0.47114536
1.8044394	0.47114536
1.8050677	0.47114536
1.8056965	0.47108299
1.8063256	0.47095829
1.8069552	0.47083366
1.8075852	0.47089601
1.8082157	0.47114536
1.8088466	0.47114536
1.809478	0.47120771
1.8101097	0.47139475
1.8107419	0.47127005
1.8113745	0.47120771
1.8120078	0.47127005
1.8126413	0.47139475
1.8132753	0.47151944
1.8139096	0.47164413
1.8145447	0.47151944
1.8151799	0.47151944
1.8158158	0.4717688
1.8164519	0.4717688
1.8170887	0.47170648
1.8177258	0.4719559
1.8183634	0.47251692
1.8190013	0.47251692
1.8196399	0.47257933
1.8202788	0.47282866
1.8209183	0.47301573
1.8215581	0.47282866
1.8221985	0.47270402
1.8228391	0.47264168
1.8234804	0.47282866
1.8241218	0.47282866
1.824764	0.472891
1.8254064	0.47301573
1.8260493	0.47314042
1.8266927	0.47320276
1.8273367	0.47320276
1.8279809	0.4733898
1.8286258	0.47357681
1.829271	0.47357681
1.8299167	0.47345215
1.8305628	0.47363919
1.8312097	0.4738262
1.8318566	0.47370154
1.8325043	0.47357681
1.8331522	0.47370154
1.8338007	0.47388855
1.8344495	0.47426262
1.835099	0.47426262
1.8357487	0.47438732
1.8363992	0.47438732
1.83705	0.47420028
1.8377012	0.47438732
1.8383528	0.47457433
1.839005	0.47438732
1.8396575	0.47451204
1.8403107	0.47482371
1.8409641	0.47469908
1.8416178	0.47463667
1.8422722	0.47476143
1.8429272	0.47457433
1.8435825	0.47476143
1.8442384	0.47482371
1.8448946	0.47476143
1.8455515	0.47494844
1.8462087	0.47507313
1.8468666	0.47538486
1.8475248	0.47550955
1.8481835	0.47532251
1.8488425	0.47532251
1.8495022	0.47513548
1.8501621	0.47526017
1.8508228	0.47563422
1.8514837	0.4755719
1.852145	0.47526017
1.8528068	0.47513548
1.8534694	0.47532251
1.8541322	0.47563422
1.8547956	0.4758836
1.8554593	0.47582132
1.8561238	0.47575894
1.8567885	0.4760083
1.8574541	0.47575894
1.8581197	0.47569656
1.858786	0.47575894
1.8594526	0.47607064
1.8601199	0.47625768
1.8607875	0.47632006
1.8614557	0.47638234
1.8621242	0.47607064
1.8627936	0.47613299
1.8634632	0.47625768
1.8641332	0.47632006
1.8648038	0.47644475
1.8654748	0.47638234
1.8661463	0.47625768
1.8668184	0.47625768
1.8674908	0.47656944
1.8681637	0.47688118
1.868837	0.47681883
1.869511	0.47675642
1.8701854	0.47681883
1.8708603	0.47700584
1.8715357	0.47694349
1.8722117	0.47656944
1.872888	0.47675642
1.8735651	0.47688118
1.8742423	0.47669408
1.8749202	0.47663173
1.8755985	0.47638234
1.8762774	0.47632006
1.8769567	0.47656944
1.8776366	0.47663173
1.8783168	0.47656944
1.8789977	0.4765071
1.8796788	0.47625768
1.8803607	0.47619534
1.881043	0.47619534
1.8817258	0.47619534
1.882409	0.47619534
1.8830929	0.47607064
1.883777	0.4760083
1.8844618	0.4758836
1.8851469	0.4760083
1.8858327	0.47594595
1.8865188	0.47569656
1.8872057	0.47550955
1.8878928	0.47538486
1.8885808	0.47544721
1.8892689	0.47538486
1.8899578	0.47513548
1.8906469	0.47488606
1.8913368	0.47457433
1.892027	0.47444969
1.8927178	0.47432494
1.893409	0.47388855
1.8941009	0.47376388
1.8947932	0.47388855
1.8954861	0.47395089
1.8961793	0.4735145
1.8968732	0.47320276
1.8975675	0.47301573
1.8982624	0.47295341
1.8989576	0.47307807
1.8996536	0.472891
1.9003499	0.47239226
1.9010466	0.47208053
1.9017439	0.47183114
1.9024419	0.47170648
1.9031402	0.47158179
1.9038392	0.47120771
1.9045385	0.47114536
1.9052386	0.47120771
1.905939	0.47095829
1.9066402	0.47070891
1.9073416	0.47064662
1.9080436	0.47033486
1.9087461	0.47014788
1.9094492	0.46996078
1.9101527	0.46983612
1.9108568	0.46946204
1.9115614	0.46933734
1.9122664	0.469275
1.912972	0.46915027
1.9136782	0.46921265
1.9143847	0.46908799
1.915092	0.46908799
1.9157996	0.46908799
1.916508	0.46890089
1.9172167	0.46871391
1.9179261	0.46846449
1.9186358	0.46846449
1.9193462	0.46846449
1.9200571	0.46846449
1.9207685	0.4686515
1.9214803	0.46840215
1.9221928	0.46777871
1.9229058	0.46752933
1.9236195	0.46752933
1.9243335	0.46727994
1.9250481	0.46709287
1.9257631	0.46721756
1.9264789	0.46727994
1.927195	0.46709287
1.9279118	0.46690583
1.9286289	0.46690583
1.9293463	0.4667812
1.9300646	0.46653178
1.9307835	0.46646944
1.9315028	0.46653178
1.9322227	0.46640709
1.9329431	0.46622005
1.9336642	0.46609536
1.9343857	0.46590835
1.9351079	0.46553421
1.9358305	0.46547192
1.9365537	0.46528485
1.9372772	0.46484849
1.9380015	0.46472374
1.9387262	0.46472374
1.9394516	0.46459907
1.9401773	0.4641003
1.940904	0.46353921
1.9416308	0.46366391
1.9423584	0.4637886
1.9430864	0.46366391
1.943815	0.46353921
1.9445441	0.46322745
1.9452738	0.46304041
1.9460039	0.46266633
1.9467345	0.46235463
1.9474658	0.46216759
1.9481977	0.46204293
1.94893	0.46166885
1.949663	0.46148178
1.9503965	0.46135709
1.9511306	0.46104541
1.9518652	0.46104541
1.9526006	0.460796
1.9533362	0.46023488
1.9540726	0.45986077
1.9548093	0.45986077
1.9555469	0.45973614
1.9562846	0.45942438
1.9570233	0.45917499
1.9577622	0.45898798
1.9585019	0.45886329
1.959242	0.4586139
1.9599829	0.45817751
1.960724	0.45786577
1.961466	0.45774102
1.9622083	0.45736697
1.9629514	0.45717999
1.9636948	0.45699289
1.9644389	0.45661885
1.9651834	0.45630711
1.9659288	0.4561201
1.9666744	0.45605776
1.9674209	0.45580837
1.9681678	0.4556213
1.9689153	0.45543426
1.9696634	0.45512256
1.9704123	0.45512256
1.9711614	0.45499787
1.9719112	0.45474848
1.9726615	0.4544991
1.9734125	0.4543744
1.9741639	0.45431209
1.9749161	0.45443675
1.9756685	0.4543744
1.976422	0.45424968
1.9771756	0.45431209
1.9779301	0.45443675
1.9786849	0.45431209
1.9794405	0.45400035
1.9801965	0.45393801
1.9809532	0.45393801
1.9817104	0.4540627
1.9824681	0.4540627
1.9832264	0.45412499
1.9839855	0.45431209
1.984745	0.4544991
1.9855052	0.45443675
1.9862659	0.45456144
1.9870273	0.45481083
1.987789	0.45481083
1.9885516	0.45474848
1.9893147	0.45474848
1.9900783	0.45499787
1.9908425	0.45543426
1.9916074	0.45549661
1.9923728	0.45555896
1.9931389	0.45580837
1.9939053	0.45605776
1.9946727	0.4561201
1.9954402	0.45624474
1.9962088	0.45661885
1.9969776	0.45686823
1.9977473	0.45699289
1.9985173	0.45699289
1.9992882	0.45705524
2.0000594	0.45724228
2.0008314	0.45749167
2.0016038	0.45786577
2.002377	0.4581151
2.0031507	0.45836452
2.0039251	0.45867625
2.0046999	0.45867625
2.0054755	0.4586139
2.0062516	0.45880091
2.0070286	0.45898798
2.0078058	0.45929968
2.0085838	0.45967379
2.0093622	0.45998552
2.0101414	0.46023488
2.010921	0.46023488
2.0117013	0.46054661
2.0124824	0.46092066
2.0132637	0.4611077
2.0140457	0.46123239
2.0148287	0.46148178
2.0156119	0.46185589
2.016396	0.46235463
2.0171804	0.46266633
2.0179658	0.46279106
2.0187516	0.46297807
2.0195379	0.4632898
2.0203249	0.46353921
2.0211127	0.46397561
2.0219009	0.46447435
2.0226898	0.46484849
2.0234792	0.46516016
2.0242696	0.46540958
2.0250602	0.46559662
2.0258517	0.46609536
2.0266438	0.46646944
2.0274363	0.46690583
2.0282295	0.46709287
2.0290234	0.46734229
2.0298178	0.46771637
2.0306129	0.46796572
2.0314085	0.46821511
2.0322044	0.46852684
2.0330014	0.46890089
2.0337989	0.46915027
2.0345972	0.46921265
2.0353961	0.46952438
2.0361953	0.47002313
2.0369956	0.47045952
2.0377963	0.47058427
2.0385981	0.47064662
2.0393999	0.47089601
2.0402026	0.47095829
2.0410056	0.47114536
2.0418096	0.47139475
2.042614	0.47170648
2.0434194	0.47201818
2.044225	0.47232991
2.0450315	0.47214288
2.0458386	0.47220522
2.0466464	0.47264168
2.0474546	0.47301573
2.0482635	0.472891
2.049073	0.47282866
2.0498834	0.47314042
2.0506942	0.47332746
2.0515053	0.4735145
2.0523174	0.47363919
2.0531304	0.47363919
2.0539436	0.47370154
2.0547578	0.4738262
2.0555725	0.47407559
2.0563879	0.47407559
2.057204	0.4740133
2.0580208	0.47420028
2.0588381	0.47438732
2.0596561	0.47457433
2.0604746	0.47451204
2.0612941	0.47444969
2.062114	0.47469908
2.0629346	0.47476143
2.0637558	0.47482371
2.0645773	0.47482371
2.0653996	0.47463667
2.0662231	0.47488606
2.0670469	0.47494844
2.0678713	0.47476143
2.0686965	0.47469908
2.0695224	0.47463667
2.0703487	0.47451204
2.0711763	0.47444969
2.0720038	0.47432494
2.0728326	0.47420028
2.0736616	0.47413793
2.0744915	0.4738262
2.0753219	0.47326511
2.076153	0.47295341
2.0769846	0.47276631
2.0778172	0.47245461
2.0786502	0.47220522
2.0794842	0.47208053
2.0803187	0.47170648
2.0811539	0.47095829
2.0819895	0.47021016
2.0828261	0.46952438
2.0836632	0.46890089
2.084501	0.46827745
2.0853395	0.46777871
2.0861788	0.46734229
2.0870185	0.46684349
2.0878592	0.4661577
2.0887003	0.46553421
2.0895422	0.46503547
2.0903847	0.46478608
2.0912282	0.46441203
2.092072	0.46397561
2.0929167	0.46366391
2.0937619	0.46341452
2.0946081	0.46310282
2.0954545	0.46279106
2.096302	0.46260402
2.0971498	0.46241698
2.0979986	0.46216759
2.0988479	0.46204293
2.0996981	0.46179354
2.1005487	0.46148178
2.1014004	0.46141943
2.1022525	0.46166885
2.1031053	0.4617312
2.1039588	0.46135709
2.1048129	0.460796
2.1056678	0.46035957
2.1065235	0.45998552
2.1073797	0.45942438
2.1082368	0.45898798
2.1090944	0.45836452
2.1099529	0.45799047
2.1108119	0.45823985
2.1116717	0.45867625
2.1125321	0.45886329
2.1133935	0.4590503
2.1142552	0.45936203
2.115118	0.45942438
2.1159811	0.45961145
2.1168454	0.45998552
2.1177099	0.46011019
2.1185756	0.46011019
2.1194417	0.46035957
2.1203086	0.46042192
2.121176	0.46035957
2.1220446	0.46073365
2.1229134	0.4611077
2.1237831	0.46123239
2.1246536	0.46123239
2.1255245	0.46135709
2.1263962	0.46141943
2.1272688	0.46141943
2.1281419	0.46135709
2.1290162	0.46104541
2.1298907	0.46073365
2.1307662	0.46029726
2.1316423	0.46023488
2.1325192	0.46054661
2.1333966	0.460796
2.1342752	0.46085832
2.135154	0.46104541
2.1360338	0.46135709
2.1369143	0.4616065
2.1377954	0.4617312
2.1386774	0.46179354
2.1395605	0.46198052
2.1404438	0.46222994
2.1413281	0.46229228
2.1422129	0.46229228
2.1430986	0.46216759
2.1439848	0.46229228
2.144872	0.46254167
2.1457596	0.46272871
2.1466477	0.46291572
2.1475368	0.4632898
2.148427	0.46360156
2.1493175	0.4641003
2.1502092	0.46422499
2.1511011	0.46447435
2.1519942	0.46491084
2.1528878	0.46522257
2.1537826	0.46559662
2.1546776	0.46572131
2.1555736	0.4657836
2.1564703	0.4659707
2.1573677	0.46640709
2.1582658	0.46684349
2.1591649	0.46703058
2.1600645	0.46721756
2.1609645	0.46746698
2.1618655	0.46771637
2.1627674	0.46771637
2.1636701	0.46796572
2.1645734	0.4683398
2.1654775	0.46840215
2.1663826	0.46858919
2.1672883	0.46877626
2.168195	0.4688386
2.169102	0.46890089
2.1700101	0.46921265
2.1709187	0.46921265
2.1718283	0.46915027
2.1727386	0.46921265
2.1736495	0.46939963
2.1745613	0.46946204
2.1754742	0.46939963
2.1763873	0.4694643
2.1773014	0.46978739
2.1782162	0.46998122
2.179132	0.46952891
2.1800482	0.4694643
2.1809654	0.46978739
2.1818831	0.47030434
2.1828015	0.46998122
2.1837208	0.46978739
2.1846411	0.46991661
2.1855621	0.47023973
2.1864841	0.46959352
2.1874065	0.4692058
2.1883299	0.46901193
2.189254	0.46868888
2.1901793	0.46830115
2.1911051	0.4688181
2.1920316	0.46914119
2.1929588	0.46855959
2.193887	0.46823648
2.1948156	0.46836576
2.1957452	0.46759033
2.1966755	0.46739644
2.197607	0.46765494
2.1985388	0.46791339
2.1994717	0.46759033
2.2004051	0.46746105
2.2013395	0.46662101
2.2022746	0.46616867
2.2032106	0.46649179
2.2041473	0.46636251
2.2050848	0.46578097
2.206023	0.46578097
2.2069621	0.46558708
2.207902	0.46513474
2.2088428	0.46500549
2.2097843	0.46455315
2.2107267	0.46416542
2.2116697	0.46435931
2.2126141	0.4640362
2.2135587	0.46338999
2.2145045	0.46248534
2.2154505	0.46229145
2.216398	0.46196836
2.2173457	0.46177453
2.2182946	0.46119291
2.2192442	0.46002978
2.2201948	0.45880195
2.2211459	0.4584789
2.2220981	0.45809114
2.2230508	0.45679876
2.2240045	0.45511863
2.2249589	0.45363235
2.2259145	0.45221072
2.2268705	0.45059523
2.2278273	0.44865665
2.228785	0.44678265
2.2297437	0.4442625
2.2307031	0.44232386
2.2316635	0.44038528
2.2326245	0.43786511
2.2335865	0.43586192
2.234549	0.43372944
2.2355127	0.43153235
2.2364771	0.42978761
2.2374425	0.42771974
2.2384083	0.4255873
2.2393754	0.42429492
2.2403431	0.42300248
2.2413118	0.42125773
2.2422812	0.42015919
2.243252	0.41886681
2.2442229	0.41731596
2.2451949	0.41634664
2.2461677	0.41544199
2.2471414	0.41447267
2.2481158	0.41311565
2.2490911	0.41208172
2.2500672	0.41117704
2.251044	0.41066006
2.2520218	0.41014314
2.2530005	0.4096908
2.2539799	0.40897998
2.2549605	0.40794605
2.2559416	0.40717062
2.2569239	0.4067829
2.2579067	0.40613669
2.2588909	0.40561974
2.2598755	0.40529662
2.2608612	0.40484425
2.2618475	0.40381035
2.2628348	0.40238872
2.263823	0.40064397
2.264812	0.39870536
2.2658017	0.39702526
2.2667923	0.39482817
2.2677839	0.39269572
2.2687764	0.39075714
2.2697697	0.38823694
2.2707639	0.38591063
2.271759	0.38364893
2.2727549	0.38132262
2.2737517	0.37938401
2.2747495	0.37789774
2.275748	0.37615299
2.2767475	0.37408516
2.2777479	0.37182346
2.278749	0.36943254
2.2797511	0.3677524
2.2807541	0.36613691
2.2817578	0.3638106
2.282763	0.36148426
2.2837684	0.35961029
2.284775	0.35780093
2.2857823	0.35586232
2.2867908	0.35392374
2.2877998	0.35192052
2.28881	0.3493357
2.2898209	0.34623393
2.2908323	0.34287369
2.2918451	0.33951348
2.2928588	0.33615324
2.2938731	0.332793
2.2948887	0.32936814
2.2959049	0.32639563
2.2969222	0.32348773
2.2979403	0.32077366
2.2989597	0.31825349
2.2999794	0.31683186
2.3010006	0.31689647
2.3020222	0.31696108
2.303045	0.31625026
2.3040683	0.31495786
2.3050931	0.31282541
2.3061182	0.31069294
2.3071454	0.30810815
2.3081722	0.3053295
2.3092005	0.30209848
2.3102295	0.29847977
2.3112597	0.29511952
2.3122904	0.29156542
2.3133223	0.2885929
2.3143549	0.28607273
2.3153882	0.28361717
2.3164227	0.28232476
2.3174584	0.28142008
2.3184946	0.28019232
2.3195322	0.27870604
2.3205702	0.27786598
2.3216095	0.27734903
2.3226497	0.2769613
2.3236911	0.27780136
2.324733	0.27967533
2.3257761	0.28154933
2.3268199	0.28445721
2.3278646	0.28755897
2.3289104	0.29072538
2.3299572	0.29382712
2.3310046	0.29673502
2.3320534	0.30009526
2.3331029	0.30397248
2.3341534	0.30791429
2.3352048	0.31159762
2.3362572	0.31515172
2.3373103	0.31870583
2.3383648	0.32258305
2.3394198	0.32613713
2.340476	0.32917428
2.3415329	0.33285761
2.342591	0.33679944
2.3436501	0.34048277
2.3447101	0.34397224
2.3457711	0.34733248
2.346833	0.35049888
2.3478959	0.35353601
2.3489597	0.35650852
2.3500245	0.35954565
2.3510904	0.36219507
2.3521569	0.3638106
2.3532248	0.36523223
2.3542933	0.3667185
2.3553631	0.368334
2.3564336	0.36988485
2.3575051	0.37169424
2.3585775	0.37337434
2.3596511	0.3741498
2.3607256	0.37505445
2.3618011	0.37557143
2.3628776	0.37550682
2.363955	0.37557143
2.3650334	0.37570065
2.3661137	0.37589452
2.3671939	0.37557143
2.3682754	0.37492523
2.3693576	0.37427902
2.3704412	0.37363282
2.3715253	0.37234044
2.3726108	0.37014335
2.373697	0.36807549
2.3747847	0.36587843
2.3758729	0.36329362
2.3769624	0.36006263
2.3780525	0.35683164
2.379144	0.35379449
2.3802361	0.35082197
2.3813298	0.34836641
2.3824239	0.34584621
2.3835192	0.34364915
2.3846154	0.34255061
2.3857129	0.34255061
2.3868113	0.3435199
2.3879108	0.34494153
2.3890109	0.3464278
2.3901126	0.34778482
2.3912148	0.34914184
2.3923185	0.35088658
2.3934228	0.35230824
2.3945284	0.35372984
2.3956349	0.35521615
2.3967426	0.35644388
2.397851	0.35805941
2.3989608	0.3596749
2.4000711	0.3609027
2.4011834	0.36167812
2.4022958	0.36187199
2.4034097	0.36154887
2.4045243	0.36109656
2.4056404	0.36025646
2.4067569	0.35941643
2.4078751	0.35857636
2.4089937	0.35721937
2.4101133	0.35599157
2.4112341	0.35521615
2.4123564	0.35392374
2.4134791	0.35243747
2.4146035	0.35108045
2.4157286	0.34991729
2.4168549	0.34875411
2.4179819	0.34739712
2.4191108	0.34629858
2.4202399	0.34552312
2.4213705	0.3448123
2.4225018	0.34461847
2.4236345	0.34455383
2.424768	0.34455383
2.4259028	0.34410149
2.4270384	0.34332603
2.4281759	0.34326142
2.4293137	0.34371379
2.4304526	0.34455383
2.4315925	0.34487692
2.4327338	0.34494153
2.4338756	0.34513539
2.435019	0.34494153
2.4361632	0.34435996
2.4373078	0.3435199
2.4384544	0.34300295
2.4396017	0.34203362
2.4407504	0.34093511
2.4419	0.34009504
2.4430506	0.33977196
2.4442027	0.33944884
2.4453554	0.33867341
2.4465098	0.33770412
2.447665	0.33699331
2.4488211	0.33647633
2.4499784	0.33531314
2.4511368	0.33415002
2.4522963	0.33324534
2.4534569	0.33246988
2.4546185	0.33182368
2.4557815	0.3311775
2.4569452	0.33059591
2.4581103	0.33020818
2.4592764	0.33033744
2.4604435	0.33066052
2.4616117	0.3315652
2.4627812	0.33253449
2.4639518	0.33343917
2.4651229	0.33434385
2.4662957	0.33524853
2.4674697	0.33615324
2.4686446	0.33667019
2.4698207	0.33731636
2.4709978	0.33802721
2.4721763	0.3386088
2.4733558	0.33906111
2.4745364	0.33912572
2.4757183	0.33931959
2.4769011	0.33912572
2.478085	0.33847955
2.4792702	0.33770412
2.4804564	0.33751026
2.4816439	0.33738101
2.4828324	0.3367348
2.4840217	0.33550704
2.4852126	0.3344731
2.4864044	0.33324534
2.4875975	0.33201754
2.4887917	0.33059591
2.4899871	0.32885116
2.4911838	0.32749414
2.4923813	0.32581401
2.4935806	0.3241339
2.4947805	0.32290611
2.4959817	0.32219529
2.497184	0.32141986
2.4983873	0.3201921
2.4995921	0.31973976
2.5007977	0.31935203
2.5020049	0.31889969
2.5032129	0.31838274
2.5044224	0.31799498
2.5056329	0.3172842
2.5068443	0.31657338
2.5080571	0.31618565
2.5092711	0.31592718
2.5104864	0.31515172
2.5117025	0.31437629
2.5129199	0.31366548
2.5141385	0.31295466
2.5153584	0.31237307
2.5165794	0.31237307
2.5178018	0.31263155
2.5190251	0.31301928
2.5202496	0.3131485
2.5214756	0.31373009
2.5227027	0.31444091
2.5239308	0.31521633
2.5251603	0.31599179
2.5263908	0.31676725
2.5276225	0.31767192
2.5288556	0.31883508
2.5300899	0.31967515
2.5313251	0.32083827
2.532562	0.32213068
2.5337996	0.32361695
2.5350387	0.32490933
2.536279	0.32646024
2.5375204	0.32852805
2.538763	0.32994971
2.5400069	0.330919
2.5412521	0.33124211
2.5424979	0.33078977
2.5437455	0.33175907
2.5449944	0.33305147
2.5462441	0.33363304
2.5474954	0.33343917
2.548748	0.3338269
2.5500016	0.33305147
2.5512564	0.33195293
2.5525131	0.33124211
2.5537705	0.33195293
2.5550292	0.33246988
2.556289	0.33201754
2.5575502	0.33124211
2.5588126	0.32975584
2.5600762	0.32626638
2.561341	0.32361695
2.5626073	0.32316461
2.5638747	0.3228415
2.5651433	0.32406929
2.5664132	0.32562014
2.5676842	0.32432777
2.5689566	0.32167834
2.5702302	0.32238919
2.5715053	0.32374617
2.5727808	0.32154912
2.5740583	0.32348773
2.5753372	0.32542631
2.576617	0.32510319
2.5778983	0.32775262
2.579181	0.32969123
2.5804646	0.32904503
2.5817497	0.32943276
2.5830364	0.32742953
2.5843241	0.3286573
2.585613	0.33240527
2.5869033	0.33227602
2.5881948	0.33395615
2.5894876	0.33654094
2.5907817	0.33886728
2.592077	0.33873802
2.5933733	0.33182368
2.5946712	0.32646024
2.5959706	0.33460236
2.5972712	0.34287369
2.598573	0.34688014
2.5998762	0.34778482
2.6011808	0.34713861
2.6024866	0.347074
2.6037939	0.34604007
2.6051023	0.34403685
2.6064122	0.34694475
2.6077232	0.35108045
2.6090355	0.35301906
2.6103492	0.35502228
2.6116643	0.35689625
2.6129806	0.35760707
2.6142986	0.35857636
2.6156178	0.35495764
2.6169381	0.35314828
2.6182597	0.35683164
2.6195827	0.35502228
2.6209071	0.35670239
2.6222329	0.36232433
2.62356	0.3638106
2.6248877	0.36187199
2.6262174	0.35805941
2.6275485	0.36064419
2.628881	0.35999802
2.6302147	0.35637927
2.6315498	0.36070883
2.6328864	0.36271206
2.6342242	0.36264741
2.6355639	0.36465064
2.6369042	0.36510298
2.6382463	0.36490914
2.6395895	0.3641983
2.6409342	0.36316437
2.6422803	0.36232433
2.6436276	0.36167812
2.6449764	0.35902873
2.6463268	0.35851175
2.6476784	0.35889947
2.6490314	0.35780093
2.6503856	0.35528076
2.6517413	0.35101584
2.6530983	0.34862489
2.6544569	0.34694475
2.6558168	0.3448123
2.6571774	0.34403685
2.65854	0.34048277
2.6599042	0.33744562
2.6612697	0.3357009
2.6626365	0.33369768
2.6640048	0.32697719
2.6653745	0.32045057
2.6667454	0.31838274
2.6681182	0.31948128
2.6694922	0.31192073
2.6708674	0.30778503
2.6722443	0.31056371
2.6736224	0.306945
2.6750021	0.29925522
2.676383	0.29085463
2.6777654	0.28516805
2.6791496	0.27767211
2.6805348	0.26888379
2.6819217	0.25447354
2.6833098	0.2361861
2.6846995	0.21841559
2.6860905	0.20206672
2.6874828	0.18791495
2.6888769	0.17660646
2.6902716	0.16659036
2.6916685	0.15676811
2.6930668	0.14642891
2.6944666	0.1386099
2.6958678	0.13305257
2.6972704	0.12801221
2.6986744	0.12200256
2.7000799	0.11444202
2.7014871	0.10636452
2.7028956	0.099708654
2.7043056	0.094474435
2.7057171	0.092018872
2.70713	0.090144895
2.7085443	0.087366238
2.7099602	0.084070615
2.7113776	0.081615061
2.7127967	0.079741076
2.7142169	0.077027038
2.7156389	0.072762117
2.7170622	0.066493973
2.718487	0.058416478
2.7199132	0.050403599
2.7213409	0.046784878
2.7227702	0.046784878
2.7242005	0.047366459
2.7256327	0.049240436
2.7270665	0.052729916
2.7285018	0.054991618
2.7299387	0.052859157
2.7313771	0.050209738
2.7328169	0.050403599
2.7342582	0.052471437
2.7357013	0.056090157
2.7371457	0.059062678
2.7385917	0.060936656
2.7400391	0.062552162
2.741488	0.064232275
2.7429385	0.065136954
2.7443907	0.06565392
2.7458441	0.067140177
2.747299	0.069272637
2.7487557	0.070565037
2.7502139	0.071340472
2.7516737	0.072051294
2.753135	0.072503634
2.7545979	0.072245158
2.7560623	0.073602177
2.7575283	0.075863875
2.7589962	0.077220894
2.7604654	0.078060955
2.7619359	0.0781902
2.7634082	0.079224117
2.7648821	0.080904238
2.7663574	0.081808917
2.7678344	0.082842834
2.7693131	0.084135234
2.7707932	0.085298397
2.772275	0.086784653
2.7737584	0.088141672
2.7752433	0.089240216
2.7767296	0.090080276
2.7782178	0.090467997
2.7797074	0.09072648
2.7811987	0.090661854
2.782691	0.090661854
2.7841854	0.090984955
2.7856815	0.090403378
2.7871792	0.089821793
2.7886784	0.090338752
2.7901793	0.090791091
2.7916818	0.090920337
2.7931859	0.090791091
2.794692	0.090661854
2.7961996	0.090403378
2.7977085	0.090144895
2.7992191	0.089886412
2.8007314	0.089369453
2.8022454	0.088335536
2.803761	0.088141672
2.8052781	0.088658631
2.806797	0.088917114
2.8083177	0.08898174
2.8098397	0.089240216
2.8113635	0.089369453
2.8128889	0.089369453
2.8144159	0.089369453
2.8159447	0.089821793
2.8174751	0.090144895
2.8190067	0.090080276
2.8205404	0.090532616
2.8220758	0.091372676
2.8236129	0.092148118
2.8251517	0.092923559
2.8266921	0.09344051
2.8282342	0.094022095
2.829778	0.094862156
2.8313241	0.095831454
2.8328712	0.096477658
2.83442	0.097059235
2.8359706	0.097963922
2.8375227	0.098868594
2.8390768	0.099773273
2.8406324	0.10074258
2.8421898	0.10190573
2.843749	0.10293965
2.84531	0.10397357
2.8468723	0.10513674
2.8484366	0.1059768
2.8500025	0.10701071
2.8515701	0.10830311
2.8531396	0.10927242
2.8547106	0.11011247
2.8562829	0.11127564
2.8578575	0.1124388
2.8594339	0.113085
2.861012	0.11386044
2.8625917	0.11463588
2.8641732	0.11541131
2.8657565	0.11605751
2.8673415	0.1166391
2.8689287	0.1172853
2.870517	0.11760839
2.8721075	0.11793149
2.8736994	0.11806073
2.8752933	0.11818998
2.876889	0.11831921
2.8784864	0.11844846
2.8800855	0.11870693
2.8816857	0.11903004
2.8832886	0.11922389
2.8848929	0.11922389
2.8864994	0.11922389
2.8881073	0.11935313
2.8897173	0.11961161
2.8913291	0.11980547
2.8929424	0.1198701
2.8945582	0.12012857
2.8961751	0.12051629
2.897794	0.12064554
2.8994148	0.12083939
2.9010372	0.12103326
2.9026616	0.12155022
2.9042876	0.12206717
2.9059157	0.1224549
2.9075458	0.12284262
2.9091775	0.12323034
2.9108109	0.1237473
2.9124463	0.12432887
2.9140832	0.12491045
2.9157224	0.12562127
2.9173632	0.12665521
2.9190059	0.12755989
2.9206498	0.12820607
2.922296	0.12904614
2.9239442	0.13008006
2.9255943	0.13111398
2.9272463	0.13208327
2.9289	0.13305257
2.9305558	0.13415112
2.9322133	0.13518503
2.9338732	0.13641281
2.9355345	0.13776983
2.9371977	0.13893299
2.9388628	0.14041926
2.9405298	0.14203475
2.9421985	0.14358562
2.9438694	0.14507189
2.9455421	0.14668739
2.9472167	0.14836751
2.9488933	0.15024149
2.9505715	0.15198624
2.9522519	0.15366635
2.953934	0.15560494
2.9556181	0.15754355
2.9573042	0.15961139
2.9589922	0.16161461
2.9606814	0.1634886
2.9623733	0.16562106
2.964067	0.16768889
2.9657626	0.16975674
2.9674604	0.1718892
2.9691598	0.1741509
2.9708614	0.17634797
2.9725649	0.17873891
2.9742706	0.18112984
2.9759779	0.18345617
2.9776874	0.18610559
2.9793985	0.18875501
2.9811118	0.19140443
2.9828272	0.19398923
2.9845443	0.19631556
2.9862635	0.19864187
2.9879854	0.20122668
2.9897087	0.20348836
2.9914336	0.20568544
2.993161	0.20801176
2.99489	0.2103381
2.9966211	0.21266443
2.9983544	0.21511997
3.0000894	0.21738169
3.001826	0.21951413
3.0035653	0.22158198
3.0053065	0.22371443
3.0070496	0.22571765
3.0087948	0.22772087
3.0105422	0.22991794
3.0122914	0.2320504
3.0140429	0.23405363
3.0157964	0.23605685
3.0175517	0.23812468
3.0193093	0.24025714
3.0210688	0.24213113
3.0228302	0.24406973
3.0245938	0.24600834
3.0263596	0.24768846
3.0281272	0.24930395
3.0298975	0.25098407
3.0316694	0.25272879
3.0334435	0.25440893
3.0352194	0.25615367
3.0369976	0.25776917
3.0387776	0.25925541
3.04056	0.26074168
3.0423443	0.26235718
3.0441301	0.2639727
3.0459187	0.26552358
3.0477092	0.26707444
3.0495021	0.26875457
3.0512969	0.2701762
3.0530939	0.27146861
3.054893	0.27295485
3.0566943	0.2746996
3.0584979	0.27637973
3.0603034	0.27799523
3.0621109	0.27948147
3.0639207	0.28077388
3.0657327	0.28213093
3.0675466	0.28374642
3.0693629	0.28529727
3.0711813	0.28652507
3.0730011	0.28775287
3.0748239	0.28910986
3.0766487	0.29066077
3.0784757	0.29214701
3.0803049	0.29337478
3.0821362	0.29473183
3.0839698	0.29615346
3.0858054	0.29751047
3.0876439	0.29847977
3.0894837	0.2995137
3.0913262	0.30080608
3.0931706	0.30196926
3.0950172	0.3030678
3.0968661	0.30410171
3.0987172	0.30513564
3.1005704	0.30610493
3.1024263	0.30720347
3.104284	0.30810815
3.106144	0.30881897
3.1080062	0.30998212
3.1098707	0.31101605
3.1117373	0.31198534
3.1136062	0.31269616
3.1154773	0.31353623
3.1173501	0.31457016
3.1192257	0.31547484
3.1211035	0.31625026
3.1229837	0.31696108
3.1248662	0.31773654
3.1267509	0.31864122
3.128638	0.31941664
3.1305273	0.3199982
3.1324193	0.32070905
3.1343131	0.32167834
3.1362092	0.3224538
3.1381078	0.32322922
3.1400084	0.32419851
3.1419115	0.32510319
3.1438167	0.32594326
3.1457245	0.32684794
3.1476347	0.32807574
3.1495469	0.32910964
3.1514616	0.33007896
3.1533785	0.33130673
3.1552978	0.33234063
3.1572194	0.33324534
3.1591434	0.3340854
3.1610696	0.33486083
3.162998	0.33537778
3.1649289	0.33595937
3.1668622	0.33660558
3.168798	0.33744562
3.1707361	0.3383503
3.1726766	0.33938423
3.1746194	0.34074125
3.1765647	0.34222749
3.1785126	0.34332603
3.1804626	0.3441661
3.182415	0.34494153
3.1843698	0.34597546
3.186327	0.34726787
3.1882865	0.34856027
3.1902485	0.34965879
3.1922131	0.35069272
3.19418	0.35185587
3.1961493	0.35282519
3.1981211	0.35379449
3.2000952	0.35476378
3.2020719	0.3555392
3.2040508	0.35637927
3.2060323	0.35715473
3.2080164	0.35793018
3.2100022	0.35857636
3.2119911	0.35909334
3.2139823	0.35941643
3.215976	0.35954565
3.2179723	0.35954565
3.2199712	0.35941643
3.2219722	0.35915795
3.2239761	0.35864097
3.2259824	0.35831788
3.2279911	0.35812405
3.2300024	0.35767168
3.2320161	0.3570255
3.2340324	0.35650852
3.2360511	0.35605618
3.2380724	0.35573307
3.2400961	0.35534537
3.2421229	0.35489303
3.2441516	0.35444069
3.2461832	0.3541176
3.2482171	0.3541176
3.2502534	0.3541176
3.2522926	0.35398835
3.2543342	0.35372984
3.2563784	0.35372984
3.2584248	0.35360062
3.2604742	0.3534714
3.262526	0.35334215
3.2645805	0.35327753
3.2666376	0.35314828
3.2686973	0.35288981
3.2707596	0.35269594
3.2728245	0.35250208
3.2748921	0.35211438
3.2769623	0.35146818
3.2790351	0.35049888
3.2811103	0.34952956
3.2831883	0.3483018
3.2852688	0.34655705
3.2873521	0.34448922
3.289438	0.34209827
3.2915258	0.33906111
3.293617	0.33511931
3.2957108	0.32994971
3.2978072	0.32458624
3.2999065	0.31973976
3.3020084	0.31592718
3.3041129	0.3131485
3.3062201	0.31146839
3.3083303	0.31069294
3.3104429	0.31069294
3.3125582	0.31140375
3.314676	0.31230843
3.3167968	0.3131485
3.3189204	0.31398857
3.3210464	0.31482863
3.3231752	0.31573331
3.3253074	0.3167026
3.3274417	0.31741342
3.3295789	0.31780115
3.3317187	0.31767192
3.3338614	0.3172842
3.3360066	0.31689647
3.3381548	0.3167026
3.3403056	0.31683186
3.3424585	0.31702569
3.344615	0.31734881
3.3467741	0.31805962
3.3489361	0.31909353
3.3511009	0.32038596
3.3532684	0.32193682
3.3554389	0.32342309
3.3576121	0.32471547
3.3597887	0.32594326
3.3619676	0.32723567
3.3641491	0.32852805
3.3663337	0.32975584
3.368521	0.33098364
3.3707113	0.33201754
3.3729043	0.33292222
3.3751001	0.3338269
3.3772995	0.33466697
3.3795011	0.33511931
3.3817058	0.33518392
3.383913	0.33511931
3.3861232	0.33531314
3.3883364	0.33557165
3.3905525	0.33602399
3.3927715	0.33647633
3.3949924	0.33654094
3.3972173	0.33628246
3.3994448	0.33595937
3.4016755	0.33563626
3.403909	0.33531314
3.4061456	0.33518392
3.408385	0.33518392
3.4106274	0.33511931
3.4128728	0.33511931
3.4151211	0.33550704
3.4173725	0.33615324
3.4196265	0.33699331
3.4218838	0.33809182
3.424144	0.33912572
3.4264071	0.33983657
3.4286733	0.34015965
3.4309425	0.34009504
3.4332149	0.33970734
3.4354899	0.33893189
3.4377682	0.33809182
3.4400494	0.33738101
3.4423335	0.33692867
3.4446208	0.33654094
3.4469111	0.33641168
3.449204	0.33647633
3.4515004	0.33692867
3.4537997	0.33757487
3.4561024	0.33822104
3.4584079	0.3389965
3.4607165	0.33977196
3.4630284	0.34041813
3.4653432	0.34106433
3.4676619	0.34158131
3.4699829	0.34222749
3.472307	0.34306756
3.4746342	0.34403685
3.4769647	0.34507078
3.4792981	0.34629858
3.4816349	0.34759098
3.4839747	0.34881875
3.4863167	0.3499819
3.488663	0.35127431
3.4910121	0.35288981
3.4933646	0.35476378
3.4957201	0.35689625
3.4980791	0.35941643
3.5004408	0.36251819
3.5028062	0.36613691
3.5051751	0.36988485
3.5075467	0.37395591
3.5099213	0.37796235
3.5122993	0.38158107
3.5146806	0.38494134
3.517065	0.3881723
3.5194528	0.39114484
3.5218437	0.39366505
3.5242381	0.39573288
3.5266356	0.39754224
3.5290363	0.39922234
3.5314403	0.40077323
3.5338476	0.40219486
3.536258	0.40342265
3.538672	0.40432733
3.5410891	0.40484425
3.5435085	0.40503815
3.5459323	0.40529662
3.5483594	0.40574896
3.5507898	0.4067829
3.5532234	0.40813988
3.5556605	0.4096908
3.5581009	0.41130626
3.5605447	0.4125987
3.5629921	0.41369724
3.5654426	0.41460189
3.5678964	0.41537732
3.5703535	0.41608813
3.5728142	0.41673437
3.5752783	0.41725129
3.5777457	0.41783291
3.5802164	0.41834983
3.5826914	0.41860834
3.5851691	0.4188022
3.5876501	0.41918993
3.5901346	0.41957766
3.5926225	0.41996536
3.595114	0.42035308
3.5976088	0.42048231
3.6001072	0.4206762
3.6026084	0.42087004
3.6051137	0.42112851
3.6076224	0.42132241
3.6101346	0.42145163
3.6126504	0.42158085
3.6151698	0.42164549
3.6176925	0.42177472
3.620219	0.42203322
3.6227491	0.42216244
3.6252825	0.42222705
3.6278193	0.42235628
3.6303599	0.42248556
3.6329038	0.42242095
3.6354516	0.42255017
3.6380026	0.42261478
3.6405575	0.42274404
3.6431165	0.42267939
3.6456785	0.42261478
3.6482441	0.42274404
3.6508133	0.42287326
3.6533861	0.42280865
3.6559625	0.42280865
3.6585426	0.42274404
3.6611264	0.42274404
3.6637127	0.42267939
3.6663036	0.42255017
3.6688983	0.42248556
3.6714969	0.42255017
3.6740987	0.42248556
3.6767046	0.42235628
3.6793139	0.42229167
3.6819272	0.42235628
3.6845443	0.42222705
3.687165	0.4217101
3.6897893	0.42028847
3.6924174	0.41970688
3.695049	0.41977149
3.6976848	0.41925454
3.7003241	0.41860834
3.7029672	0.41802678
3.7056146	0.41757441
3.7082653	0.41705745
3.7109196	0.41666976
3.713578	0.41634664
3.7162399	0.41628203
3.7189059	0.41628203
3.7215757	0.41615275
3.7242491	0.41595891
3.7269256	0.41576505
3.7296069	0.41570044
3.7322919	0.41570044
3.7349808	0.41557121
3.7376738	0.41498962
3.7403705	0.41402033
3.7430711	0.41279253
3.7457757	0.41117704
3.7484846	0.40917382
3.7511971	0.40710601
3.7539134	0.40490893
3.7566335	0.40245336
3.7593577	0.39993316
3.7620859	0.39741299
3.764818	0.39508665
3.767554	0.39282498
3.770293	0.39049864
3.7730372	0.38823694
3.7757852	0.38603988
3.778537	0.3838428
3.7812932	0.38158107
3.7840533	0.37938401
3.7868173	0.37705767
3.7895856	0.37479597
3.7923579	0.37266353
3.7951343	0.37072492
3.7979145	0.36898017
3.800699	0.36762318
3.8034875	0.3667185
3.8062801	0.36633077
3.8090768	0.36684772
3.8118775	0.36814013
3.8146832	0.36994946
3.8174922	0.37201732
3.8203053	0.37408516
3.8231227	0.37621763
3.8259442	0.37822086
3.8287699	0.3803533
3.8315997	0.38229191
3.8344338	0.38377815
3.837271	0.38494134
3.8401134	0.38558751
3.8429599	0.3855229
3.8458109	0.38423049
3.848666	0.38177493
3.8515253	0.37847933
3.8543887	0.37505445
3.8572567	0.37188807
3.8601296	0.36943254
3.8630059	0.36768779
3.8658867	0.36633077
3.8687716	0.36523223
3.8716609	0.36445677
3.8745544	0.36361673
3.8774524	0.36284128
3.8803546	0.36225969
3.8832617	0.36180738
3.8861728	0.36148426
3.8890882	0.36122578
3.8920078	0.36083806
3.894932	0.36025646
3.8978605	0.35915795
3.9007933	0.35747781
3.9037306	0.35579771
3.9066718	0.3541176
3.9096179	0.35243747
3.9125686	0.35088658
3.9155238	0.34965879
3.9184833	0.34875411
3.9214473	0.34810793
3.9244158	0.34765559
3.9273889	0.34720325
3.9303668	0.34681553
3.9333489	0.34629858
3.9363356	0.34558776
3.9393268	0.34520003
3.9423223	0.34487692
3.9453225	0.34442458
3.9483273	0.34410149
3.9513369	0.34384301
3.9543512	0.34371379
3.9573698	0.3435199
3.960393	0.34339067
3.9634209	0.34339067
3.9664533	0.34364915
3.9694903	0.34448922
3.972532	0.34584621
3.9755785	0.34784943
3.9786289	0.35024038
3.9816847	0.35314828
3.984745	0.35612082
3.9878104	0.35889947
3.9908803	0.36154887
3.9939549	0.3641983
3.9970343	0.36684772
4.0001183	0.36956176
4.0032082	0.37234044
4.0063019	0.37531295
4.0094004	0.37835011
4.0125036	0.38132262
4.0156116	0.38410127
4.0187244	0.38662145
4.021842	0.38875392
4.0249648	0.39095098
4.028091	0.39288959
4.0312233	0.39469895
4.0343604	0.39631444
4.0375023	0.39773607
4.0406489	0.39896387
4.0438008	0.40006241
4.046958	0.40116096
4.0501194	0.4022595
4.0532866	0.40303493
4.056458	0.40381035
4.0596347	0.4045212
4.0628161	0.40510276
4.0660028	0.40561974
4.0691943	0.4062013
4.0723906	0.406589
4.0755925	0.40697673
4.0787992	0.4074291
4.0820107	0.40768754
4.0852275	0.40781683
4.0884495	0.40794605
4.0916762	0.40807527
4.0949082	0.40833375
4.0981455	0.40852764
4.1013875	0.40852764
4.1046343	0.40839836
4.1078868	0.40826914
4.1111441	0.40820453
4.1144071	0.40826914
4.1176748	0.40813988
4.1209483	0.40794605
4.1242266	0.40775216
4.1275101	0.40775216
4.1307993	0.40762293
4.1340938	0.4074291
4.137393	0.40717062
4.1406975	0.40691212
4.1440077	0.40652439
4.1473227	0.40633056
4.1506433	0.40626591
4.1539693	0.40626591
4.1573014	0.4062013
4.1606379	0.40626591
4.16398	0.40645978
4.1673269	0.40645978
4.1706796	0.40626591
4.1740379	0.4062013
4.1774011	0.40600747
4.1807699	0.4059428
4.1841431	0.40581357
4.1875229	0.40581357
4.190908	0.40555507
4.1942987	0.40503815
4.1976953	0.40419811
4.2010965	0.40277645
4.204504	0.40070859
4.2079167	0.39831766
4.2113357	0.39540976
4.2147593	0.39237261
4.2181888	0.38933548
4.2216239	0.38662145
4.2250643	0.38442436
4.2285104	0.38293812
4.2319622	0.38177493
4.2354198	0.38132262
4.2388835	0.38177493
4.242352	0.38293812
4.2458267	0.3851352
4.2493072	0.38830155
4.2527928	0.392308
4.2562842	0.39456972
4.2597818	0.3925665
4.2632847	0.38881853
4.2667923	0.38584602
4.2703071	0.3838428
4.2738276	0.38280886
4.2773538	0.3822273
4.2808857	0.38190418
4.2844238	0.38190418
4.2879677	0.38216266
4.2915173	0.38267961
4.2950735	0.38339043
4.298635	0.38429511
4.3022022	0.3851352
4.3057756	0.38591063
4.3093548	0.38687992
4.3129401	0.38791385
4.3165312	0.38888314
4.3201284	0.38972321
4.3237324	0.39043403
4.3273416	0.39114484
4.3309565	0.39172643
4.3345776	0.39224339
4.3382049	0.39282498
4.3418384	0.39334193
4.3454776	0.39379427
4.3491235	0.3939881
4.3527737	0.39418197
4.3564315	0.39424661
4.3600955	0.39405274
4.3637652	0.39379427
4.3674417	0.39327729
4.3711243	0.39288959
4.3748131	0.39250186
4.3785081	0.39198491
4.3822103	0.39146796
4.3859177	0.39088637
4.3896313	0.39024016
4.3933511	0.38959396
4.3970776	0.3890124
4.4008102	0.38836616
4.4045491	0.38752612
4.4082947	0.38668606
4.412045	0.38584602
4.415803	0.38507056
4.4195676	0.38429511
4.4233384	0.38358429
4.4271159	0.38293812
4.4308996	0.38216266
4.43469	0.38145185
4.4384871	0.38093489
4.4422908	0.38048252
4.4461007	0.38003021
4.4499168	0.3797071
4.4537401	0.37944862
4.4575696	0.37925479
4.4614058	0.37912554
4.4652486	0.37893167
4.4690976	0.37854394
4.4729543	0.37815621
4.4768167	0.37763926
4.4806862	0.37692845
4.4845624	0.37621763
4.4884448	0.3751837
4.4923344	0.37421441
4.4962306	0.37305123
4.5001335	0.37175885
4.5040426	0.37014335
4.5079594	0.36865708
4.5118828	0.36704159
4.5158129	0.36542609
4.5197501	0.36400446
4.523694	0.36245355
4.5276446	0.36077344
4.5316024	0.35928717
4.5355678	0.35799479
4.5395393	0.35663775
4.5435181	0.35528076
4.5475035	0.35366523
4.551496	0.35166201
4.5554957	0.34959418
4.5595021	0.34765559
4.5635157	0.34565237
4.5675368	0.34364915
4.5715647	0.34158131
4.5755997	0.33957809
4.5796418	0.33763948
4.5836911	0.33563626
4.5877471	0.33356842
4.5918107	0.33162981
4.5958815	0.3298851
4.5999584	0.32820496
4.604044	0.32658947
4.6081362	0.32497397
4.612236	0.32342309
4.616343	0.32200143
4.6204576	0.32070905
4.6245794	0.31941664
4.6287084	0.31812423
4.6328454	0.31676725
4.6369891	0.31560406
4.6411405	0.31457016
4.6452994	0.31360084
4.6494656	0.31269616
4.6536388	0.31192073
4.6578202	0.31120989
4.6620088	0.31056371
4.6662059	0.31004676
4.6704097	0.30933592
4.6746206	0.30849585
4.6788397	0.30752656
4.6830664	0.30623418
4.6873007	0.30474791
4.6915426	0.30313241
4.6957922	0.30138767
4.7000484	0.29964292
4.7043133	0.29796281
4.7085862	0.29641193
4.7128668	0.29492566
4.717155	0.29324555
4.7214513	0.2914362
4.7257552	0.28962684
4.7300668	0.28788209
4.7343879	0.28607273
4.7387152	0.28406951
4.7430506	0.28200167
4.7473941	0.28006306
4.7517457	0.27818909
4.7561049	0.27631512
4.7604723	0.27437651
4.7648478	0.27250254
4.7692318	0.27062857
4.7736235	0.26881918
4.7780232	0.26720369
4.7824311	0.26565281
4.7868466	0.26423118
4.7912707	0.26306802
4.7957029	0.26190487
4.8001437	0.26100019
4.8045907	0.26028934
4.8090477	0.25977239
4.8135128	0.25925541
4.8179865	0.25886771
4.8224683	0.25854459
4.8269582	0.25796303
4.8314571	0.25725222
4.8359637	0.25660601
4.8404803	0.25576594
4.8450041	0.25499052
4.8495364	0.25408584
4.8540773	0.2529873
4.8586264	0.25182411
4.8631845	0.25059634
4.8677506	0.24949782
4.8723259	0.24846388
4.8769083	0.24749459
4.8815002	0.24652529
4.8861008	0.24574985
4.8907104	0.24490981
4.8953285	0.24400511
4.8999557	0.24290659
4.9045911	0.24187265
4.909236	0.24077411
4.9138899	0.23961094
4.9185519	0.23844779
4.923223	0.23709078
4.9279027	0.2359276
4.9325914	0.23476446
4.9372892	0.23347205
4.9419956	0.23217966
4.9467115	0.23088726
4.951437	0.22940098
4.9561706	0.2277855
4.9609137	0.22636385
4.9656653	0.22507146
4.9704261	0.2235852
4.9751964	0.22203431
4.9799757	0.22048344
4.9847641	0.21899717
4.9895606	0.21751091
4.9943671	0.21602465
4.9991837	0.2145384
5.0040088	0.2129875
5.0088439	0.21143663
5.0136881	0.20975652
5.0185413	0.20807637
5.0234041	0.20691323
5.0282774	0.20575008
5.0331593	0.20458691
5.0380507	0.20342375
5.0429511	0.2022606
5.0478616	0.20109743
5.0527816	0.1996758
5.0577111	0.198448
5.0626502	0.19760795
5.0675998	0.19715561
5.0725584	0.19689713
5.0775266	0.19657403
5.0825043	0.19599245
5.087492	0.1955401
5.0924897	0.19495854
5.097497	0.19405384
5.1025143	0.19301994
5.1075401	0.1919214
5.112577	0.19062901
5.1176243	0.18953045
5.1226811	0.18869039
5.127748	0.18797956
5.1328249	0.18759185
5.1379123	0.18752722
5.1430092	0.18759185
5.1481171	0.18778571
5.1532345	0.18894887
5.1583619	0.18985355
5.1634998	0.19049975
5.1686478	0.19108133
5.1738062	0.19166291
5.1789751	0.19211525
5.184154	0.19230911
5.1893444	0.19230911
5.1945438	0.19185677
5.1997542	0.19095209
5.2049747	0.19030589
5.210206	0.18862578
5.2154474	0.1870749
5.2206998	0.18604097
5.2259626	0.18390852
5.2312346	0.18119447
5.2365189	0.17822194
5.2418137	0.17557253
5.2471189	0.17318159
5.2524352	0.17130762
5.2577624	0.17001522
5.2631001	0.16911052
5.2684488	0.16827047
5.273809	0.16723655
5.2791796	0.16633187
5.2845607	0.16549182
5.2899532	0.16407017
5.2953568	0.16303626
5.3007712	0.16206695
5.3061967	0.16064532
5.3116336	0.1592883
5.3170795	0.15806051
5.3225384	0.15676811
5.3280087	0.15566957
5.3334904	0.15489413
5.3389831	0.1541187
5.3444872	0.15289091
5.3500028	0.15179236
5.3555293	0.15198624
5.3610692	0.15185699
5.3666191	0.15114617
5.37218	0.15024149
5.3777528	0.14933681
5.3833375	0.14823827
5.3889332	0.14713973
5.3945408	0.14597657
5.4001603	0.14481342
5.4057918	0.1434564
5.4114347	0.14184089
5.417089	0.13932072
5.4227557	0.13686515
5.4284339	0.13615434
5.434124	0.13473269
5.439826	0.132471
5.44554	0.1302093
5.4512644	0.12807684
5.4570026	0.1256859
5.4627528	0.12316571
5.4685154	0.12213179
5.4742899	0.12167946
5.4800768	0.12122712
5.4858756	0.12167946
5.4916868	0.12167946
5.4975119	0.1214856
5.5033479	0.12122712
5.5091963	0.12103326
5.5150576	0.12045168
5.5209308	0.1198701
5.5268164	0.119547
5.5327148	0.11941775
5.5386262	0.11909466
5.5445509	0.11851307
5.550487	0.11773764
5.5564361	0.11734992
5.562398	0.11715605
5.5683727	0.11657447
5.5743604	0.11495897
5.5803604	0.11398968
5.5863738	0.11450663
5.5923977	0.11437739
5.5984373	0.11340809
5.6044893	0.11282652
5.6105552	0.11230955
5.6166334	0.11146949
5.6227255	0.11088792
5.6288304	0.11024172
5.6349487	0.10875545
5.6410818	0.10713995
5.6472268	0.10765691
5.6533852	0.10804463
5.6595569	0.10804463
5.6657424	0.10817388
5.6719413	0.10707534
5.6781535	0.10668762
5.6843796	0.10701071
5.6906204	0.10649375
5.6968741	0.10668762
5.7031412	0.10629989
5.7094221	0.10487826
5.7157168	0.1046844
5.7220259	0.10481364
5.7283483	0.1046844
5.7346849	0.10390896
5.7410331	0.10287504
5.7473979	0.10151802
5.7537766	0.1011303
5.76017	0.098997831
5.7665772	0.096736141
5.7729988	0.097834677
5.7794347	0.098222397
5.7858849	0.097834677
5.7923512	0.097511575
5.7988305	0.096865378
5.8053241	0.096283801
5.811832	0.095120631
5.8183551	0.092665076
5.8248925	0.091760397
5.8314447	0.092471212
5.8380117	0.092923559
5.8445945	0.092794314
5.851191	0.091954261
5.8578029	0.090920337
5.864429	0.090015657
5.8710709	0.089304842
5.877727	0.086461551
5.8843989	0.086138457
5.8910856	0.086655416
5.8977852	0.086073838
5.9045024	0.087560095
5.9112349	0.087947816
5.9179831	0.087624721
5.9247465	0.087301619
5.9315252	0.085363016
5.9383197	0.084587574
5.9451299	0.086913899
5.9519572	0.087883197
5.9587984	0.087947816
5.9656553	0.087107755
5.9725285	0.087236993
5.9794173	0.087753959
5.9863219	0.087043136
5.9932423	0.087236993
6.0001788	0.088077061
6.0071297	0.087236993
6.0140982	0.086073838
6.0210834	0.085815355
6.0280848	0.085104533
6.0351024	0.083489038
6.0421362	0.079676457
6.0491862	0.076251596
6.0562534	0.07773786
6.0633373	0.077867098
6.0704374	0.075670011
6.0775537	0.075088441
6.0846872	0.075282298
6.0918374	0.074636102
6.0990043	0.073602177
6.1061878	0.071792811
6.1133885	0.070241936
6.1206079	0.071017377
6.1278424	0.071792811
6.1350942	0.071469717
6.1423635	0.071081996
6.1496496	0.071017377
6.1569533	0.070371173
6.1642742	0.070565037
6.1716127	0.071017377
6.1789665	0.069918834
6.1863399	0.069272637
6.1937308	0.070565037
6.2011395	0.071146615
6.2085662	0.071146615
6.2160106	0.071340472
6.2234726	0.071663581
6.2309527	0.072051294
6.238452	0.072632879
6.2459679	0.073279075
6.2535024	0.073925279
6.261055	0.074571475
6.2686257	0.075346917
6.2762151	0.076316223
6.2838225	0.077543996
6.2914486	0.078901015
6.2990947	0.080451891
6.3067579	0.081938155
6.3144398	0.083489038
6.3221402	0.085169159
6.3298597	0.086913899
6.3375978	0.087366238
6.345355	0.088658631
6.3531313	0.092535838
6.3609242	0.094862156
6.3687387	0.095702216
6.3765721	0.097899295
6.3844252	0.099708654
6.3922973	0.10087182
6.4001889	0.10132416
6.4081001	0.098739356
6.4160309	0.098416261
6.4239826	0.10229345
6.431953	0.10442592
6.4399428	0.10591218
6.4479527	0.10681686
6.4559822	0.10746305
6.4640322	0.10778616
6.4721022	0.10688148
6.4801922	0.10578294
6.4883046	0.10410281
6.4964356	0.10449053
6.5045867	0.10759229
6.5127583	0.10817388
6.5209503	0.10720457
6.5291634	0.10798002
6.5373969	0.10798002
6.545651	0.10694609
6.5539231	0.10604141
6.5622191	0.10494287
6.5705361	0.10287504
6.5788746	0.10300428
6.587234	0.10313352
6.5956144	0.10261656
6.6040168	0.10235807
6.6124401	0.10125954
6.6208863	0.099902518
6.629353	0.096800752
6.6378412	0.094280578
6.6463513	0.095702216
6.6548829	0.096671514
6.6634369	0.095508359
6.6720128	0.093892857
6.6806107	0.092600457
6.6892328	0.092794314
6.6978755	0.092794314
6.7065401	0.091372676
6.7152276	0.090467997
6.723937	0.090467997
6.7326698	0.090532616
6.7414246	0.090144895
6.7502027	0.089498699
6.7590008	0.088917114
6.7678242	0.087818578
6.7766714	0.086526178
6.7855411	0.084975302
6.7944345	0.084716819
6.8033509	0.085556872
6.8122911	0.085363016
6.8212547	0.084070615
6.8302436	0.083424419
6.8392544	0.083618276
6.848289	0.082584359
6.8573475	0.080128796
6.8664303	0.079417981
6.8755369	0.081098102
6.8846679	0.081485815
6.8938227	0.081227332
6.9029989	0.080516517
6.9122028	0.080322661
6.9214315	0.080258034
6.9306846	0.079870321
6.9399629	0.079417981
6.9492655	0.078513294
6.9585934	0.076962419
6.9679465	0.077156276
6.9773269	0.077479377
6.9867301	0.076897793
6.9961591	0.076380834
7.0056133	0.076186977
7.0150933	0.075476155
7.0245986	0.074571475
7.0341301	0.073472932
7.0436873	0.071534336
7.0532722	0.070888139
7.0628819	0.070565037
7.0725174	0.069595739
7.0821791	0.068561815
7.0918674	0.067721754
7.1015825	0.067140177
7.1113243	0.066170879
7.1210923	0.065395437
7.1308832	0.064684615
7.1407056	0.063586079
7.1505547	0.062810637
7.1604309	0.062035196
7.1703348	0.061065897
7.1802659	0.060678173
7.1902246	0.060031977
7.200211	0.058998059
7.210228	0.058028754
7.2202702	0.057576414
7.23034	0.056994841
7.2404385	0.056219399
7.2505651	0.055379335
7.2607198	0.054474656
7.2709031	0.053440738
7.2811151	0.052665301
7.2913575	0.051954478
7.3016272	0.051179036
7.3119259	0.050468218
7.3222532	0.04969278
7.3326101	0.048788097
7.3429961	0.048012659
7.3534117	0.047431078
7.3638568	0.046849497
7.3743277	0.046267919
7.3848329	0.045750957
7.3953671	0.045233998
7.4059319	0.044717036
7.4165273	0.0442647
7.4271526	0.043812361
7.4378085	0.043360017
7.4484949	0.042907678
7.4592152	0.0423261
7.4699631	0.041873761
7.4807425	0.041744519
7.4915524	0.041550659
7.5023942	0.041292179
7.513267	0.041162938
7.5241718	0.040904459
7.5351081	0.040645979
7.5460782	0.040452119
7.5570784	0.040129017
7.5681105	0.039805919
7.579175	0.039482821
7.5902719	0.039224338
7.6014013	0.038965859
7.6125636	0.038707379
7.6237588	0.038319658
7.6349821	0.037867319
7.6462431	0.037479598
7.6575375	0.037091877
7.6688652	0.036639538
7.6802268	0.035993341
7.6916218	0.035540998
7.7030506	0.035088658
7.7145133	0.034571696
7.7260127	0.033990119
7.7375441	0.033602398
7.7491097	0.0332793
7.7607102	0.032891579
7.7723455	0.0326331
7.7840157	0.032309998
7.7957211	0.031857658
7.8074613	0.03153456
7.8192339	0.031082219
7.8310452	0.030629879
7.8428926	0.030242158
7.8547754	0.029919058
7.8666949	0.029402098
7.8786502	0.028820518
7.8906422	0.028238937
7.9026704	0.027592739
7.9147372	0.027011158
7.9268394	0.026429579
7.9389782	0.02571876
7.9511547	0.025007939
7.9633684	0.024361739
7.9756198	0.023780158
7.9879088	0.02313396
8.0002356	0.022552378
8.0126038	0.021970799
8.0250072	0.021453839
8.0374498	0.02087226
8.0499296	0.020161441
8.0624495	0.019644478
8.0750074	0.019192141
8.0876055	0.01880442
8.1002417	0.018222839
8.1129141	0.017641259
8.1256304	0.017059678
8.1383867	0.01654272
8.1511831	0.015961139
8.1640196	0.015508799
8.1768961	0.0151857
8.1898146	0.0148626
8.2027731	0.014474879
8.2157736	0.014087158
8.2288151	0.013764059
8.2418976	0.0135702
8.2550211	0.0132471
8.2681875	0.013117859
8.281395	0.01305324
8.2946453	0.01298862
8.3079386	0.013182479
8.3212767	0.013376339
8.3346548	0.0135702
8.3480768	0.013764059
8.3615408	0.014022539
8.3750496	0.014281019
8.3886013	0.01466874
8.4021969	0.015121079
8.4158373	0.01576728
8.4295158	0.01621962
8.4432449	0.016930439
8.4570189	0.017899739
8.4708366	0.01899828
8.4847012	0.020226059
8.4986105	0.02184156
8.5125656	0.023780158
8.5265665	0.025977239
8.540616	0.028368179
8.5547094	0.031017598
8.5688496	0.033990119
8.5830364	0.037221119
8.59727	0.040258259
8.6115513	0.043295398
8.6258802	0.04646178
8.6402569	0.049434297
8.6546841	0.051760618
8.6691561	0.053569976
8.6836777	0.054926995
8.6982479	0.056219399
8.7128668	0.057188697
8.7275343	0.05809338
8.7422523	0.058868818
8.75702	0.05964426
8.7718325	0.060419697
8.7866993	0.060872041
8.8016176	0.061453614
8.8165865	0.062164437
8.8316059	0.062358294
8.8466768	0.06222906
8.8617992	0.062164437
8.8769741	0.062099818
8.8922033	0.062810637
8.9074821	0.064749241
8.9228134	0.067269415
8.9381971	0.069595739
8.9536343	0.071986683
8.9691257	0.074571475
8.9846697	0.077156276
9.000268	0.079870321
9.0159235	0.082584359
9.0316315	0.085039914
9.0473928	0.087172374
9.0632105	0.089563318
9.0790825	0.092406601
9.0950108	0.095443733
9.1109953	0.098868594
9.1270351	0.10235807
9.1431274	0.10539521
9.1592817	0.10817388
9.1754923	0.11075867
9.191761	0.11276189
9.2080879	0.11437739
9.224472	0.1159929
9.2409153	0.11818998
9.2574167	0.12083939
9.2739801	0.12355344
9.2906008	0.12594438
9.3072805	0.1279476
9.3240204	0.12949848
9.3408203	0.13066164
9.3576803	0.13208327
9.3746023	0.13460346
9.3915854	0.13828678
9.4086237	0.14319791
9.4257298	0.14953068
9.4428988	0.15722045
9.4601307	0.16549182
9.4774246	0.17318159
9.4947834	0.17925587
9.5122042	0.18319769
9.5296898	0.18545939
9.5472441	0.18610559
9.5648584	0.18533015
9.5825386	0.18397313
9.6002836	0.18332693
9.6180954	0.18229301
9.635973	0.17854506
9.6539164	0.17253539
9.6719275	0.16600877
9.6900091	0.16012836
9.7081556	0.15508799
9.7263699	0.15159851
9.7446527	0.15075846
9.7630043	0.15211548
9.7814245	0.15450642
9.7999153	0.15650964
9.8184757	0.15741432
9.837101	0.15689735
9.8558025	0.15566957
9.8745756	0.15405408
9.8934202	0.15230933
9.9123363	0.15075846
9.9313259	0.14901371
9.950388	0.14733359
9.9695234	0.14584734
9.9887362	0.14442571
10.008019	0.14319791
10.027377	0.1422286
10.04681	0.14125931
10.066319	0.14035463
10.085902	0.13990229
10.105563	0.13899761
10.1253	0.13712363
10.145119	0.13415112
10.165011	0.13040316
10.184982	0.12659058
10.205031	0.12284262
10.22516	0.11922389
10.245367	0.11650985
10.265656	0.11418354
10.286023	0.11205107
10.306466	0.1101771
10.326997	0.10810925
10.34761	0.10571831
10.368304	0.10397357
10.389083	0.10248731
10.409945	0.10029024
10.43089	0.09777005
10.45192	0.095443733
10.473039	0.093052797
10.49424	0.09072648
10.515526	0.087818578
10.536899	0.08426448
10.558359	0.080710374
10.579906	0.077220894
10.601542	0.073408321
10.623267	0.069466494
10.645084	0.065977022
10.666988	0.063198358
10.688982	0.060742799
10.711066	0.058739576
10.733243	0.05744718
10.755511	0.057317939
10.777872	0.058804195
10.800325	0.060872041
10.822865	0.062681392
10.845508	0.064232275
10.868244	0.064813852
10.891077	0.064296901
10.914005	0.062875256
10.937031	0.061195139
10.960154	0.059515018
10.983374	0.05809338
11.006698	0.056800976
11.030116	0.055831678
11.053635	0.055185478
11.077253	0.054733139
11.100973	0.05421618
11.124795	0.054151557
11.14872	0.054151557
11.172747	0.053893082
11.196871	0.053311497
11.221107	0.052212961
11.245447	0.051372897
11.269894	0.050597455
11.294447	0.049498916
11.319107	0.048335757
11.343875	0.04730184
11.368752	0.046332538
11.393744	0.045169376
11.418839	0.044393938
11.444047	0.04387698
11.469365	0.043230776
11.494797	0.042778436
11.52034	0.042584579
11.545999	0.042390715
11.571771	0.042002998
11.597663	0.041679896
11.623667	0.041227557
11.649787	0.040775217
11.676025	0.040129017
11.702382	0.038836617
11.728858	0.03825504
11.755454	0.038448896
11.782171	0.038836617
11.809002	0.0390951
11.835962	0.038965859
11.863048	0.038836617
11.890256	0.038707379
11.91759	0.038448896
11.94505	0.037931938
11.972636	0.037414979
12.000351	0.037027258
12.028198	0.036510296
12.056171	0.035799477
12.084274	0.035024039
12.112508	0.034636319
12.140875	0.034119356
12.169374	0.03366702
12.198009	0.033214681
12.226777	0.0326331
12.255688	0.032180756
12.28473	0.031922277
12.31391	0.031469937
12.343228	0.030952977
12.372687	0.0300483
12.402287	0.029466718
12.432029	0.028885139
12.461913	0.028238937
12.491931	0.02765736
12.522105	0.027398877
12.552425	0.026752679
12.582892	0.026171099
12.613507	0.025524898
12.644272	0.024620218
12.675187	0.024167879
12.706254	0.02429712
12.737479	0.02345706
12.768852	0.02248776
12.80038	0.022035418
12.832064	0.021970799
12.863906	0.022035418
12.895905	0.02248776
12.928064	0.02352168
12.960384	0.025524898
12.992874	0.02798046
13.025519	0.030500639
13.05833	0.032503858
13.091305	0.034119356
13.124448	0.035411756
13.157759	0.035024039
13.191238	0.032956198
13.22489	0.030759118
13.258701	0.02849742
13.292698	0.026171099
13.326869	0.024555599
13.361217	0.023909399
13.395742	0.023069339
13.430446	0.022423139
13.46533	0.02184156
13.500397	0.021001499
13.535651	0.021001499
13.571085	0.021001499
13.606705	0.020161441
13.642511	0.019902959
13.678508	0.020613778
13.714694	0.021647699
13.751073	0.022293899
13.787644	0.02268162
13.82442	0.02352168
13.861383	0.024555599
13.898545	0.02539566
13.935907	0.025912618
13.97347	0.026688058
14.011236	0.028045079
14.049208	0.029143618
14.087384	0.029854437
14.125755	0.030759118
14.16435	0.032245379
14.203156	0.0339255
14.242176	0.036187198
14.281411	0.038965859
14.320862	0.042519957
14.360532	0.046591017
14.400422	0.051308278
14.440542	0.056284018
14.48088	0.061065897
14.521442	0.065201581
14.562233	0.068044856
14.603253	0.06998346
14.644506	0.070952758
14.685991	0.070888139
14.727713	0.070694275
14.76966	0.070888139
14.811859	0.070888139
14.8543	0.06998346
14.896984	0.068497196
14.939916	0.065589294
14.983094	0.063715316
15.026524	0.063650697
15.070205	0.062552162
15.11415	0.061001278
15.158343	0.060419697
15.202796	0.059902735
15.24751	0.059579637
15.292488	0.058933437
15.337732	0.058481097
15.383245	0.058222622
15.429028	0.057511799
15.475092	0.056865599
15.521424	0.056090157
15.568036	0.055767059
15.614927	0.055056237
15.662103	0.054151557
15.709563	0.053699214
15.757313	0.053053018
15.805353	0.052600678
15.853672	0.052471437
15.902304	0.05163138
15.951234	0.050726697
16.000465	0.050145119
16.050003	0.049434297
16.099848	0.048658855
16.150003	0.047818799
16.200472	0.046591017
16.251265	0.045557097
16.30237	0.044652421
16.353796	0.043166157
16.405548	0.041873761
16.45763	0.040710598
16.510042	0.039741296
16.56279	0.0390951
16.615877	0.038190417
16.669313	0.037673458
16.723085	0.03760884
16.777206	0.037738077
16.831676	0.03825504
16.886503	0.039288957
16.941689	0.040452119
16.997234	0.041550659
17.053146	0.043618497
17.109409	0.046009436
17.166063	0.048464999
17.223093	0.050791319
17.280504	0.053053018
17.338299	0.054797754
17.396481	0.057124075
17.455055	0.059902735
17.514025	0.062810637
17.573404	0.066041633
17.633179	0.068949535
17.693359	0.071598954
17.753954	0.073343694
17.814964	0.073925279
17.876394	0.074442238
17.938251	0.074054517
18.000536	0.073343694
18.063269	0.073537558
18.126427	0.074313
18.190027	0.075217679
18.254078	0.076962419
18.318579	0.080128796
18.383539	0.083618276
18.448961	0.086009212
18.514851	0.089175597
18.58119	0.093246654
18.648029	0.098093152
18.715351	0.1024227
18.783159	0.10642914
18.851461	0.11108178
18.920263	0.11515283
18.989569	0.11831921
19.059383	0.12206717
19.129725	0.12755989
19.200575	0.13440959
19.271952	0.14138855
19.343863	0.14578271
19.416311	0.14836751
19.489305	0.15088768
19.562849	0.15405408
19.636951	0.1563804
19.711594	0.15670349
19.786827	0.15683274
19.862638	0.15722045
19.939034	0.15890057
20.016018	0.16310087
20.093599	0.16633187
20.171785	0.16820584
20.250582	0.17014445
20.330009	0.17104913
20.410049	0.1709199
20.490723	0.171243
20.572035	0.17305236
20.653994	0.17544329
20.73661	0.17667107
20.819889	0.17764038
20.903841	0.17835119
20.988487	0.17744651
21.073807	0.17680031
21.159821	0.17738189
21.246542	0.18048365
21.333977	0.18151757
21.422132	0.18022516
21.511023	0.17880353
21.600651	0.17686492
21.691	0.17537867
21.782139	0.17621873
21.874046	0.17835119
21.966734	0.18151757
22.060209	0.18268073
22.154484	0.17990208
22.249567	0.17466785
22.34547	0.16891667
22.442221	0.16271316
22.539797	0.15599267
22.638224	0.15192162
22.737514	0.14765669
22.837679	0.14067774
22.93873	0.13440959
23.04068	0.12749526
23.143541	0.12122712
23.247343	0.11676833
23.35206	0.11282652
23.457727	0.11037096
23.564352	0.10966013
23.671953	0.10804463
23.78054	0.10558907
23.890127	0.10255194
24.000731	0.099644035
24.112324	0.097899295
24.224998	0.09938556
24.338732	0.099644035
24.453537	0.096348412
24.569429	0.092923559
24.686426	0.095185257
24.804543	0.096542276
24.923796	0.098480873
