# Antigorite, Chemical Formula: (Mg,Fe+2)3Si2O5(OH)4
# Sample ID: NMNH96917.e_32um
# wavelengths (microns), reflectance
1.3696576	0.4975982
1.3700196	0.49777362
1.3703818	0.49853373
1.3707441	0.49882615
1.3711067	0.49865073
1.3714694	0.49888456
1.3718324	0.49935237
1.3721954	0.500054
1.3725587	0.49970323
1.3729222	0.49970323
1.3732859	0.50017101
1.3736497	0.50022942
1.3740138	0.50046337
1.374378	0.50081414
1.3747425	0.50157428
1.3751072	0.50192511
1.3754721	0.5018667
1.375837	0.50221747
1.3762023	0.50239295
1.3765677	0.50245142
1.3769335	0.50291914
1.3772992	0.50297767
1.3776653	0.50280219
1.3780315	0.5032115
1.3783978	0.50362086
1.3787644	0.50367934
1.3791313	0.50344539
1.3794982	0.50286067
1.3798655	0.50274378
1.3802328	0.50297767
1.3806005	0.50122344
1.3809682	0.49724737
1.3813362	0.49186793
1.3817043	0.48666388
1.3820726	0.48140141
1.382441	0.47619736
1.3828099	0.47146115
1.3831787	0.46953157
1.3835479	0.4702332
1.3839172	0.47163656
1.3842868	0.47233823
1.3846565	0.47298142
1.3850266	0.47350767
1.3853966	0.47450167
1.385767	0.4755542
1.3861375	0.47549573
1.3865082	0.47426784
1.3868792	0.47292295
1.3872503	0.47187042
1.3876216	0.47233823
1.387993	0.47327378
1.3883647	0.47409239
1.3887366	0.47467712
1.3891087	0.47543725
1.3894811	0.47602198
1.3898535	0.47596347
1.3902262	0.4748525
1.3905991	0.47292295
1.3909724	0.46812823
1.3913456	0.45894808
1.3917192	0.4439792
1.3920929	0.42789936
1.3924669	0.4244495
1.3928409	0.43672869
1.3932153	0.45064506
1.3935897	0.45906505
1.3939645	0.4631581
1.3943394	0.46538004
1.3947146	0.46730962
1.3950899	0.46865448
1.3954654	0.46912223
1.3958411	0.4691807
1.3962171	0.46912223
1.3965932	0.46842059
1.3969696	0.46684182
1.397346	0.46397668
1.3977228	0.46122849
1.3980998	0.46128699
1.398477	0.46327505
1.3988543	0.46578932
1.3992319	0.46894687
1.3996096	0.47099337
1.3999877	0.47263059
1.4003658	0.4744432
1.4007442	0.47520331
1.4011228	0.47567111
1.4015017	0.47625589
1.4018805	0.47707444
1.4022598	0.47724989
1.4026392	0.47730839
1.4030188	0.47812694
1.4033985	0.479121
1.4037787	0.47882864
1.4041588	0.47917947
1.4045392	0.48081669
1.4049199	0.48210305
1.4053007	0.48251241
1.4056817	0.48321405
1.406063	0.48438346
1.4064443	0.48637152
1.406826	0.48824266
1.4072078	0.48906127
1.40759	0.48970443
1.4079722	0.49034762
1.4083548	0.49163404
1.4087374	0.4929789
1.4091204	0.49385598
1.4095035	0.49537626
1.4098868	0.49672112
1.4102703	0.49724737
1.4106542	0.497949
1.411038	0.49923542
1.4114223	0.50063878
1.4118066	0.50139892
1.4121914	0.502276
1.4125761	0.50344539
1.4129611	0.50426406
1.4133463	0.50502419
1.4137318	0.50584275
1.4141173	0.50648594
1.4145032	0.50701225
1.4148892	0.50753844
1.4152753	0.50847399
1.4156618	0.5090003
1.4160485	0.50952655
1.4164354	0.50993586
1.4168226	0.51052058
1.4172099	0.51098835
1.4175974	0.51128072
1.4179851	0.51174849
1.4183733	0.51204085
1.4187614	0.51274246
1.4191499	0.51332718
1.4195384	0.51361954
1.4199272	0.51443815
1.4203162	0.51496446
1.4207056	0.51549071
1.4210949	0.51578301
1.4214847	0.51589996
1.4218745	0.51607537
1.4222647	0.51671857
1.422655	0.51771265
1.4230455	0.51794654
1.4234362	0.5178296
1.4238272	0.51806343
1.4242183	0.5182389
1.4246095	0.51812196
1.425001	0.51812196
1.425393	0.51870662
1.4257849	0.51899898
1.4261771	0.51905745
1.4265696	0.51911598
1.4269623	0.51952529
1.4273552	0.51981765
1.4277484	0.51993459
1.4281417	0.52057779
1.4285352	0.52069467
1.428929	0.52104551
1.429323	0.52116251
1.4297171	0.52092862
1.4301115	0.52104551
1.4305061	0.52116251
1.4309008	0.52157176
1.4312959	0.52239043
1.4316912	0.52256584
1.4320866	0.52250737
1.4324824	0.52233189
1.4328783	0.52303362
1.4332745	0.52309209
1.4336708	0.52309209
1.4340675	0.52315056
1.4344643	0.52367675
1.4348613	0.52396917
1.4352585	0.52396917
1.4356561	0.52402759
1.4360538	0.52408612
1.4364517	0.52443689
1.4368497	0.52478778
1.4372482	0.52496314
1.4376467	0.52502167
1.4380456	0.52496314
1.4384446	0.52502167
1.4388438	0.5252555
1.4392433	0.52566481
1.439643	0.5260157
1.4400429	0.5260157
1.4404429	0.52607417
1.4408432	0.52619112
1.4412439	0.52636653
1.4416445	0.52665883
1.4420457	0.52695119
1.4424468	0.52712667
1.4428483	0.52718508
1.4432499	0.52724355
1.443652	0.52718508
1.4440541	0.52724355
1.4444566	0.52718508
1.444859	0.52741903
1.445262	0.52771139
1.4456649	0.52765286
1.4460682	0.52806222
1.4464716	0.52841306
1.4468753	0.52817917
1.4472792	0.52829605
1.4476835	0.52870542
1.4480878	0.52876389
1.4484924	0.52870542
1.4488972	0.52847153
1.4493023	0.52870542
1.4497076	0.52882236
1.4501131	0.52876389
1.4505187	0.52917314
1.4509248	0.52940708
1.4513309	0.52975792
1.4517374	0.52981639
1.4521439	0.52975792
1.4525509	0.52999181
1.452958	0.53034264
1.4533653	0.53051805
1.4537728	0.53075194
1.4541807	0.5309273
1.4545887	0.53081042
1.4549969	0.53069347
1.4554054	0.53057647
1.4558141	0.53069347
1.456223	0.5310443
1.4566324	0.53133667
1.4570416	0.53157055
1.4574513	0.53157055
1.4578612	0.5316875
1.4582713	0.53174597
1.4586816	0.53180444
1.4590921	0.53215528
1.4595029	0.53192133
1.4599138	0.5320968
1.460325	0.53215528
1.4607365	0.53221369
1.4611483	0.53221369
1.4615602	0.53250611
1.4619724	0.53262305
1.4623848	0.53215528
1.4627974	0.53221369
1.4632103	0.53250611
1.4636234	0.53262305
1.4640367	0.53320771
1.4644502	0.53332472
1.4648641	0.5334416
1.4652781	0.53309083
1.4656924	0.53303236
1.4661069	0.53332472
1.4665216	0.53338319
1.4669366	0.53285688
1.4673518	0.53297389
1.4677672	0.53338319
1.4681829	0.53361708
1.4685988	0.53385097
1.469015	0.53426021
1.4694314	0.53408486
1.469848	0.53402638
1.4702649	0.53449416
1.470682	0.53478652
1.4710993	0.53472805
1.471517	0.53437722
1.4719347	0.53472805
1.4723527	0.53502041
1.472771	0.53478652
1.4731897	0.53502041
1.4736084	0.53502041
1.4740274	0.53531277
1.4744467	0.53548819
1.4748662	0.53537124
1.4752858	0.53572202
1.4757057	0.53572202
1.476126	0.53542966
1.4765463	0.53519583
1.476967	0.53548819
1.4773879	0.53601444
1.477809	0.53589743
1.4782305	0.53560513
1.478652	0.53583902
1.4790739	0.53648216
1.479496	0.53642374
1.4799184	0.53618979
1.480341	0.53642374
1.4807638	0.53712535
1.4811869	0.53724235
1.4816102	0.53712535
1.4820337	0.53694999
1.4824575	0.53718388
1.4828815	0.5373593
1.4833061	0.53730083
1.4837304	0.53724235
1.4841553	0.53747624
1.4845803	0.53759319
1.4850056	0.53753471
1.4854311	0.5377686
1.4858568	0.53794402
1.4862827	0.53788549
1.4867089	0.53765166
1.4871353	0.53753471
1.4875621	0.53782707
1.4879889	0.53806096
1.4884162	0.53852868
1.4888437	0.53852868
1.4892714	0.53852868
1.4896992	0.53864568
1.4901278	0.53870416
1.4905561	0.53905499
1.4909849	0.53946429
1.4914138	0.53946429
1.491843	0.53958124
1.4922724	0.53940576
1.4927021	0.53934735
1.493132	0.53917193
1.4935622	0.53923041
1.4939926	0.53940576
1.4944233	0.53940576
1.4948542	0.53993207
1.4952854	0.5401659
1.4957168	0.5401659
1.4961485	0.53993207
1.4965804	0.53999048
1.4970125	0.5401659
1.4974447	0.5401659
1.4978775	0.54057527
1.4983103	0.54045826
1.4987437	0.54045826
1.499177	0.5409261
1.4996107	0.54121846
1.5000446	0.54127693
1.5004789	0.5413354
1.5009133	0.54151076
1.5013479	0.5413354
1.5017828	0.54104304
1.502218	0.54168618
1.5026534	0.54180318
1.5030892	0.54156929
1.503525	0.54145235
1.5039612	0.54162776
1.5043976	0.54209554
1.5048344	0.54215395
1.5052713	0.54215395
1.5057086	0.54203707
1.506146	0.54192013
1.5065837	0.54227096
1.5070215	0.54256332
1.5074598	0.54250479
1.5078982	0.54227096
1.5083369	0.54262179
1.5087758	0.54273868
1.5092151	0.54262179
1.5096546	0.54250479
1.5100944	0.54268026
1.5105344	0.54291415
1.5109746	0.54314804
1.5114151	0.54320651
1.511856	0.54308951
1.5122969	0.54297262
1.5127382	0.54314804
1.5131798	0.54379123
1.5136217	0.54402512
1.5140636	0.54367429
1.514506	0.54326499
1.5149485	0.54314804
1.5153915	0.54320651
1.5158345	0.54373276
1.5162779	0.54373276
1.5167215	0.54367429
1.5171654	0.54355735
1.5176095	0.54384971
1.518054	0.54414201
1.5184987	0.54443437
1.5189435	0.5444929
1.5193887	0.54437596
1.5198342	0.54460984
1.5202799	0.54455137
1.5207258	0.5444929
1.521172	0.54472673
1.5216186	0.54472673
1.5220653	0.5447852
1.5225123	0.54490221
1.5229596	0.54507756
1.5234071	0.54501909
1.5238549	0.54501909
1.524303	0.54490221
1.5247513	0.54507756
1.5251998	0.54542845
1.5256486	0.5455454
1.5260978	0.5455454
1.5265471	0.5455454
1.5269967	0.54548693
1.5274466	0.54572082
1.5278969	0.54577923
1.5283473	0.54601318
1.528798	0.54601318
1.529249	0.54572082
1.5297003	0.54601318
1.5301517	0.54636401
1.5306035	0.54653943
1.5310555	0.54630554
1.5315078	0.54630554
1.5319604	0.54653943
1.5324134	0.5465979
1.5328665	0.54683179
1.5333198	0.54677325
1.5337734	0.54677325
1.5342274	0.54706562
1.5346816	0.54712415
1.5351361	0.54706562
1.5355908	0.54729956
1.5360456	0.54712415
1.5365007	0.54700714
1.5369563	0.54718262
1.537412	0.54712415
1.5378683	0.54718262
1.5383245	0.54759192
1.5387812	0.54776728
1.539238	0.5480597
1.5396953	0.54817665
1.5401527	0.54811817
1.5406104	0.54835206
1.5410683	0.54858595
1.5415267	0.54835206
1.5419852	0.54841048
1.542444	0.54876131
1.5429029	0.54864442
1.5433626	0.54864442
1.5438222	0.54887831
1.5442821	0.54917067
1.5447421	0.54928756
1.5452026	0.54934609
1.5456632	0.54952151
1.5461243	0.54975533
1.5465856	0.54993081
1.5470469	0.54987234
1.5475086	0.54981387
1.5479708	0.55010623
1.5484331	0.55039853
1.5488957	0.550574
1.5493586	0.55063248
1.5498219	0.550574
1.5502852	0.55051553
1.5507492	0.55069089
1.5512131	0.55086637
1.5516775	0.55092484
1.552142	0.55080789
1.5526069	0.55092484
1.553072	0.55086637
1.5535375	0.55092484
1.5540031	0.55110025
1.5544689	0.55127561
1.5549351	0.55174339
1.5554017	0.55180192
1.5558684	0.55174339
1.5563356	0.55186039
1.5568029	0.55209428
1.5572705	0.5522697
1.5577384	0.55232817
1.5582068	0.5522697
1.5586753	0.55215275
1.5591441	0.55221123
1.5596131	0.55273747
1.5600824	0.55285442
1.560552	0.55256206
1.561022	0.55273747
1.5614921	0.55308831
1.5619628	0.55326366
1.5624335	0.55343914
1.5629046	0.55343914
1.5633758	0.55338067
1.5638475	0.55349761
1.5643194	0.55361456
1.5647916	0.5537315
1.565264	0.55361456
1.5657365	0.5537315
1.5662096	0.55390692
1.5666829	0.5540238
1.5671564	0.55396539
1.5676304	0.55396539
1.5681045	0.55408233
1.5685791	0.55408233
1.5690538	0.55431616
1.5695291	0.55443317
1.5700043	0.55443317
1.57048	0.55425775
1.5709559	0.55460858
1.5714321	0.55472553
1.5719085	0.55455011
1.5723853	0.55472553
1.5728624	0.554784
1.5733397	0.554667
1.5738174	0.55495936
1.5742953	0.55519331
1.5747734	0.55519331
1.5752521	0.55531025
1.5757308	0.55531025
1.5762099	0.55536872
1.5766892	0.55542719
1.5771688	0.55548567
1.5776488	0.55531025
1.5781291	0.55519331
1.5786096	0.55566108
1.5790905	0.55601186
1.5795716	0.55566108
1.5800531	0.55607039
1.5805347	0.55642122
1.5810168	0.55618733
1.5814991	0.55612886
1.5819818	0.55630422
1.5824646	0.55647969
1.5829479	0.55653816
1.5834312	0.55630422
1.5839151	0.5562458
1.5843991	0.55647969
1.5848837	0.55671358
1.5853683	0.55665505
1.5858533	0.55671358
1.5863385	0.556889
1.5868242	0.55683053
1.58731	0.55718136
1.5877962	0.55712289
1.5882826	0.55718136
1.5887693	0.55723977
1.5892563	0.55718136
1.5897436	0.55764914
1.5902313	0.55759066
1.5907192	0.55764914
1.5912075	0.55782455
1.591696	0.55776608
1.5921849	0.55759066
1.592674	0.55753219
1.5931635	0.55776608
1.5936533	0.55788302
1.5941433	0.55805844
1.5946337	0.55852622
1.5951242	0.55858463
1.5956153	0.55858463
1.5961065	0.55887705
1.5965984	0.55905247
1.5970901	0.558994
1.5975825	0.55893546
1.5980748	0.55905247
1.5985676	0.55934483
1.5990607	0.55928636
1.5995542	0.55905247
1.6000477	0.55928636
1.6005416	0.55957872
1.6010358	0.55952024
1.6015304	0.55946177
1.6020253	0.55969566
1.6025206	0.55981261
1.603016	0.55992955
1.6035119	0.56010497
1.604008	0.56016344
1.6045047	0.56010497
1.6050013	0.56010497
1.6054984	0.56022191
1.6059958	0.56033885
1.6064935	0.56051427
1.6069914	0.56051427
1.6074898	0.56074816
1.6079884	0.56115746
1.608487	0.56127441
1.6089861	0.56098205
1.6094857	0.56092352
1.6099856	0.56121594
1.6104858	0.56139135
1.6109861	0.56121594
1.611487	0.56133288
1.6119881	0.56139135
1.6124896	0.5615083
1.6129912	0.56185913
1.6134933	0.56180066
1.6139956	0.56185913
1.6144984	0.56203455
1.6150012	0.56197608
1.6155045	0.56209302
1.616008	0.56226838
1.6165122	0.56232691
1.6170163	0.56256074
1.6175209	0.56267774
1.6180257	0.56250232
1.6185309	0.56238538
1.6190363	0.56267774
1.6195421	0.56302857
1.6200482	0.56320399
1.6205544	0.56343788
1.6210611	0.56343788
1.6215682	0.56373024
1.6220756	0.56384718
1.6225833	0.56355482
1.6230912	0.56367177
1.6235996	0.56373024
1.6241082	0.56361324
1.6246173	0.56373024
1.6251266	0.56396413
1.6256363	0.56419802
1.6261462	0.56443191
1.6266564	0.56443191
1.627167	0.56460732
1.6276779	0.56484115
1.6281891	0.56495816
1.6287007	0.56489968
1.6292125	0.56472427
1.6297247	0.56478274
1.6302372	0.56501663
1.6307501	0.56525052
1.6312631	0.56519204
1.6317767	0.56513357
1.6322904	0.56542593
1.6328044	0.56554288
1.6333188	0.56554288
1.6338336	0.56530899
1.6343486	0.56519204
1.6348641	0.56530899
1.6353798	0.56542593
1.6358958	0.56577677
1.6364123	0.56601065
1.6369292	0.5661276
1.637446	0.56571829
1.6379635	0.56565982
1.6384811	0.56589371
1.6389992	0.56606913
1.6395175	0.5661276
1.6400362	0.56630301
1.6405551	0.56618607
1.6410745	0.56618607
1.6415942	0.56606913
1.6421142	0.56618607
1.6426344	0.56618607
1.6431552	0.56630301
1.643676	0.56641996
1.6441975	0.56665385
1.644719	0.56653684
1.6452409	0.56653684
1.6457632	0.56647843
1.6462859	0.56641996
1.6468087	0.56677079
1.6473321	0.56741399
1.6478556	0.56706315
1.6483797	0.56665385
1.648904	0.56677079
1.6494286	0.56694621
1.6499535	0.56700468
1.6504788	0.56700468
1.6510044	0.56694621
1.6515305	0.56694621
1.6520567	0.5671801
1.6525834	0.56712157
1.6531103	0.5671801
1.6536378	0.56723857
1.6541654	0.56723857
1.6546935	0.56735551
1.6552217	0.56735551
1.6557504	0.56753093
1.6562793	0.56782329
1.6568087	0.56764787
1.6573384	0.56753093
1.6578683	0.56770635
1.6583985	0.56794024
1.6589293	0.5678817
1.6594603	0.5678817
1.6599917	0.56794024
1.6605233	0.56794024
1.6610554	0.56817412
1.6615878	0.56834954
1.6621207	0.56834954
1.6626537	0.56829107
1.6631873	0.56823254
1.6637208	0.56834954
1.664255	0.56875885
1.6647894	0.56899273
1.6653243	0.56887579
1.6658593	0.56881726
1.6663947	0.56899273
1.6669306	0.56887579
1.6674668	0.56875885
1.6680032	0.56887579
1.6685401	0.56910962
1.6690773	0.56934357
1.6696149	0.56934357
1.6701527	0.56940204
1.670691	0.56951898
1.6712295	0.56951898
1.6717685	0.56963593
1.6723077	0.56963593
1.6728474	0.5696944
1.6733873	0.56998676
1.6739277	0.57039607
1.6744683	0.5701037
1.6750095	0.57016218
1.6755508	0.57039607
1.6760926	0.57051295
1.6766347	0.57045454
1.6771772	0.57057148
1.6777198	0.5707469
1.6782631	0.57092237
1.6788064	0.57098079
1.6793501	0.57103926
1.6798942	0.5711562
1.6804388	0.57098079
1.6809837	0.57109767
1.6815289	0.57121474
1.6820744	0.57133162
1.6826205	0.57156551
1.6831667	0.57162398
1.6837136	0.57168245
1.6842605	0.57197481
1.684808	0.57203329
1.6853557	0.57203329
1.6859038	0.57203329
1.6864522	0.57203329
1.687001	0.57203329
1.6875501	0.57209176
1.6881	0.57238412
1.6886498	0.57238412
1.6892	0.57238412
1.6897506	0.572501
1.6903015	0.57273495
1.6908529	0.57291037
1.6914046	0.5728519
1.6919565	0.57273495
1.6925087	0.57296884
1.6930614	0.57308578
1.6936146	0.5732612
1.694168	0.57361203
1.6947218	0.57361203
1.695276	0.57378745
1.6958306	0.57378745
1.6963854	0.57372898
1.6969409	0.57372898
1.6974965	0.57361203
1.6980526	0.57372898
1.6986089	0.57396287
1.6991657	0.57402134
1.6997228	0.57407981
1.7002803	0.57413822
1.7008381	0.57407981
1.7013963	0.57413822
1.7019548	0.57448906
1.7025138	0.57460606
1.703073	0.57443064
1.7036328	0.5743137
1.7041928	0.57443064
1.7047533	0.57437217
1.7053139	0.57448906
1.705875	0.57454759
1.7064364	0.57466453
1.7069983	0.57472301
1.7075605	0.57472301
1.7081233	0.57460606
1.7086862	0.57478142
1.7092496	0.57489842
1.7098132	0.57495689
1.7103775	0.57501537
1.7109419	0.57495689
1.7115068	0.57489842
1.712072	0.57524925
1.7126377	0.57542467
1.7132035	0.57542467
1.7137699	0.5753662
1.7143366	0.57548314
1.7149036	0.57530773
1.715471	0.5753662
1.7160389	0.5753662
1.7166071	0.5753662
1.7171758	0.57560009
1.7177447	0.57554162
1.7183142	0.57565856
1.7188838	0.57589245
1.7194541	0.57571703
1.7200245	0.57548314
1.7205955	0.57542467
1.7211666	0.5753662
1.7217383	0.57548314
1.7223103	0.57571703
1.7228827	0.57571703
1.7234554	0.5757755
1.7240288	0.57565856
1.7246022	0.57554162
1.7251762	0.5757755
1.7257504	0.57583398
1.7263252	0.57589245
1.7269002	0.57600939
1.7274756	0.57600939
1.7280514	0.57606786
1.7286276	0.57618481
1.7292041	0.57600939
1.7297812	0.57595092
1.7303585	0.57618481
1.7309363	0.57612628
1.7315143	0.57600939
1.732093	0.57606786
1.7326717	0.57618481
1.7332511	0.57624328
1.7338307	0.57647711
1.7344109	0.57647711
1.7349913	0.57647711
1.7355722	0.57647711
1.7361534	0.57659411
1.7367351	0.57671106
1.737317	0.576828
1.7378997	0.57676953
1.7384824	0.57665259
1.7390656	0.57665259
1.7396491	0.57665259
1.7402332	0.57671106
1.7408174	0.57706189
1.7414023	0.57717884
1.7419873	0.57723731
1.7425728	0.57706189
1.7431587	0.57717884
1.7437451	0.57741272
1.7443317	0.57741272
1.7449189	0.57735425
1.7455064	0.5774712
1.7460943	0.57758814
1.7466825	0.57764661
1.7472714	0.57770509
1.7478604	0.57782203
1.7484499	0.57811433
1.7490398	0.57811433
1.7496301	0.57793897
1.7502208	0.57776356
1.7508119	0.57799745
1.7514033	0.57811433
1.7519954	0.5785237
1.7525877	0.57869911
1.7531804	0.57869911
1.7537735	0.57869911
1.754367	0.57875758
1.7549609	0.57887453
1.7555553	0.57881606
1.7561499	0.57875758
1.7567449	0.57887453
1.7573403	0.578933
1.7579362	0.578933
1.7585325	0.57904994
1.7591293	0.57934231
1.7597264	0.57934231
1.760324	0.57945931
1.7609218	0.57969314
1.7615204	0.57963467
1.7621191	0.57963467
1.7627183	0.57975161
1.7633178	0.57981008
1.7639178	0.57986856
1.7645181	0.57992703
1.7651191	0.58004397
1.7657201	0.58016092
1.7663218	0.58033633
1.7669238	0.58033633
1.7675263	0.58033633
1.768129	0.58051175
1.7687324	0.58057022
1.769336	0.58062869
1.7699401	0.58068711
1.7705445	0.58057022
1.7711494	0.58062869
1.7717546	0.58086258
1.7723604	0.58092105
1.7729665	0.581038
1.773573	0.58109647
1.7741799	0.58121341
1.7747874	0.5814473
1.7753952	0.58156425
1.7760036	0.58168119
1.7766122	0.58162272
1.7772213	0.58173966
1.7778307	0.58162272
1.7784407	0.58168119
1.7790509	0.58168119
1.7796618	0.58179814
1.7802728	0.58191508
1.7808841	0.58191508
1.781496	0.58173966
1.7821085	0.58185661
1.7827213	0.58197355
1.7833346	0.58197355
1.7839482	0.58191508
1.7845623	0.58191508
1.7851768	0.58214897
1.785792	0.58214897
1.7864072	0.58214897
1.7870232	0.58214897
1.7876393	0.58232439
1.788256	0.58226591
1.788873	0.58209044
1.7894906	0.58209044
1.7901084	0.58203202
1.790727	0.58197355
1.7913457	0.58214897
1.7919649	0.58220744
1.7925845	0.58226591
1.7932047	0.58209044
1.793825	0.58214897
1.794446	0.58232439
1.7950673	0.58220744
1.795689	0.58214897
1.7963111	0.58226591
1.7969339	0.58232439
1.7975569	0.58232439
1.7981805	0.58226591
1.7988043	0.58244133
1.7994287	0.5823828
1.8000535	0.58232439
1.800679	0.5823828
1.8013045	0.5823828
1.8019307	0.58220744
1.8025571	0.58214897
1.8031842	0.58214897
1.8038116	0.58220744
1.8044394	0.58209044
1.8050677	0.58220744
1.8056965	0.58232439
1.8063256	0.58244133
1.8069552	0.58261675
1.8075852	0.58261675
1.8082157	0.58226591
1.8088466	0.58214897
1.809478	0.58214897
1.8101097	0.58232439
1.8107419	0.58226591
1.8113745	0.58220744
1.8120078	0.58255827
1.8126413	0.58279216
1.8132753	0.58261675
1.8139096	0.58244133
1.8145447	0.58261675
1.8151799	0.58296758
1.8158158	0.58279216
1.8164519	0.58273369
1.8170887	0.58255827
1.8177258	0.58255827
1.8183634	0.58279216
1.8190013	0.58279216
1.8196399	0.583143
1.8202788	0.58349383
1.8209183	0.58331841
1.8215581	0.58320147
1.8221985	0.58331841
1.8228391	0.58320147
1.8234804	0.58290911
1.8241218	0.58279216
1.824764	0.58290911
1.8254064	0.58349383
1.8260493	0.58419549
1.8266927	0.58384466
1.8273367	0.58343536
1.8279809	0.58372772
1.8286258	0.58396161
1.829271	0.58378619
1.8299167	0.58378619
1.8305628	0.58402008
1.8312097	0.58402008
1.8318566	0.58384466
1.8325043	0.58378619
1.8331522	0.58372772
1.8338007	0.58372772
1.8344495	0.58407855
1.835099	0.58442938
1.8357487	0.58478028
1.8363992	0.58489716
1.83705	0.58483869
1.8377012	0.58513105
1.8383528	0.58448786
1.839005	0.58442938
1.8396575	0.58495557
1.8403107	0.58472174
1.8409641	0.58466321
1.8416178	0.58542341
1.8422722	0.5850141
1.8429272	0.58407855
1.8435825	0.58407855
1.8442384	0.58437085
1.8448946	0.58437085
1.8455515	0.58442938
1.8462087	0.58524799
1.8468666	0.5860666
1.8475248	0.58600813
1.8481835	0.58577424
1.8488425	0.58507264
1.8495022	0.58472174
1.8501621	0.58478028
1.8508228	0.58472174
1.8514837	0.5846048
1.852145	0.58483869
1.8528068	0.58548188
1.8534694	0.58618355
1.8541322	0.58583272
1.8547956	0.58507264
1.8554593	0.58536494
1.8561238	0.58612508
1.8567885	0.58624202
1.8574541	0.58554035
1.8581197	0.58530647
1.858786	0.58571571
1.8594526	0.58659285
1.8601199	0.58659285
1.8607875	0.58612508
1.8614557	0.58571571
1.8621242	0.58559883
1.8627936	0.58559883
1.8634632	0.58583272
1.8641332	0.58612508
1.8648038	0.58594966
1.8654748	0.58612508
1.8661463	0.58630049
1.8668184	0.5867098
1.8674908	0.58746994
1.8681637	0.58729452
1.868837	0.58647591
1.869511	0.58653438
1.8701854	0.58746994
1.8708603	0.58782077
1.8715357	0.58688521
1.8722117	0.58694369
1.872888	0.5877623
1.8735651	0.58723605
1.8742423	0.5863589
1.8749202	0.58641744
1.8755985	0.58630049
1.8762774	0.58665127
1.8769567	0.58682674
1.8776366	0.5863589
1.8783168	0.5860666
1.8789977	0.58571571
1.8796788	0.58548188
1.8803607	0.58548188
1.881043	0.58554035
1.8817258	0.58536494
1.882409	0.58518952
1.8830929	0.58530647
1.883777	0.58548188
1.8844618	0.58513105
1.8851469	0.58472174
1.8858327	0.58454633
1.8865188	0.58483869
1.8872057	0.5846048
1.8878928	0.58448786
1.8885808	0.58431244
1.8892689	0.58442938
1.8899578	0.58483869
1.8906469	0.58437085
1.8913368	0.58419549
1.892027	0.58413702
1.8927178	0.58384466
1.893409	0.58366925
1.8941009	0.5835523
1.8947932	0.58337688
1.8954861	0.58302605
1.8961793	0.58285064
1.8968732	0.58273369
1.8975675	0.58267516
1.8982624	0.58244133
1.8989576	0.58279216
1.8996536	0.58308452
1.9003499	0.58232439
1.9010466	0.58162272
1.9017439	0.5814473
1.9024419	0.58179814
1.9031402	0.58162272
1.9038392	0.58115494
1.9045385	0.5814473
1.9052386	0.58179814
1.905939	0.58133036
1.9066402	0.58080411
1.9073416	0.58027786
1.9080436	0.57975161
1.9087461	0.57969314
1.9094492	0.57969314
1.9101527	0.57969314
1.9108568	0.57969314
1.9115614	0.57957619
1.9122664	0.57940078
1.912972	0.57975161
1.9136782	0.57986856
1.9143847	0.57916689
1.915092	0.57881606
1.9157996	0.578933
1.916508	0.57887453
1.9172167	0.5785237
1.9179261	0.57834828
1.9186358	0.57817286
1.9193462	0.57858217
1.9200571	0.57928383
1.9207685	0.57922536
1.9214803	0.57840669
1.9221928	0.57805592
1.9229058	0.57793897
1.9236195	0.57805592
1.9243335	0.57782203
1.9250481	0.57764661
1.9257631	0.57752967
1.9264789	0.57758814
1.927195	0.57770509
1.9279118	0.57776356
1.9286289	0.57770509
1.9293463	0.57717884
1.9300646	0.57717884
1.9307835	0.57706189
1.9315028	0.576828
1.9322227	0.57659411
1.9329431	0.57647711
1.9336642	0.57665259
1.9343857	0.57659411
1.9351079	0.57641864
1.9358305	0.57641864
1.9365537	0.57630175
1.9372772	0.57606786
1.9380015	0.57589245
1.9387262	0.57595092
1.9394516	0.57600939
1.9401773	0.57565856
1.940904	0.57571703
1.9416308	0.57554162
1.9423584	0.57513231
1.9430864	0.57483995
1.943815	0.57489842
1.9445441	0.57483995
1.9452738	0.57472301
1.9460039	0.57443064
1.9467345	0.57413822
1.9474658	0.57437217
1.9481977	0.5743137
1.94893	0.57413822
1.949663	0.57402134
1.9503965	0.57384586
1.9511306	0.57378745
1.9518652	0.57361203
1.9526006	0.5732612
1.9533362	0.57291037
1.9540726	0.57267648
1.9548093	0.57244259
1.9555469	0.572501
1.9562846	0.572501
1.9570233	0.57238412
1.9577622	0.5722087
1.9585019	0.57197481
1.959242	0.57156551
1.9599829	0.57133162
1.960724	0.57133162
1.961466	0.57121474
1.9622083	0.57080531
1.9629514	0.5707469
1.9636948	0.57086384
1.9644389	0.57068843
1.9651834	0.57039607
1.9659288	0.5701037
1.9666744	0.56981134
1.9674209	0.56963593
1.9681678	0.56963593
1.9689153	0.56963593
1.9696634	0.56928509
1.9704123	0.56928509
1.9711614	0.56940204
1.9719112	0.56922662
1.9726615	0.56899273
1.9734125	0.56881726
1.9741639	0.56870037
1.9749161	0.56881726
1.9756685	0.56881726
1.976422	0.56881726
1.9771756	0.5686419
1.9779301	0.5685249
1.9786849	0.5685249
1.9794405	0.5685249
1.9801965	0.5686419
1.9809532	0.56834954
1.9817104	0.56834954
1.9824681	0.56846648
1.9832264	0.5685249
1.9839855	0.56846648
1.984745	0.56834954
1.9855052	0.56840801
1.9862659	0.5685249
1.9870273	0.56881726
1.987789	0.56875885
1.9885516	0.56875885
1.9893147	0.56899273
1.9900783	0.56893426
1.9908425	0.56899273
1.9916074	0.56905121
1.9923728	0.56916815
1.9931389	0.56940204
1.9939053	0.56963593
1.9946727	0.56981134
1.9954402	0.56975287
1.9962088	0.56975287
1.9969776	0.5701037
1.9977473	0.57027912
1.9985173	0.57022065
1.9992882	0.57022065
2.0000594	0.57022065
2.0008314	0.57039607
2.0016038	0.5707469
2.002377	0.57103926
2.0031507	0.57103926
2.0039251	0.5711562
2.0046999	0.57133162
2.0054755	0.57133162
2.0062516	0.57139009
2.0070286	0.57150704
2.0078058	0.57168245
2.0085838	0.57197481
2.0093622	0.57209176
2.0101414	0.57197481
2.010921	0.57203329
2.0117013	0.5722087
2.0124824	0.572501
2.0132637	0.57279336
2.0140457	0.57302731
2.0148287	0.5732612
2.0156119	0.57337815
2.016396	0.57361203
2.0171804	0.5739044
2.0179658	0.57402134
2.0187516	0.57425523
2.0195379	0.57437217
2.0203249	0.57460606
2.0211127	0.57466453
2.0219009	0.57472301
2.0226898	0.57507384
2.0234792	0.57542467
2.0242696	0.57565856
2.0250602	0.57600939
2.0258517	0.57653564
2.0266438	0.57653564
2.0274363	0.57665259
2.0282295	0.57700342
2.0290234	0.57723731
2.0298178	0.57741272
2.0306129	0.5778805
2.0314085	0.57817286
2.0322044	0.57817286
2.0330014	0.57840669
2.0337989	0.57875758
2.0345972	0.57904994
2.0353961	0.57922536
2.0361953	0.57934231
2.0369956	0.57951772
2.0377963	0.57945931
2.0385981	0.57975161
2.0393999	0.58021939
2.0402026	0.58021939
2.0410056	0.58045328
2.0418096	0.58080411
2.042614	0.581038
2.0434194	0.58109647
2.044225	0.58127189
2.0450315	0.58173966
2.0458386	0.58185661
2.0466464	0.58179814
2.0474546	0.58197355
2.0482635	0.58209044
2.049073	0.58214897
2.0498834	0.58220744
2.0506942	0.5823828
2.0515053	0.58267516
2.0523174	0.58290911
2.0531304	0.58285064
2.0539436	0.58296758
2.0547578	0.58320147
2.0555725	0.58325994
2.0563879	0.58320147
2.057204	0.58325994
2.0580208	0.58349383
2.0588381	0.58372772
2.0596561	0.58384466
2.0604746	0.58402008
2.0612941	0.58396161
2.062114	0.58402008
2.0629346	0.58413702
2.0637558	0.58431244
2.0645773	0.58431244
2.0653996	0.58419549
2.0662231	0.58413702
2.0670469	0.58419549
2.0678713	0.58419549
2.0686965	0.58431244
2.0695224	0.58419549
2.0703487	0.58390313
2.0711763	0.58390313
2.0720038	0.58402008
2.0728326	0.58372772
2.0736616	0.5835523
2.0744915	0.58331841
2.0753219	0.58302605
2.076153	0.58278877
2.0769846	0.58172083
2.0778172	0.58118683
2.0786502	0.58106822
2.0794842	0.58053422
2.0803187	0.58023757
2.0811539	0.58000028
2.0819895	0.58035624
2.0828261	0.58035624
2.0836632	0.57964432
2.084501	0.57863575
2.0853395	0.57798308
2.0861788	0.57738984
2.0870185	0.57744914
2.0878592	0.57715249
2.0887003	0.57667786
2.0895422	0.57661855
2.0903847	0.57614386
2.0912282	0.5757879
2.092072	0.57590663
2.0929167	0.57566929
2.0937619	0.57560998
2.0946081	0.57483864
2.0954545	0.57400805
2.096302	0.57424539
2.0971498	0.57460135
2.0979986	0.57383007
2.0988479	0.57305878
2.0996981	0.57323682
2.1005487	0.57317746
2.1014004	0.57323682
2.1022525	0.57359278
2.1031053	0.57359278
2.1039588	0.57329613
2.1048129	0.57282144
2.1056678	0.57276213
2.1065235	0.57210952
2.1073797	0.57104158
2.1082368	0.57062632
2.1090944	0.57056701
2.1099529	0.57015163
2.1108119	0.57044828
2.1116717	0.57062632
2.1125321	0.57074493
2.1133935	0.5708636
2.1142552	0.5708636
2.115118	0.57121962
2.1159811	0.57133824
2.1168454	0.57145691
2.1177099	0.57163489
2.1185756	0.57151622
2.1194417	0.57169425
2.1203086	0.57145691
2.121176	0.57145691
2.1220446	0.57157558
2.1229134	0.57175356
2.1237831	0.57163489
2.1246536	0.57121962
2.1255245	0.57121962
2.1263962	0.57169425
2.1272688	0.57222819
2.1281419	0.5722875
2.1290162	0.57151622
2.1298907	0.57116026
2.1307662	0.5708636
2.1316423	0.57027036
2.1325192	0.57032967
2.1333966	0.57062632
2.1342752	0.57068563
2.135154	0.57068563
2.1360338	0.57104158
2.1369143	0.5708636
2.1377954	0.57056701
2.1386774	0.5708636
2.1395605	0.5713976
2.1404438	0.57193154
2.1413281	0.5713976
2.1422129	0.57145691
2.1430986	0.57175356
2.1439848	0.57169425
2.144872	0.57193154
2.1457596	0.57205021
2.1466477	0.57175356
2.1475368	0.57210952
2.148427	0.57264352
2.1493175	0.57294017
2.1502092	0.57317746
2.1511011	0.57365209
2.1519942	0.57388943
2.1528878	0.57394874
2.1537826	0.57412672
2.1546776	0.57454199
2.1555736	0.57466066
2.1564703	0.57501668
2.1573677	0.57543194
2.1582658	0.57543194
2.1591649	0.57584727
2.1600645	0.57590663
2.1609645	0.57614386
2.1618655	0.57661855
2.1627674	0.57685584
2.1636701	0.5769152
2.1645734	0.57673717
2.1654775	0.57644051
2.1663826	0.57667786
2.1672883	0.57744914
2.168195	0.57804245
2.169102	0.57822037
2.1700101	0.57875437
2.1709187	0.57875437
2.1718283	0.5783391
2.1727386	0.5783391
2.1736495	0.57839841
2.1745613	0.57851702
2.1754742	0.57851702
2.1763873	0.57881367
2.1773014	0.5789324
2.1782162	0.57881367
2.179132	0.5789324
2.1800482	0.57905102
2.1809654	0.57905102
2.1818831	0.579229
2.1828015	0.57934767
2.1837208	0.57958502
2.1846411	0.57940698
2.1855621	0.5789324
2.1864841	0.57905102
2.1874065	0.57928836
2.1883299	0.57946634
2.189254	0.57916969
2.1901793	0.57857639
2.1911051	0.57869506
2.1920316	0.57863575
2.1929588	0.5783391
2.193887	0.57863575
2.1948156	0.57869506
2.1957452	0.57845771
2.1966755	0.57798308
2.197607	0.57798308
2.1985388	0.57839841
2.1994717	0.57792377
2.2004051	0.57816106
2.2013395	0.57845771
2.2022746	0.5783391
2.2032106	0.57804245
2.2041473	0.57738984
2.2050848	0.57709318
2.206023	0.57750845
2.2069621	0.5778051
2.207902	0.57744914
2.2088428	0.57697451
2.2097843	0.57673717
2.2107267	0.57638121
2.2116697	0.57655919
2.2126141	0.57667786
2.2135587	0.57649988
2.2145045	0.57555062
2.2154505	0.57507598
2.216398	0.57460135
2.2173457	0.57424539
2.2182946	0.5743047
2.2192442	0.57418603
2.2201948	0.57323682
2.2211459	0.57216883
2.2220981	0.57133824
2.2230508	0.57056701
2.2240045	0.56949902
2.2249589	0.56849045
2.2259145	0.5673632
2.2268705	0.56611729
2.2278273	0.56481206
2.228785	0.56332886
2.2297437	0.56172693
2.2307031	0.56048101
2.2316635	0.55864185
2.2326245	0.55674332
2.2335865	0.55496347
2.234549	0.55330223
2.2355127	0.55158168
2.2364771	0.54986119
2.2374425	0.54796261
2.2384083	0.54665738
2.2393754	0.54570812
2.2403431	0.54487753
2.2413118	0.54351294
2.2422812	0.54262298
2.243252	0.54155511
2.2442229	0.54030919
2.2451949	0.53930056
2.2461677	0.53858864
2.2471414	0.53787673
2.2481158	0.53722405
2.2490911	0.53627479
2.2500672	0.53514755
2.251044	0.53455424
2.2520218	0.53378302
2.2530005	0.53295237
2.2539799	0.53235906
2.2549605	0.53235906
2.2559416	0.53235906
2.2569239	0.53212178
2.2579067	0.53111321
2.2588909	0.53004527
2.2598755	0.5299266
2.2608612	0.52974862
2.2618475	0.52891803
2.2628348	0.52785009
2.263823	0.52630752
2.264812	0.52464634
2.2658017	0.52363771
2.2667923	0.52215451
2.2677839	0.51995933
2.2687764	0.5180015
2.2697697	0.51639962
2.2707639	0.5145604
2.271759	0.51289916
2.2727549	0.51106
2.2737517	0.50939876
2.2747495	0.50779688
2.275748	0.50619501
2.2767475	0.50453377
2.2777479	0.50305057
2.278749	0.50109273
2.2797511	0.49949083
2.2807541	0.49765164
2.2817578	0.49587175
2.282763	0.49462587
2.2837684	0.49296466
2.284775	0.49071014
2.2857823	0.48887098
2.2867908	0.4871504
2.2877998	0.48531121
2.28881	0.48329401
2.2898209	0.48050559
2.2908323	0.47742042
2.2918451	0.47457266
2.2928588	0.47225884
2.2938731	0.46988568
2.2948887	0.46697855
2.2959049	0.46401209
2.2969222	0.46116433
2.2979403	0.4587318
2.2989597	0.45659596
2.2999794	0.45511276
2.3010006	0.4548161
2.3020222	0.45463809
2.303045	0.45398548
2.3040683	0.45279893
2.3050931	0.45078173
2.3061182	0.44852722
2.3071454	0.44573879
2.3081722	0.44277233
2.3092005	0.44010252
2.3102295	0.4367801
2.3112597	0.43286437
2.3122904	0.42995727
2.3133223	0.42722809
2.3143549	0.42455828
2.3153882	0.42248178
2.3164227	0.42123586
2.3174584	0.4198713
2.3184946	0.41856605
2.3195322	0.41749814
2.3205702	0.41648954
2.3216095	0.41536233
2.3226497	0.41488767
2.3236911	0.41524369
2.324733	0.41625226
2.3257761	0.41821009
2.3268199	0.42070192
2.3278646	0.42343107
2.3289104	0.42651615
2.3299572	0.42954195
2.3310046	0.43256772
2.3320534	0.43589014
2.3331029	0.43944991
2.3341534	0.44300961
2.3352048	0.44686601
2.3362572	0.45066306
2.3373103	0.45416349
2.3383648	0.45736724
2.3394198	0.46074897
2.340476	0.46413076
2.3415329	0.46739385
2.342591	0.47071627
2.3436501	0.47451335
2.3447101	0.47777641
2.3457711	0.48115817
2.346833	0.48406529
2.3478959	0.48691311
2.3489597	0.48976088
2.3500245	0.49237135
2.3510904	0.49432921
2.3521569	0.4961684
2.3532248	0.49800763
2.3542933	0.4996095
2.3553631	0.50097406
2.3564336	0.50233865
2.3575051	0.50364387
2.3585775	0.50488979
2.3596511	0.50566107
2.3607256	0.50631368
2.3618011	0.50690693
2.3628776	0.50744092
2.363955	0.50732225
2.3650334	0.50732225
2.3661137	0.50744092
2.3671939	0.50714427
2.3682754	0.50690693
2.3693576	0.50661033
2.3704412	0.5056017
2.3715253	0.50477111
2.3726108	0.5035252
2.373697	0.5015673
2.3747847	0.49913484
2.3758729	0.49688035
2.3769624	0.49456656
2.3780525	0.49177805
2.379144	0.48887098
2.3802361	0.48643845
2.3813298	0.48436195
2.3824239	0.48234475
2.3835192	0.48068354
2.3846154	0.47973427
2.3857129	0.47920033
2.3868113	0.47961563
2.3879108	0.48080218
2.3890109	0.48240408
2.3901126	0.48382795
2.3912148	0.48537052
2.3923185	0.48667577
2.3934228	0.48792168
2.3945284	0.48904893
2.3956349	0.49011683
2.3967426	0.49112543
2.397851	0.49213403
2.3989608	0.49290535
2.4000711	0.49361727
2.4011834	0.4941512
2.4022958	0.49450719
2.4034097	0.49462587
2.4045243	0.49438855
2.4056404	0.49379525
2.4067569	0.49284598
2.4078751	0.49171874
2.4089937	0.49053213
2.4101133	0.48982018
2.4112341	0.48928624
2.4123564	0.48798102
2.4134791	0.48679441
2.4146035	0.48537052
2.4157286	0.48388731
2.4168549	0.48299739
2.4179819	0.48198879
2.4191108	0.48086154
2.4202399	0.48038688
2.4213705	0.48014957
2.4225018	0.47997159
2.4236345	0.47943762
2.424768	0.47908166
2.4259028	0.47896302
2.4270384	0.47884437
2.4281759	0.47872567
2.4293137	0.47902232
2.4304526	0.47961563
2.4315925	0.47991228
2.4327338	0.47997159
2.4338756	0.47991228
2.435019	0.47979358
2.4361632	0.47967494
2.4373078	0.47914097
2.4384544	0.47836971
2.4396017	0.47759843
2.4407504	0.47694582
2.4419	0.47641185
2.4430506	0.47587791
2.4442027	0.47558126
2.4453554	0.4751066
2.4465098	0.47457266
2.447665	0.474098
2.4488211	0.47326744
2.4499784	0.47237748
2.4511368	0.47130957
2.4522963	0.47053829
2.4534569	0.47012296
2.4546185	0.46964833
2.4557815	0.46899572
2.4569452	0.46858042
2.4581103	0.46869907
2.4592764	0.46899572
2.4604435	0.46929237
2.4616117	0.46982634
2.4627812	0.47047898
2.4639518	0.47125024
2.4651229	0.47208083
2.4662957	0.47303009
2.4674697	0.47380134
2.4686446	0.47457266
2.4698207	0.47516596
2.4709978	0.47575921
2.4721763	0.47653052
2.4733558	0.47730181
2.4745364	0.47753912
2.4757183	0.47747976
2.4769011	0.47724247
2.478085	0.4771238
2.4792702	0.47664917
2.4804564	0.47599655
2.4816439	0.47540325
2.4828324	0.4746913
2.4840217	0.47392005
2.4852126	0.47314879
2.4864044	0.47172484
2.4875975	0.47036028
2.4887917	0.46929237
2.4899871	0.46834311
2.4911838	0.46691921
2.4923813	0.46549532
2.4935806	0.46413076
2.4947805	0.46252888
2.4959817	0.46140161
2.497184	0.46057102
2.4983873	0.45997772
2.4995921	0.45944378
2.5007977	0.4587318
2.5020049	0.45813853
2.5032129	0.45784187
2.5044224	0.45754525
2.5056329	0.45712996
2.5068443	0.45707062
2.5080571	0.45647731
2.5092711	0.455706
2.5104864	0.45499408
2.5117025	0.45440081
2.5129199	0.4537482
2.5141385	0.45345154
2.5153584	0.45321423
2.5165794	0.45268023
2.5178018	0.45226493
2.5190251	0.45250228
2.5202496	0.45309559
2.5214756	0.45362952
2.5227027	0.45410416
2.5239308	0.4548161
2.5251603	0.45552805
2.5263908	0.45600265
2.5276225	0.45677397
2.5288556	0.45807922
2.5300899	0.4593251
2.5313251	0.46045238
2.532562	0.46187624
2.5337996	0.4631815
2.5350387	0.46401209
2.536279	0.46531734
2.5375204	0.46685991
2.538763	0.46798712
2.5400069	0.46899572
2.5412521	0.46964833
2.5424979	0.47018233
2.5437455	0.47065693
2.5449944	0.47101292
2.5462441	0.47136888
2.5474954	0.47142822
2.548748	0.47184354
2.5500016	0.47172484
2.5512564	0.47125024
2.5525131	0.47101292
2.5537705	0.47095358
2.5550292	0.47012296
2.556289	0.46941102
2.5575502	0.46881777
2.5588126	0.46810576
2.5600762	0.46685991
2.561341	0.46614796
2.5626073	0.46543598
2.5638747	0.4646647
2.5651433	0.4641901
2.5664132	0.46347815
2.5676842	0.46264753
2.5689566	0.46252888
2.5702302	0.4631815
2.5715053	0.46324083
2.5727808	0.46300349
2.5740583	0.46401209
2.5753372	0.46460539
2.576617	0.46543598
2.5778983	0.46680057
2.579181	0.4677498
2.5804646	0.46816513
2.5817497	0.46905506
2.5830364	0.46952969
2.5843241	0.47130957
2.585613	0.47202149
2.5869033	0.47255549
2.5881948	0.4736827
2.5894876	0.47486931
2.5907817	0.47617456
2.592077	0.47682717
2.5933733	0.47653052
2.5946712	0.47801372
2.5959706	0.48074287
2.5972712	0.4822261
2.598573	0.48299739
2.5998762	0.48370931
2.6011808	0.48430261
2.6024866	0.48537052
2.6037939	0.48626047
2.6051023	0.4871504
2.6064122	0.48904893
2.6077232	0.49041349
2.6090355	0.49136275
2.6103492	0.49248999
2.6116643	0.49326131
2.6129806	0.49385455
2.6142986	0.49432921
2.6156178	0.49421054
2.6169381	0.49521911
2.6182597	0.49622771
2.6195827	0.49604976
2.6209071	0.49717698
2.6222329	0.49782962
2.62356	0.49794829
2.6248877	0.49771097
2.6262174	0.49794829
2.6275485	0.49883822
2.628881	0.49860093
2.6302147	0.49877888
2.6315498	0.49978748
2.6328864	0.49966884
2.6342242	0.49978748
2.6355639	0.49966884
2.6369042	0.49949083
2.6382463	0.49913484
2.6395895	0.49848223
2.6409342	0.49794829
2.6422803	0.49771097
2.6436276	0.49682102
2.6449764	0.49581242
2.6463268	0.4951598
2.6476784	0.49397326
2.6490314	0.49237135
2.6503856	0.49076948
2.6517413	0.48881161
2.6530983	0.48703176
2.6544569	0.48501456
2.6558168	0.48281938
2.6571774	0.48098019
2.65854	0.47896302
2.6599042	0.47694582
2.6612697	0.47516596
2.6626365	0.47303009
2.6640048	0.47041962
2.6653745	0.46822447
2.6667454	0.4662666
2.6681182	0.46395275
2.6694922	0.46015573
2.6708674	0.4572486
2.6722443	0.45351088
2.6736224	0.4482899
2.6750021	0.44295028
2.676383	0.43761069
2.6777654	0.43114382
2.6791496	0.42194787
2.6805348	0.41002271
2.6819217	0.39364791
2.6833098	0.37389135
2.6846995	0.35277024
2.6860905	0.33164909
2.6874828	0.31153655
2.6888769	0.29379719
2.6902716	0.27748173
2.6916685	0.26270881
2.6930668	0.24846986
2.6944666	0.23547679
2.6958678	0.22367032
2.6972704	0.21281312
2.6986744	0.20100665
2.7000799	0.18706433
2.7014871	0.17169812
2.7028956	0.15793379
2.7043056	0.14737323
2.7057171	0.14203362
2.70713	0.13894852
2.7085443	0.13586341
2.7099602	0.1317697
2.7113776	0.12708272
2.7127967	0.12239572
2.7142169	0.11794604
2.7156389	0.11242846
2.7170622	0.10424105
2.718487	0.093087196
2.7199132	0.081102736
2.7213409	0.073449299
2.7227702	0.072322048
2.7242005	0.073449299
2.7256327	0.075169846
2.7270665	0.078373604
2.7285018	0.080806091
2.7299387	0.07855159
2.7313771	0.0757038
2.7328169	0.076297097
2.7342582	0.079678841
2.7357013	0.08418785
2.7371457	0.08709497
2.7385917	0.08881551
2.7400391	0.090239406
2.741488	0.091485314
2.7429385	0.092137933
2.7443907	0.092493907
2.7458441	0.093977131
2.747299	0.095994316
2.7487557	0.097774185
2.7502139	0.099554062
2.7516737	0.10109661
2.753135	0.10257984
2.7545979	0.10465635
2.7560623	0.10744482
2.7575283	0.10963999
2.7589962	0.11153851
2.7604654	0.11349637
2.7619359	0.11545423
2.7634082	0.11764941
2.7648821	0.11990391
2.7663574	0.12227707
2.7678344	0.12506554
2.7693131	0.12779465
2.7707932	0.13070178
2.772275	0.13372757
2.7737584	0.13574475
2.7752433	0.13734663
2.7767296	0.13859254
2.7782178	0.13942315
2.7797074	0.1397198
2.7811987	0.1399571
2.782691	0.14007576
2.7841854	0.14013509
2.7856815	0.14007576
2.7871792	0.1399571
2.7886784	0.13989778
2.7901793	0.1395418
2.7916818	0.13936381
2.7931859	0.13918583
2.794692	0.1387112
2.7961996	0.13823657
2.7977085	0.13793992
2.7992191	0.1374653
2.8007314	0.13704999
2.8022454	0.13675334
2.803761	0.13639736
2.8052781	0.1360414
2.806797	0.13586341
2.8083177	0.13550743
2.8098397	0.13556676
2.8113635	0.13580407
2.8128889	0.13592273
2.8144159	0.13639736
2.8159447	0.13699065
2.8174751	0.13764328
2.8190067	0.13841455
2.8205404	0.13942315
2.8220758	0.14060973
2.8236129	0.14179631
2.8251517	0.14298289
2.8266921	0.14434746
2.8282342	0.14577135
2.829778	0.14725457
2.8313241	0.14873779
2.8328712	0.15045834
2.83442	0.15241618
2.8359706	0.15401809
2.8375227	0.15579796
2.8390768	0.15781513
2.8406324	0.16006964
2.8421898	0.16214615
2.843749	0.16410401
2.84531	0.16606186
2.8468723	0.16825704
2.8484366	0.17033355
2.8500025	0.17235075
2.8515701	0.1741306
2.8531396	0.17596981
2.8547106	0.17798699
2.8562829	0.17994484
2.8578575	0.18184339
2.8594339	0.1833266
2.861012	0.18463184
2.8625917	0.18605575
2.8641732	0.18747963
2.8657565	0.18884419
2.8673415	0.18991213
2.8689287	0.19080205
2.870517	0.19163266
2.8721075	0.19222596
2.8736994	0.19270058
2.8752933	0.19317521
2.876889	0.19359052
2.8784864	0.19412449
2.8800855	0.19424315
2.8816857	0.19436179
2.8832886	0.19465844
2.8848929	0.19489577
2.8864994	0.19525175
2.8881073	0.19566703
2.8897173	0.19590436
2.8913291	0.19631965
2.8929424	0.19673495
2.8945582	0.19685361
2.8961751	0.1970316
2.897794	0.19756556
2.8994148	0.19815886
2.9010372	0.19875215
2.9026616	0.1992861
2.9042876	0.19993873
2.9059157	0.20071
2.9075458	0.20183726
2.9091775	0.20278652
2.9108109	0.20355779
2.9124463	0.20438839
2.9140832	0.20563431
2.9157224	0.20688021
2.9173632	0.20818545
2.9190059	0.20960934
2.9206498	0.21109256
2.922296	0.21245714
2.9239442	0.2139997
2.9255943	0.21577956
2.9272463	0.21750012
2.9289	0.2191613
2.9305558	0.22088186
2.9322133	0.22283971
2.9338732	0.22509421
2.9355345	0.22717072
2.9371977	0.2293659
2.9388628	0.23167974
2.9405298	0.23405288
2.9421985	0.23660405
2.9438694	0.23915519
2.9455421	0.24164701
2.9472167	0.24425748
2.9488933	0.24698663
2.9505715	0.24989374
2.9522519	0.25274152
2.953934	0.25576732
2.9556181	0.25891176
2.9573042	0.26217484
2.9589922	0.26520064
2.9606814	0.26816708
2.9623733	0.27119285
2.964067	0.27445593
2.9657626	0.27771902
2.9674604	0.28092283
2.9691598	0.28424522
2.9708614	0.28756765
2.9725649	0.29089007
2.9742706	0.2943905
2.9759779	0.29759425
2.9776874	0.30062002
2.9793985	0.30370516
2.9811118	0.30714622
2.9828272	0.31058732
2.9845443	0.3138504
2.9862635	0.31681684
2.9879854	0.31984264
2.9897087	0.32274973
2.9914336	0.32559752
2.993161	0.32850465
2.99489	0.33135247
2.9966211	0.33425957
2.9983544	0.3371667
3.0000894	0.33989584
3.001826	0.34250629
3.0035653	0.34493878
3.0053065	0.3476086
3.0070496	0.35015973
3.0087948	0.35259223
3.0105422	0.35502473
3.0122914	0.35739788
3.0140429	0.3596524
3.0157964	0.36190689
3.0175517	0.36410207
3.0193093	0.36629725
3.0210688	0.36849242
3.0228302	0.37068757
3.0245938	0.37294206
3.0263596	0.37495926
3.0281272	0.37697643
3.0298975	0.37887499
3.0316694	0.38071415
3.0334435	0.38273135
3.0352194	0.38457057
3.0369976	0.38635042
3.0387776	0.38807097
3.04056	0.38979155
3.0423443	0.39139339
3.0441301	0.3930546
3.0459187	0.39483449
3.0477092	0.39655504
3.0495021	0.39803824
3.0512969	0.39964014
3.0530939	0.40130135
3.054893	0.40302187
3.0566943	0.40468308
3.0584979	0.40616632
3.0603034	0.40764955
3.0621109	0.40919209
3.0639207	0.41079396
3.0657327	0.41227722
3.0675466	0.41381976
3.0693629	0.41518432
3.0711813	0.41648954
3.0730011	0.4179728
3.0748239	0.41927806
3.0766487	0.42058325
3.0784757	0.42206651
3.0803049	0.42349038
3.0821362	0.42491427
3.0839698	0.42621949
3.0858054	0.4273468
3.0876439	0.42847401
3.0894837	0.42960125
3.0913262	0.43078786
3.0931706	0.43167782
3.0950172	0.43268639
3.0968661	0.43363562
3.0987172	0.43464425
3.1005704	0.43559349
3.1024263	0.43654275
3.104284	0.43743271
3.106144	0.4382633
3.1080062	0.43909392
3.1098707	0.43992451
3.1117373	0.44081447
3.1136062	0.44176373
3.1154773	0.44277233
3.1173501	0.44354358
3.1192257	0.44443354
3.1211035	0.44514549
3.1229837	0.44585741
3.1248662	0.44651005
3.1267509	0.44716266
3.128638	0.44793391
3.1305273	0.44864586
3.1324193	0.44923916
3.1343131	0.44989178
3.1362092	0.45072243
3.1381078	0.45161232
3.1400084	0.45250228
3.1419115	0.45339224
3.1438167	0.45446014
3.1457245	0.45552805
3.1476347	0.45641801
3.1495469	0.45718926
3.1514616	0.45807922
3.1533785	0.45885047
3.1552978	0.45979974
3.1572194	0.46086767
3.1591434	0.46181694
3.1610696	0.46264753
3.162998	0.46335948
3.1649289	0.46395275
3.1668622	0.46460539
3.168798	0.46531734
3.1707361	0.46614796
3.1726766	0.4672752
3.1746194	0.46834311
3.1765647	0.46941102
3.1785126	0.47036028
3.1804626	0.47148755
3.182415	0.47237748
3.1843698	0.4732081
3.186327	0.47415736
3.1882865	0.4751066
3.1902485	0.47605586
3.1922131	0.47718316
3.19418	0.47825107
3.1961493	0.47902232
3.1981211	0.47973427
3.2000952	0.48068354
3.2020719	0.48139548
3.2040508	0.48210743
3.2060323	0.48276004
3.2080164	0.48341265
3.2100022	0.48400596
3.2119911	0.48442125
3.2139823	0.48448059
3.215976	0.48453996
3.2179723	0.4846586
3.2199712	0.48453996
3.2219722	0.48430261
3.2239761	0.4841246
3.2259824	0.48382795
3.2279911	0.48341265
3.2300024	0.48311603
3.2320161	0.48287874
3.2340324	0.48234475
3.2360511	0.48187014
3.2380724	0.48145479
3.2400961	0.48098019
3.2421229	0.48062423
3.2441516	0.48050559
3.2461832	0.48056489
3.2482171	0.48050559
3.2502534	0.48050559
3.2522926	0.48032758
3.2543342	0.48020893
3.2563784	0.48014957
3.2584248	0.48014957
3.2604742	0.48014957
3.262526	0.48026824
3.2645805	0.48032758
3.2666376	0.48014957
3.2686973	0.48003092
3.2707596	0.47985294
3.2728245	0.47979358
3.2748921	0.47973427
3.2769623	0.47949699
3.2790351	0.47902232
3.2811103	0.47854772
3.2831883	0.47765777
3.2852688	0.47629321
3.2873521	0.47463199
3.289438	0.47255549
3.2915258	0.47000432
3.293617	0.46632591
3.2957108	0.46146098
3.2978072	0.45558739
3.2999065	0.44971383
3.3020084	0.44473019
3.3041129	0.44111112
3.3062201	0.43879727
3.3083303	0.43755135
3.3104429	0.4373734
3.3125582	0.43796664
3.314676	0.43921256
3.3167968	0.44063646
3.3189204	0.44200101
3.3210464	0.44330627
3.3231752	0.44449285
3.3253074	0.44556078
3.3274417	0.4463914
3.3295789	0.44662869
3.3317187	0.44651005
3.3338614	0.44645071
3.3360066	0.44633204
3.3381548	0.44633204
3.3403056	0.44633204
3.3424585	0.44662869
3.344615	0.44716266
3.3467741	0.44787461
3.3489361	0.44900185
3.3511009	0.45030707
3.3532684	0.45179033
3.3554389	0.45327353
3.3576121	0.45469743
3.3597887	0.45618066
3.3619676	0.45760456
3.3641491	0.4587318
3.3663337	0.45979974
3.368521	0.46092698
3.3707113	0.46199489
3.3729043	0.46306282
3.3751001	0.46401209
3.3772995	0.46454605
3.3795011	0.4647834
3.3817058	0.4646647
3.383913	0.46436805
3.3861232	0.46430874
3.3883364	0.46448675
3.3905525	0.4646647
3.3927715	0.46460539
3.3949924	0.4642494
3.3972173	0.46371543
3.3994448	0.46288484
3.4016755	0.46205422
3.403909	0.46134228
3.4061456	0.46074897
3.408385	0.46021503
3.4106274	0.45968106
3.4128728	0.45950311
3.4151211	0.45950311
3.4173725	0.45962173
3.4196265	0.46033368
3.4218838	0.46122363
3.424144	0.46199489
3.4264071	0.46258819
3.4286733	0.46264753
3.4309425	0.46223223
3.4332149	0.46128297
3.4354899	0.45997772
3.4377682	0.45843518
3.4400494	0.45689261
3.4423335	0.45558739
3.4446208	0.45451945
3.4469111	0.45392615
3.449204	0.4538075
3.4515004	0.45434144
3.4537997	0.45505339
3.4561024	0.45594335
3.4584079	0.4568333
3.4607165	0.45790121
3.4630284	0.45902845
3.4653432	0.45997772
3.4676619	0.46092698
3.4699829	0.46229154
3.472307	0.46383411
3.4746342	0.46537665
3.4769647	0.46680057
3.4792981	0.46828377
3.4816349	0.47000432
3.4839747	0.47184354
3.4863167	0.47374204
3.488663	0.4756999
3.4910121	0.47783577
3.4933646	0.48032758
3.4957201	0.48287874
3.4980791	0.48590451
3.5004408	0.48946422
3.5028062	0.4931426
3.5051751	0.49699903
3.5075467	0.50091469
3.5099213	0.50488979
3.5122993	0.50856817
3.5146806	0.51183128
3.517065	0.51491636
3.5194528	0.51764548
3.5218437	0.51984066
3.5242381	0.52191716
3.5266356	0.52357841
3.5290363	0.52488363
3.5314403	0.52618891
3.5338476	0.52743483
3.536258	0.5285027
3.538672	0.52921468
3.5410891	0.52968925
3.5435085	0.53010464
3.5459323	0.53040129
3.5483594	0.53087586
3.5507898	0.53182513
3.5532234	0.53301167
3.5556605	0.53407967
3.5581009	0.53526622
3.5605447	0.53633416
3.5629921	0.53716475
3.5654426	0.53793603
3.5678964	0.53852934
3.5703535	0.53906327
3.5728142	0.53965658
3.5752783	0.54024988
3.5777457	0.54084313
3.5802164	0.54125845
3.5826914	0.54161441
3.5851691	0.54202974
3.5876501	0.54232639
3.5901346	0.54262298
3.5926225	0.54291964
3.595114	0.54327565
3.5976088	0.54357231
3.6001072	0.54386896
3.6026084	0.54416561
3.6051137	0.54434353
3.6076224	0.54452157
3.6101346	0.54469949
3.6126504	0.54493684
3.6151698	0.54523349
3.6176925	0.54535216
3.620219	0.54553014
3.6227491	0.54576743
3.6252825	0.54600477
3.6278193	0.54618275
3.6303599	0.54618275
3.6329038	0.54624212
3.6354516	0.54636073
3.6380026	0.54653871
3.6405575	0.54665738
3.6431165	0.54665738
3.6456785	0.54665738
3.6482441	0.54671669
3.6508133	0.54689473
3.6533861	0.54701334
3.6559625	0.54713202
3.6585426	0.54713202
3.6611264	0.54730999
3.6637127	0.5473693
3.6663036	0.54719138
3.6688983	0.54701334
3.6714969	0.54707265
3.6740987	0.54713202
3.6767046	0.54719138
3.6793139	0.54725069
3.6819272	0.54730999
3.6845443	0.54725069
3.687165	0.54689473
3.6897893	0.54624212
3.6924174	0.5458861
3.695049	0.5458861
3.6976848	0.54547083
3.7003241	0.54511487
3.7029672	0.54469949
3.7056146	0.54434353
3.7082653	0.54404688
3.7109196	0.54375023
3.713578	0.54339427
3.7162399	0.54333496
3.7189059	0.54339427
3.7215757	0.54339427
3.7242491	0.54339427
3.7269256	0.54339427
3.7296069	0.54351294
3.7322919	0.54357231
3.7349808	0.54351294
3.7376738	0.54309767
3.7403705	0.54250437
3.7430711	0.54155511
3.7457757	0.54042786
3.7484846	0.53906327
3.7511971	0.53752071
3.7539134	0.53580022
3.7566335	0.53378302
3.7593577	0.53158784
3.7620859	0.52933329
3.764818	0.52713817
3.767554	0.5250023
3.770293	0.52262914
3.7730372	0.5200187
3.7757852	0.51764548
3.778537	0.51533169
3.7812932	0.51272124
3.7840533	0.5099327
3.7868173	0.50690693
3.7895856	0.5041185
3.7923579	0.50133002
3.7951343	0.49854156
3.7979145	0.49604976
3.800699	0.49403256
3.8034875	0.49243069
3.8062801	0.49201539
3.8090768	0.49296466
3.8118775	0.49498186
3.8146832	0.49765164
3.8174922	0.5006181
3.8203053	0.50364387
3.8231227	0.50661033
3.8259442	0.50928009
3.8287699	0.51171261
3.8315997	0.51384842
3.8344338	0.51568764
3.837271	0.51705223
3.8401134	0.51788282
3.8429599	0.51776415
3.8458109	0.51639962
3.848666	0.51378912
3.8515253	0.50987339
3.8543887	0.50530511
3.8572567	0.50103337
3.8601296	0.49741432
3.8630059	0.4946852
3.8658867	0.49278665
3.8687716	0.49130344
3.8716609	0.49005753
3.8745544	0.48887098
3.8774524	0.48780301
3.8803546	0.48691311
3.8832617	0.48626047
3.8861728	0.48590451
3.8890882	0.48560786
3.8920078	0.48519257
3.894932	0.48436195
3.8978605	0.48270074
3.9007933	0.48009023
3.9037306	0.4771238
3.9066718	0.47397935
3.9096179	0.47083494
3.9125686	0.46798712
3.9155238	0.46579197
3.9184833	0.46413076
3.9214473	0.46288484
3.9244158	0.46199489
3.9273889	0.46122363
3.9303668	0.46039301
3.9333489	0.45944378
3.9363356	0.45849451
3.9393268	0.45766386
3.9423223	0.4568333
3.9453225	0.45624
3.9483273	0.45564669
3.9513369	0.45511276
3.9543512	0.45469743
3.9573698	0.45446014
3.960393	0.45434144
3.9634209	0.45446014
3.9664533	0.45529073
3.9694903	0.45712996
3.972532	0.46009639
3.9755785	0.4641901
3.9786289	0.46917373
3.9816847	0.47486931
3.984745	0.48032758
3.9878104	0.48531121
3.9908803	0.48982018
3.9939549	0.4940919
3.9970343	0.49812627
4.0001183	0.5021013
4.0032082	0.50595772
4.0063019	0.50981408
4.0094004	0.51343316
4.0125036	0.51675558
4.0156116	0.51978135
4.0187244	0.52251047
4.021842	0.52488363
4.0249648	0.52701944
4.028091	0.52874005
4.0312233	0.53040129
4.0343604	0.53188449
4.0375023	0.53313041
4.0406489	0.53425765
4.0438008	0.53526622
4.046958	0.53615618
4.0501194	0.53698677
4.0532866	0.53763938
4.056458	0.5383513
4.0596347	0.5389446
4.0628161	0.53941929
4.0660028	0.53983456
4.0691943	0.54024988
4.0723906	0.54054648
4.0755925	0.54078382
4.0787992	0.54102111
4.0820107	0.54125845
4.0852275	0.54137707
4.0884495	0.54155511
4.0916762	0.54173309
4.0949082	0.54179245
4.0981455	0.54179245
4.1013875	0.54179245
4.1046343	0.54191107
4.1078868	0.54197037
4.1111441	0.54197037
4.1144071	0.54185176
4.1176748	0.54161441
4.1209483	0.54155511
4.1242266	0.54155511
4.1275101	0.54155511
4.1307993	0.54131776
4.1340938	0.54113978
4.137393	0.5409025
4.1406975	0.54066515
4.1440077	0.54054648
4.1473227	0.54042786
4.1506433	0.5403685
4.1539693	0.54030919
4.1573014	0.5403685
4.1606379	0.5403685
4.16398	0.54042786
4.1673269	0.54048717
4.1706796	0.54048717
4.1740379	0.54048717
4.1774011	0.54042786
4.1807699	0.54024988
4.1841431	0.54007185
4.1875229	0.54001254
4.190908	0.53977525
4.1942987	0.53959721
4.1976953	0.53930056
4.2010965	0.5388853
4.204504	0.53823268
4.2079167	0.53740203
4.2113357	0.53651214
4.2147593	0.53580022
4.2181888	0.53508824
4.2216239	0.53437626
4.2250643	0.53366435
4.2285104	0.53313041
4.2319622	0.53271502
4.2354198	0.53259641
4.2388835	0.5324778
4.242352	0.53259641
4.2458267	0.53295237
4.2493072	0.53354567
4.2527928	0.53437626
4.2562842	0.53479159
4.2597818	0.533961
4.2632847	0.53277439
4.2667923	0.53182513
4.2703071	0.53135049
4.2738276	0.53099453
4.2773538	0.53057921
4.2808857	0.53022325
4.2844238	0.53016394
4.2879677	0.53022325
4.2915173	0.53022325
4.2950735	0.53016394
4.298635	0.53028256
4.3022022	0.53034192
4.3057756	0.53022325
4.3093548	0.53034192
4.3129401	0.5305199
4.3165312	0.53069788
4.3201284	0.53099453
4.3237324	0.53117251
4.3273416	0.53135049
4.3309565	0.53140986
4.3345776	0.53146917
4.3382049	0.53164715
4.3418384	0.53182513
4.3454776	0.5319438
4.3491235	0.5320031
4.3527737	0.5319438
4.3564315	0.53176582
4.3600955	0.53170645
4.3637652	0.53158784
4.3674417	0.53135049
4.3711243	0.53099453
4.3748131	0.5305199
4.3785081	0.53004527
4.3822103	0.52968925
4.3859177	0.52939266
4.3896313	0.5290367
4.3933511	0.5285027
4.3970776	0.52796876
4.4008102	0.52749413
4.4045491	0.52701944
4.4082947	0.52654487
4.412045	0.52601087
4.415803	0.52547693
4.4195676	0.52488363
4.4233384	0.52429032
4.4271159	0.52363771
4.4308996	0.52316308
4.43469	0.52262914
4.4384871	0.52221382
4.4422908	0.52179855
4.4461007	0.52156121
4.4499168	0.52132386
4.4537401	0.52102727
4.4575696	0.52073061
4.4614058	0.52067131
4.4652486	0.52037466
4.4690976	0.5200187
4.4729543	0.51966268
4.4768167	0.51930672
4.4806862	0.51883209
4.4845624	0.51817948
4.4884448	0.51752687
4.4923344	0.51681489
4.4962306	0.51586562
4.5001335	0.51491636
4.5040426	0.51384842
4.5079594	0.51260251
4.5118828	0.51153463
4.5158129	0.51034808
4.5197501	0.5090428
4.523694	0.50779688
4.5276446	0.50655097
4.5316024	0.50548303
4.5355678	0.50447446
4.5395393	0.50340652
4.5435181	0.50233865
4.5475035	0.50103337
4.551496	0.49943149
4.5554957	0.49788892
4.5595021	0.49628708
4.5635157	0.49474451
4.5675368	0.4930833
4.5715647	0.49148139
4.5755997	0.48982018
4.5796418	0.48827767
4.5836911	0.48667577
4.5877471	0.48495525
4.5918107	0.48347199
4.5958815	0.48204809
4.5999584	0.48062423
4.604044	0.47914097
4.6081362	0.47789508
4.612236	0.47658986
4.616343	0.47528461
4.6204576	0.474098
4.6245794	0.47291145
4.6287084	0.47172484
4.6328454	0.47065693
4.6369891	0.46958902
4.6411405	0.46858042
4.6452994	0.46763116
4.6494656	0.4667412
4.6536388	0.46585131
4.6578202	0.46513936
4.6620088	0.46448675
4.6662059	0.46389344
4.6704097	0.46324083
4.6746206	0.46229154
4.6788397	0.46134228
4.6830664	0.46009639
4.6873007	0.45855382
4.6915426	0.45701125
4.6957922	0.45535004
4.7000484	0.4538075
4.7043133	0.45226493
4.7085862	0.45090038
4.7128668	0.44935781
4.717155	0.44781527
4.7214513	0.44597605
4.7257552	0.4443742
4.7300668	0.44253498
4.7343879	0.44087377
4.7387152	0.43903461
4.7430506	0.43707675
4.7473941	0.43505955
4.7517457	0.43327966
4.7561049	0.43155912
4.7604723	0.42966062
4.7648478	0.42788073
4.7692318	0.42592287
4.7736235	0.424321
4.7780232	0.42248178
4.7824311	0.42111722
4.7868466	0.41957465
4.7912707	0.41826946
4.7957029	0.41708285
4.8001437	0.41625226
4.8045907	0.41559964
4.8090477	0.41506568
4.8135128	0.41476902
4.8179865	0.41429439
4.8224683	0.41376042
4.8269582	0.41316712
4.8314571	0.41257387
4.8359637	0.41198057
4.8404803	0.41120926
4.8450041	0.41031936
4.8495364	0.40931076
4.8540773	0.40836149
4.8586264	0.40723425
4.8631845	0.40610698
4.8677506	0.40492043
4.8723259	0.40385252
4.8769083	0.40284392
4.8815002	0.40195397
4.8861008	0.4010047
4.8907104	0.40017411
4.8953285	0.39928415
4.8999557	0.39827558
4.9045911	0.39720765
4.909236	0.39608037
4.9138899	0.39489383
4.9185519	0.39370722
4.923223	0.39240199
4.9279027	0.39109674
4.9325914	0.38979155
4.9372892	0.3884863
4.9419956	0.38712174
4.9467115	0.38575712
4.951437	0.38427392
4.9561706	0.38285002
4.9609137	0.38130745
4.9656653	0.37970558
4.9704261	0.37816304
4.9751964	0.37644252
4.9799757	0.37472194
4.9847641	0.37312007
4.9895606	0.37139955
4.9943671	0.36979765
4.9991837	0.36819577
5.0040088	0.36647522
5.0088439	0.36469534
5.0136881	0.36309347
5.0185413	0.36137292
5.0234041	0.35988969
5.0282774	0.35852513
5.0331593	0.35710123
5.0380507	0.35567734
5.0429511	0.35437208
5.0478616	0.3531855
5.0527816	0.35199896
5.0577111	0.3506937
5.0626502	0.3496258
5.0675998	0.34885451
5.0725584	0.34849852
5.0775266	0.34808323
5.0825043	0.34743062
5.087492	0.34654069
5.0924897	0.34559143
5.097497	0.34434548
5.1025143	0.34298092
5.1075401	0.34149769
5.112577	0.34001449
5.1176243	0.3386499
5.1226811	0.33740401
5.127748	0.33651409
5.1328249	0.33609876
5.1379123	0.33609876
5.1430092	0.33663273
5.1481171	0.33734468
5.1532345	0.33841261
5.1583619	0.33942118
5.1634998	0.34037048
5.1686478	0.3412604
5.1738062	0.34203169
5.1789751	0.34256563
5.184154	0.34292161
5.1893444	0.34304029
5.1945438	0.34280294
5.1997542	0.34215033
5.2049747	0.34108242
5.210206	0.33959919
5.2154474	0.33799732
5.2206998	0.33598012
5.2259626	0.33336964
5.2312346	0.3302252
5.2365189	0.32690278
5.2418137	0.32358035
5.2471189	0.32055455
5.2524352	0.31818143
5.2577624	0.31646088
5.2631001	0.3152743
5.2684488	0.31432503
5.273809	0.31331643
5.2791796	0.31230783
5.2845607	0.31106195
5.2899532	0.3097567
5.2953568	0.30839214
5.3007712	0.30690891
5.3061967	0.30518839
5.3116336	0.30328983
5.3170795	0.3013913
5.3225384	0.29973009
5.3280087	0.29836553
5.3334904	0.29735693
5.3389831	0.29658565
5.3444872	0.29611102
5.3500028	0.29557708
5.3555293	0.29504311
5.3610692	0.29433116
5.3666191	0.29344121
5.37218	0.29231399
5.3777528	0.29106805
5.3833375	0.28976282
5.3889332	0.28851691
5.3945408	0.28715235
5.4001603	0.28572845
5.4057918	0.28406724
5.4114347	0.28222802
5.417089	0.28009221
5.4227557	0.27777839
5.4284339	0.27546453
5.434124	0.27261674
5.439826	0.26941299
5.44554	0.26585323
5.4512644	0.2620562
5.4570026	0.25802183
5.4627528	0.25404677
5.4685154	0.25072435
5.4742899	0.24823253
5.4800768	0.246512
5.4858756	0.24538474
5.4916868	0.24467279
5.4975119	0.24419816
5.5033479	0.24372351
5.5091963	0.24336755
5.5150576	0.2430709
5.5209308	0.24295226
5.5268164	0.2430709
5.5327148	0.24330823
5.5386262	0.24366419
5.5445509	0.24396084
5.550487	0.24407949
5.5564361	0.24402016
5.562398	0.24396084
5.5683727	0.24360487
5.5743604	0.2430709
5.5803604	0.24253695
5.5863738	0.2420623
5.5923977	0.24140969
5.5984373	0.24069774
5.6044893	0.23998579
5.6105552	0.23909587
5.6166334	0.2381466
5.6227255	0.23719732
5.6288304	0.2363074
5.6349487	0.23541747
5.6410818	0.23476484
5.6472268	0.23446821
5.6533852	0.23399356
5.6595569	0.23345961
5.6657424	0.23280698
5.6719413	0.23215437
5.6781535	0.23162042
5.6843796	0.23132376
5.6906204	0.23102711
5.6968741	0.23090847
5.7031412	0.23037449
5.7094221	0.22978121
5.7157168	0.22924726
5.7220259	0.22847597
5.7283483	0.22752669
5.7346849	0.22645879
5.7410331	0.22509421
5.7473979	0.22372966
5.7537766	0.2226024
5.76017	0.22105984
5.7665772	0.21963595
5.7729988	0.21874602
5.7794347	0.21773742
5.7858849	0.21661016
5.7923512	0.21554226
5.7988305	0.21453366
5.8053241	0.21346572
5.811832	0.21245714
5.8183551	0.21127056
5.8248925	0.21032131
5.8314447	0.2094907
5.8380117	0.2086601
5.8445945	0.20777014
5.851191	0.20688021
5.8578029	0.20581231
5.864429	0.20480371
5.8710709	0.20385444
5.877727	0.20260854
5.8843989	0.20189658
5.8910856	0.20112531
5.8977852	0.20047268
5.9045024	0.20023535
5.9112349	0.19976075
5.9179831	0.1994641
5.9247465	0.1994641
5.9315252	0.19910812
5.9383197	0.19910812
5.9451299	0.1994641
5.9519572	0.19958276
5.9587984	0.19952342
5.9656553	0.19934542
5.9725285	0.1994641
5.9794173	0.1992861
5.9863219	0.19881147
5.9932423	0.1984555
6.0001788	0.19786221
6.0071297	0.19673495
6.0140982	0.19525175
6.0210834	0.19376852
6.0280848	0.19192931
6.0351024	0.18973415
6.0421362	0.18718298
6.0491862	0.18451318
6.0562534	0.18255533
6.0633373	0.18041949
6.0704374	0.17816497
6.0775537	0.17632578
6.0846872	0.17460525
6.0918374	0.1728847
6.0990043	0.17128281
6.1061878	0.16974026
6.1133885	0.16855368
6.1206079	0.16801973
6.1278424	0.1675451
6.1350942	0.16701113
6.1423635	0.16665517
6.1496496	0.16623986
6.1569533	0.16576523
6.1642742	0.16552791
6.1716127	0.16534992
6.1789665	0.16487528
6.1863399	0.16463797
6.1937308	0.1646973
6.2011395	0.16440065
6.2085662	0.16422266
6.2160106	0.16445997
6.2234726	0.16505326
6.2309527	0.16552791
6.238452	0.16623986
6.2459679	0.16712978
6.2535024	0.16813838
6.261055	0.16914697
6.2686257	0.17051154
6.2762151	0.17223208
6.2838225	0.17418994
6.2914486	0.17620713
6.2990947	0.17834297
6.3067579	0.18053813
6.3144398	0.18302995
6.3221402	0.1857591
6.3298597	0.18848822
6.3375978	0.19098005
6.345355	0.19418381
6.3531313	0.19756556
6.3609242	0.2002947
6.3687387	0.20248987
6.3765721	0.20462573
6.3844252	0.20646492
6.3922973	0.20806679
6.4001889	0.20931271
6.4081001	0.21008398
6.4160309	0.21144854
6.4239826	0.21322842
6.431953	0.21429633
6.4399428	0.21518628
6.4479527	0.21577956
6.4559822	0.21619487
6.4640322	0.21643218
6.4721022	0.21655084
6.4801922	0.21631351
6.4883046	0.21589823
6.4964356	0.21583891
6.5045867	0.21613553
6.5127583	0.21566091
6.5209503	0.21477097
6.5291634	0.21417768
6.5373969	0.21334708
6.545651	0.2121605
6.5539231	0.21091458
6.5622191	0.20966868
6.5705361	0.20824477
6.5788746	0.20699888
6.587234	0.20551565
6.5956144	0.20385444
6.6040168	0.20219322
6.6124401	0.20047268
6.6208863	0.19875215
6.629353	0.19673495
6.6378412	0.19483642
6.6463513	0.19364984
6.6548829	0.19234461
6.6634369	0.19080205
6.6720128	0.18925951
6.6806107	0.1878356
6.6892328	0.18670836
6.6978755	0.1855811
6.7065401	0.18445385
6.7152276	0.18338592
6.723937	0.18231802
6.7326698	0.18130942
6.7414246	0.18030083
6.7502027	0.17923291
6.7590008	0.17816497
6.7678242	0.17703773
6.7766714	0.17585115
6.7855411	0.17460525
6.7944345	0.17359664
6.8033509	0.17276604
6.8122911	0.1718761
6.8212547	0.17080818
6.8302436	0.16991825
6.8392544	0.16908765
6.848289	0.16813838
6.8573475	0.16718912
6.8664303	0.16683315
6.8755369	0.16665517
6.8846679	0.16623986
6.8938227	0.16576523
6.9029989	0.16523126
6.9122028	0.16481596
6.9214315	0.16445997
6.9306846	0.16416334
6.9399629	0.16362937
6.9492655	0.16309541
6.9585934	0.16250212
6.9679465	0.16220547
6.9773269	0.16179018
6.9867301	0.16131555
6.9961591	0.16066293
7.0056133	0.16006964
7.0150933	0.1591797
7.0245986	0.1581711
7.0341301	0.1569252
7.0436873	0.15520467
7.0532722	0.15318748
7.0628819	0.15122962
7.0725174	0.14933109
7.0821791	0.14761055
7.0918674	0.14624599
7.1015825	0.14517806
7.1113243	0.14405081
7.1210923	0.14286423
7.1308832	0.14155899
7.1407056	0.14031309
7.1505547	0.13918583
7.1604309	0.13805859
7.1703348	0.13675334
7.1802659	0.13544811
7.1902246	0.1342022
7.200211	0.13295628
7.210228	0.13171038
7.2202702	0.13040513
7.23034	0.12886259
7.2404385	0.12749802
7.2505651	0.12625211
7.2607198	0.12488753
7.2709031	0.12340432
7.2811151	0.12180243
7.2913575	0.12025988
7.3016272	0.11883599
7.3119259	0.11741208
7.3222532	0.11598819
7.3326101	0.11462363
7.3429961	0.11325905
7.3534117	0.11189449
7.3638568	0.11064858
7.3743277	0.10963999
7.3848329	0.10857206
7.3953671	0.10744482
7.4059319	0.10637689
7.4165273	0.10530896
7.4271526	0.10430037
7.4378085	0.10335112
7.4484949	0.10252051
7.4592152	0.10163057
7.4699631	0.10079997
7.4807425	0.10014735
7.4915524	0.099554062
7.5023942	0.098901443
7.513267	0.09848614
7.5241718	0.098130167
7.5351081	0.097774185
7.5460782	0.097358882
7.5570784	0.096824922
7.5681105	0.096290968
7.579175	0.095757
7.5902719	0.09504506
7.6014013	0.094273783
7.6125636	0.093443178
7.6237588	0.092671894
7.6349821	0.091841288
7.6462431	0.090832695
7.6575375	0.089705445
7.6688652	0.088696852
7.6802268	0.087569602
7.6916218	0.086442351
7.7030506	0.085315101
7.7145133	0.08436583
7.7260127	0.083357237
7.7375441	0.082407981
7.7491097	0.081518039
7.7607102	0.080450125
7.7723455	0.079500854
7.7840157	0.078729585
7.7957211	0.077898979
7.8074613	0.077127695
7.8192339	0.07623776
7.8310452	0.075229168
7.8428926	0.074042588
7.8547754	0.072737351
7.8666949	0.071313456
7.8786502	0.06988956
7.8906422	0.068287678
7.9026704	0.066626459
7.9147372	0.064965256
7.9268394	0.063363366
7.9389782	0.06182082
7.9511547	0.060040947
7.9633684	0.057964429
7.9756198	0.056243889
7.9879088	0.054582682
8.0002356	0.052921467
8.0126038	0.051141594
8.0250072	0.049421053
8.0374498	0.047581855
8.0499296	0.045742657
8.0624495	0.044022117
8.0750074	0.042301577
8.0876055	0.040581036
8.1002417	0.038919821
8.1129141	0.037080623
8.1256304	0.035300754
8.1383867	0.033283569
8.1511831	0.031444367
8.1640196	0.029842485
8.1768961	0.028537247
8.1898146	0.027113352
8.2027731	0.025570797
8.2157736	0.023968916
8.2288151	0.022663677
8.2418976	0.02135844
8.2550211	0.020409174
8.2681875	0.019578571
8.281395	0.018985279
8.2946453	0.018688634
8.3079386	0.018747963
8.3212767	0.018747963
8.3346548	0.01892595
8.3480768	0.019281924
8.3615408	0.01951924
8.3750496	0.019756557
8.3886013	0.020171858
8.4021969	0.020646492
8.4158373	0.02135844
8.4295158	0.021951729
8.4432449	0.022841664
8.4570189	0.023850257
8.4708366	0.025096167
8.4847012	0.026816707
8.4986105	0.029011881
8.5125656	0.0315037
8.5265665	0.034470148
8.540616	0.037792571
8.5547094	0.041589629
8.5688496	0.045505341
8.5830364	0.049539715
8.59727	0.053574082
8.6115513	0.057549126
8.6258802	0.061227523
8.6402569	0.064490616
8.6546841	0.067101099
8.6691561	0.069058955
8.6836777	0.070423521
8.6982479	0.071491443
8.7128668	0.072322048
8.7275343	0.07279668
8.7422523	0.072974667
8.75702	0.073033996
8.7718325	0.07279668
8.7866993	0.072559364
8.8016176	0.071966074
8.8165865	0.071491443
8.8316059	0.071016811
8.8466768	0.070720166
8.8617992	0.070245534
8.8769741	0.070067547
8.8922033	0.071016811
8.9074821	0.073449299
8.9228134	0.076297097
8.9381971	0.079144888
8.9536343	0.081933342
8.9691257	0.084840469
8.9846697	0.087806918
9.000268	0.09053605
9.0159235	0.092909209
9.0316315	0.095223039
9.0473928	0.097477548
9.0632105	0.099376075
9.0790825	0.10115594
9.0950108	0.10382575
9.1109953	0.10714816
9.1270351	0.11070791
9.1431274	0.11403034
9.1592817	0.11711545
9.1754923	0.11954793
9.191761	0.12156512
9.2080879	0.12346364
9.224472	0.12559949
9.2409153	0.12844728
9.2574167	0.13188836
9.2739801	0.13544811
9.2906008	0.1387112
9.3072805	0.14155899
9.3240204	0.14387281
9.3408203	0.14559336
9.3576803	0.1477292
9.3746023	0.15087365
9.3915854	0.15538265
9.4086237	0.16173086
9.4257298	0.17015556
9.4428988	0.18012284
9.4601307	0.19068339
9.4774246	0.20023535
9.4947834	0.20794813
9.5122042	0.21358439
9.5296898	0.21696614
9.5472441	0.2180934
9.5648584	0.21750012
9.5825386	0.21595755
9.6002836	0.214237
9.6180954	0.21132989
9.635973	0.20658356
9.6539164	0.20035402
9.6719275	0.19359052
9.6900091	0.18712366
9.7081556	0.18136874
9.7263699	0.17697841
9.7446527	0.17466457
9.7630043	0.17401195
9.7814245	0.17407128
9.7999153	0.17377464
9.8184757	0.17252873
9.837101	0.17057087
9.8558025	0.16843502
9.8745756	0.16623986
9.8934202	0.16380736
9.9123363	0.16137487
9.9313259	0.15912037
9.950388	0.15704386
9.9695234	0.15490802
9.9887362	0.15295015
10.008019	0.15122962
10.027377	0.14980572
10.04681	0.14903444
10.066319	0.14844115
10.085902	0.14790718
10.105563	0.14701726
10.1253	0.14535604
10.145119	0.14274557
10.165011	0.13924515
10.184982	0.13497347
10.205031	0.13064246
10.22516	0.1272607
10.245367	0.12441291
10.265656	0.12203974
10.286023	0.11996324
10.306466	0.11794604
10.326997	0.11604752
10.34761	0.11432698
10.368304	0.11242846
10.389083	0.11023328
10.409945	0.10791945
10.43089	0.10560562
10.45192	0.10346977
10.473039	0.10145258
10.49424	0.098960772
10.515526	0.096053652
10.536899	0.093087196
10.558359	0.089824103
10.579906	0.086857654
10.601542	0.083891205
10.623267	0.081043415
10.645084	0.078670248
10.666988	0.076593742
10.688982	0.074635878
10.711066	0.072915338
10.733243	0.071906745
10.755511	0.072144061
10.777872	0.073449299
10.800325	0.075525813
10.822865	0.077898979
10.845508	0.080034822
10.868244	0.081458718
10.891077	0.082407981
10.914005	0.082704626
10.937031	0.082704626
10.960154	0.08264529
10.983374	0.082585968
11.006698	0.082585968
11.030116	0.082585968
11.053635	0.082763955
11.077253	0.083238579
11.100973	0.083831877
11.124795	0.084840469
11.14872	0.085552417
11.172747	0.085671075
11.196871	0.085789733
11.221107	0.085493088
11.245447	0.08478114
11.269894	0.084247179
11.294447	0.083713219
11.319107	0.083001271
11.343875	0.082348652
11.368752	0.081992678
11.393744	0.08134006
11.418839	0.080865428
11.444047	0.080509447
11.469365	0.079856835
11.494797	0.079560183
11.52034	0.079738177
11.545999	0.079856835
11.571771	0.079738177
11.597663	0.079500854
11.623667	0.079382196
11.649787	0.078907564
11.676025	0.077661656
11.702382	0.075288497
11.728858	0.073864602
11.755454	0.074398562
11.782171	0.074695207
11.809002	0.074873194
11.835962	0.074873194
11.863048	0.074457891
11.890256	0.073686615
11.91759	0.073033996
11.94505	0.072025403
11.972636	0.070838824
12.000351	0.069652244
12.028198	0.068406336
12.056171	0.067457072
12.084274	0.066151835
12.112508	0.064668611
12.140875	0.063660011
12.169374	0.062710755
12.198009	0.061405513
12.226777	0.060337592
12.255688	0.059328999
12.28473	0.057905104
12.31391	0.056303222
12.343228	0.055116639
12.372687	0.053989388
12.402287	0.052624822
12.432029	0.051141594
12.461913	0.04959904
12.491931	0.047997158
12.522105	0.046513937
12.552425	0.04497138
12.582892	0.043725472
12.613507	0.042301577
12.644272	0.040640365
12.675187	0.03897915
12.706254	0.037555255
12.737479	0.03613136
12.768852	0.03435149
12.80038	0.032690279
12.832064	0.031681683
12.863906	0.031147724
12.895905	0.031325709
12.928064	0.031978332
12.960384	0.033461552
12.992874	0.035656728
13.025519	0.037792571
13.05833	0.039572444
13.091305	0.041174326
13.124448	0.041767612
13.157759	0.041055664
13.191238	0.039157141
13.22489	0.036605991
13.258701	0.034173504
13.292698	0.032215647
13.326869	0.030613761
13.361217	0.029723829
13.395742	0.028952552
13.430446	0.027943959
13.46533	0.026698049
13.500397	0.026104759
13.535651	0.025511468
13.571085	0.025392812
13.606705	0.025274152
13.642511	0.025630128
13.678508	0.026223416
13.714694	0.026994694
13.751073	0.027706642
13.787644	0.028952552
13.82442	0.030613761
13.861383	0.03245296
13.898545	0.034292161
13.935907	0.03613136
13.97347	0.037733242
14.011236	0.039691098
14.049208	0.041352313
14.087384	0.04265755
14.125755	0.04443742
14.16435	0.046632595
14.203156	0.048768438
14.242176	0.050844949
14.281411	0.053218111
14.320862	0.056540534
14.360532	0.060930878
14.400422	0.065795861
14.440542	0.071016811
14.48088	0.076119103
14.521442	0.079975486
14.562233	0.082882613
14.603253	0.085196443
14.644506	0.086679667
14.685991	0.087510273
14.727713	0.088103563
14.76966	0.088578194
14.811859	0.088637523
14.8543	0.087866247
14.896984	0.086916983
14.939916	0.084959127
14.983094	0.08264529
15.026524	0.081102736
15.070205	0.080272138
15.11415	0.079322875
15.158343	0.078492261
15.202796	0.078136288
15.24751	0.078254946
15.292488	0.077958301
15.337732	0.076949708
15.383245	0.07623776
15.429028	0.075585142
15.475092	0.074576549
15.521424	0.074101917
15.568036	0.073508628
15.614927	0.07220339
15.662103	0.071254127
15.709563	0.070838824
15.757313	0.070660837
15.805353	0.070245534
15.853672	0.069474258
15.902304	0.06876231
15.951234	0.067991033
16.000465	0.067635052
16.050003	0.06704177
16.099848	0.065914512
16.150003	0.064609274
16.200472	0.063244715
16.251265	0.060990211
16.30237	0.059328999
16.353796	0.058379732
16.405548	0.056837179
16.45763	0.055235296
16.510042	0.053574082
16.56279	0.052031532
16.615877	0.051200926
16.669313	0.050607637
16.723085	0.049658373
16.777206	0.049124409
16.831676	0.04924307
16.886503	0.048768438
16.941689	0.048531123
16.997234	0.048115816
17.053146	0.047581855
17.109409	0.046988565
17.166063	0.047047894
17.223093	0.047463197
17.280504	0.047581855
17.338299	0.048293803
17.396481	0.049480386
17.455055	0.050310988
17.514025	0.051912874
17.573404	0.054286029
17.633179	0.055413283
17.693359	0.055887919
17.753954	0.057074495
17.814964	0.057905104
17.876394	0.057845775
17.938251	0.057786442
18.000536	0.058201745
18.063269	0.057845775
18.126427	0.058261074
18.190027	0.059684969
18.254078	0.063126057
18.318579	0.066745125
18.383539	0.070067547
18.448961	0.073983259
18.514851	0.078670248
18.58119	0.083297916
18.648029	0.088222221
18.715351	0.093383841
18.783159	0.098723456
18.851461	0.10465635
18.920263	0.11118255
18.989569	0.11646283
19.059383	0.12061585
19.129725	0.12648943
19.200575	0.13455817
19.271952	0.14031309
19.343863	0.14405081
19.416311	0.14867847
19.489305	0.15461138
19.562849	0.15787446
19.636951	0.15876439
19.711594	0.15947635
19.786827	0.16214615
19.862638	0.16463797
19.939034	0.16606186
20.016018	0.168791
20.093599	0.17353733
20.171785	0.17935155
20.250582	0.18445385
20.330009	0.18747963
20.410049	0.18925951
20.490723	0.18955615
20.572035	0.18985279
20.653994	0.19086137
20.73661	0.19364984
20.819889	0.19667563
20.903841	0.19898947
20.988487	0.19940475
21.073807	0.19976075
21.159821	0.20207456
21.246542	0.20367645
21.333977	0.20254919
21.422132	0.20201524
21.511023	0.20171858
21.600651	0.20065068
21.691	0.19934542
21.782139	0.19904879
21.874046	0.1992861
21.966734	0.19982007
22.060209	0.19786221
22.154484	0.19281924
22.249567	0.18747963
22.34547	0.18190271
22.442221	0.17496122
22.539797	0.17039289
22.638224	0.16606186
22.737514	0.16244279
22.837679	0.15722185
22.93873	0.14885646
23.04068	0.1409657
23.143541	0.13378689
23.247343	0.12874392
23.35206	0.12714204
23.457727	0.1235823
23.564352	0.12061585
23.671953	0.11901397
23.78054	0.11848001
23.890127	0.11598819
24.000731	0.11426765
24.112324	0.11177584
24.224998	0.1098773
24.338732	0.10922468
24.453537	0.10602092
24.569429	0.10412239
24.686426	0.10602092
24.804543	0.10608025
