# Antigorite, Chemical Formula: (Mg,Fe+2)3Si2O5(OH)4
# Sample ID: NMNH96917.a_gt250
# wavelengths (microns), reflectance
1.3500402	0.33991614
1.3503917	0.34071904
1.3507435	0.34081936
1.3510957	0.34041789
1.3514478	0.34071904
1.3518003	0.34192333
1.3521528	0.34152186
1.3525057	0.34142151
1.3528585	0.34232476
1.3532118	0.34212402
1.3535651	0.34132117
1.3539187	0.34031758
1.3542722	0.34122077
1.3546262	0.34222439
1.3549802	0.34202364
1.3553345	0.34222439
1.3556889	0.34162223
1.3560435	0.34011683
1.3563982	0.3405183
1.3567532	0.34162223
1.3571084	0.34152186
1.3574637	0.34132117
1.3578192	0.34242511
1.358175	0.34262583
1.3585309	0.34182295
1.3588871	0.34162223
1.3592433	0.34182295
1.3595998	0.34122077
1.3599564	0.33991614
1.3603133	0.33981577
1.3606703	0.34041789
1.3610276	0.34081936
1.361385	0.34031758
1.3617427	0.34011683
1.3621005	0.34071904
1.3624585	0.3402172
1.3628166	0.33891252
1.3631749	0.33901289
1.3635335	0.33941433
1.3638922	0.33881217
1.3642511	0.33760786
1.3646102	0.33760786
1.3649695	0.33790898
1.3653289	0.3380093
1.3656886	0.33760786
1.3660485	0.33670464
1.3664085	0.33720642
1.3667688	0.33810964
1.3671292	0.33780858
1.3674898	0.33730677
1.3678507	0.33720642
1.3682116	0.33750752
1.3685728	0.33720642
1.3689343	0.33730677
1.3692958	0.33831039
1.3696576	0.33790898
1.3700196	0.33720642
1.3703818	0.3380093
1.3707441	0.33841071
1.3711067	0.33780858
1.3714694	0.33780858
1.3718324	0.33821005
1.3721954	0.33821005
1.3725587	0.33831039
1.3729222	0.33831039
1.3732859	0.33851111
1.3736497	0.33851111
1.3740138	0.33790898
1.374378	0.33770823
1.3747425	0.33760786
1.3751072	0.33770823
1.3754721	0.33821005
1.375837	0.33760786
1.3762023	0.33660427
1.3765677	0.33680499
1.3769335	0.33790898
1.3772992	0.3380093
1.3776653	0.33760786
1.3780315	0.3370057
1.3783978	0.33640352
1.3787644	0.33550033
1.3791313	0.33509892
1.3794982	0.33459711
1.3798655	0.33329239
1.3802328	0.33208811
1.3806005	0.32877627
1.3809682	0.32436049
1.3813362	0.31884071
1.3817043	0.31251812
1.3820726	0.30569369
1.382441	0.29947144
1.3828099	0.29505563
1.3831787	0.29344988
1.3835479	0.29425275
1.3839172	0.29535672
1.3842868	0.29565778
1.3846565	0.29555741
1.3850266	0.29465419
1.3853966	0.29565778
1.385767	0.2968621
1.3861375	0.29646066
1.3865082	0.29505563
1.3868792	0.29405203
1.3872503	0.29344988
1.3876216	0.2933495
1.387993	0.29375094
1.3883647	0.29455382
1.3887366	0.2958585
1.3891087	0.29706281
1.3894811	0.29696244
1.3898535	0.29706281
1.3902262	0.29746425
1.3905991	0.29666138
1.3909724	0.29455382
1.3913456	0.29254666
1.3917192	0.29104125
1.3920929	0.29074019
1.3924669	0.29114163
1.3928409	0.29154307
1.3932153	0.29164341
1.3935897	0.29094091
1.3939645	0.29013804
1.3943394	0.28953588
1.3947146	0.28943554
1.3950899	0.28883335
1.3954654	0.28702691
1.3958411	0.28632438
1.3962171	0.28632438
1.3965932	0.28602332
1.3969696	0.28512007
1.397346	0.28451791
1.3977228	0.28431723
1.3980998	0.28471863
1.398477	0.28532082
1.3988543	0.28542113
1.3992319	0.28592294
1.3996096	0.28672585
1.3999877	0.28752869
1.4003658	0.28772941
1.4007442	0.28803051
1.4011228	0.28843194
1.4015017	0.28953588
1.4018805	0.28993732
1.4022598	0.28933516
1.4026392	0.28913444
1.4030188	0.2897366
1.4033985	0.29063982
1.4037787	0.29114163
1.4041588	0.29134235
1.4045392	0.29174376
1.4049199	0.29204485
1.4053007	0.29194447
1.4056817	0.29274735
1.406063	0.29485491
1.4064443	0.29575813
1.406826	0.29625994
1.4072078	0.29706281
1.40759	0.29786569
1.4079722	0.29896963
1.4083548	0.29997322
1.4087374	0.30077609
1.4091204	0.30188003
1.4095035	0.30328509
1.4098868	0.3036865
1.4102703	0.304389
1.4106542	0.3058944
1.411038	0.30679765
1.4114223	0.30739981
1.4118066	0.30810231
1.4121914	0.30900553
1.4125761	0.31020984
1.4129611	0.31111306
1.4133463	0.31171525
1.4137318	0.3130199
1.4141173	0.31412387
1.4145032	0.31452531
1.4148892	0.31532818
1.4152753	0.31552887
1.4156618	0.31582996
1.4160485	0.31633171
1.4164354	0.31663281
1.4168226	0.31723499
1.4172099	0.31803784
1.4175974	0.31853965
1.4179851	0.31924218
1.4183733	0.31964359
1.4187614	0.31964359
1.4191499	0.32044649
1.4195384	0.32074755
1.4199272	0.3209483
1.4203162	0.32165077
1.4207056	0.32205224
1.4210949	0.3223533
1.4214847	0.32255399
1.4218745	0.3230558
1.4222647	0.32355762
1.422655	0.32385868
1.4230455	0.32415974
1.4234362	0.32395902
1.4238272	0.32355762
1.4242183	0.32385868
1.4246095	0.3247619
1.425001	0.32516336
1.425393	0.32516336
1.4257849	0.32486227
1.4261771	0.3247619
1.4265696	0.32526371
1.4269623	0.32596621
1.4273552	0.32596621
1.4277484	0.32566515
1.4281417	0.32576549
1.4285352	0.32576549
1.428929	0.32616693
1.429323	0.3269698
1.4297171	0.3272709
1.4301115	0.32666874
1.4305061	0.32626727
1.4309008	0.3269698
1.4312959	0.32737121
1.4316912	0.32767227
1.4320866	0.32767227
1.4324824	0.32777268
1.4328783	0.32807377
1.4332745	0.3279734
1.4336708	0.32747161
1.4340675	0.32757196
1.4344643	0.32747161
1.4348613	0.32767227
1.4352585	0.32787302
1.4356561	0.32817408
1.4360538	0.32907733
1.4364517	0.32927805
1.4368497	0.32867593
1.4372482	0.32817408
1.4376467	0.32877627
1.4380456	0.32887661
1.4384446	0.32907733
1.4388438	0.3293784
1.4392433	0.3294788
1.439643	0.32917774
1.4400429	0.3293784
1.4404429	0.32977986
1.4408432	0.32988021
1.4412439	0.32988021
1.4416445	0.33008093
1.4420457	0.33018127
1.4424468	0.33038202
1.4428483	0.33048233
1.4432499	0.33068308
1.443652	0.33108452
1.4440541	0.33148596
1.4444566	0.33098415
1.444859	0.33118489
1.445262	0.33178705
1.4456649	0.33178705
1.4460682	0.33228886
1.4464716	0.3319878
1.4468753	0.33158633
1.4472792	0.33188739
1.4476835	0.33228886
1.4480878	0.33178705
1.4484924	0.3319878
1.4488972	0.3319878
1.4493023	0.33218846
1.4497076	0.33258992
1.4501131	0.33299133
1.4505187	0.33319208
1.4509248	0.33309174
1.4513309	0.33319208
1.4517374	0.33299133
1.4521439	0.33208811
1.4525509	0.33218846
1.452958	0.33269027
1.4533653	0.33299133
1.4537728	0.33319208
1.4541807	0.33359352
1.4545887	0.33429602
1.4549969	0.33419564
1.4554054	0.33379421
1.4558141	0.33369386
1.456223	0.33419564
1.4566324	0.33469746
1.4570416	0.33489817
1.4574513	0.33469746
1.4578612	0.33479786
1.4582713	0.33459711
1.4586816	0.33469746
1.4590921	0.33539999
1.4595029	0.33519927
1.4599138	0.33519927
1.460325	0.33529958
1.4607365	0.33509892
1.4611483	0.33499852
1.4615602	0.33489817
1.4619724	0.33499852
1.4623848	0.33550033
1.4627974	0.33610246
1.4632103	0.33620286
1.4636234	0.33590177
1.4640367	0.33620286
1.4644502	0.33650392
1.4648641	0.33670464
1.4652781	0.33640352
1.4656924	0.33590177
1.4661069	0.3363032
1.4665216	0.33680499
1.4669366	0.33710608
1.4673518	0.33720642
1.4677672	0.33760786
1.4681829	0.33760786
1.4685988	0.33720642
1.469015	0.33720642
1.4694314	0.33780858
1.469848	0.33770823
1.4702649	0.33770823
1.470682	0.33821005
1.4710993	0.33831039
1.471517	0.33831039
1.4719347	0.33861145
1.4723527	0.33851111
1.472771	0.33871183
1.4731897	0.33881217
1.4736084	0.33901289
1.4740274	0.33961505
1.4744467	0.33991614
1.4748662	0.33941433
1.4752858	0.33901289
1.4757057	0.33901289
1.476126	0.33941433
1.4765463	0.33971539
1.476967	0.34001648
1.4773879	0.34001648
1.477809	0.34011683
1.4782305	0.3402172
1.478652	0.3402172
1.4790739	0.34061864
1.479496	0.34112045
1.4799184	0.34081936
1.480341	0.34081936
1.4807638	0.34132117
1.4811869	0.34162223
1.4816102	0.34162223
1.4820337	0.34142151
1.4824575	0.34202364
1.4828815	0.34172258
1.4833061	0.34132117
1.4837304	0.34182295
1.4841553	0.34242511
1.4845803	0.34292689
1.4850056	0.34292689
1.4854311	0.34292689
1.4858568	0.34252545
1.4862827	0.3427262
1.4867089	0.3434287
1.4871353	0.34362942
1.4875621	0.34332836
1.4879889	0.34312761
1.4884162	0.34362942
1.4888437	0.34372976
1.4892714	0.34362942
1.4896992	0.34383011
1.4901278	0.34372976
1.4905561	0.34362942
1.4909849	0.34413123
1.4914138	0.34473336
1.491843	0.34493408
1.4922724	0.34493408
1.4927021	0.34493408
1.493132	0.34523514
1.4935622	0.34533551
1.4939926	0.34573695
1.4944233	0.34603801
1.4948542	0.34563658
1.4952854	0.34563658
1.4957168	0.34603801
1.4961485	0.34583732
1.4965804	0.34593767
1.4970125	0.34593767
1.4974447	0.34603801
1.4978775	0.34613842
1.4983103	0.34653983
1.4987437	0.34694123
1.499177	0.34704164
1.4996107	0.34684089
1.5000446	0.34643948
1.5004789	0.34664017
1.5009133	0.3473427
1.5013479	0.34794483
1.5017828	0.34774414
1.502218	0.34714195
1.5026534	0.34724236
1.5030892	0.34764376
1.503525	0.34814557
1.5039612	0.34854701
1.5043976	0.34824595
1.5048344	0.34794483
1.5052713	0.34834626
1.5057086	0.34874773
1.506146	0.34904882
1.5065837	0.34934989
1.5070215	0.3495506
1.5074598	0.34965095
1.5078982	0.34975129
1.5083369	0.34995201
1.5087758	0.35005239
1.5092151	0.35005239
1.5096546	0.34995201
1.5100944	0.35015276
1.5105344	0.35005239
1.5109746	0.35015276
1.5114151	0.35035348
1.511856	0.35005239
1.5122969	0.3505542
1.5127382	0.3512567
1.5131798	0.3512567
1.5136217	0.35115632
1.5140636	0.35145739
1.514506	0.35155776
1.5149485	0.35175848
1.5153915	0.35175848
1.5158345	0.3520596
1.5162779	0.3520596
1.5167215	0.35175848
1.5171654	0.35236067
1.5176095	0.35296282
1.518054	0.35266173
1.5184987	0.35236067
1.5189435	0.35256135
1.5193887	0.35296282
1.5198342	0.35316351
1.5202799	0.35326388
1.5207258	0.35336426
1.521172	0.35336426
1.5216186	0.35356495
1.5220653	0.3537657
1.5225123	0.35396639
1.5229596	0.35426745
1.5234071	0.3544682
1.5238549	0.35466892
1.524303	0.35466892
1.5247513	0.35507032
1.5251998	0.35527107
1.5256486	0.3548696
1.5260978	0.3548696
1.5265471	0.35547179
1.5269967	0.3558732
1.5274466	0.35617429
1.5278969	0.35607395
1.5283473	0.35607395
1.528798	0.35597357
1.529249	0.35627463
1.5297003	0.35667607
1.5301517	0.35707751
1.5306035	0.35737857
1.5310555	0.35707751
1.5315078	0.35707751
1.5319604	0.35727826
1.5324134	0.35757932
1.5328665	0.35808113
1.5333198	0.35798073
1.5337734	0.35818145
1.5342274	0.35878363
1.5346816	0.35868326
1.5351361	0.35888401
1.5355908	0.35928544
1.5360456	0.35938576
1.5365007	0.35918507
1.5369563	0.35958651
1.537412	0.35998794
1.5378683	0.36008832
1.5383245	0.36008832
1.5387812	0.36018863
1.539238	0.36038938
1.5396953	0.36018863
1.5401527	0.36038938
1.5406104	0.36089119
1.5410683	0.36139297
1.5415267	0.36159366
1.5419852	0.36189476
1.542444	0.36189476
1.5429029	0.36159366
1.5433626	0.36169407
1.5438222	0.36169407
1.5442821	0.36189476
1.5447421	0.3620955
1.5452026	0.36269763
1.5456632	0.36309907
1.5461243	0.36340016
1.5465856	0.36350051
1.5470469	0.36360085
1.5475086	0.36380157
1.5479708	0.36380157
1.5484331	0.36390191
1.5488957	0.36410266
1.5493586	0.36440372
1.5498219	0.36470482
1.5502852	0.36500588
1.5507492	0.36490551
1.5512131	0.36490551
1.5516775	0.36500588
1.552142	0.36530694
1.5526069	0.36560804
1.553072	0.3660095
1.5535375	0.36621019
1.5540031	0.36621019
1.5544689	0.36651129
1.5549351	0.36651129
1.5554017	0.36651129
1.5558684	0.36701304
1.5563356	0.36751485
1.5568029	0.36751485
1.5572705	0.36781594
1.5577384	0.36801669
1.5582068	0.36791632
1.5586753	0.36781594
1.5591441	0.36771557
1.5596131	0.36821738
1.5600824	0.36922097
1.560552	0.3698231
1.561022	0.36942169
1.5614921	0.36942169
1.5619628	0.3698231
1.5624335	0.3698231
1.5629046	0.36962244
1.5633758	0.3698231
1.5638475	0.37012416
1.5643194	0.37012416
1.5647916	0.37012416
1.565264	0.37022457
1.5657365	0.37072635
1.5662096	0.37102744
1.5666829	0.37092707
1.5671564	0.37102744
1.5676304	0.3713285
1.5681045	0.37193069
1.5685791	0.372031
1.5690538	0.372031
1.5695291	0.37162963
1.5700043	0.37193069
1.57048	0.37243247
1.5709559	0.37263316
1.5714321	0.37313497
1.5719085	0.37323532
1.5723853	0.37313497
1.5728624	0.37323532
1.5733397	0.37373713
1.5738174	0.37393788
1.5742953	0.37393788
1.5747734	0.37423894
1.5752521	0.37433928
1.5757308	0.37423894
1.5762099	0.37454
1.5766892	0.37484106
1.5771688	0.37454
1.5776488	0.37464035
1.5781291	0.37494141
1.5786096	0.37524247
1.5790905	0.37524247
1.5795716	0.37554362
1.5800531	0.37574428
1.5805347	0.37614575
1.5810168	0.37654719
1.5814991	0.37674794
1.5819818	0.37644681
1.5824646	0.37664753
1.5829479	0.37735006
1.5834312	0.37755081
1.5839151	0.3769486
1.5843991	0.377049
1.5848837	0.37775147
1.5853683	0.37825328
1.5858533	0.37815294
1.5863385	0.37815294
1.5868242	0.37815294
1.58731	0.37835366
1.5877962	0.37875509
1.5882826	0.37895581
1.5887693	0.3791565
1.5892563	0.37905616
1.5897436	0.37895581
1.5902313	0.37925687
1.5907192	0.37965831
1.5912075	0.38005972
1.591696	0.38005972
1.5921849	0.38036081
1.592674	0.38086259
1.5931635	0.38086259
1.5936533	0.380963
1.5941433	0.38146478
1.5946337	0.38156512
1.5951242	0.38146478
1.5956153	0.38156512
1.5961065	0.38156512
1.5965984	0.38196656
1.5970901	0.38276944
1.5975825	0.38286978
1.5980748	0.38276944
1.5985676	0.38286978
1.5990607	0.38307053
1.5995542	0.38317084
1.6000477	0.38327125
1.6005416	0.38327125
1.6010358	0.38327125
1.6015304	0.38377306
1.6020253	0.38427484
1.6025206	0.38447553
1.603016	0.38467628
1.6035119	0.38497734
1.604008	0.38507771
1.6045047	0.38507771
1.6050013	0.38547915
1.6054984	0.38578025
1.6059958	0.38608131
1.6064935	0.38628197
1.6069914	0.38628197
1.6074898	0.38658312
1.6079884	0.38678378
1.608487	0.38678378
1.6089861	0.38698453
1.6094857	0.38718525
1.6099856	0.38718525
1.6104858	0.38708484
1.6109861	0.38738596
1.611487	0.38788775
1.6119881	0.38808849
1.6124896	0.38808849
1.6129912	0.3884899
1.6134933	0.38889137
1.6139956	0.38899171
1.6144984	0.38889137
1.6150012	0.38919243
1.6155045	0.3898949
1.616008	0.38959384
1.6165122	0.38929278
1.6170163	0.38959384
1.6175209	0.38999531
1.6180257	0.38999531
1.6185309	0.39029637
1.6190363	0.39059746
1.6195421	0.3909989
1.6200482	0.39089853
1.6205544	0.39089853
1.6210611	0.39129996
1.6215682	0.39160103
1.6220756	0.39180177
1.6225833	0.3924039
1.6230912	0.39290571
1.6235996	0.39280534
1.6241082	0.39250427
1.6246173	0.39280534
1.6251266	0.39320678
1.6256363	0.39330715
1.6261462	0.39320678
1.6266564	0.39360821
1.627167	0.39380893
1.6276779	0.39350784
1.6281891	0.39340752
1.6287007	0.39411002
1.6292125	0.39421034
1.6297247	0.39421034
1.6302372	0.39431074
1.6307501	0.39461181
1.6312631	0.39471215
1.6317767	0.39541468
1.6322904	0.39581609
1.6328044	0.3956154
1.6333188	0.39551502
1.6338336	0.39541468
1.6343486	0.3956154
1.6348641	0.39601684
1.6353798	0.39641827
1.6358958	0.39651865
1.6364123	0.39641827
1.6369292	0.39661899
1.637446	0.3970204
1.6379635	0.39692008
1.6384811	0.39692008
1.6389992	0.39722115
1.6395175	0.39762256
1.6400362	0.39772296
1.6405551	0.39752221
1.6410745	0.39732149
1.6415942	0.39752221
1.6421142	0.39792368
1.6426344	0.39842546
1.6431552	0.39872652
1.643676	0.39902759
1.6441975	0.39932871
1.644719	0.39942905
1.6452409	0.39942905
1.6457632	0.39902759
1.6462859	0.39922833
1.6468087	0.39932871
1.6473321	0.39962977
1.6478556	0.40053302
1.6483797	0.40063334
1.648904	0.40073371
1.6494286	0.40073371
1.6499535	0.40063334
1.6504788	0.4009344
1.6510044	0.40163696
1.6515305	0.40173727
1.6520567	0.40193802
1.6525834	0.4020384
1.6531103	0.40133587
1.6536378	0.4009344
1.6541654	0.4010348
1.6546935	0.40153658
1.6552217	0.40223908
1.6557504	0.40254018
1.6562793	0.40284127
1.6568087	0.40314233
1.6573384	0.40314233
1.6578683	0.40314233
1.6583985	0.4034434
1.6589293	0.40364414
1.6594603	0.4034434
1.6599917	0.40324268
1.6605233	0.40334305
1.6610554	0.40384483
1.6615878	0.40404558
1.6621207	0.40434664
1.6626537	0.40424627
1.6631873	0.40414593
1.6637208	0.40434664
1.664255	0.40474808
1.6647894	0.40524986
1.6653243	0.40524986
1.6658593	0.40545058
1.6663947	0.40585205
1.6669306	0.40585205
1.6674668	0.40565133
1.6680032	0.40585205
1.6685401	0.40585205
1.6690773	0.4063538
1.6696149	0.40685561
1.6701527	0.40685561
1.670691	0.40695596
1.6712295	0.40755814
1.6717685	0.40785921
1.6723077	0.40795958
1.6728474	0.4080599
1.6733873	0.40816027
1.6739277	0.40816027
1.6744683	0.4080599
1.6750095	0.40795958
1.6755508	0.40816027
1.6760926	0.40856171
1.6766347	0.40876245
1.6771772	0.40856171
1.6777198	0.40866205
1.6782631	0.40916386
1.6788064	0.40916386
1.6793501	0.40926424
1.6798942	0.40976602
1.6804388	0.41006708
1.6809837	0.41006708
1.6815289	0.41016746
1.6820744	0.41046852
1.6826205	0.41046852
1.6831667	0.41086996
1.6837136	0.41127142
1.6842605	0.41117105
1.684808	0.41097033
1.6853557	0.4110707
1.6859038	0.41127142
1.6864522	0.41157252
1.687001	0.41147211
1.6875501	0.41177318
1.6881	0.4120743
1.6886498	0.41217464
1.6892	0.41237539
1.6897506	0.41247571
1.6903015	0.41257608
1.6908529	0.41287714
1.6914046	0.41317824
1.6919565	0.41337895
1.6925087	0.41337895
1.6930614	0.41347933
1.6936146	0.41327858
1.694168	0.41347933
1.6947218	0.41337895
1.695276	0.4135797
1.6958306	0.41388077
1.6963854	0.41388077
1.6969409	0.41378039
1.6974965	0.41398111
1.6980526	0.41418183
1.6986089	0.41448289
1.6991657	0.41478398
1.6997228	0.41458324
1.7002803	0.41448289
1.7008381	0.41478398
1.7013963	0.41508505
1.7019548	0.41548651
1.7025138	0.41538614
1.703073	0.41558683
1.7036328	0.41558683
1.7041928	0.41548651
1.7047533	0.41558683
1.7053139	0.4156872
1.705875	0.4156872
1.7064364	0.41588795
1.7069983	0.41608864
1.7075605	0.4163897
1.7081233	0.41669083
1.7086862	0.41659042
1.7092496	0.4163897
1.7098132	0.41659042
1.7103775	0.41689152
1.7109419	0.4174937
1.7115068	0.4174937
1.712072	0.41759402
1.7126377	0.41759402
1.7132035	0.4173933
1.7137699	0.41769436
1.7143366	0.41759402
1.7149036	0.41759402
1.715471	0.41779476
1.7160389	0.41769436
1.7166071	0.41759402
1.7171758	0.41769436
1.7177447	0.41829658
1.7183142	0.41879833
1.7188838	0.41859764
1.7194541	0.41839689
1.7200245	0.41849726
1.7205955	0.41869801
1.7211666	0.41859764
1.7217383	0.41849726
1.7223103	0.41869801
1.7228827	0.4188987
1.7234554	0.41899908
1.7240288	0.41919976
1.7246022	0.41919976
1.7251762	0.41930014
1.7257504	0.41970155
1.7263252	0.41980195
1.7269002	0.41940048
1.7274756	0.41950089
1.7280514	0.41950089
1.7286276	0.41950089
1.7292041	0.42000267
1.7297812	0.42020336
1.7303585	0.42040408
1.7309363	0.42060483
1.7315143	0.42070517
1.732093	0.42090589
1.7326717	0.42080548
1.7332511	0.42050442
1.7338307	0.42070517
1.7344109	0.42100623
1.7349913	0.42130733
1.7355722	0.42110661
1.7361534	0.42090589
1.7367351	0.42120695
1.737317	0.42160839
1.7378997	0.42200983
1.7384824	0.42200983
1.7390656	0.42180914
1.7396491	0.42200983
1.7402332	0.42200983
1.7408174	0.42221054
1.7414023	0.42241126
1.7419873	0.42221054
1.7425728	0.4221102
1.7431587	0.42190948
1.7437451	0.42221054
1.7443317	0.42261201
1.7449189	0.42281267
1.7455064	0.42271233
1.7460943	0.42301342
1.7466825	0.42311382
1.7472714	0.42291307
1.7478604	0.42301342
1.7484499	0.42321414
1.7490398	0.4235152
1.7496301	0.42371595
1.7502208	0.42381629
1.7508119	0.42381629
1.7514033	0.42401701
1.7519954	0.42441845
1.7525877	0.4246192
1.7531804	0.42451882
1.7537735	0.42451882
1.754367	0.42481989
1.7549609	0.42522132
1.7555553	0.42522132
1.7561499	0.42471951
1.7567449	0.42471951
1.7573403	0.42512095
1.7579362	0.42502061
1.7585325	0.42502061
1.7591293	0.42512095
1.7597264	0.42522132
1.760324	0.42512095
1.7609218	0.42532167
1.7615204	0.42532167
1.7621191	0.42552239
1.7627183	0.42622495
1.7633178	0.4267267
1.7639178	0.4267267
1.7645181	0.42682707
1.7651191	0.42662635
1.7657201	0.42652601
1.7663218	0.42682707
1.7669238	0.42702779
1.7675263	0.42682707
1.768129	0.4267267
1.7687324	0.42712814
1.769336	0.42722851
1.7699401	0.42732885
1.7705445	0.42773032
1.7711494	0.42773032
1.7717546	0.42762992
1.7723604	0.42793101
1.7729665	0.42783067
1.773573	0.42752957
1.7741799	0.42773032
1.7747874	0.42783067
1.7753952	0.42793101
1.7760036	0.42823213
1.7766122	0.42843279
1.7772213	0.42823213
1.7778307	0.42843279
1.7784407	0.42913532
1.7790509	0.42883426
1.7796618	0.42833245
1.7802728	0.42843279
1.7808841	0.4285332
1.781496	0.42863354
1.7821085	0.42863354
1.7827213	0.42863354
1.7833346	0.42863354
1.7839482	0.42873386
1.7845623	0.4289346
1.7851768	0.4289346
1.785792	0.42923567
1.7864072	0.42933607
1.7870232	0.42923567
1.7876393	0.42943642
1.788256	0.42953673
1.788873	0.42963713
1.7894906	0.42963713
1.7901084	0.42943642
1.790727	0.42943642
1.7913457	0.42973748
1.7919649	0.43003857
1.7925845	0.43023929
1.7932047	0.43013892
1.793825	0.4299382
1.794446	0.42983782
1.7950673	0.43013892
1.795689	0.43023929
1.7963111	0.43003857
1.7969339	0.42983782
1.7975569	0.42983782
1.7981805	0.42983782
1.7988043	0.43003857
1.7994287	0.43013892
1.8000535	0.43013892
1.800679	0.43013892
1.8013045	0.43033963
1.8019307	0.42983782
1.8025571	0.42983782
1.8031842	0.4299382
1.8038116	0.43033963
1.8044394	0.4306407
1.8050677	0.43013892
1.8056965	0.43003857
1.8063256	0.43003857
1.8069552	0.42983782
1.8075852	0.4299382
1.8082157	0.42983782
1.8088466	0.43013892
1.809478	0.43013892
1.8101097	0.43033963
1.8107419	0.43074104
1.8113745	0.43054038
1.8120078	0.43023929
1.8126413	0.43033963
1.8132753	0.43033963
1.8139096	0.43023929
1.8145447	0.43054038
1.8151799	0.43043998
1.8158158	0.43084145
1.8164519	0.43164432
1.8170887	0.43154392
1.8177258	0.43144357
1.8183634	0.43124285
1.8190013	0.43114251
1.8196399	0.43174466
1.8202788	0.4321461
1.8209183	0.43174466
1.8215581	0.43194538
1.8221985	0.43204573
1.8228391	0.43164432
1.8234804	0.43154392
1.8241218	0.43194538
1.824764	0.43224645
1.8254064	0.43254754
1.8260493	0.43294898
1.8266927	0.43274826
1.8273367	0.43274826
1.8279809	0.43264788
1.8286258	0.43234679
1.829271	0.43224645
1.8299167	0.43234679
1.8305628	0.4324472
1.8312097	0.43254754
1.8318566	0.43294898
1.8325043	0.43304932
1.8331522	0.43274826
1.8338007	0.43264788
1.8344495	0.43264788
1.835099	0.43274826
1.8357487	0.43304932
1.8363992	0.4331497
1.83705	0.43294898
1.8377012	0.43274826
1.8383528	0.43234679
1.839005	0.43254754
1.8396575	0.4328486
1.8403107	0.43264788
1.8409641	0.43274826
1.8416178	0.43325004
1.8422722	0.4328486
1.8429272	0.43234679
1.8435825	0.43254754
1.8442384	0.43294898
1.8448946	0.43274826
1.8455515	0.43254754
1.8462087	0.4331497
1.8468666	0.43365151
1.8475248	0.43325004
1.8481835	0.43325004
1.8488425	0.43345076
1.8495022	0.4335511
1.8501621	0.43345076
1.8508228	0.43345076
1.8514837	0.4335511
1.852145	0.4335511
1.8528068	0.43365151
1.8534694	0.43385217
1.8541322	0.43405291
1.8547956	0.4335511
1.8554593	0.4331497
1.8561238	0.43365151
1.8567885	0.43415332
1.8574541	0.43405291
1.8581197	0.43375185
1.858786	0.43385217
1.8594526	0.43445438
1.8601199	0.43425363
1.8607875	0.43425363
1.8614557	0.43445438
1.8621242	0.43415332
1.8627936	0.43405291
1.8634632	0.43405291
1.8641332	0.43405291
1.8648038	0.43435398
1.8654748	0.43415332
1.8661463	0.43405291
1.8668184	0.43445438
1.8674908	0.43475544
1.8681637	0.43445438
1.868837	0.43445438
1.869511	0.43465504
1.8701854	0.43505651
1.8708603	0.43515685
1.8715357	0.43425363
1.8722117	0.43445438
1.872888	0.43475544
1.8735651	0.43435398
1.8742423	0.43415332
1.8749202	0.43415332
1.8755985	0.43385217
1.8762774	0.43385217
1.8769567	0.43395257
1.8776366	0.4335511
1.8783168	0.43335044
1.8789977	0.4331497
1.8796788	0.4328486
1.8803607	0.43254754
1.881043	0.43234679
1.8817258	0.43194538
1.882409	0.43194538
1.8830929	0.4321461
1.883777	0.4321461
1.8844618	0.43154392
1.8851469	0.43084145
1.8858327	0.4306407
1.8865188	0.43054038
1.8872057	0.42983782
1.8878928	0.42933607
1.8885808	0.42933607
1.8892689	0.42943642
1.8899578	0.42883426
1.8906469	0.42823213
1.8913368	0.42773032
1.892027	0.42742926
1.8927178	0.42682707
1.893409	0.42652601
1.8941009	0.42612454
1.8947932	0.42572314
1.8954861	0.42552239
1.8961793	0.42502061
1.8968732	0.42421773
1.8975675	0.42381629
1.8982624	0.42311382
1.8989576	0.42281267
1.8996536	0.42251161
1.9003499	0.4214077
1.9010466	0.42060483
1.9017439	0.42040408
1.9024419	0.42010301
1.9031402	0.4196012
1.9038392	0.41869801
1.9045385	0.41809583
1.9052386	0.41769436
1.905939	0.41719261
1.9066402	0.41679114
1.9073416	0.41608864
1.9080436	0.41578758
1.9087461	0.41558683
1.9094492	0.41508505
1.9101527	0.41458324
1.9108568	0.41398111
1.9115614	0.41368002
1.9122664	0.41347933
1.912972	0.41337895
1.9136782	0.4127768
1.9143847	0.4120743
1.915092	0.41147211
1.9157996	0.41127142
1.916508	0.41097033
1.9172167	0.4103682
1.9179261	0.40986639
1.9186358	0.40976602
1.9193462	0.40976602
1.9200571	0.40966564
1.9207685	0.40916386
1.9214803	0.40876245
1.9221928	0.40866205
1.9229058	0.40866205
1.9236195	0.40856171
1.9243335	0.4080599
1.9250481	0.40755814
1.9257631	0.40735739
1.9264789	0.40705633
1.927195	0.4063538
1.9279118	0.40615311
1.9286289	0.40625346
1.9293463	0.40585205
1.9300646	0.40474808
1.9307835	0.40444702
1.9315028	0.40424627
1.9322227	0.40394521
1.9329431	0.40354374
1.9336642	0.4034434
1.9343857	0.4034434
1.9351079	0.40314233
1.9358305	0.40243983
1.9365537	0.40153658
1.9372772	0.40113515
1.9380015	0.4009344
1.9387262	0.40063334
1.9394516	0.40003121
1.9401773	0.3995294
1.940904	0.39902759
1.9416308	0.39872652
1.9423584	0.39832509
1.9430864	0.39752221
1.943815	0.39692008
1.9445441	0.39651865
1.9452738	0.39591646
1.9460039	0.39511362
1.9467345	0.39451149
1.9474658	0.39451149
1.9481977	0.39431074
1.94893	0.39370859
1.949663	0.39310643
1.9503965	0.3924039
1.9511306	0.39210284
1.9518652	0.39190209
1.9526006	0.39160103
1.9533362	0.39119962
1.9540726	0.39059746
1.9548093	0.39039671
1.9555469	0.38999531
1.9562846	0.38899171
1.9570233	0.3884899
1.9577622	0.38808849
1.9585019	0.38758665
1.959242	0.38738596
1.9599829	0.38688418
1.960724	0.38608131
1.961466	0.3855795
1.9622083	0.38537878
1.9629514	0.38507771
1.9636948	0.38467628
1.9644389	0.38437518
1.9651834	0.38377306
1.9659288	0.38317084
1.9666744	0.38266912
1.9674209	0.38226765
1.9681678	0.38196656
1.9689153	0.38186622
1.9696634	0.38156512
1.9704123	0.38126406
1.9711614	0.38106334
1.9719112	0.38056153
1.9726615	0.38046119
1.9734125	0.38056153
1.9741639	0.38005972
1.9749161	0.37995937
1.9756685	0.37985906
1.976422	0.37955794
1.9771756	0.37935725
1.9779301	0.37945759
1.9786849	0.37975866
1.9794405	0.37995937
1.9801965	0.37995937
1.9809532	0.37995937
1.9817104	0.37985906
1.9824681	0.38016012
1.9832264	0.38005972
1.9839855	0.37975866
1.984745	0.38016012
1.9855052	0.38056153
1.9862659	0.38066193
1.9870273	0.38086259
1.987789	0.38076225
1.9885516	0.38086259
1.9893147	0.38106334
1.9900783	0.38136441
1.9908425	0.38206694
1.9916074	0.38266912
1.9923728	0.38286978
1.9931389	0.38317084
1.9939053	0.38337159
1.9946727	0.38357231
1.9954402	0.38407412
1.9962088	0.38427484
1.9969776	0.38437518
1.9977473	0.38477659
1.9985173	0.38527843
1.9992882	0.38547915
2.0000594	0.3855795
2.0008314	0.38578025
2.0016038	0.3859809
2.002377	0.38638237
2.0031507	0.38688418
2.0039251	0.38708484
2.0046999	0.38738596
2.0054755	0.38768703
2.0062516	0.3877874
2.0070286	0.3884899
2.0078058	0.38899171
2.0085838	0.38919243
2.0093622	0.38959384
2.0101414	0.38979459
2.010921	0.39009565
2.0117013	0.39039671
2.0124824	0.39049709
2.0132637	0.3909989
2.0140457	0.39170143
2.0148287	0.39210284
2.0156119	0.39260465
2.016396	0.39320678
2.0171804	0.39350784
2.0179658	0.39360821
2.0187516	0.39441109
2.0195379	0.39521396
2.0203249	0.3956154
2.0211127	0.39581609
2.0219009	0.39651865
2.0226898	0.3971208
2.0234792	0.39782327
2.0242696	0.39872652
2.0250602	0.3995294
2.0258517	0.40003121
2.0266438	0.40043262
2.0274363	0.4010348
2.0282295	0.40173727
2.0290234	0.40223908
2.0298178	0.40284127
2.0306129	0.40304199
2.0314085	0.40364414
2.0322044	0.40444702
2.0330014	0.40524986
2.0337989	0.40555096
2.0345972	0.40595239
2.0353961	0.40665489
2.0361953	0.40725708
2.0369956	0.40795958
2.0377963	0.40856171
2.0385981	0.40916386
2.0393999	0.40976602
2.0402026	0.41056889
2.0410056	0.41117105
2.0418096	0.41137177
2.042614	0.41157252
2.0434194	0.41227499
2.044225	0.41287714
2.0450315	0.41347933
2.0458386	0.41398111
2.0466464	0.41438258
2.0474546	0.41478398
2.0482635	0.41538614
2.049073	0.41578758
2.0498834	0.41578758
2.0506942	0.41598827
2.0515053	0.4163897
2.0523174	0.41679114
2.0531304	0.4174937
2.0539436	0.41789511
2.0547578	0.41799545
2.0555725	0.41799545
2.0563879	0.41819617
2.057204	0.41869801
2.0580208	0.4188987
2.0588381	0.41909942
2.0596561	0.41970155
2.0604746	0.42020336
2.0612941	0.42010301
2.062114	0.42010301
2.0629346	0.42050442
2.0637558	0.42050442
2.0645773	0.42050442
2.0653996	0.42080548
2.0662231	0.42090589
2.0670469	0.42090589
2.0678713	0.42070517
2.0686965	0.42070517
2.0695224	0.42060483
2.0703487	0.42030376
2.0711763	0.42000267
2.0720038	0.41980195
2.0728326	0.41970155
2.0736616	0.41930014
2.0744915	0.41839689
2.0753219	0.41799545
2.076153	0.41779476
2.0769846	0.41699189
2.0778172	0.41608864
2.0786502	0.41538614
2.0794842	0.41468364
2.0803187	0.41368002
2.0811539	0.41217464
2.0819895	0.41147211
2.0828261	0.41066927
2.0836632	0.40906352
2.084501	0.40765852
2.0853395	0.40605274
2.0861788	0.40484846
2.0870185	0.40404558
2.0878592	0.40304199
2.0887003	0.40153658
2.0895422	0.40023193
2.0903847	0.39942905
2.0912282	0.39852583
2.092072	0.39762256
2.0929167	0.3970204
2.0937619	0.39641827
2.0946081	0.39571577
2.0954545	0.39521396
2.096302	0.39481255
2.0971498	0.39441109
2.0979986	0.39421034
2.0988479	0.39380893
2.0996981	0.39350784
2.1005487	0.39330715
2.1014004	0.39290571
2.1022525	0.39270496
2.1031053	0.39260465
2.1039588	0.39250427
2.1048129	0.3924039
2.1056678	0.39200249
2.1065235	0.39170143
2.1073797	0.39140037
2.1082368	0.3909989
2.1090944	0.39069781
2.1099529	0.39069781
2.1108119	0.39109921
2.1116717	0.39119962
2.1125321	0.39109921
2.1133935	0.39129996
2.1142552	0.39180177
2.115118	0.39210284
2.1159811	0.39258593
2.1168454	0.39190957
2.1177099	0.39171633
2.1185756	0.39171633
2.1194417	0.39258593
2.1203086	0.39306906
2.121176	0.39268258
2.1220446	0.39258593
2.1229134	0.39287582
2.1237831	0.39248931
2.1246536	0.39219946
2.1255245	0.39297247
2.1263962	0.39316568
2.1272688	0.39239272
2.1281419	0.39190957
2.1290162	0.39161971
2.1298907	0.39190957
2.1307662	0.39190957
2.1316423	0.39103997
2.1325192	0.39036357
2.1333966	0.38988045
2.1342752	0.38939735
2.135154	0.39026695
2.1360338	0.39026695
2.1369143	0.38968721
2.1377954	0.38959056
2.1386774	0.39007372
2.1395605	0.38988045
2.1404438	0.39065343
2.1413281	0.39026695
2.1422129	0.39036357
2.1430986	0.39103997
2.1439848	0.39190957
2.144872	0.39219946
2.1457596	0.39239272
2.1466477	0.39210284
2.1475368	0.39326233
2.148427	0.3936488
2.1493175	0.39461508
2.1502092	0.39538807
2.1511011	0.39577457
2.1519942	0.39538807
2.1528878	0.39548469
2.1537826	0.39654756
2.1546776	0.39770705
2.1555736	0.39838344
2.1564703	0.39867333
2.1573677	0.39915642
2.1582658	0.40002605
2.1591649	0.40031594
2.1600645	0.40108889
2.1609645	0.40137881
2.1618655	0.40195855
2.1627674	0.40273154
2.1636701	0.4034079
2.1645734	0.40437418
2.1654775	0.40495393
2.1663826	0.40495393
2.1672883	0.40524378
2.168195	0.4053404
2.169102	0.40524378
2.1700101	0.40505052
2.1709187	0.4060168
2.1718283	0.40630665
2.1727386	0.40698302
2.1736495	0.40717629
2.1745613	0.40727288
2.1754742	0.40736952
2.1763873	0.40756276
2.1773014	0.40775603
2.1782162	0.40804589
2.179132	0.40833578
2.1800482	0.40775603
2.1809654	0.40736952
2.1818831	0.4068864
2.1828015	0.40669313
2.1837208	0.40698302
2.1846411	0.40698302
2.1855621	0.40678975
2.1864841	0.40649989
2.1874065	0.40592015
2.1883299	0.4060168
2.189254	0.40640327
2.1901793	0.40572691
2.1911051	0.40563026
2.1920316	0.40582353
2.1929588	0.40505052
2.193887	0.40389103
2.1948156	0.40302143
2.1957452	0.40302143
2.1966755	0.40244165
2.197607	0.40186191
2.1985388	0.40166867
2.1994717	0.40195855
2.2004051	0.40166867
2.2013395	0.40108889
2.2022746	0.4006058
2.2032106	0.40012267
2.2041473	0.40012267
2.2050848	0.40002605
2.206023	0.40002605
2.2069621	0.3999294
2.207902	0.39896318
2.2088428	0.39693403
2.2097843	0.39654756
2.2107267	0.39645091
2.2116697	0.39596781
2.2126141	0.39490494
2.2135587	0.39480829
2.2145045	0.39461508
2.2154505	0.39229608
2.216398	0.39026695
2.2173457	0.38959056
2.2182946	0.38872096
2.2192442	0.38756147
2.2201948	0.38524246
2.2211459	0.38340661
2.2220981	0.38166735
2.2230508	0.37944499
2.2240045	0.37644961
2.2249589	0.37335765
2.2259145	0.37094203
2.2268705	0.36775342
2.2278273	0.36350194
2.228785	0.35954031
2.2297437	0.35586861
2.2307031	0.35181037
2.2316635	0.34746224
2.2326245	0.3437905
2.2335865	0.34031203
2.234549	0.33722001
2.2355127	0.33422464
2.2364771	0.33074614
2.2374425	0.32717106
2.2384083	0.32456219
2.2393754	0.32214659
2.2403431	0.3195377
2.2413118	0.31731534
2.2422812	0.31596258
2.243252	0.31403011
2.2442229	0.31229088
2.2451949	0.31093812
2.2461677	0.30977863
2.2471414	0.30832925
2.2481158	0.30774951
2.2490911	0.3069765
2.2500672	0.30514061
2.251044	0.30398113
2.2520218	0.30340138
2.2530005	0.3026284
2.2539799	0.30233851
2.2549605	0.30166215
2.2559416	0.29992291
2.2569239	0.29876342
2.2579067	0.29857016
2.2588909	0.29760394
2.2598755	0.29712078
2.2608612	0.29702416
2.2618475	0.29576805
2.2628348	0.2948018
2.263823	0.29422206
2.264812	0.2919997
2.2658017	0.28958407
2.2667923	0.28745833
2.2677839	0.28571907
2.2687764	0.28436634
2.2697697	0.2822406
2.2707639	0.27972835
2.271759	0.27769923
2.2727549	0.27470389
2.2737517	0.27286801
2.2747495	0.27103215
2.275748	0.26900303
2.2767475	0.26784351
2.2777479	0.26649079
2.278749	0.26513803
2.2797511	0.26359203
2.2807541	0.26233593
2.2817578	0.26088655
2.282763	0.25885743
2.2837684	0.25682831
2.284775	0.25537896
2.2857823	0.25392959
2.2867908	0.25190046
2.2877998	0.24958146
2.28881	0.24803548
2.2898209	0.24677935
2.2908323	0.24475023
2.2918451	0.24272111
2.2928588	0.24088524
2.2938731	0.23914601
2.2948887	0.23769663
2.2959049	0.23673038
2.2969222	0.23460464
2.2979403	0.23286541
2.2989597	0.23141603
2.2999794	0.22958018
2.3010006	0.2281308
2.3020222	0.2261983
2.303045	0.22513543
2.3040683	0.22349282
2.3050931	0.22098057
2.3061182	0.21943457
2.3071454	0.21750209
2.3081722	0.21508646
2.3092005	0.21276747
2.3102295	0.21083498
2.3112597	0.20919237
2.3122904	0.20687337
2.3133223	0.20474762
2.3143549	0.20320164
2.3153882	0.20155902
2.3164227	0.1995299
2.3174584	0.19817716
2.3184946	0.19711427
2.3195322	0.19576153
2.3205702	0.19460204
2.3216095	0.19344254
2.3226497	0.19257292
2.3236911	0.19141342
2.324733	0.19044718
2.3257761	0.19073707
2.3268199	0.19179992
2.3278646	0.19286279
2.3289104	0.19421554
2.3299572	0.19634129
2.3310046	0.19798391
2.3320534	0.19933666
2.3331029	0.20136577
2.3341534	0.20426451
2.3352048	0.20706661
2.3362572	0.20909573
2.3373103	0.21122149
2.3383648	0.21334721
2.3394198	0.21624596
2.340476	0.21924134
2.3415329	0.22175357
2.342591	0.22426581
2.3436501	0.22735779
2.3447101	0.23044978
2.3457711	0.23344515
2.346833	0.23624726
2.3478959	0.23933925
2.3489597	0.24204475
2.3500245	0.24465361
2.3510904	0.24639286
2.3521569	0.24832535
2.3532248	0.25006458
2.3542933	0.25180385
2.3553631	0.25373632
2.3564336	0.25576544
2.3575051	0.25779456
2.3585775	0.25914729
2.3596511	0.26001692
2.3607256	0.26098317
2.3618011	0.2618528
2.3628776	0.26233593
2.363955	0.26272243
2.3650334	0.26281902
2.3661137	0.26272243
2.3671939	0.26310894
2.3682754	0.26320553
2.3693576	0.26281902
2.3704412	0.26301229
2.3715253	0.26330218
2.3726108	0.2618528
2.373697	0.26001692
2.3747847	0.2583743
2.3758729	0.25663507
2.3769624	0.25450933
2.3780525	0.25228694
2.379144	0.25074098
2.3802361	0.24958146
2.3813298	0.24793884
2.3824239	0.24648948
2.3835192	0.24523336
2.3846154	0.24407387
2.3857129	0.243784
2.3868113	0.243784
2.3879108	0.24494348
2.3890109	0.24619959
2.3901126	0.24639286
2.3912148	0.24677935
2.3923185	0.2473591
2.3934228	0.24784224
2.3945284	0.24842198
2.3956349	0.24880847
2.3967426	0.24871184
2.397851	0.2485186
2.3989608	0.24822871
2.4000711	0.24764897
2.4011834	0.24764897
2.4022958	0.24745573
2.4034097	0.24668273
2.4045243	0.24581312
2.4056404	0.24494348
2.4067569	0.24446036
2.4078751	0.24339749
2.4089937	0.24194811
2.4101133	0.24078862
2.4112341	0.23982239
2.4123564	0.23895276
2.4134791	0.23817976
2.4146035	0.23692364
2.4157286	0.23605402
2.4168549	0.23537764
2.4179819	0.23450802
2.4191108	0.23354179
2.4202399	0.23218903
2.4213705	0.23141603
2.4225018	0.23141603
2.4236345	0.23054641
2.424768	0.23006329
2.4259028	0.22977342
2.4270384	0.22919367
2.4281759	0.2290004
2.4293137	0.22948354
2.4304526	0.22967678
2.4315925	0.23035316
2.4327338	0.23093291
2.4338756	0.23073965
2.435019	0.23064303
2.4361632	0.23064303
2.4373078	0.23044978
2.4384544	0.23006329
2.4396017	0.22977342
2.4407504	0.22967678
2.4419	0.22919367
2.4430506	0.2290004
2.4442027	0.22851729
2.4453554	0.22803417
2.4465098	0.22726119
2.447665	0.22648817
2.4488211	0.22552194
2.4499784	0.22474892
2.4511368	0.22416919
2.4522963	0.22378269
2.4534569	0.22349282
2.4546185	0.22310631
2.4557815	0.2226232
2.4569452	0.22223669
2.4581103	0.22204344
2.4592764	0.22223669
2.4604435	0.22242995
2.4616117	0.2226232
2.4627812	0.22329955
2.4639518	0.22387932
2.4651229	0.22455569
2.4662957	0.22494219
2.4674697	0.22532867
2.4686446	0.22590843
2.4698207	0.22668143
2.4709978	0.22726119
2.4721763	0.22735779
2.4733558	0.2277443
2.4745364	0.22822742
2.4757183	0.22793753
2.4769011	0.22764766
2.478085	0.22706792
2.4792702	0.22590843
2.4804564	0.22513543
2.4816439	0.22465231
2.4828324	0.22455569
2.4840217	0.22416919
2.4852126	0.22291307
2.4864044	0.22156033
2.4875975	0.22001432
2.4887917	0.21895146
2.4899871	0.21827509
2.4911838	0.21711558
2.4923813	0.21614935
2.4935806	0.21518309
2.4947805	0.21421684
2.4959817	0.21305734
2.497184	0.21247759
2.4983873	0.21180123
2.4995921	0.21093161
2.5007977	0.21035185
2.5020049	0.21015862
2.5032129	0.21015862
2.5044224	0.20977211
2.5056329	0.20899913
2.5068443	0.20841937
2.5080571	0.20822611
2.5092711	0.20774299
2.5104864	0.20668013
2.5117025	0.20639025
2.5129199	0.20648687
2.5141385	0.20610037
2.5153584	0.20552063
2.5165794	0.20503749
2.5178018	0.20494089
2.5190251	0.20503749
2.5202496	0.20474762
2.5214756	0.20455438
2.5227027	0.20465101
2.5239308	0.20484425
2.5251603	0.20561726
2.5263908	0.20639025
2.5276225	0.20697001
2.5288556	0.20725988
2.5300899	0.20793624
2.5313251	0.20909573
2.532562	0.21015862
2.5337996	0.21083498
2.5350387	0.21141472
2.536279	0.2120911
2.5375204	0.21305734
2.538763	0.21392697
2.5400069	0.21450672
2.5412521	0.21518309
2.5424979	0.2156662
2.5437455	0.21614935
2.5449944	0.21595609
2.5462441	0.21624596
2.5474954	0.21663247
2.548748	0.21614935
2.5500016	0.21605271
2.5512564	0.21634258
2.5525131	0.21605271
2.5537705	0.21537633
2.5550292	0.21460335
2.556289	0.21402359
2.5575502	0.21383035
2.5588126	0.21392697
2.5600762	0.21373372
2.561341	0.21334721
2.5626073	0.21247759
2.5638747	0.21151136
2.5651433	0.20977211
2.5664132	0.20861262
2.5676842	0.20899913
2.5689566	0.20948224
2.5702302	0.20851599
2.5715053	0.20841937
2.5727808	0.20986874
2.5740583	0.2093856
2.5753372	0.20948224
2.576617	0.21064174
2.5778983	0.20986874
2.579181	0.21025524
2.5804646	0.21141472
2.5817497	0.21199448
2.5830364	0.21354048
2.5843241	0.21421684
2.585613	0.21412022
2.5869033	0.21508646
2.5881948	0.21527973
2.5894876	0.21595609
2.5907817	0.21653584
2.592077	0.21759872
2.5933733	0.2206907
2.5946712	0.22320294
2.5959706	0.22175357
2.5972712	0.22136706
2.598573	0.22223669
2.5998762	0.22349282
2.6011808	0.22436243
2.6024866	0.22532867
2.6037939	0.22716455
2.6051023	0.22851729
2.6064122	0.2281308
2.6077232	0.22871055
2.6090355	0.22948354
2.6103492	0.22967678
2.6116643	0.23006329
2.6129806	0.23083629
2.6142986	0.2317059
2.6156178	0.23392826
2.6169381	0.23470128
2.6182597	0.2340249
2.6195827	0.23499115
2.6209071	0.23460464
2.6222329	0.23363839
2.62356	0.2344114
2.6248877	0.23557091
2.6262174	0.23673038
2.6275485	0.23615065
2.628881	0.23682702
2.6302147	0.23788989
2.6315498	0.23692364
2.6328864	0.23702025
2.6342242	0.23673038
2.6355639	0.23566751
2.6369042	0.23557091
2.6382463	0.2351844
2.6395895	0.23460464
2.6409342	0.23421815
2.6422803	0.23412153
2.6436276	0.23363839
2.6449764	0.23276877
2.6463268	0.23112616
2.6476784	0.22996666
2.6490314	0.22909704
2.6503856	0.22793753
2.6517413	0.22639155
2.6530983	0.22445905
2.6544569	0.22291307
2.6558168	0.22127046
2.6571774	0.21895146
2.65854	0.2179852
2.6599042	0.21663247
2.6612697	0.21469997
2.6626365	0.21315397
2.6640048	0.21325061
2.6653745	0.21315397
2.6667454	0.21141472
2.6681182	0.20841937
2.6694922	0.20822611
2.6708674	0.2058105
2.6722443	0.20165564
2.6736224	0.19962654
2.6750021	0.19798391
2.676383	0.19537504
2.6777654	0.19083367
2.6791496	0.18474634
2.6805348	0.17605011
2.6819217	0.16725726
2.6833098	0.15778805
2.6846995	0.14744921
2.6860905	0.13865638
2.6874828	0.13102302
2.6888769	0.12435592
2.6902716	0.11826857
2.6916685	0.11382383
2.6930668	0.1109251
2.6944666	0.10773648
2.6958678	0.10358162
2.6972704	0.10000651
2.6986744	0.096817903
2.7000799	0.093049541
2.7014871	0.088218309
2.7028956	0.083966814
2.7043056	0.081454575
2.7057171	0.080198459
2.70713	0.079232216
2.7085443	0.07874909
2.7099602	0.078169338
2.7113776	0.076816596
2.7127967	0.074980728
2.7142169	0.073821232
2.7156389	0.072661735
2.7170622	0.071212366
2.718487	0.069569744
2.7199132	0.068506874
2.7213409	0.067057505
2.7227702	0.066671006
2.7242005	0.066671006
2.7256327	0.066091262
2.7270665	0.065898009
2.7285018	0.066091262
2.7299387	0.066091262
2.7313771	0.066187888
2.7328169	0.066477761
2.7342582	0.066960879
2.7357013	0.067154132
2.7371457	0.067540631
2.7385917	0.068023749
2.7400391	0.06792713
2.741488	0.06792713
2.7429385	0.067830503
2.7443907	0.06792713
2.7458441	0.068217002
2.747299	0.06870012
2.7487557	0.068893373
2.7502139	0.069569744
2.7516737	0.070246123
2.753135	0.070922494
2.7545979	0.071985364
2.7560623	0.072081991
2.7575283	0.071888737
2.7589962	0.072371863
2.7604654	0.073338106
2.7619359	0.074207731
2.7634082	0.075173974
2.7648821	0.075657099
2.7663574	0.076043598
2.7678344	0.076913223
2.7693131	0.07778284
2.7707932	0.078459211
2.772275	0.079135582
2.7737584	0.079618707
2.7752433	0.079908587
2.7767296	0.080295078
2.7782178	0.080488332
2.7797074	0.080584958
2.7811987	0.080778204
2.782691	0.080584958
2.7841854	0.080198459
2.7856815	0.080295078
2.7871792	0.080488332
2.7886784	0.079908587
2.7901793	0.079618707
2.7916818	0.079522088
2.7931859	0.079618707
2.794692	0.079425462
2.7961996	0.078942336
2.7977085	0.078555837
2.7992191	0.07874909
2.8007314	0.079232216
2.8022454	0.079425462
2.803761	0.079038963
2.8052781	0.078459211
2.806797	0.078169338
2.8083177	0.078652464
2.8098397	0.078555837
2.8113635	0.07778284
2.8128889	0.07778284
2.8144159	0.077976085
2.8159447	0.077976085
2.8174751	0.078169338
2.8190067	0.07884571
2.8205404	0.079038963
2.8220758	0.079232216
2.8236129	0.079618707
2.8251517	0.07981196
2.8266921	0.080101833
2.8282342	0.080488332
2.829778	0.080778204
2.8313241	0.081068084
2.8328712	0.081647828
2.83442	0.082517453
2.8359706	0.083193824
2.8375227	0.083580323
2.8390768	0.083773568
2.8406324	0.083966814
2.8421898	0.084449939
2.843749	0.085029691
2.84531	0.085416183
2.8468723	0.086189188
2.8484366	0.086768933
2.8500025	0.087155432
2.8515701	0.087735184
2.8531396	0.088508181
2.8547106	0.088798054
2.8562829	0.089087926
2.8578575	0.089764297
2.8594339	0.090054177
2.861012	0.090344049
2.8625917	0.09073054
2.8641732	0.091310292
2.8657565	0.091793418
2.8673415	0.09208329
2.8689287	0.091890037
2.870517	0.091600165
2.8721075	0.091986664
2.8736994	0.092179917
2.8752933	0.09208329
2.876889	0.091986664
2.8784864	0.092179917
2.8800855	0.092276536
2.8816857	0.09237317
2.8832886	0.092759661
2.8848929	0.092566408
2.8864994	0.09237317
2.8881073	0.092469789
2.8897173	0.092469789
2.8913291	0.092179917
2.8929424	0.091986664
2.8945582	0.091890037
2.8961751	0.092276536
2.897794	0.09208329
2.8994148	0.091986664
2.9010372	0.092276536
2.9026616	0.092663042
2.9042876	0.092759661
2.9059157	0.092759661
2.9075458	0.092952915
2.9091775	0.09314616
2.9108109	0.093532667
2.9124463	0.094015785
2.9140832	0.094015785
2.9157224	0.094209038
2.9173632	0.094788782
2.9190059	0.095465153
2.9206498	0.095948279
2.922296	0.096141525
2.9239442	0.096238144
2.9255943	0.096238144
2.9272463	0.096528031
2.9289	0.097204395
2.9305558	0.097880766
2.9322133	0.098363891
2.9338732	0.09875039
2.9355345	0.099040262
2.9371977	0.099716634
2.9388628	0.10068288
2.9405298	0.10126263
2.9421985	0.10184238
2.9438694	0.10242213
2.9455421	0.10300188
2.9472167	0.10367824
2.9488933	0.10454787
2.9505715	0.10532087
2.9522519	0.10599724
2.953934	0.10706011
2.9556181	0.10773648
2.9573042	0.10821961
2.9589922	0.10879936
2.9606814	0.10986222
2.9623733	0.11111835
2.964067	0.11198796
2.9657626	0.11305084
2.9674604	0.11401708
2.9691598	0.11469346
2.9708614	0.1156597
2.9725649	0.11652932
2.9742706	0.11739895
2.9759779	0.11836519
2.9776874	0.11952469
2.9793985	0.12049094
2.9811118	0.12126394
2.9828272	0.12242343
2.9845443	0.12367955
2.9862635	0.12464579
2.9879854	0.12551542
2.9897087	0.12657829
2.9914336	0.12764116
2.993161	0.12841415
2.99489	0.12957364
2.9966211	0.13102302
2.9983544	0.13179602
3.0000894	0.13227914
3.001826	0.13305214
3.0035653	0.13411501
3.0053065	0.13508126
3.0070496	0.13575763
3.0087948	0.136434
3.0105422	0.13749687
3.0122914	0.13855974
3.0140429	0.13942936
3.0157964	0.14010574
3.0175517	0.14097537
3.0193093	0.14184499
3.0210688	0.1427146
3.0228302	0.14339098
3.0245938	0.14406735
3.0263596	0.14493698
3.0281272	0.1458066
3.0298975	0.14686947
3.0316694	0.14764246
3.0334435	0.14841546
3.0352194	0.14909184
3.0369976	0.14957495
3.0387776	0.15015471
3.04056	0.15121758
3.0423443	0.15228043
3.0441301	0.15305345
3.0459187	0.15353657
3.0477092	0.15421295
3.0495021	0.15498593
3.0512969	0.15575893
3.0530939	0.15614544
3.054893	0.15682182
3.0566943	0.1575948
3.0584979	0.15846443
3.0603034	0.1591408
3.0621109	0.15981717
3.0639207	0.16068679
3.0657327	0.16145979
3.0675466	0.16203953
3.0693629	0.16290915
3.0711813	0.16368215
3.0730011	0.16445516
3.0748239	0.16484165
3.0766487	0.1654214
3.0784757	0.16600114
3.0803049	0.16667752
3.0821362	0.16754714
3.0839698	0.1682235
3.0858054	0.16889988
3.0876439	0.16909315
3.0894837	0.169383
3.0913262	0.17015602
3.0931706	0.170929
3.0950172	0.17150874
3.0968661	0.17179863
3.0987172	0.17237838
3.1005704	0.17315136
3.1024263	0.17373112
3.104284	0.17402099
3.106144	0.17431086
3.1080062	0.17489061
3.1098707	0.17556699
3.1117373	0.17614673
3.1136062	0.17662986
3.1154773	0.17701636
3.1173501	0.17740285
3.1192257	0.1779826
3.1211035	0.17817585
3.1229837	0.17856234
3.1248662	0.17894885
3.1267509	0.17933536
3.128638	0.17972185
3.1305273	0.18020496
3.1324193	0.18049483
3.1343131	0.18078473
3.1362092	0.18126784
3.1381078	0.18165433
3.1400084	0.18242735
3.1419115	0.18339358
3.1438167	0.18406996
3.1457245	0.18474634
3.1476347	0.18532608
3.1495469	0.18600245
3.1514616	0.18667883
3.1533785	0.18764506
3.1552978	0.18861131
3.1572194	0.18938431
3.1591434	0.19025393
3.1610696	0.19102694
3.162998	0.19141342
3.1649289	0.19218643
3.1668622	0.19315267
3.168798	0.19382904
3.1707361	0.19460204
3.1726766	0.19527842
3.1746194	0.19595478
3.1765647	0.19672778
3.1785126	0.19721091
3.1804626	0.19788729
3.182415	0.19856365
3.1843698	0.19914339
3.186327	0.20001303
3.1882865	0.20088264
3.1902485	0.20175226
3.1922131	0.20242864
3.19418	0.2030084
3.1961493	0.20358814
3.1981211	0.20416789
3.2000952	0.20484425
3.2020719	0.20523076
3.2040508	0.20552063
3.2060323	0.20610037
3.2080164	0.20677674
3.2100022	0.20706661
3.2119911	0.20735648
3.2139823	0.20764637
3.215976	0.20774299
3.2179723	0.20764637
3.2199712	0.20745312
3.2219722	0.20725988
3.2239761	0.20677674
3.2259824	0.20619699
3.2279911	0.20590714
3.2300024	0.20532739
3.2320161	0.20445776
3.2340324	0.20378138
3.2360511	0.20339487
3.2380724	0.20291176
3.2400961	0.20242864
3.2421229	0.20223539
3.2441516	0.20204213
3.2461832	0.20194551
3.2482171	0.20184889
3.2502534	0.20155902
3.2522926	0.20126915
3.2543342	0.20107588
3.2563784	0.20107588
3.2584248	0.20107588
3.2604742	0.20097928
3.262526	0.20097928
3.2645805	0.20117252
3.2666376	0.20117252
3.2686973	0.20136577
3.2707596	0.20146239
3.2728245	0.20136577
3.2748921	0.20117252
3.2769623	0.20117252
3.2790351	0.20136577
3.2811103	0.20136577
3.2831883	0.20117252
3.2852688	0.20088264
3.2873521	0.20068941
3.289438	0.20010965
3.2915258	0.19914339
3.293617	0.19846702
3.2957108	0.19759741
3.2978072	0.19624466
3.2999065	0.19479528
3.3020084	0.19373243
3.3041129	0.19266956
3.3062201	0.19189656
3.3083303	0.19160669
3.3104429	0.1917033
3.3125582	0.19189656
3.314676	0.1920898
3.3167968	0.19228305
3.3189204	0.19276616
3.3210464	0.19315267
3.3231752	0.19353917
3.3253074	0.19363581
3.3274417	0.19392566
3.3295789	0.19421554
3.3317187	0.19431217
3.3338614	0.19440879
3.3360066	0.19469868
3.3381548	0.19498855
3.3403056	0.19547166
3.3424585	0.19566491
3.344615	0.19576153
3.3467741	0.19624466
3.3489361	0.19692104
3.3511009	0.19740415
3.3532684	0.19779065
3.3554389	0.19817716
3.3576121	0.19837041
3.3597887	0.19866028
3.3619676	0.19904679
3.3641491	0.19914339
3.3663337	0.1995299
3.368521	0.19991639
3.3707113	0.20020626
3.3729043	0.20039952
3.3751001	0.20088264
3.3772995	0.20126915
3.3795011	0.20155902
3.3817058	0.20184889
3.383913	0.20242864
3.3861232	0.20281513
3.3883364	0.20349151
3.3905525	0.20387802
3.3927715	0.20387802
3.3949924	0.20387802
3.3972173	0.20358814
3.3994448	0.203105
3.4016755	0.20281513
3.403909	0.20223539
3.4061456	0.20165564
3.408385	0.20088264
3.4106274	0.20039952
3.4128728	0.20020626
3.4151211	0.20020626
3.4173725	0.20059277
3.4196265	0.20146239
3.4218838	0.20242864
3.424144	0.20368476
3.4264071	0.20503749
3.4286733	0.20610037
3.4309425	0.20725988
3.4332149	0.20822611
3.4354899	0.20870924
3.4377682	0.20890249
3.4400494	0.20919237
3.4423335	0.20948224
3.4446208	0.20977211
3.4469111	0.21006198
3.449204	0.21054511
3.4515004	0.21122149
3.4537997	0.21180123
3.4561024	0.21247759
3.4584079	0.21315397
3.4607165	0.21373372
3.4630284	0.21392697
3.4653432	0.21450672
3.4676619	0.21498984
3.4699829	0.21518309
3.472307	0.21527973
3.4746342	0.2156662
3.4769647	0.21605271
3.4792981	0.21643922
3.4816349	0.21663247
3.4839747	0.21682571
3.4863167	0.21711558
3.488663	0.21750209
3.4910121	0.21769533
3.4933646	0.21808183
3.4957201	0.2183717
3.4980791	0.21856496
3.5004408	0.21904807
3.5028062	0.22011095
3.5051751	0.22204344
3.5075467	0.22416919
3.5099213	0.22629492
3.5122993	0.22851729
3.5146806	0.23064303
3.517065	0.23276877
3.5194528	0.23479789
3.5218437	0.23663376
3.5242381	0.23827638
3.5266356	0.23972575
3.5290363	0.24088524
3.5314403	0.24185151
3.5338476	0.24301098
3.536258	0.24407387
3.538672	0.24475023
3.5410891	0.24542661
3.5435085	0.24590972
3.5459323	0.24619959
3.5483594	0.24687597
3.5507898	0.24793884
3.5532234	0.24880847
3.5556605	0.24977472
3.5581009	0.25093421
3.5605447	0.25199708
3.5629921	0.25325319
3.5654426	0.25412282
3.5678964	0.25470257
3.5703535	0.25537896
3.5728142	0.25605533
3.5752783	0.25653842
3.5777457	0.2571182
3.5802164	0.25760132
3.5826914	0.2579878
3.5851691	0.25847095
3.5876501	0.2590507
3.5901346	0.25943717
3.5926225	0.25972706
3.595114	0.26001692
3.5976088	0.26011357
3.6001072	0.26021019
3.6026084	0.26050004
3.6051137	0.26078993
3.6076224	0.26107982
3.6101346	0.26136968
3.6126504	0.26165956
3.6151698	0.2618528
3.6176925	0.26194942
3.620219	0.26204604
3.6227491	0.26214266
3.6252825	0.26214266
3.6278193	0.26223931
3.6303599	0.26252916
3.6329038	0.26272243
3.6354516	0.26281902
3.6380026	0.26281902
3.6405575	0.26272243
3.6431165	0.26252916
3.6456785	0.26272243
3.6482441	0.26291567
3.6508133	0.26291567
3.6533861	0.26291567
3.6559625	0.26301229
3.6585426	0.26281902
3.6611264	0.26243255
3.6637127	0.26214266
3.6663036	0.26165956
3.6688983	0.26117641
3.6714969	0.26098317
3.6740987	0.26088655
3.6767046	0.26069331
3.6793139	0.26069331
3.6819272	0.26069331
3.6845443	0.26040342
3.687165	0.26001692
3.6897893	0.25914729
3.6924174	0.2579878
3.695049	0.25673169
3.6976848	0.25528231
3.7003241	0.25421944
3.7029672	0.25334984
3.7056146	0.25248021
3.7082653	0.25190046
3.7109196	0.25141734
3.713578	0.25103083
3.7162399	0.25064433
3.7189059	0.25054771
3.7215757	0.25054771
3.7242491	0.25074098
3.7269256	0.25103083
3.7296069	0.25141734
3.7322919	0.2517072
3.7349808	0.2520937
3.7376738	0.25228694
3.7403705	0.25199708
3.7430711	0.25151396
3.7457757	0.25103083
3.7484846	0.25054771
3.7511971	0.25025785
3.7539134	0.24987133
3.7566335	0.24929158
3.7593577	0.24861522
3.7620859	0.24793884
3.764818	0.24716586
3.767554	0.24639286
3.770293	0.24561985
3.7730372	0.24475023
3.7757852	0.24407387
3.778537	0.24349412
3.7812932	0.24262449
3.7840533	0.24156161
3.7868173	0.24059537
3.7895856	0.23972575
3.7923579	0.23885614
3.7951343	0.23788989
3.7979145	0.23692364
3.800699	0.23634389
3.8034875	0.23586078
3.8062801	0.23566751
3.8090768	0.23586078
3.8118775	0.23624726
3.8146832	0.23682702
3.8174922	0.23779327
3.8203053	0.23866288
3.8231227	0.23943588
3.8259442	0.2403055
3.8287699	0.2410785
3.8315997	0.24175487
3.8344338	0.24204475
3.837271	0.24243125
3.8401134	0.24281774
3.8429599	0.24291436
3.8458109	0.24252787
3.848666	0.241465
3.8515253	0.24011226
3.8543887	0.23856625
3.8572567	0.23740676
3.8601296	0.23634389
3.8630059	0.23547427
3.8658867	0.23489453
3.8687716	0.23450802
3.8716609	0.23421815
3.8745544	0.23363839
3.8774524	0.23305865
3.8803546	0.23257554
3.8832617	0.23218903
3.8861728	0.23189916
3.8890882	0.2317059
3.8920078	0.2313194
3.894932	0.23102953
3.8978605	0.23064303
3.9007933	0.22977342
3.9037306	0.22880717
3.9066718	0.2277443
3.9096179	0.22658481
3.9125686	0.22552194
3.9155238	0.22474892
3.9184833	0.22426581
3.9214473	0.22378269
3.9244158	0.22358945
3.9273889	0.22329955
3.9303668	0.22271982
3.9333489	0.22233331
3.9363356	0.2218502
3.9393268	0.22127046
3.9423223	0.22098057
3.9453225	0.22049744
3.9483273	0.22001432
3.9513369	0.2199177
3.9543512	0.21972445
3.9573698	0.21933794
3.960393	0.21895146
3.9634209	0.21885483
3.9664533	0.21895146
3.9694903	0.2191447
3.972532	0.21962783
3.9755785	0.22030419
3.9786289	0.22127046
3.9816847	0.22242995
3.984745	0.22349282
3.9878104	0.22445905
3.9908803	0.22532867
3.9939549	0.22629492
3.9970343	0.22726119
4.0001183	0.22822742
4.0032082	0.2290004
4.0063019	0.22987005
4.0094004	0.23054641
4.0125036	0.2313194
4.0156116	0.23218903
4.0187244	0.23305865
4.021842	0.23373502
4.0249648	0.23412153
4.028091	0.23460464
4.0312233	0.23508777
4.0343604	0.23528101
4.0375023	0.23547427
4.0406489	0.23557091
4.0438008	0.23576415
4.046958	0.23595738
4.0501194	0.23634389
4.0532866	0.23663376
4.056458	0.23673038
4.0596347	0.23673038
4.0628161	0.23663376
4.0660028	0.23673038
4.0691943	0.23663376
4.0723906	0.23663376
4.0755925	0.23682702
4.0787992	0.23692364
4.0820107	0.23682702
4.0852275	0.23663376
4.0884495	0.23653714
4.0916762	0.23644051
4.0949082	0.23624726
4.0981455	0.23586078
4.1013875	0.23566751
4.1046343	0.23537764
4.1078868	0.23489453
4.1111441	0.23460464
4.1144071	0.23450802
4.1176748	0.2344114
4.1209483	0.2340249
4.1242266	0.23363839
4.1275101	0.23344515
4.1307993	0.23305865
4.1340938	0.23267215
4.137393	0.23209241
4.1406975	0.2317059
4.1440077	0.23151267
4.1473227	0.23112616
4.1506433	0.23083629
4.1539693	0.23054641
4.1573014	0.23035316
4.1606379	0.23006329
4.16398	0.22987005
4.1673269	0.22948354
4.1706796	0.22919367
4.1740379	0.22919367
4.1774011	0.2290004
4.1807699	0.22871055
4.1841431	0.22842067
4.1875229	0.22822742
4.190908	0.22793753
4.1942987	0.2277443
4.1976953	0.22764766
4.2010965	0.22755106
4.204504	0.22755106
4.2079167	0.22793753
4.2113357	0.22822742
4.2147593	0.22861391
4.2181888	0.2290004
4.2216239	0.22919367
4.2250643	0.22929028
4.2285104	0.22929028
4.2319622	0.22909704
4.2354198	0.22880717
4.2388835	0.22803417
4.242352	0.22726119
4.2458267	0.22668143
4.2493072	0.2254253
4.2527928	0.22358945
4.2562842	0.22223669
4.2597818	0.22252657
4.2632847	0.22320294
4.2667923	0.22329955
4.2703071	0.22300968
4.2738276	0.22242995
4.2773538	0.22175357
4.2808857	0.22136706
4.2844238	0.22078732
4.2879677	0.22020757
4.2915173	0.21972445
4.2950735	0.21904807
4.298635	0.2183717
4.3022022	0.21779196
4.3057756	0.21711558
4.3093548	0.21643922
4.3129401	0.21585947
4.3165312	0.21527973
4.3201284	0.21469997
4.3237324	0.21392697
4.3273416	0.21334721
4.3309565	0.21296073
4.3345776	0.21257423
4.3382049	0.21228436
4.3418384	0.21199448
4.3454776	0.2117046
4.3491235	0.21160799
4.3527737	0.21122149
4.3564315	0.21083498
4.3600955	0.21035185
4.3637652	0.20986874
4.3674417	0.20919237
4.3711243	0.20870924
4.3748131	0.20822611
4.3785081	0.20764637
4.3822103	0.20706661
4.3859177	0.20648687
4.3896313	0.20590714
4.3933511	0.20532739
4.3970776	0.20474762
4.4008102	0.20416789
4.4045491	0.20349151
4.4082947	0.20281513
4.412045	0.20204213
4.415803	0.20126915
4.4195676	0.20059277
4.4233384	0.20001303
4.4271159	0.19933666
4.4308996	0.19866028
4.43469	0.19798391
4.4384871	0.19740415
4.4422908	0.19672778
4.4461007	0.19614804
4.4499168	0.19585817
4.4537401	0.19547166
4.4575696	0.19498855
4.4614058	0.19450541
4.4652486	0.19431217
4.4690976	0.1940223
4.4729543	0.19344254
4.4768167	0.19276616
4.4806862	0.1920898
4.4845624	0.19151005
4.4884448	0.19083367
4.4923344	0.18986744
4.4962306	0.18890119
4.5001335	0.18783832
4.5040426	0.18677543
4.5079594	0.1858092
4.5118828	0.18484294
4.5158129	0.18378007
4.5197501	0.18271722
4.523694	0.18184759
4.5276446	0.18078473
4.5316024	0.17952859
4.5355678	0.1783691
4.5395393	0.17740285
4.5435181	0.17633998
4.5475035	0.17537375
4.551496	0.17421423
4.5554957	0.17295812
4.5595021	0.17179863
4.5635157	0.17044589
4.5675368	0.169383
4.5715647	0.16832013
4.5755997	0.16716065
4.5796418	0.1658079
4.5836911	0.16455176
4.5877471	0.16339228
4.5918107	0.16232941
4.5958815	0.16145979
4.5999584	0.16039692
4.604044	0.15943067
4.6081362	0.15885092
4.612236	0.15807793
4.616343	0.15711167
4.6204576	0.15624204
4.6245794	0.1556623
4.6287084	0.15508257
4.6328454	0.15450282
4.6369891	0.15401968
4.6411405	0.15334332
4.6452994	0.15257031
4.6494656	0.15218383
4.6536388	0.15179732
4.6578202	0.1513142
4.6620088	0.15092771
4.6662059	0.15034795
4.6704097	0.1497682
4.6746206	0.14918846
4.6788397	0.14851208
4.6830664	0.14773908
4.6873007	0.1469661
4.6915426	0.14590321
4.6957922	0.14484036
4.7000484	0.14368086
4.7043133	0.14261799
4.7085862	0.14165173
4.7128668	0.14049225
4.717155	0.13923612
4.7214513	0.13798
4.7257552	0.13701375
4.7300668	0.1360475
4.7343879	0.13508126
4.7387152	0.13421164
4.7430506	0.13334201
4.7473941	0.1324724
4.7517457	0.1316994
4.7561049	0.1309264
4.7604723	0.13034666
4.7648478	0.12986353
4.7692318	0.12909053
4.7736235	0.12851079
4.7780232	0.12802766
4.7824311	0.12773779
4.7868466	0.1274479
4.7912707	0.12715803
4.7957029	0.12677154
4.8001437	0.12638505
4.8045907	0.12590192
4.8090477	0.12561204
4.8135128	0.12532216
4.8179865	0.12483905
4.8224683	0.1242593
4.8269582	0.12377617
4.8314571	0.12358293
4.8359637	0.1230998
4.8404803	0.12261668
4.8450041	0.12213355
4.8495364	0.12155381
4.8540773	0.1207808
4.8586264	0.12020107
4.8631845	0.11952469
4.8677506	0.11904157
4.8723259	0.11836519
4.8769083	0.11778545
4.8815002	0.11730232
4.8861008	0.1168192
4.8907104	0.11633608
4.8953285	0.11585295
4.8999557	0.1156597
4.9045911	0.11517658
4.909236	0.11469346
4.9138899	0.11421034
4.9185519	0.11392047
4.923223	0.11372721
4.9279027	0.11334071
4.9325914	0.11285759
4.9372892	0.11237446
4.9419956	0.11198796
4.9467115	0.11169809
4.951437	0.1113116
4.9561706	0.11073185
4.9609137	0.11005548
4.9656653	0.10947573
4.9704261	0.1089926
4.9751964	0.10841285
4.9799757	0.10773648
4.9847641	0.10725336
4.9895606	0.10667361
4.9943671	0.10609386
4.9991837	0.10570736
5.0040088	0.10512762
5.0088439	0.10445125
5.0136881	0.10406475
5.0185413	0.10377488
5.0234041	0.10338837
5.0282774	0.10280863
5.0331593	0.10242213
5.0380507	0.10213225
5.0429511	0.10184238
5.0478616	0.10135926
5.0527816	0.10097276
5.0577111	0.10058626
5.0626502	0.10019976
5.0675998	0.10000651
5.0725584	0.10010313
5.0775266	0.10019976
5.0825043	0.10000651
5.087492	0.099716634
5.0924897	0.099330142
5.097497	0.099040262
5.1025143	0.09875039
5.1075401	0.098363891
5.112577	0.097977392
5.1176243	0.097494274
5.1226811	0.097107768
5.127748	0.096817903
5.1328249	0.09662465
5.1379123	0.096238144
5.1430092	0.095948279
5.1481171	0.095948279
5.1532345	0.095561773
5.1583619	0.095175281
5.1634998	0.094788782
5.1686478	0.094209038
5.1738062	0.093725905
5.1789751	0.09314616
5.184154	0.092759661
5.1893444	0.092179917
5.1945438	0.091793418
5.1997542	0.091503546
5.2049747	0.09073054
5.210206	0.090150796
5.2154474	0.089281172
5.2206998	0.088411547
5.2259626	0.087831803
5.2312346	0.087155432
5.2365189	0.08647906
5.2418137	0.085802689
5.2471189	0.085029691
5.2524352	0.08435332
5.2577624	0.083676949
5.2631001	0.083097197
5.2684488	0.082710698
5.273809	0.082324199
5.2791796	0.081937701
5.2845607	0.081551209
5.2899532	0.081357956
5.2953568	0.081068084
5.3007712	0.080584958
5.3061967	0.080198459
5.3116336	0.080005206
5.3170795	0.079522088
5.3225384	0.079232216
5.3280087	0.079038963
5.3334904	0.078555837
5.3389831	0.078169338
5.3444872	0.078169338
5.3500028	0.077879466
5.3555293	0.077299714
5.3610692	0.076816596
5.3666191	0.076043598
5.37218	0.075560473
5.3777528	0.075173974
5.3833375	0.074787475
5.3889332	0.074304357
5.3945408	0.073821232
5.4001603	0.073434733
5.4057918	0.073048234
5.4114347	0.072661735
5.417089	0.072565109
5.4227557	0.072468489
5.4284339	0.071792111
5.434124	0.071212366
5.439826	0.070825867
5.44554	0.070342749
5.4512644	0.069956243
5.4570026	0.069859616
5.4627528	0.069956243
5.4685154	0.069569744
5.4742899	0.069086626
5.4800768	0.068796746
5.4858756	0.068217002
5.4916868	0.068023749
5.4975119	0.06792713
5.5033479	0.06763725
5.5091963	0.067347385
5.5150576	0.067347385
5.5209308	0.067057505
5.5268164	0.066767633
5.5327148	0.066477761
5.5386262	0.066091262
5.5445509	0.065898009
5.550487	0.065801382
5.5564361	0.06551151
5.562398	0.065028392
5.5683727	0.064641885
5.5743604	0.064738512
5.5803604	0.064545266
5.5863738	0.063868895
5.5923977	0.06338577
5.5984373	0.063289143
5.6044893	0.062902644
5.6105552	0.062709399
5.6166334	0.062516145
5.6227255	0.062033027
5.6288304	0.061743151
5.6349487	0.061743151
5.6410818	0.061839774
5.6472268	0.061453279
5.6533852	0.061260026
5.6595569	0.060873531
5.6657424	0.060293783
5.6719413	0.060293783
5.6781535	0.060100533
5.6843796	0.059810657
5.6906204	0.059810657
5.6968741	0.059230909
5.7031412	0.059037663
5.7094221	0.059424158
5.7157168	0.059134286
5.7220259	0.05884441
5.7283483	0.058361288
5.7346849	0.058264662
5.7410331	0.058264662
5.7473979	0.058264662
5.7537766	0.057684913
5.76017	0.057684913
5.7665772	0.057878166
5.7729988	0.057105169
5.7794347	0.056622043
5.7858849	0.056332167
5.7923512	0.055945672
5.7988305	0.055752419
5.8053241	0.055559173
5.811832	0.055752419
5.8183551	0.056138922
5.8248925	0.055849046
5.8314447	0.055365924
5.8380117	0.055172674
5.8445945	0.054979425
5.851191	0.054689549
5.8578029	0.054689549
5.864429	0.054689549
5.8710709	0.054689549
5.877727	0.055365924
5.8843989	0.055172674
5.8910856	0.054882802
5.8977852	0.054882802
5.9045024	0.054303054
5.9112349	0.053916551
5.9179831	0.053819932
5.9247465	0.053916551
5.9315252	0.054496299
5.9383197	0.054689549
5.9451299	0.054109804
5.9519572	0.053723305
5.9587984	0.053336803
5.9656553	0.053336803
5.9725285	0.053143557
5.9794173	0.052950308
5.9863219	0.052757055
5.9932423	0.052273933
6.0001788	0.051694185
6.0071297	0.051500939
6.0140982	0.051404316
6.0210834	0.050921191
6.0280848	0.050438065
6.0351024	0.050148193
6.0421362	0.050824568
6.0491862	0.051017813
6.0562534	0.049858317
6.0633373	0.049278568
6.0704374	0.049278568
6.0775537	0.048892073
6.0846872	0.048312325
6.0918374	0.048119072
6.0990043	0.047925826
6.1061878	0.048119072
6.1133885	0.048408952
6.1206079	0.048022449
6.1278424	0.047732577
6.1350942	0.047732577
6.1423635	0.047829203
6.1496496	0.047925826
6.1569533	0.048215698
6.1642742	0.048215698
6.1716127	0.048119072
6.1789665	0.048505574
6.1863399	0.048892073
6.1937308	0.04869882
6.2011395	0.048795447
6.2085662	0.048892073
6.2160106	0.048988696
6.2234726	0.049181946
6.2309527	0.049471822
6.238452	0.049761698
6.2459679	0.049954943
6.2535024	0.050341442
6.261055	0.050824568
6.2686257	0.051307689
6.2762151	0.051887438
6.2838225	0.052370559
6.2914486	0.052950308
6.2990947	0.053530056
6.3067579	0.054496299
6.3144398	0.055559173
6.3221402	0.05652542
6.3298597	0.05758829
6.3375978	0.059327532
6.345355	0.060776904
6.3531313	0.061743151
6.3609242	0.063289143
6.3687387	0.064931765
6.3765721	0.065704755
6.3844252	0.066381134
6.3922973	0.066960879
6.4001889	0.06763725
6.4081001	0.069279872
6.4160309	0.069666371
6.4239826	0.068893373
6.431953	0.069086626
6.4399428	0.069086626
6.4479527	0.069183253
6.4559822	0.069376498
6.4640322	0.069473125
6.4721022	0.069956243
6.4801922	0.070246123
6.4883046	0.070632614
6.4964356	0.07005287
6.5045867	0.06899
6.5127583	0.068796746
6.5209503	0.06870012
6.5291634	0.067830503
6.5373969	0.067444004
6.545651	0.067444004
6.5539231	0.067250758
6.5622191	0.067250758
6.5705361	0.067347385
6.5788746	0.066381134
6.587234	0.065608136
6.5956144	0.065125011
6.6040168	0.06444864
6.6124401	0.064062141
6.6208863	0.063675642
6.629353	0.063772269
6.6378412	0.063192524
6.6463513	0.061743151
6.6548829	0.060680278
6.6634369	0.060197156
6.6720128	0.05990728
6.6806107	0.059617408
6.6892328	0.05884441
6.6978755	0.058457915
6.7065401	0.058554538
6.7152276	0.058071412
6.723937	0.057395045
6.7326698	0.057008542
6.7414246	0.056622043
6.7502027	0.056332167
6.7590008	0.056042299
6.7678242	0.055849046
6.7766714	0.0556558
6.7855411	0.0556558
6.7944345	0.054979425
6.8033509	0.054206427
6.8122911	0.054013178
6.8212547	0.053819932
6.8302436	0.053433429
6.8392544	0.052950308
6.848289	0.052950308
6.8573475	0.053433429
6.8664303	0.052950308
6.8755369	0.051887438
6.8846679	0.051404316
6.8938227	0.051211063
6.9029989	0.051017813
6.9122028	0.050534692
6.9214315	0.050051566
6.9306846	0.049761698
6.9399629	0.049568444
6.9492655	0.049568444
6.9585934	0.049568444
6.9679465	0.049085323
6.9773269	0.048795447
6.9867301	0.048602197
6.9961591	0.048312325
7.0056133	0.04763595
7.0150933	0.047152828
7.0245986	0.046766333
7.0341301	0.046379831
7.0436873	0.045896709
7.0532722	0.044833839
7.0628819	0.043674342
7.0725174	0.042804718
7.0821791	0.042128343
7.0918674	0.041741848
7.1015825	0.041258726
7.1113243	0.040775605
7.1210923	0.040389102
7.1308832	0.040002603
7.1407056	0.039519481
7.1505547	0.03903636
7.1604309	0.038456611
7.1703348	0.03797349
7.1802659	0.037490364
7.1902246	0.037103865
7.200211	0.036813989
7.210228	0.036524117
7.2202702	0.036040995
7.23034	0.035751119
7.2404385	0.03536462
7.2505651	0.034978122
7.2607198	0.034591626
7.2709031	0.03430175
7.2811151	0.033915251
7.2913575	0.033625379
7.3016272	0.033142254
7.3119259	0.032755755
7.3222532	0.032369256
7.3326101	0.031982757
7.3429961	0.031596262
7.3534117	0.031209761
7.3638568	0.03072664
7.3743277	0.030630013
7.3848329	0.030340139
7.3953671	0.02995364
7.4059319	0.029567143
7.4165273	0.029180644
7.4271526	0.029084019
7.4378085	0.02889077
7.4484949	0.028407648
7.4592152	0.028021149
7.4699631	0.027731275
7.4807425	0.027441401
7.4915524	0.027151527
7.5023942	0.026861653
7.513267	0.026668401
7.5241718	0.026281904
7.5351081	0.02618528
7.5460782	0.025895406
7.5570784	0.025605531
7.5681105	0.025508907
7.579175	0.025219033
7.5902719	0.024929158
7.6014013	0.024735911
7.6125636	0.024446037
7.6237588	0.024252787
7.6349821	0.024059536
7.6462431	0.023866288
7.6575375	0.023673039
7.6688652	0.023383167
7.6802268	0.023093292
7.6916218	0.022803418
7.7030506	0.022513544
7.7145133	0.022127045
7.7260127	0.021933796
7.7375441	0.02164392
7.7491097	0.021257423
7.7607102	0.020967549
7.7723455	0.02058105
7.7840157	0.020291176
7.7957211	0.020001302
7.8074613	0.019614803
7.8192339	0.019421555
7.8310452	0.019228306
7.8428926	0.019035054
7.8547754	0.018745182
7.8666949	0.018455308
7.8786502	0.018068809
7.8906422	0.017585687
7.9026704	0.017295813
7.9147372	0.017102564
7.9268394	0.016522815
7.9389782	0.015943067
7.9511547	0.015749818
7.9633684	0.015556568
7.9756198	0.015170069
7.9879088	0.014880196
8.0002356	0.014590322
8.0126038	0.014107198
8.0250072	0.013720701
8.0374498	0.013334201
8.0499296	0.012947703
8.0624495	0.012657829
8.0750074	0.012174705
8.0876055	0.011691583
8.1002417	0.011401709
8.1129141	0.010918586
8.1256304	0.010532086
8.1383867	0.010242213
8.1511831	0.010048964
8.1640196	0.0096624643
8.1768961	0.0091793416
8.1898146	0.008696218
8.2027731	0.0083097201
8.2157736	0.0081164706
8.2288151	0.0079232212
8.2418976	0.0076333471
8.2550211	0.0077299718
8.2681875	0.0079232212
8.281395	0.0077299718
8.2946453	0.0075367228
8.3079386	0.0079232212
8.3212767	0.0083097201
8.3346548	0.0083097201
8.3480768	0.0083097201
8.3615408	0.0082130944
8.3750496	0.0082130944
8.3886013	0.0081164706
8.4021969	0.0082130944
8.4158373	0.0084063448
8.4295158	0.0085995933
8.4432449	0.0087928437
8.4570189	0.008696218
8.4708366	0.008696218
8.4847012	0.0085995933
8.4986105	0.0085995933
8.5125656	0.008696218
8.5265665	0.0085995933
8.540616	0.008696218
8.5547094	0.0087928437
8.5688496	0.0090827169
8.5830364	0.0094692158
8.59727	0.0096624643
8.6115513	0.010048964
8.6258802	0.010628711
8.6402569	0.01120846
8.6546841	0.012078081
8.6691561	0.013140952
8.6836777	0.014203824
8.6982479	0.015266694
8.7128668	0.01661944
8.7275343	0.018358683
8.7422523	0.020677675
8.75702	0.02328654
8.7718325	0.02599203
8.7866993	0.02889077
8.8016176	0.032562505
8.8165865	0.03642749
8.8316059	0.040292479
8.8466768	0.044930462
8.8617992	0.050148193
8.8769741	0.055752419
8.8922033	0.061936401
8.9074821	0.069086626
8.9228134	0.076430097
8.9381971	0.083870195
8.9536343	0.09208329
8.9691257	0.10126263
8.9846697	0.11073185
9.000268	0.12020107
9.0159235	0.12957364
9.0316315	0.13846312
9.0473928	0.14677285
9.0632105	0.15527581
9.0790825	0.16455176
9.0950108	0.174794
9.1109953	0.18609908
9.1270351	0.19750078
9.1431274	0.20832275
9.1592817	0.21750209
9.1754923	0.22561854
9.191761	0.2324789
9.2080879	0.23846963
9.224472	0.24571648
9.2409153	0.25528231
9.2574167	0.26707053
9.2739801	0.27972835
9.2906008	0.29141992
9.3072805	0.30175877
9.3240204	0.31122801
9.3408203	0.32050395
9.3576803	0.33084279
9.3746023	0.34398374
9.3915854	0.36108631
9.4086237	0.38437286
9.4257298	0.41355348
9.4428988	0.4465991
9.4601307	0.47974136
9.4774246	0.50950176
9.4947834	0.53298157
9.5122042	0.54979426
9.5296898	0.55887693
9.5472441	0.56177568
9.5648584	0.55936009
9.5825386	0.55269301
9.6002836	0.541098
9.6180954	0.52650774
9.635973	0.51008153
9.6539164	0.49404183
9.6719275	0.47916162
9.6900091	0.46573082
9.7081556	0.45249322
9.7263699	0.44070503
9.7446527	0.43017292
9.7630043	0.42031723
9.7814245	0.41017163
9.7999153	0.39886653
9.8184757	0.38591886
9.837101	0.37229478
9.8558025	0.3587673
9.8745756	0.3462061
9.8934202	0.33441791
9.9123363	0.32398245
9.9313259	0.31374022
9.950388	0.30427101
9.9695234	0.2956714
9.9887362	0.28842458
10.008019	0.28175747
10.027377	0.27673301
10.04681	0.27393088
10.066319	0.27277139
10.085902	0.27199838
10.105563	0.27083889
10.1253	0.26823002
10.145119	0.26388192
10.165011	0.25750467
10.184982	0.24987133
10.205031	0.24252787
10.22516	0.23634389
10.245367	0.23122279
10.265656	0.22726119
10.286023	0.22329955
10.306466	0.21953121
10.326997	0.21585947
10.34761	0.21189786
10.368304	0.20764637
10.389083	0.20349151
10.409945	0.19856365
10.43089	0.19344254
10.45192	0.18793494
10.473039	0.18213746
10.49424	0.17643662
10.515526	0.17112225
10.536899	0.16561465
10.558359	0.15991379
10.579906	0.15421295
10.601542	0.14851208
10.623267	0.14329435
10.645084	0.13826987
10.666988	0.13334201
10.688982	0.12909053
10.711066	0.12483905
10.733243	0.12126394
10.755511	0.11817195
10.777872	0.11546645
10.800325	0.11353396
10.822865	0.11179473
10.845508	0.10908923
10.868244	0.10648037
10.891077	0.10406475
10.914005	0.10203563
10.937031	0.10010313
10.960154	0.098074019
10.983374	0.096238144
11.006698	0.094305657
11.030116	0.092469789
11.053635	0.09102042
11.077253	0.089667678
11.100973	0.088508181
11.124795	0.088121675
11.14872	0.088218309
11.172747	0.087541938
11.196871	0.085995935
11.221107	0.084643193
11.245447	0.083097197
11.269894	0.081164703
11.294447	0.078652464
11.319107	0.076236852
11.343875	0.073917851
11.368752	0.071792111
11.393744	0.069762997
11.418839	0.06792713
11.444047	0.066767633
11.469365	0.065704755
11.494797	0.064352021
11.52034	0.062612772
11.545999	0.061066777
11.571771	0.059714034
11.597663	0.058747787
11.623667	0.05778154
11.649787	0.05652542
11.676025	0.055076048
11.702382	0.053916551
11.728858	0.052950308
11.755454	0.051790811
11.782171	0.050438065
11.809002	0.049278568
11.835962	0.048215698
11.863048	0.047442701
11.890256	0.046766333
11.91759	0.045896709
11.94505	0.044930462
11.972636	0.044060837
12.000351	0.042804718
12.028198	0.041451976
12.056171	0.040389102
12.084274	0.03990598
12.112508	0.039422855
12.140875	0.038649857
12.169374	0.037683614
12.198009	0.037007239
12.226777	0.03642749
12.255688	0.035267998
12.28473	0.03430175
12.31391	0.033625379
12.343228	0.03323888
12.372687	0.032465883
12.402287	0.031499635
12.432029	0.030630013
12.461913	0.029857017
12.491931	0.028697522
12.522105	0.0278279
12.552425	0.027344774
12.582892	0.026668401
12.613507	0.025895406
12.644272	0.025025783
12.675187	0.024059536
12.706254	0.02328654
12.737479	0.022996666
12.768852	0.022706792
12.80038	0.02222367
12.832064	0.022416919
12.863906	0.022127045
12.895905	0.021354046
12.928064	0.020387802
12.960384	0.020291176
12.992874	0.020097928
13.025519	0.019131681
13.05833	0.018165434
13.091305	0.018068809
13.124448	0.018068809
13.157759	0.01787556
13.191238	0.017392436
13.22489	0.01681269
13.258701	0.01681269
13.292698	0.017392436
13.326869	0.017199187
13.361217	0.017199187
13.395742	0.017489061
13.430446	0.018455308
13.46533	0.01951818
13.500397	0.020194551
13.535651	0.021064172
13.571085	0.022706792
13.606705	0.02434941
13.642511	0.025895406
13.678508	0.027441401
13.714694	0.029760392
13.751073	0.032465883
13.787644	0.03536462
13.82442	0.038359985
13.861383	0.042128343
13.898545	0.045220334
13.935907	0.04869882
13.97347	0.053723305
14.011236	0.059810657
14.049208	0.065125011
14.087384	0.070342749
14.125755	0.076430097
14.16435	0.083676949
14.203156	0.09102042
14.242176	0.098460518
14.281411	0.10648037
14.320862	0.11652932
14.360532	0.13034666
14.400422	0.1469661
14.440542	0.16435853
14.48088	0.18204084
14.521442	0.19875689
14.562233	0.21354048
14.603253	0.22658481
14.644506	0.23808314
14.685991	0.24803548
14.727713	0.25537896
14.76966	0.25982368
14.811859	0.26136968
14.8543	0.26001692
14.896984	0.25528231
14.939916	0.24716586
14.983094	0.23788989
15.026524	0.23073965
15.070205	0.22571518
15.11415	0.22242995
15.158343	0.22030419
15.202796	0.21924134
15.24751	0.2187582
15.292488	0.2179852
15.337732	0.21653584
15.383245	0.21431348
15.429028	0.21093161
15.475092	0.20745312
15.521424	0.20358814
15.568036	0.19972314
15.614927	0.19566491
15.662103	0.19266956
15.709563	0.19112355
15.757313	0.18938431
15.805353	0.18735521
15.853672	0.1858092
15.902304	0.1834902
15.951234	0.18001172
16.000465	0.17633998
16.050003	0.17295812
16.099848	0.16967288
16.150003	0.1658079
16.200472	0.1619429
16.251265	0.15749818
16.30237	0.15063784
16.353796	0.14397073
16.405548	0.13836651
16.45763	0.13256902
16.510042	0.12667492
16.56279	0.12058757
16.615877	0.11546645
16.669313	0.11044198
16.723085	0.1046445
16.777206	0.10010313
16.831676	0.095658407
16.886503	0.091986664
16.941689	0.088701427
16.997234	0.084546573
17.053146	0.080488332
17.109409	0.076816596
17.166063	0.073821232
17.223093	0.071888737
17.280504	0.069376498
17.338299	0.066671006
17.396481	0.06444864
17.455055	0.063579015
17.514025	0.062419523
17.573404	0.062322896
17.633179	0.062806018
17.693359	0.061743151
17.753954	0.060197156
17.814964	0.05990728
17.876394	0.059424158
17.938251	0.05865116
18.000536	0.058361288
18.063269	0.057684913
18.126427	0.056815296
18.190027	0.056815296
18.254078	0.058747787
18.318579	0.061066777
18.383539	0.064738512
18.448961	0.071212366
18.514851	0.078942336
18.58119	0.090440668
18.648029	0.10667361
18.715351	0.12435592
18.783159	0.14561334
18.851461	0.17218512
18.920263	0.19962654
18.989569	0.22987005
19.059383	0.26417178
19.129725	0.29876342
19.200575	0.3320989
19.271952	0.36292216
19.343863	0.38988045
19.416311	0.41133112
19.489305	0.42621133
19.562849	0.43722653
19.636951	0.44505313
19.711594	0.45297635
19.786827	0.46138272
19.862638	0.47172156
19.939034	0.48331648
20.016018	0.49549121
20.093599	0.50872874
20.171785	0.524382
20.250582	0.53887564
20.330009	0.55047065
20.410049	0.55646139
20.490723	0.56177568
20.572035	0.56428796
20.653994	0.5644812
20.73661	0.56351495
20.819889	0.56583393
20.903841	0.56660694
20.988487	0.56795967
21.073807	0.57047194
21.159821	0.57037532
21.246542	0.56660694
21.333977	0.56148583
21.422132	0.55375588
21.511023	0.54447991
21.600651	0.53220856
21.691	0.52273935
21.782139	0.51413977
21.874046	0.50882542
21.966734	0.50351101
22.060209	0.49607095
22.154484	0.48621523
22.249567	0.47152829
22.34547	0.45384598
22.442221	0.43867588
22.539797	0.42669442
22.638224	0.42012396
22.737514	0.41287714
22.837679	0.40640327
22.93873	0.39915642
23.04068	0.38620871
23.143541	0.36949268
23.247343	0.35847744
23.35206	0.34920147
23.457727	0.34147152
23.564352	0.33258203
23.671953	0.32562509
23.78054	0.32002082
23.890127	0.31354699
24.000731	0.30794278
24.112324	0.30436766
24.224998	0.30127567
24.338732	0.29731405
24.453537	0.29422206
24.569429	0.30156553
24.686426	0.31364363
24.804543	0.3195377
24.923796	0.32398245
