# Antigorite, Chemical Formula: (Mg,Fe+2)3Si2O5(OH)4
# Sample ID: NMNH96917.c_120
# wavelengths (microns), reflectance
1.3747425	0.38237733
1.3751072	0.38196039
1.3754721	0.38166252
1.375837	0.38148379
1.3762023	0.38142425
1.3765677	0.38154337
1.3769335	0.38178167
1.3772992	0.38160294
1.3776653	0.38118592
1.3780315	0.3808285
1.3783978	0.38064983
1.3787644	0.38041154
1.3791313	0.37981582
1.3794982	0.37904143
1.3798655	0.37785
1.3802328	0.3761225
1.3806005	0.37308446
1.3809682	0.36724663
1.3813362	0.35997912
1.3817043	0.35247341
1.3820726	0.34508675
1.382441	0.33787885
1.3828099	0.33192188
1.3831787	0.32977736
1.3835479	0.33019435
1.3839172	0.33108789
1.3842868	0.33156446
1.3846565	0.33168361
1.3850266	0.33210057
1.3853966	0.33275586
1.385767	0.33317283
1.3861375	0.33317283
1.3865082	0.33233884
1.3868792	0.3304922
1.3872503	0.32906252
1.3876216	0.3287051
1.387993	0.32941997
1.3883647	0.33001563
1.3887366	0.33090919
1.3891087	0.33239841
1.3894811	0.33299413
1.3898535	0.33263671
1.3902262	0.3318623
1.3905991	0.32947955
1.3909724	0.32447568
1.3913456	0.31655294
1.3917192	0.30827275
1.3920929	0.30243492
1.3924669	0.30124351
1.3928409	0.3066048
1.3932153	0.31303832
1.3935897	0.31655294
1.3939645	0.31798258
1.3943394	0.318757
1.3947146	0.31982926
1.3950899	0.32024622
1.3954654	0.31965053
1.3958411	0.31923354
1.3962171	0.31941223
1.3965932	0.31863785
1.3969696	0.31696987
1.397346	0.31476584
1.3977228	0.31303832
1.3980998	0.31285959
1.398477	0.31393185
1.3988543	0.31583807
1.3992319	0.318757
1.3996096	0.32060364
1.3999877	0.32155678
1.4003658	0.3228673
1.4007442	0.32376084
1.4011228	0.32376084
1.4015017	0.32405865
1.4018805	0.32459483
1.4022598	0.32525009
1.4026392	0.32530963
1.4030188	0.32519048
1.4033985	0.32519048
1.4037787	0.3259649
1.4041588	0.32691801
1.4045392	0.32816899
1.4049199	0.32930082
1.4053007	0.32989648
1.4056817	0.33073047
1.406063	0.33174315
1.4064443	0.33335155
1.406826	0.3347812
1.4072078	0.33597261
1.40759	0.33728313
1.4079722	0.33823624
1.4083548	0.33918938
1.4087374	0.34073818
1.4091204	0.34198913
1.4095035	0.34282312
1.4098868	0.34389535
1.4102703	0.34544414
1.4106542	0.34687382
1.411038	0.34770781
1.4114223	0.34907791
1.4118066	0.35068631
1.4121914	0.35146073
1.4125761	0.35211596
1.4129611	0.35312864
1.4133463	0.35396263
1.4137318	0.35497528
1.4141173	0.35610712
1.4145032	0.3569411
1.4148892	0.35777509
1.4152753	0.35831121
1.4156618	0.35878778
1.4160485	0.35974088
1.4164354	0.36063442
1.4168226	0.36087272
1.4172099	0.36158752
1.4175974	0.36242151
1.4179851	0.36295763
1.4183733	0.3631959
1.4187614	0.36379161
1.4191499	0.36432773
1.4195384	0.36468512
1.4199272	0.36510217
1.4203162	0.36545956
1.4207056	0.36587653
1.4210949	0.36635309
1.4214847	0.36688924
1.4218745	0.3673062
1.4222647	0.36760408
1.422655	0.36790189
1.4230455	0.36837849
1.4234362	0.36879548
1.4238272	0.36915287
1.4242183	0.36921242
1.4246095	0.36921242
1.425001	0.36956984
1.425393	0.36968899
1.4257849	0.36980814
1.4261771	0.36986768
1.4265696	0.36992729
1.4269623	0.37010598
1.4273552	0.37034428
1.4277484	0.37076125
1.4281417	0.3707017
1.4285352	0.37028471
1.428929	0.3704634
1.429323	0.3707017
1.4297171	0.37105909
1.4301115	0.37147608
1.4305061	0.37177393
1.4309008	0.37219092
1.4312959	0.3720718
1.4316912	0.3722505
1.4320866	0.37272707
1.4324824	0.37296531
1.4328783	0.37284616
1.4332745	0.37266749
1.4336708	0.37302488
1.4340675	0.37326321
1.4344643	0.37320361
1.4348613	0.37338233
1.4352585	0.37356105
1.4356561	0.37391847
1.4360538	0.37403756
1.4364517	0.37385884
1.4368497	0.37379932
1.4372482	0.37415671
1.4376467	0.37439498
1.4380456	0.37469286
1.4384446	0.37481198
1.4388438	0.37481198
1.4392433	0.37493113
1.439643	0.3749907
1.4400429	0.37522897
1.4404429	0.37576512
1.4408432	0.37582469
1.4412439	0.37600341
1.4416445	0.37642038
1.4420457	0.37665868
1.4424468	0.37642038
1.4428483	0.37642038
1.4432499	0.37677777
1.443652	0.37707564
1.4440541	0.37725434
1.4444566	0.37749261
1.444859	0.37719476
1.445262	0.37707564
1.4456649	0.37761179
1.4460682	0.37808833
1.4464716	0.37802875
1.4468753	0.37826705
1.4472792	0.37802875
1.4476835	0.37808833
1.4480878	0.37856483
1.4484924	0.37898186
1.4488972	0.37916055
1.4493023	0.37910098
1.4497076	0.37868404
1.4501131	0.37880313
1.4505187	0.37898186
1.4509248	0.37898186
1.4513309	0.37922013
1.4517374	0.37951797
1.4521439	0.37999454
1.4525509	0.38017324
1.452958	0.38011369
1.4533653	0.37999454
1.4537728	0.38005412
1.4541807	0.38047111
1.4545887	0.38053069
1.4549969	0.38041154
1.4554054	0.38106683
1.4558141	0.38124549
1.456223	0.3813051
1.4566324	0.38172209
1.4570416	0.38184118
1.4574513	0.38172209
1.4578612	0.38178167
1.4582713	0.38166252
1.4586816	0.38166252
1.4590921	0.38190076
1.4595029	0.3821986
1.4599138	0.38231778
1.460325	0.38249648
1.4607365	0.38261557
1.4611483	0.38273472
1.4615602	0.38303265
1.4619724	0.38327086
1.4623848	0.38344958
1.4627974	0.38321131
1.4632103	0.38327086
1.4636234	0.38392612
1.4640367	0.38386655
1.4644502	0.38392612
1.4648641	0.38404527
1.4652781	0.3839857
1.4656924	0.38392612
1.4661069	0.38428354
1.4665216	0.38476014
1.4669366	0.38487923
1.4673518	0.38476014
1.4677672	0.38493881
1.4681829	0.38511753
1.4685988	0.38529623
1.469015	0.38523665
1.4694314	0.38517711
1.469848	0.38523665
1.4702649	0.38565361
1.470682	0.38571325
1.4710993	0.38583234
1.471517	0.38595149
1.4719347	0.38642809
1.4723527	0.3869046
1.472771	0.38726202
1.4731897	0.3871429
1.4736084	0.38684508
1.4740274	0.38696417
1.4744467	0.38708332
1.4748662	0.38744074
1.4752858	0.38767904
1.4757057	0.38773862
1.476126	0.38773862
1.4765463	0.38791731
1.476967	0.38821515
1.4773879	0.38821515
1.477809	0.38797686
1.4782305	0.38821515
1.478652	0.38881087
1.4790739	0.38898954
1.479496	0.38904911
1.4799184	0.38922781
1.480341	0.38952571
1.4807638	0.38982353
1.4811869	0.38976395
1.4816102	0.38958523
1.4820337	0.39000222
1.4824575	0.39030007
1.4828815	0.39065745
1.4833061	0.39071709
1.4837304	0.3910149
1.4841553	0.39077666
1.4845803	0.39077666
1.4850056	0.39095533
1.4854311	0.39119366
1.4858568	0.39155108
1.4862827	0.39184889
1.4867089	0.39184889
1.4871353	0.39190847
1.4875621	0.39196801
1.4879889	0.39214674
1.4884162	0.39238504
1.4888437	0.39232543
1.4892714	0.39244461
1.4896992	0.39268285
1.4901278	0.39286157
1.4905561	0.39280206
1.4909849	0.39298072
1.4914138	0.39304027
1.491843	0.39327857
1.4922724	0.39405295
1.4927021	0.39411253
1.493132	0.39423168
1.4935622	0.39470822
1.4939926	0.39476785
1.4944233	0.39458913
1.4948542	0.39464864
1.4952854	0.39482737
1.4957168	0.39536345
1.4961485	0.39512524
1.4965804	0.39518479
1.4970125	0.3957805
1.4974447	0.39607835
1.4978775	0.3961975
1.4983103	0.3961975
1.4987437	0.39637619
1.499177	0.39655492
1.4996107	0.39685273
1.5000446	0.39685273
1.5004789	0.39655492
1.5009133	0.39697188
1.5013479	0.39744845
1.5017828	0.39762717
1.502218	0.39774626
1.5026534	0.39828241
1.5030892	0.39840156
1.503525	0.39875895
1.5039612	0.39905679
1.5043976	0.39893767
1.5048344	0.3988781
1.5052713	0.39905679
1.5057086	0.39947385
1.506146	0.39959297
1.5065837	0.39941424
1.5070215	0.39965254
1.5074598	0.39995036
1.5078982	0.40006948
1.5083369	0.40030777
1.5087758	0.40036735
1.5092151	0.40030777
1.5096546	0.40042686
1.5100944	0.40102261
1.5105344	0.40114176
1.5109746	0.40108219
1.5114151	0.40120134
1.511856	0.40155876
1.5122969	0.40173742
1.5127382	0.40197572
1.5131798	0.40215445
1.5136217	0.40221402
1.5140636	0.40239272
1.514506	0.40275013
1.5149485	0.40275013
1.5153915	0.40263098
1.5158345	0.40257147
1.5162779	0.4032267
1.5167215	0.40358412
1.5171654	0.40334582
1.5176095	0.4036437
1.518054	0.40394151
1.5184987	0.40400109
1.5189435	0.40417984
1.5193887	0.40423939
1.5198342	0.40453726
1.5202799	0.4048351
1.5207258	0.40513289
1.521172	0.40525207
1.5216186	0.40513289
1.5220653	0.40513289
1.5225123	0.40549034
1.5229596	0.40566903
1.5234071	0.40608603
1.5238549	0.40644342
1.524303	0.40668175
1.5247513	0.40692005
1.5251998	0.40680084
1.5256486	0.40674126
1.5260978	0.40697956
1.5265471	0.40715826
1.5269967	0.40703914
1.5274466	0.40715826
1.5278969	0.40751573
1.5283473	0.4079327
1.528798	0.40817097
1.529249	0.40846881
1.5297003	0.40840921
1.5301517	0.40834969
1.5306035	0.40864754
1.5310555	0.40900496
1.5315078	0.40924326
1.5319604	0.40960068
1.5324134	0.40971977
1.5328665	0.40977934
1.5333198	0.40983889
1.5337734	0.40995806
1.5342274	0.41013676
1.5346816	0.4104346
1.5351361	0.4108516
1.5355908	0.41120905
1.5360456	0.41126859
1.5365007	0.41156647
1.5369563	0.41210255
1.537412	0.41216213
1.5378683	0.41222173
1.5383245	0.41234088
1.5387812	0.41240042
1.539238	0.41263872
1.5396953	0.41311523
1.5401527	0.41341311
1.5406104	0.41335353
1.5410683	0.4135322
1.5415267	0.4137705
1.5419852	0.41406837
1.542444	0.41430667
1.5429029	0.41454488
1.5433626	0.41460451
1.5438222	0.41448537
1.5442821	0.41502148
1.5447421	0.41549802
1.5452026	0.41555759
1.5456632	0.41591507
1.5461243	0.41591507
1.5465856	0.41609374
1.5470469	0.41662988
1.5475086	0.41680855
1.5479708	0.41662988
1.5484331	0.41674897
1.5488957	0.41710642
1.5493586	0.41722551
1.5498219	0.41746381
1.5502852	0.41794044
1.5507492	0.41817865
1.5512131	0.41817865
1.5516775	0.41853604
1.552142	0.41895309
1.5526069	0.41942963
1.553072	0.41966793
1.5535375	0.41978702
1.5540031	0.4197275
1.5544689	0.42008489
1.5549351	0.42014444
1.5554017	0.42038277
1.5558684	0.42056143
1.5563356	0.42056143
1.5568029	0.42091885
1.5572705	0.42139542
1.5577384	0.4216933
1.5582068	0.4216933
1.5586753	0.42193154
1.5591441	0.42216983
1.5596131	0.42246765
1.5600824	0.42252722
1.560552	0.42288464
1.561022	0.42300385
1.5614921	0.42306337
1.5619628	0.42330167
1.5624335	0.42377821
1.5629046	0.4241952
1.5633758	0.42425478
1.5638475	0.4244335
1.5643194	0.42461216
1.5647916	0.42479089
1.565264	0.42496958
1.5657365	0.42538661
1.5662096	0.42562485
1.5666829	0.42562485
1.5671564	0.425744
1.5676304	0.42592269
1.5681045	0.42598227
1.5685791	0.42604187
1.5690538	0.42633972
1.5695291	0.42669713
1.5700043	0.42687583
1.57048	0.42723325
1.5709559	0.42729282
1.5714321	0.42717367
1.5719085	0.42765021
1.5723853	0.42800766
1.5728624	0.42782894
1.5733397	0.42818636
1.5738174	0.42854381
1.5742953	0.4286629
1.5747734	0.42878211
1.5752521	0.42872253
1.5757308	0.42913949
1.5762099	0.42967558
1.5766892	0.42973515
1.5771688	0.42955643
1.5776488	0.42967558
1.5781291	0.42997342
1.5786096	0.43027127
1.5790905	0.43033084
1.5795716	0.4307479
1.5800531	0.43104571
1.5805347	0.43110529
1.5810168	0.43104571
1.5814991	0.4313435
1.5819818	0.4313435
1.5824646	0.43146271
1.5829479	0.43187967
1.5834312	0.43211797
1.5839151	0.43223709
1.5843991	0.4327732
1.5848837	0.4329519
1.5853683	0.43301147
1.5858533	0.43313062
1.5863385	0.43336889
1.5868242	0.43372634
1.58731	0.43378592
1.5877962	0.43384549
1.5882826	0.43432203
1.5887693	0.43444118
1.5892563	0.43456033
1.5897436	0.43491772
1.5902313	0.43503687
1.5907192	0.43533468
1.5912075	0.43551341
1.591696	0.4356921
1.5921849	0.4359304
1.592674	0.4361687
1.5931635	0.43622825
1.5936533	0.43652612
1.5941433	0.43682396
1.5946337	0.43712181
1.5951242	0.43706223
1.5956153	0.43730047
1.5961065	0.43771747
1.5965984	0.43789619
1.5970901	0.43813449
1.5975825	0.43831322
1.5980748	0.43843237
1.5985676	0.43873015
1.5990607	0.43878976
1.5995542	0.43902802
1.6000477	0.43926632
1.6005416	0.43944505
1.6010358	0.43974283
1.6015304	0.43998116
1.6020253	0.44021943
1.6025206	0.44057682
1.603016	0.44069597
1.6035119	0.44075552
1.604008	0.4408747
1.6045047	0.44117254
1.6050013	0.44129166
1.6054984	0.44129166
1.6059958	0.44170865
1.6064935	0.44194695
1.6069914	0.44212568
1.6074898	0.44236389
1.6079884	0.44266176
1.608487	0.44313836
1.6089861	0.44343615
1.6094857	0.44367445
1.6099856	0.44397229
1.6104858	0.44421059
1.6109861	0.44432974
1.611487	0.44438925
1.6119881	0.44456798
1.6124896	0.44456798
1.6129912	0.44462755
1.6134933	0.44486591
1.6139956	0.44528285
1.6144984	0.44564024
1.6150012	0.44593811
1.6155045	0.44635507
1.616008	0.44641465
1.6165122	0.44629553
1.6170163	0.44635507
1.6175209	0.44671249
1.6180257	0.44718909
1.6185309	0.4474273
1.6190363	0.44748688
1.6195421	0.44772518
1.6200482	0.44796348
1.6205544	0.44814214
1.6210611	0.44849956
1.6215682	0.44855919
1.6220756	0.44873786
1.6225833	0.44909528
1.6230912	0.44939309
1.6235996	0.44981012
1.6241082	0.44998884
1.6246173	0.44998884
1.6251266	0.45034623
1.6256363	0.45040584
1.6261462	0.45046541
1.6266564	0.45052499
1.627167	0.45076323
1.6276779	0.45118022
1.6281891	0.45135897
1.6287007	0.45159721
1.6292125	0.4515377
1.6297247	0.45171636
1.6302372	0.4521333
1.6307501	0.45231205
1.6312631	0.4521333
1.6317767	0.45195463
1.6322904	0.45249072
1.6328044	0.45296735
1.6333188	0.45308647
1.6338336	0.45314604
1.6343486	0.45326519
1.6348641	0.45362258
1.6353798	0.45398
1.6358958	0.45392042
1.6364123	0.45398
1.6369292	0.45403957
1.637446	0.45439699
1.6379635	0.45493314
1.6384811	0.45505226
1.6389992	0.45505226
1.6395175	0.45546922
1.6400362	0.45558837
1.6405551	0.45570752
1.6410745	0.45588621
1.6415942	0.45594579
1.6421142	0.45594579
1.6426344	0.45624369
1.6431552	0.45630324
1.643676	0.45666063
1.6441975	0.45683932
1.644719	0.45701805
1.6452409	0.45731592
1.6457632	0.45719671
1.6462859	0.45719671
1.6468087	0.45749459
1.6473321	0.45767334
1.6478556	0.45791158
1.6483797	0.45797119
1.648904	0.45814988
1.6494286	0.45814988
1.6499535	0.45820946
1.6504788	0.45862642
1.6510044	0.45886469
1.6515305	0.45904341
1.6520567	0.45946041
1.6525834	0.45969868
1.6531103	0.45957953
1.6536378	0.45969868
1.6541654	0.45993698
1.6546935	0.4600561
1.6552217	0.46023482
1.6557504	0.46041355
1.6562793	0.46059221
1.6568087	0.46071136
1.6573384	0.46089005
1.6578683	0.46106881
1.6583985	0.46124747
1.6589293	0.4611879
1.6594603	0.46136665
1.6599917	0.46160489
1.6605233	0.46172404
1.6610554	0.46196234
1.6615878	0.46249843
1.6621207	0.46267718
1.6626537	0.46267718
1.6631873	0.4630346
1.6637208	0.46321329
1.664255	0.46339202
1.6647894	0.46357068
1.6653243	0.46368983
1.6658593	0.46386853
1.6663947	0.46410683
1.6669306	0.46446425
1.6674668	0.46464297
1.6680032	0.46482167
1.6685401	0.46511951
1.6690773	0.46523866
1.6696149	0.46541739
1.6701527	0.46547696
1.670691	0.46565568
1.6712295	0.46589392
1.6717685	0.4659535
1.6723077	0.46607265
1.6728474	0.46648961
1.6733873	0.46654919
1.6739277	0.46666834
1.6744683	0.46690661
1.6750095	0.46696615
1.6755508	0.46726403
1.6760926	0.46744275
1.6766347	0.46762145
1.6771772	0.46780017
1.6777198	0.46797886
1.6782631	0.46827668
1.6788064	0.46833631
1.6793501	0.46851498
1.6798942	0.46869373
1.6804388	0.46875325
1.6809837	0.46893194
1.6815289	0.46893194
1.6820744	0.46922985
1.6826205	0.46964678
1.6831667	0.46982551
1.6837136	0.46988508
1.6842605	0.47006381
1.684808	0.47036162
1.6853557	0.4704808
1.6859038	0.47077864
1.6864522	0.47089779
1.687001	0.47101691
1.6875501	0.47131473
1.6881	0.47149345
1.6886498	0.47173175
1.6892	0.47197002
1.6897506	0.47202954
1.6903015	0.47226787
1.6908529	0.47256571
1.6914046	0.47262529
1.6919565	0.47268486
1.6925087	0.47286358
1.6930614	0.47304231
1.6936146	0.47316143
1.694168	0.47316143
1.6947218	0.47345924
1.695276	0.47393581
1.6958306	0.47411457
1.6963854	0.47411457
1.6969409	0.47417411
1.6974965	0.47423369
1.6980526	0.47441241
1.6986089	0.47447199
1.6991657	0.47465065
1.6997228	0.47488892
1.7002803	0.4747698
1.7008381	0.4747698
1.7013963	0.47506765
1.7019548	0.47530589
1.7025138	0.47536546
1.703073	0.47554418
1.7036328	0.47584206
1.7041928	0.47602075
1.7047533	0.47608036
1.7053139	0.47613993
1.705875	0.47631863
1.7064364	0.47637814
1.7069983	0.47649735
1.7075605	0.47673559
1.7081233	0.47697386
1.7086862	0.47715259
1.7092496	0.47715259
1.7098132	0.47721216
1.7103775	0.47721216
1.7109419	0.47739086
1.7115068	0.47733128
1.712072	0.47739086
1.7126377	0.47756958
1.7132035	0.47780785
1.7137699	0.47798654
1.7143366	0.47810572
1.7149036	0.47822484
1.715471	0.47840351
1.7160389	0.47840351
1.7166071	0.47876096
1.7171758	0.47905877
1.7177447	0.47888011
1.7183142	0.47882053
1.7188838	0.47899926
1.7194541	0.47905877
1.7200245	0.47911841
1.7205955	0.47935665
1.7211666	0.47959492
1.7217383	0.4795354
1.7223103	0.4794758
1.7228827	0.47959492
1.7234554	0.47971407
1.7240288	0.47995234
1.7246022	0.47989279
1.7251762	0.48007149
1.7257504	0.4804289
1.7263252	0.48054805
1.7269002	0.4803693
1.7274756	0.48054805
1.7280514	0.48072675
1.7286276	0.4808459
1.7292041	0.48096505
1.7297812	0.48114377
1.7303585	0.48138204
1.7309363	0.48156077
1.7315143	0.48150119
1.732093	0.48173943
1.7326717	0.48179901
1.7332511	0.48191816
1.7338307	0.48203728
1.7344109	0.48209688
1.7349913	0.48221603
1.7355722	0.48245433
1.7361534	0.48245433
1.7367351	0.48275211
1.737317	0.48304993
1.7378997	0.48328826
1.7384824	0.48334783
1.7390656	0.48334783
1.7396491	0.48358607
1.7402332	0.48358607
1.7408174	0.48352656
1.7414023	0.4837648
1.7419873	0.4838244
1.7425728	0.48394352
1.7431587	0.4842414
1.7437451	0.48442006
1.7443317	0.48465833
1.7449189	0.48459879
1.7455064	0.48447964
1.7460943	0.48465833
1.7466825	0.4849562
1.7472714	0.4849562
1.7478604	0.4851349
1.7484499	0.48549238
1.7490398	0.48584977
1.7496301	0.48602846
1.7502208	0.48608798
1.7508119	0.48602846
1.7514033	0.48614761
1.7519954	0.4862667
1.7525877	0.48632628
1.7531804	0.48638585
1.7537735	0.486505
1.754367	0.4866837
1.7549609	0.48674327
1.7555553	0.486922
1.7561499	0.48704115
1.7567449	0.48727944
1.7573403	0.48763683
1.7579362	0.48793468
1.7585325	0.48787513
1.7591293	0.48793468
1.7597264	0.48811334
1.760324	0.48817298
1.7609218	0.48853037
1.7615204	0.48858994
1.7621191	0.48858994
1.7627183	0.48882821
1.7633178	0.48900694
1.7639178	0.48912609
1.7645181	0.48906651
1.7651191	0.48918566
1.7657201	0.48936433
1.7663218	0.48948348
1.7669238	0.48960263
1.7675263	0.48972172
1.768129	0.49001959
1.7687324	0.49013874
1.769336	0.49049616
1.7699401	0.49073446
1.7705445	0.49067488
1.7711494	0.49073446
1.7717546	0.49085361
1.7723604	0.49109185
1.7729665	0.49127057
1.773573	0.491211
1.7741799	0.49127057
1.7747874	0.49133015
1.7753952	0.49138972
1.7760036	0.49150881
1.7766122	0.49150881
1.7772213	0.49174711
1.7778307	0.49186629
1.7784407	0.49198544
1.7790509	0.49192587
1.7796618	0.49216411
1.7802728	0.49222374
1.7808841	0.49228325
1.781496	0.49228325
1.7821085	0.49258113
1.7827213	0.49270028
1.7833346	0.4926407
1.7839482	0.49252155
1.7845623	0.49270028
1.7851768	0.49293858
1.785792	0.49305767
1.7864072	0.49317676
1.7870232	0.49305767
1.7876393	0.49293858
1.788256	0.49305767
1.788873	0.49317676
1.7894906	0.49311724
1.7901084	0.49323639
1.790727	0.49353418
1.7913457	0.49341506
1.7919649	0.49347466
1.7925845	0.49359381
1.7932047	0.49377248
1.793825	0.49377248
1.794446	0.49359381
1.7950673	0.49365339
1.795689	0.49383205
1.7963111	0.49383205
1.7969339	0.4939512
1.7975569	0.49401078
1.7981805	0.49407035
1.7988043	0.4941895
1.7994287	0.49407035
1.8000535	0.49436823
1.800679	0.49454689
1.8013045	0.49442774
1.8019307	0.49448732
1.8025571	0.49448732
1.8031842	0.49430865
1.8038116	0.49448732
1.8044394	0.49454689
1.8050677	0.49472561
1.8056965	0.49502343
1.8063256	0.49508303
1.8069552	0.49490434
1.8075852	0.49466604
1.8082157	0.4948447
1.8088466	0.4948447
1.809478	0.4948447
1.8101097	0.49514261
1.8107419	0.49526176
1.8113745	0.49502343
1.8120078	0.49508303
1.8126413	0.49526176
1.8132753	0.49526176
1.8139096	0.49538091
1.8145447	0.49579787
1.8151799	0.49609569
1.8158158	0.49615526
1.8164519	0.49615526
1.8170887	0.49621484
1.8177258	0.49645314
1.8183634	0.49627441
1.8190013	0.49609569
1.8196399	0.49681056
1.8202788	0.49758497
1.8209183	0.49734667
1.8215581	0.49746582
1.8221985	0.49758497
1.8228391	0.49740624
1.8234804	0.49716794
1.8241218	0.49740624
1.824764	0.49752533
1.8254064	0.49812108
1.8260493	0.49901462
1.8266927	0.4984785
1.8273367	0.49794242
1.8279809	0.49818066
1.8286258	0.49841893
1.829271	0.49853808
1.8299167	0.4987168
1.8305628	0.49907419
1.8312097	0.49919334
1.8318566	0.49883589
1.8325043	0.49877632
1.8331522	0.49853808
1.8338007	0.49841893
1.8344495	0.49913377
1.835099	0.49966988
1.8357487	0.5000273
1.8363992	0.50008684
1.83705	0.50008684
1.8377012	0.50038475
1.8383528	0.49972945
1.839005	0.49990812
1.8396575	0.50068259
1.8403107	0.5002656
1.8409641	0.5002656
1.8416178	0.50115913
1.8422722	0.50062305
1.8429272	0.49978903
1.8435825	0.49949116
1.8442384	0.49943164
1.8448946	0.49961036
1.8455515	0.49972945
1.8462087	0.50068259
1.8468666	0.50199312
1.8475248	0.50187397
1.8481835	0.50163573
1.8488425	0.50074214
1.8495022	0.5002656
1.8501621	0.50032514
1.8508228	0.5002656
1.8514837	0.50038475
1.852145	0.50068259
1.8528068	0.50133783
1.8534694	0.50246966
1.8541322	0.50235051
1.8547956	0.50127828
1.8554593	0.50109953
1.8561238	0.50169528
1.8567885	0.50199312
1.8574541	0.50157613
1.8581197	0.50109953
1.858786	0.50151658
1.8594526	0.50288665
1.8601199	0.50264841
1.8607875	0.50211227
1.8614557	0.50157613
1.8621242	0.50145692
1.8627936	0.50157613
1.8634632	0.50193352
1.8641332	0.50217175
1.8648038	0.50205266
1.8654748	0.50193352
1.8661463	0.50193352
1.8668184	0.50258875
1.8674908	0.50383973
1.8681637	0.50330365
1.868837	0.5027675
1.869511	0.5029462
1.8701854	0.50378019
1.8708603	0.50437593
1.8715357	0.50306535
1.8722117	0.5032441
1.872888	0.50443548
1.8735651	0.50366104
1.8742423	0.50264841
1.8749202	0.50246966
1.8755985	0.50235051
1.8762774	0.5027675
1.8769567	0.50306535
1.8776366	0.50211227
1.8783168	0.50163573
1.8789977	0.50157613
1.8796788	0.50133783
1.8803607	0.50127828
1.881043	0.50133783
1.8817258	0.50104004
1.882409	0.50074214
1.8830929	0.50104004
1.883777	0.50163573
1.8844618	0.50109953
1.8851469	0.5005039
1.8858327	0.50038475
1.8865188	0.50014645
1.8872057	0.49966988
1.8878928	0.49949116
1.8885808	0.49937207
1.8892689	0.49949116
1.8899578	0.49978903
1.8906469	0.49925292
1.8913368	0.49865723
1.892027	0.4984785
1.8927178	0.49806151
1.893409	0.49788278
1.8941009	0.49728709
1.8947932	0.49704885
1.8954861	0.49698928
1.8961793	0.49645314
1.8968732	0.49609569
1.8975675	0.49615526
1.8982624	0.4959766
1.8989576	0.49651271
1.8996536	0.49669144
1.9003499	0.49579787
1.9010466	0.49454689
1.9017439	0.49401078
1.9024419	0.49454689
1.9031402	0.49430865
1.9038392	0.49323639
1.9045385	0.49359381
1.9052386	0.4939512
1.905939	0.49335548
1.9066402	0.492879
1.9073416	0.49174711
1.9080436	0.4909727
1.9087461	0.49073446
1.9094492	0.49031749
1.9101527	0.49007916
1.9108568	0.49025792
1.9115614	0.49025792
1.9122664	0.48996001
1.912972	0.49031749
1.9136782	0.49037707
1.9143847	0.4894239
1.915092	0.48876867
1.9157996	0.48870909
1.916508	0.48858994
1.9172167	0.48829207
1.9179261	0.48799425
1.9186358	0.48799425
1.9193462	0.48858994
1.9200571	0.48912609
1.9207685	0.48876867
1.9214803	0.48745811
1.9221928	0.4866837
1.9229058	0.4866837
1.9236195	0.48704115
1.9243335	0.4866837
1.9250481	0.48608798
1.9257631	0.48596889
1.9264789	0.48596889
1.927195	0.48596889
1.9279118	0.48596889
1.9286289	0.48561147
1.9293463	0.48525405
1.9300646	0.48501572
1.9307835	0.48483706
1.9315028	0.48442006
1.9322227	0.48394352
1.9329431	0.4837648
1.9336642	0.48364565
1.9343857	0.48334783
1.9351079	0.48299041
1.9358305	0.48304993
1.9365537	0.48299041
1.9372772	0.48251384
1.9380015	0.4819777
1.9387262	0.48162028
1.9394516	0.48138204
1.9401773	0.48114377
1.940904	0.48090547
1.9416308	0.4804289
1.9423584	0.48001191
1.9430864	0.47989279
1.943815	0.47971407
1.9445441	0.47941619
1.9452738	0.47888011
1.9460039	0.47840351
1.9467345	0.47810572
1.9474658	0.47780785
1.9481977	0.47739086
1.94893	0.47703344
1.949663	0.47673559
1.9503965	0.47637814
1.9511306	0.47608036
1.9518652	0.47566333
1.9526006	0.47524631
1.9533362	0.47482938
1.9540726	0.47423369
1.9548093	0.47369751
1.9555469	0.47345924
1.9562846	0.47334009
1.9570233	0.47310185
1.9577622	0.47274444
1.9585019	0.47238705
1.959242	0.47202954
1.9599829	0.47149345
1.960724	0.47101691
1.961466	0.4707191
1.9622083	0.47054031
1.9629514	0.47012338
1.9636948	0.46952766
1.9644389	0.46940857
1.9651834	0.46905112
1.9659288	0.46857452
1.9666744	0.46833631
1.9674209	0.46809801
1.9681678	0.4677406
1.9689153	0.4675023
1.9696634	0.46726403
1.9704123	0.46696615
1.9711614	0.46660873
1.9719112	0.46643004
1.9726615	0.46637052
1.9734125	0.4661918
1.9741639	0.46607265
1.9749161	0.4660131
1.9756685	0.4659535
1.976422	0.46589392
1.9771756	0.4657152
1.9779301	0.4657152
1.9786849	0.46565568
1.9794405	0.46559605
1.9801965	0.46559605
1.9809532	0.4657152
1.9817104	0.46577477
1.9824681	0.46583438
1.9832264	0.46583438
1.9839855	0.46583438
1.984745	0.4659535
1.9855052	0.46625131
1.9862659	0.46648961
1.9870273	0.46654919
1.987789	0.46654919
1.9885516	0.46684703
1.9893147	0.46708533
1.9900783	0.46720445
1.9908425	0.4675023
1.9916074	0.46791929
1.9923728	0.46797886
1.9931389	0.46827668
1.9939053	0.46857452
1.9946727	0.46869373
1.9954402	0.46905112
1.9962088	0.46958724
1.9969776	0.46988508
1.9977473	0.47012338
1.9985173	0.4704212
1.9992882	0.47065946
2.0000594	0.47083822
2.0008314	0.47095734
2.0016038	0.47137436
2.002377	0.47185087
2.0031507	0.47214875
2.0039251	0.47232744
2.0046999	0.47274444
2.0054755	0.47316143
2.0062516	0.47316143
2.0070286	0.473221
2.0078058	0.47375712
2.0085838	0.47417411
2.0093622	0.47447199
2.0101414	0.47465065
2.010921	0.47500807
2.0117013	0.47554418
2.0124824	0.47596118
2.0132637	0.47637814
2.0140457	0.47691429
2.0148287	0.47733128
2.0156119	0.47774833
2.016396	0.47810572
2.0171804	0.47852266
2.0179658	0.47882053
2.0187516	0.4795354
2.0195379	0.47983322
2.0203249	0.4803693
2.0211127	0.48096505
2.0219009	0.48150119
2.0226898	0.48203728
2.0234792	0.48245433
2.0242696	0.48287126
2.0250602	0.48334783
2.0258517	0.48388398
2.0266438	0.48436049
2.0274363	0.48477748
2.0282295	0.48531362
2.0290234	0.48596889
2.0298178	0.48638585
2.0306129	0.48686242
2.0314085	0.48739854
2.0322044	0.48805383
2.0330014	0.48870909
2.0337989	0.48900694
2.0345972	0.48936433
2.0353961	0.48984087
2.0361953	0.49025792
2.0369956	0.49067488
2.0377963	0.49103227
2.0385981	0.4914493
2.0393999	0.49186629
2.0402026	0.49222374
2.0410056	0.49270028
2.0418096	0.49311724
2.042614	0.4937129
2.0434194	0.4941895
2.044225	0.49448732
2.0450315	0.49472561
2.0458386	0.49508303
2.0466464	0.4955
2.0474546	0.49579787
2.0482635	0.4959766
2.049073	0.49621484
2.0498834	0.49657229
2.0506942	0.49692971
2.0515053	0.49710837
2.0523174	0.49734667
2.0531304	0.49752533
2.0539436	0.49782327
2.0547578	0.49800199
2.0555725	0.49818066
2.0563879	0.49824017
2.057204	0.49835938
2.0580208	0.49889547
2.0588381	0.49907419
2.0596561	0.49919334
2.0604746	0.49925292
2.0612941	0.49937207
2.062114	0.49961036
2.0629346	0.49990812
2.0637558	0.49996775
2.0645773	0.49984854
2.0653996	0.49990812
2.0662231	0.50008684
2.0670469	0.5000273
2.0678713	0.49984854
2.0686965	0.49990812
2.0695224	0.49984854
2.0703487	0.49949116
2.0711763	0.49925292
2.0720038	0.49919334
2.0728326	0.49889547
2.0736616	0.49859765
2.0744915	0.49829981
2.0753219	0.49800199
2.076153	0.49752533
2.0769846	0.49692971
2.0778172	0.49621484
2.0786502	0.49567872
2.0794842	0.49502343
2.0803187	0.49460647
2.0811539	0.49389163
2.0819895	0.49317676
2.0828261	0.49234283
2.0836632	0.491211
2.084501	0.49019831
2.0853395	0.4894239
2.0861788	0.48864952
2.0870185	0.48781553
2.0878592	0.48674327
2.0887003	0.48573059
2.0895422	0.48501572
2.0903847	0.48430091
2.0912282	0.48370525
2.092072	0.48316914
2.0929167	0.48269254
2.0937619	0.48203728
2.0946081	0.48167986
2.0954545	0.48132244
2.096302	0.4808459
2.0971498	0.48060763
2.0979986	0.48030972
2.0988479	0.47995234
2.0996981	0.47977364
2.1005487	0.47977364
2.1014004	0.47965449
2.1022525	0.47959492
2.1031053	0.47935665
2.1039588	0.47911841
2.1048129	0.47888011
2.1056678	0.47864181
2.1065235	0.47828442
2.1073797	0.47774833
2.1082368	0.47733128
2.1090944	0.47703344
2.1099529	0.47691429
2.1108119	0.4763785
2.1116717	0.47631899
2.1125321	0.47727162
2.1133935	0.47745022
2.1142552	0.47727162
2.115118	0.47810513
2.1159811	0.47858149
2.1168454	0.47834334
2.1177099	0.47828379
2.1185756	0.47834334
2.1194417	0.47893873
2.1203086	0.47929597
2.121176	0.47953415
2.1220446	0.47965321
2.1229134	0.47959366
2.1237831	0.47953415
2.1246536	0.47989136
2.1255245	0.47989136
2.1263962	0.47989136
2.1272688	0.47935551
2.1281419	0.47923645
2.1290162	0.4791173
2.1298907	0.47893873
2.1307662	0.47893873
2.1316423	0.47941503
2.1325192	0.4791173
2.1333966	0.47834334
2.1342752	0.47786701
2.135154	0.47822428
2.1360338	0.47852197
2.1369143	0.47852197
2.1377954	0.47881961
2.1386774	0.47899824
2.1395605	0.47858149
2.1404438	0.4791173
2.1413281	0.47917688
2.1422129	0.47935551
2.1430986	0.47953415
2.1439848	0.48018906
2.144872	0.4810226
2.1457596	0.48126081
2.1466477	0.48132032
2.1475368	0.48215383
2.148427	0.48221344
2.1493175	0.48191571
2.1502092	0.48245156
2.1511011	0.48370191
2.1519942	0.48411867
2.1528878	0.48435688
2.1537826	0.48459503
2.1546776	0.48542857
2.1555736	0.48614302
2.1564703	0.48614302
2.1573677	0.48638123
2.1582658	0.4871552
2.1591649	0.48739341
2.1600645	0.48786968
2.1609645	0.48810786
2.1618655	0.48864374
2.1627674	0.48971543
2.1636701	0.48965591
2.1645734	0.48917958
2.1654775	0.48941773
2.1663826	0.49013221
2.1672883	0.49072763
2.168195	0.49126348
2.169102	0.49132305
2.1700101	0.49132305
2.1709187	0.49209705
2.1718283	0.4926329
2.1727386	0.49245429
2.1736495	0.49221608
2.1745613	0.49245429
2.1754742	0.49257332
2.1763873	0.4926329
2.1773014	0.49293059
2.1782162	0.4931092
2.179132	0.49316871
2.1800482	0.4931092
2.1809654	0.49293059
2.1818831	0.49293059
2.1828015	0.49299017
2.1837208	0.49293059
2.1846411	0.49257332
2.1855621	0.49215657
2.1864841	0.49209705
2.1874065	0.49227563
2.1883299	0.49227563
2.189254	0.49239478
2.1901793	0.49168026
2.1911051	0.49120393
2.1920316	0.49120393
2.1929588	0.49144208
2.193887	0.49108484
2.1948156	0.49048945
2.1957452	0.48995361
2.1966755	0.489775
2.197607	0.48983452
2.1985388	0.48947731
2.1994717	0.48917958
2.2004051	0.48894143
2.2013395	0.48882234
2.2022746	0.48882234
2.2032106	0.48840559
2.2041473	0.48840559
2.2050848	0.48810786
2.206023	0.48792925
2.2069621	0.48786968
2.207902	0.48763156
2.2088428	0.48661938
2.2097843	0.48578581
2.2107267	0.48530951
2.2116697	0.48519039
2.2126141	0.48507133
2.2135587	0.48417822
2.2145045	0.48322561
2.2154505	0.4825111
2.216398	0.48191571
2.2173457	0.4815585
2.2182946	0.48084396
2.2192442	0.48012948
2.2201948	0.4781647
2.2211459	0.47584265
2.2220981	0.47429463
2.2230508	0.47256798
2.2240045	0.47084132
2.2249589	0.46899554
2.2259145	0.46691167
2.2268705	0.4638156
2.2278273	0.46018368
2.228785	0.45673037
2.2297437	0.45369384
2.2307031	0.45047867
2.2316635	0.446549
2.2326245	0.44309571
2.2335865	0.44059506
2.234549	0.43761805
2.2355127	0.43398613
2.2364771	0.43089008
2.2374425	0.42844889
2.2384083	0.42606729
2.2393754	0.42285219
2.2403431	0.42005378
2.2413118	0.41844621
2.2422812	0.41648141
2.243252	0.41463563
2.2442229	0.41332576
2.2451949	0.41183731
2.2461677	0.4106465
2.2471414	0.40957475
2.2481158	0.40862212
2.2490911	0.40737179
2.2500672	0.40641916
2.251044	0.40522835
2.2520218	0.40385893
2.2530005	0.40254903
2.2539799	0.40183458
2.2549605	0.4008224
2.2559416	0.40022698
2.2569239	0.39969116
2.2579067	0.39891717
2.2588909	0.39832175
2.2598755	0.39784542
2.2608612	0.39695233
2.2618475	0.39552337
2.2628348	0.39397535
2.263823	0.39248681
2.264812	0.39064109
2.2658017	0.38837856
2.2667923	0.38587791
2.2677839	0.38325813
2.2687764	0.38034067
2.2697697	0.37712556
2.2707639	0.37396991
2.271759	0.37164789
2.2727549	0.36878997
2.2737517	0.36611065
2.2747495	0.36372909
2.275748	0.36206195
2.2767475	0.3602162
2.2777479	0.35789415
2.278749	0.35521486
2.2797511	0.35325006
2.2807541	0.35098752
2.2817578	0.34830827
2.282763	0.3460457
2.2837684	0.34354505
2.284775	0.34062761
2.2857823	0.33788878
2.2867908	0.33544764
2.2877998	0.3330065
2.28881	0.33008906
2.2898209	0.32723114
2.2908323	0.32401597
2.2918451	0.32127714
2.2928588	0.31847876
2.2938731	0.31573993
2.2948887	0.31329879
2.2959049	0.31044087
2.2969222	0.30716622
2.2979403	0.3044869
2.2989597	0.30222437
2.2999794	0.30037865
2.3010006	0.29883063
2.3020222	0.29686579
2.303045	0.29442465
2.3040683	0.29234079
2.3050931	0.28972101
2.3061182	0.28656539
2.3071454	0.28335023
2.3081722	0.28055185
2.3092005	0.27727717
2.3102295	0.27304986
2.3112597	0.26900116
2.3122904	0.26584554
2.3133223	0.26274946
2.3143549	0.25977248
2.3153882	0.25750995
2.3164227	0.2556642
2.3174584	0.25393754
2.3184946	0.25268722
2.3195322	0.25137734
2.3205702	0.24994838
2.3216095	0.24840035
2.3226497	0.24750726
2.3236911	0.24714999
2.324733	0.24792403
2.3257761	0.24881712
2.3268199	0.25072241
2.3278646	0.2534017
2.3289104	0.25596189
2.3299572	0.25893891
2.3310046	0.2626304
2.3320534	0.26632184
2.3331029	0.26971564
2.3341534	0.27352616
2.3352048	0.27793214
2.3362572	0.28221899
2.3373103	0.28620815
2.3383648	0.2901378
2.3394198	0.29412696
2.340476	0.29811615
2.3415329	0.30216485
2.342591	0.30663034
2.3436501	0.31073856
2.3447101	0.31490639
2.3457711	0.31972912
2.346833	0.32389688
2.3478959	0.32794562
2.3489597	0.33199432
2.3500245	0.33520949
2.3510904	0.33794829
2.3521569	0.34050852
2.3532248	0.34312829
2.3542933	0.3455694
2.3553631	0.34777239
2.3564336	0.34985629
2.3575051	0.35182109
2.3585775	0.35390499
2.3596511	0.35551259
2.3607256	0.35664383
2.3618011	0.35741785
2.3628776	0.35789415
2.363955	0.35854912
2.3650334	0.35932311
2.3661137	0.3597399
2.3671939	0.3599185
2.3682754	0.35962081
2.3693576	0.35908496
2.3704412	0.35872772
2.3715253	0.35723925
2.3726108	0.3555721
2.373697	0.3536073
2.3747847	0.35086846
2.3758729	0.34818918
2.3769624	0.34521219
2.3780525	0.341997
2.379144	0.33896047
2.3802361	0.33622167
2.3813298	0.33366144
2.3824239	0.33133939
2.3835192	0.32955319
2.3846154	0.3286601
2.3857129	0.32883871
2.3868113	0.3296127
2.3879108	0.33056536
2.3890109	0.33187523
2.3901126	0.33294693
2.3912148	0.33437592
2.3923185	0.33556673
2.3934228	0.33663842
2.3945284	0.33794829
2.3956349	0.33866277
2.3967426	0.33925819
2.397851	0.34038946
2.3989608	0.34122303
2.4000711	0.3415207
2.4011834	0.34193748
2.4022958	0.34187791
2.4034097	0.34116346
2.4045243	0.34050852
2.4056404	0.33973449
2.4067569	0.33848417
2.4078751	0.33699566
2.4089937	0.33532855
2.4101133	0.33389959
2.4112341	0.33247063
2.4123564	0.33110124
2.4134791	0.3296127
2.4146035	0.32806471
2.4157286	0.32604036
2.4168549	0.32461137
2.4179819	0.32348013
2.4191108	0.32234886
2.4202399	0.32115808
2.4213705	0.32020542
2.4225018	0.31961003
2.4236345	0.31907418
2.424768	0.31841925
2.4259028	0.31788337
2.4270384	0.31812155
2.4281759	0.31835967
2.4293137	0.31841925
2.4304526	0.31877646
2.4315925	0.31949094
2.4327338	0.31966954
2.4338756	0.31949094
2.435019	0.31949094
2.4361632	0.31955048
2.4373078	0.31961003
2.4384544	0.31931233
2.4396017	0.31824061
2.4407504	0.31722844
2.4419	0.31675211
2.4430506	0.31615672
2.4442027	0.31532314
2.4453554	0.31454915
2.4465098	0.31353697
2.447665	0.31264386
2.4488211	0.31151262
2.4499784	0.31044087
2.4511368	0.30930963
2.4522963	0.30841652
2.4534569	0.30776158
2.4546185	0.30686849
2.4557815	0.30645171
2.4569452	0.30621356
2.4581103	0.30591586
2.4592764	0.30615401
2.4604435	0.30668986
2.4616117	0.30752343
2.4627812	0.3081784
2.4639518	0.30907148
2.4651229	0.31032181
2.4662957	0.31151262
2.4674697	0.31258431
2.4686446	0.31377509
2.4698207	0.31443006
2.4709978	0.31490639
2.4721763	0.31562084
2.4733558	0.3163949
2.4745364	0.31675211
2.4757183	0.31669259
2.4769011	0.31645441
2.478085	0.31621626
2.4792702	0.31573993
2.4804564	0.31502548
2.4816439	0.31395376
2.4828324	0.31294158
2.4840217	0.31175074
2.4852126	0.31055996
2.4864044	0.30925009
2.4875975	0.30764252
2.4887917	0.30579677
2.4899871	0.30377242
2.4911838	0.30204576
2.4923813	0.30055726
2.4935806	0.29900923
2.4947805	0.29752073
2.4959817	0.29609179
2.497184	0.29496053
2.4983873	0.29412696
2.4995921	0.29347202
2.5007977	0.29299569
2.5020049	0.29251939
2.5032129	0.29174539
2.5044224	0.29114997
2.5056329	0.29067364
2.5068443	0.29043549
2.5080571	0.28978056
2.5092711	0.28888747
2.5104864	0.28829205
2.5117025	0.28787529
2.5129199	0.28733942
2.5141385	0.28680357
2.5153584	0.2862677
2.5165794	0.28591046
2.5178018	0.28591046
2.5190251	0.28602955
2.5202496	0.28608906
2.5214756	0.28614864
2.5227027	0.28650585
2.5239308	0.28733942
2.5251603	0.28823251
2.5263908	0.28900656
2.5276225	0.2901378
2.5288556	0.29138812
2.5300899	0.29257891
2.5313251	0.29430556
2.532562	0.29609179
2.5337996	0.29728258
2.5350387	0.29877105
2.536279	0.30049771
2.5375204	0.30174807
2.538763	0.30293888
2.5400069	0.3040106
2.5412521	0.3047846
2.5424979	0.30561817
2.5437455	0.30657077
2.5449944	0.30716622
2.5462441	0.30722573
2.5474954	0.30728528
2.548748	0.30728528
2.5500016	0.30752343
2.5512564	0.30764252
2.5525131	0.30716622
2.5537705	0.30621356
2.5550292	0.30502278
2.556289	0.30412966
2.5575502	0.30347472
2.5588126	0.30311748
2.5600762	0.30299842
2.561341	0.30264115
2.5626073	0.30139083
2.5638747	0.30008096
2.5651433	0.29829475
2.5664132	0.29680628
2.5676842	0.29650855
2.5689566	0.29698488
2.5702302	0.29662761
2.5715053	0.29603225
2.5727808	0.29758027
2.5740583	0.29823524
2.5753372	0.29841384
2.576617	0.29966417
2.5778983	0.30002141
2.579181	0.30055726
2.5804646	0.30252206
2.5817497	0.30412966
2.5830364	0.30597541
2.5843241	0.30722573
2.585613	0.30704713
2.5869033	0.3088333
2.5881948	0.30990505
2.5894876	0.31079811
2.5907817	0.31175074
2.592077	0.31323928
2.5933733	0.31710938
2.5946712	0.32109854
2.5959706	0.32020542
2.5972712	0.31937185
2.598573	0.32008636
2.5998762	0.32163438
2.6011808	0.32342058
2.6024866	0.32538539
2.6037939	0.32746929
2.6051023	0.32979134
2.6064122	0.33050582
2.6077232	0.33116078
2.6090355	0.33235157
2.6103492	0.33324465
2.6116643	0.33413777
2.6129806	0.33520949
2.6142986	0.33574533
2.6156178	0.33776969
2.6169381	0.33949634
2.6182597	0.33884138
2.6195827	0.33967495
2.6209071	0.34032992
2.6222329	0.33931774
2.62356	0.33967495
2.6248877	0.34074667
2.6262174	0.34247333
2.6275485	0.34253287
2.628881	0.34318781
2.6302147	0.34461677
2.6315498	0.3434855
2.6328864	0.34294966
2.6342242	0.34306872
2.6355639	0.3416993
2.6369042	0.34110391
2.6382463	0.34080622
2.6395895	0.34050852
2.6409342	0.33979404
2.6422803	0.33907956
2.6436276	0.33788878
2.6449764	0.33699566
2.6463268	0.33532855
2.6476784	0.3333042
2.6490314	0.3312203
2.6503856	0.32955319
2.6517413	0.32794562
2.6530983	0.32490906
2.6544569	0.32175347
2.6558168	0.31907418
2.6571774	0.31573993
2.65854	0.31395376
2.6599042	0.31204847
2.6612697	0.30925009
2.6626365	0.30668986
2.6640048	0.30609447
2.6653745	0.30514184
2.6667454	0.3019267
2.6681182	0.29775888
2.6694922	0.29621086
2.6708674	0.29234079
2.6722443	0.28519598
2.6736224	0.2798374
2.6750021	0.27584821
2.676383	0.27072781
2.6777654	0.2631067
2.6791496	0.25292537
2.6805348	0.23917167
2.6819217	0.22333406
2.6833098	0.20630564
2.6846995	0.1887414
2.6860905	0.17272517
2.6874828	0.15873329
2.6888769	0.14742072
2.6902716	0.13765618
2.6916685	0.12961829
2.6930668	0.12253305
2.6944666	0.11598366
2.6958678	0.10985106
2.6972704	0.10431385
2.6986744	0.099193424
2.7000799	0.093477599
2.7014871	0.087166369
2.7028956	0.081510089
2.7043056	0.077163674
2.7057171	0.075139314
2.70713	0.07371036
2.7085443	0.072519563
2.7099602	0.071209691
2.7113776	0.069363944
2.7127967	0.066922821
2.7142169	0.064600751
2.7156389	0.061802391
2.7170622	0.058170453
2.718487	0.054181281
2.7199132	0.05066843
2.7213409	0.047631893
2.7227702	0.046917416
2.7242005	0.047393739
2.7256327	0.047810521
2.7270665	0.048763152
2.7285018	0.049418092
2.7299387	0.048346374
2.7313771	0.04709604
2.7328169	0.047215115
2.7342582	0.04864407
2.7357013	0.050489809
2.7371457	0.05185923
2.7385917	0.053526346
2.7400391	0.055014841
2.741488	0.055550698
2.7429385	0.055550698
2.7443907	0.055729315
2.7458441	0.056979656
2.747299	0.058289535
2.7487557	0.059004009
2.7502139	0.059599407
2.7516737	0.06007573
2.753135	0.060849749
2.7545979	0.062397782
2.7560623	0.063648127
2.7575283	0.063945822
2.7589962	0.064600751
2.7604654	0.065374777
2.7619359	0.066089258
2.7634082	0.066922821
2.7648821	0.067875445
2.7663574	0.068828091
2.7678344	0.069721185
2.7693131	0.070911981
2.7707932	0.072162323
2.772275	0.072817259
2.7737584	0.073293582
2.7752433	0.073948525
2.7767296	0.074722543
2.7782178	0.075258397
2.7797074	0.075675175
2.7811987	0.075675175
2.782691	0.075377472
2.7841854	0.075139314
2.7856815	0.075377472
2.7871792	0.075615637
2.7886784	0.075258397
2.7901793	0.075020239
2.7916818	0.075079776
2.7931859	0.075020239
2.794692	0.074841619
2.7961996	0.074603461
2.7977085	0.074543916
2.7992191	0.074603461
2.8007314	0.074543916
2.8022454	0.074424833
2.803761	0.074305758
2.8052781	0.074008062
2.806797	0.07388898
2.8083177	0.073591284
2.8098397	0.073591284
2.8113635	0.073650815
2.8128889	0.073769905
2.8144159	0.074008062
2.8159447	0.0740676
2.8174751	0.074484386
2.8190067	0.075020239
2.8205404	0.075496562
2.8220758	0.075675175
2.8236129	0.075972877
2.8251517	0.076508738
2.8266921	0.076985054
2.8282342	0.077520914
2.829778	0.078116305
2.8313241	0.078890331
2.8328712	0.079485729
2.83442	0.080259748
2.8359706	0.081093304
2.8375227	0.081867322
2.8390768	0.082522266
2.8406324	0.083296284
2.8421898	0.084248915
2.843749	0.085022934
2.84531	0.085737415
2.8468723	0.086690053
2.8484366	0.087821312
2.8500025	0.088595331
2.8515701	0.089309812
2.8531396	0.090441063
2.8547106	0.091334164
2.8562829	0.092048638
2.8578575	0.092822656
2.8594339	0.093477599
2.861012	0.09407299
2.8625917	0.094668396
2.8641732	0.095263787
2.8657565	0.09574011
2.8673415	0.096037813
2.8689287	0.096454598
2.870517	0.096990451
2.8721075	0.097407229
2.8736994	0.097585842
2.8752933	0.097824007
2.876889	0.098002627
2.8784864	0.098062173
2.8800855	0.098240793
2.8816857	0.098419413
2.8832886	0.098478951
2.8848929	0.098478951
2.8864994	0.098598026
2.8881073	0.098657571
2.8897173	0.098776646
2.8913291	0.098955266
2.8929424	0.099074349
2.8945582	0.099372037
2.8961751	0.099669747
2.897794	0.099729292
2.8994148	0.099907912
2.9010372	0.1002056
2.9026616	0.10038421
2.9042876	0.10092009
2.9059157	0.10151548
2.9075458	0.10193226
2.9091775	0.10217042
2.9108109	0.10246812
2.9124463	0.10306352
2.9140832	0.10365891
2.9157224	0.10425431
2.9173632	0.10484972
2.9190059	0.10544512
2.9206498	0.10604052
2.922296	0.1069336
2.9239442	0.10770763
2.9255943	0.10854118
2.9272463	0.10919612
2.9289	0.10997014
2.9305558	0.1111014
2.9322133	0.11235174
2.9338732	0.11342346
2.9355345	0.11437609
2.9371977	0.11544781
2.9388628	0.11651953
2.9405298	0.11759125
2.9421985	0.11872251
2.9438694	0.12015146
2.9455421	0.12152088
2.9472167	0.12306891
2.9488933	0.12467649
2.9505715	0.12628408
2.9522519	0.1278321
2.953934	0.12943968
2.9556181	0.13098772
2.9573042	0.13271436
2.9589922	0.13420287
2.9606814	0.13592954
2.9623733	0.13771571
2.964067	0.13938284
2.9657626	0.14146674
2.9674604	0.14349109
2.9691598	0.14551546
2.9708614	0.14742072
2.9725649	0.14920692
2.9742706	0.15117173
2.9759779	0.15319608
2.9776874	0.15527998
2.9793985	0.1575425
2.9811118	0.15968592
2.9828272	0.16188891
2.9845443	0.16415143
2.9862635	0.16623531
2.9879854	0.16820014
2.9897087	0.17028403
2.9914336	0.17230839
2.993161	0.17427321
2.99489	0.17641664
2.9966211	0.17856006
2.9983544	0.18070352
3.0000894	0.18260877
3.001826	0.18451406
3.0035653	0.18647887
3.0053065	0.18850322
3.0070496	0.19046804
3.0087948	0.19231379
3.0105422	0.19445722
3.0122914	0.19642203
3.0140429	0.19808914
3.0157964	0.20005396
3.0175517	0.20195924
3.0193093	0.20368589
3.0210688	0.20553164
3.0228302	0.20743692
3.0245938	0.20934218
3.0263596	0.21118791
3.0281272	0.21291459
3.0298975	0.21440309
3.0316694	0.21612974
3.0334435	0.21791592
3.0352194	0.21940441
3.0369976	0.22119062
3.0387776	0.22303636
3.04056	0.22452487
3.0423443	0.22601336
3.0441301	0.2275614
3.0459187	0.22916895
3.0477092	0.23065746
3.0495021	0.23238412
3.0512969	0.23411079
3.0530939	0.23565881
3.054893	0.23726639
3.0566943	0.23881443
3.0584979	0.24048154
3.0603034	0.24214867
3.0621109	0.24363717
3.0639207	0.24524473
3.0657327	0.24697137
3.0675466	0.24840035
3.0693629	0.25012699
3.0711813	0.25155598
3.0730011	0.25292537
3.0748239	0.25453296
3.0766487	0.25614053
3.0784757	0.25762904
3.0803049	0.25917706
3.0821362	0.26096326
3.0839698	0.26245174
3.0858054	0.26370209
3.0876439	0.26489288
3.0894837	0.26608369
3.0913262	0.26727447
3.0931706	0.26846525
3.0950172	0.26959655
3.0968661	0.27078733
3.0987172	0.27191859
3.1005704	0.27299032
3.1024263	0.27400249
3.104284	0.27513373
3.106144	0.27638409
3.1080062	0.27745578
3.1098707	0.27834889
3.1117373	0.27936107
3.1136062	0.28055185
3.1154773	0.28162357
3.1173501	0.28263575
3.1192257	0.2837075
3.1211035	0.28454104
3.1229837	0.28525552
3.1248662	0.28597
3.1267509	0.28680357
3.128638	0.28769666
3.1305273	0.28858975
3.1324193	0.28948286
3.1343131	0.29049504
3.1362092	0.29132861
3.1381078	0.29228121
3.1400084	0.29335296
3.1419115	0.29442465
3.1438167	0.29567498
3.1457245	0.29710397
3.1476347	0.29841384
3.1495469	0.29960462
3.1514616	0.30079544
3.1533785	0.30198625
3.1552978	0.30311748
3.1572194	0.30454642
3.1591434	0.30585632
3.1610696	0.30704713
3.162998	0.30823791
3.1649289	0.30954778
3.1668622	0.31067905
3.168798	0.31169122
3.1707361	0.31282249
3.1726766	0.31425145
3.1746194	0.31579944
3.1765647	0.31716889
3.1785126	0.31841925
3.1804626	0.31972912
3.182415	0.32109854
3.1843698	0.32240841
3.186327	0.32365873
3.1882865	0.32496861
3.1902485	0.32633805
3.1922131	0.32752883
3.19418	0.32871962
3.1961493	0.3299104
3.1981211	0.33110124
3.2000952	0.33223248
3.2020719	0.33336374
3.2040508	0.33437592
3.2060323	0.33514994
3.2080164	0.33598348
3.2100022	0.33693612
3.2119911	0.33753154
3.2139823	0.33788878
3.215976	0.33806738
3.2179723	0.33806738
3.2199712	0.33800784
3.2219722	0.3376506
3.2239761	0.33711475
3.2259824	0.33645982
3.2279911	0.33586442
3.2300024	0.33538809
3.2320161	0.33473316
3.2340324	0.33389959
3.2360511	0.3333042
3.2380724	0.33276832
3.2400961	0.33217296
3.2421229	0.33181569
3.2441516	0.33187523
3.2461832	0.33163708
3.2482171	0.33151799
3.2502534	0.33151799
3.2522926	0.33145845
3.2543342	0.33151799
3.2563784	0.33169663
3.2584248	0.33169663
3.2604742	0.33193475
3.262526	0.33205387
3.2645805	0.33217296
3.2666376	0.33217296
3.2686973	0.33241111
3.2707596	0.33264926
3.2728245	0.33282787
3.2748921	0.33288741
3.2769623	0.33294693
3.2790351	0.33294693
3.2811103	0.33282787
3.2831883	0.33241111
3.2852688	0.33181569
3.2873521	0.33104169
3.289438	0.32996997
3.2915258	0.32871962
3.293617	0.32740974
3.2957108	0.325564
3.2978072	0.32348013
3.2999065	0.32157484
3.3020084	0.31990772
3.3041129	0.31853831
3.3062201	0.31764519
3.3083303	0.31746659
3.3104429	0.31746659
3.3125582	0.31758568
3.314676	0.31812155
3.3167968	0.31889555
3.3189204	0.31961003
3.3210464	0.32032451
3.3231752	0.32097945
3.3253074	0.32157484
3.3274417	0.3222298
3.3295789	0.32270607
3.3317187	0.32294425
3.3338614	0.32306334
3.3360066	0.32318243
3.3381548	0.32336104
3.3403056	0.32359919
3.3424585	0.32383734
3.344615	0.32431367
3.3467741	0.32484952
3.3489361	0.32538539
3.3511009	0.32598078
3.3532684	0.32675481
3.3554389	0.32776698
3.3576121	0.3286601
3.3597887	0.32925549
3.3619676	0.32979134
3.3641491	0.33020812
3.3663337	0.33050582
3.368521	0.33068445
3.3707113	0.33110124
3.3729043	0.33163708
3.3751001	0.33235157
3.3772995	0.3333042
3.3795011	0.33425683
3.3817058	0.3350904
3.383913	0.33622167
3.3861232	0.33723384
3.3883364	0.33824602
3.3905525	0.33890095
3.3927715	0.3394368
3.3949924	0.33955589
3.3972173	0.33919868
3.3994448	0.33854371
3.4016755	0.33759108
3.403909	0.33663842
3.4061456	0.33586442
3.408385	0.33520949
3.4106274	0.33461407
3.4128728	0.33449501
3.4151211	0.33497128
3.4173725	0.33598348
3.4196265	0.33776969
3.4218838	0.34009174
3.424144	0.34277102
3.4264071	0.3453908
3.4286733	0.34783193
3.4309425	0.34997535
3.4332149	0.35158294
3.4354899	0.35283327
3.4377682	0.35390499
3.4400494	0.35479808
3.4423335	0.35563165
3.4446208	0.35640568
3.4469111	0.35735834
3.449204	0.35831094
3.4515004	0.35932311
3.4537997	0.3602162
3.4561024	0.36122838
3.4584079	0.36212149
3.4607165	0.36307412
3.4630284	0.36372909
3.4653432	0.36432448
3.4676619	0.36480078
3.4699829	0.36503893
3.472307	0.36527711
3.4746342	0.36563435
3.4769647	0.36611065
3.4792981	0.36652744
3.4816349	0.36694422
3.4839747	0.36730146
3.4863167	0.3674801
3.488663	0.36783731
3.4910121	0.3679564
3.4933646	0.36783731
3.4957201	0.3674801
3.4980791	0.36759919
3.5004408	0.36843273
3.5028062	0.3700403
3.5051751	0.37260053
3.5075467	0.3758752
3.5099213	0.37938803
3.5122993	0.38284138
3.5146806	0.38611603
3.517065	0.38909304
3.5194528	0.39177236
3.5218437	0.39397535
3.5242381	0.39594015
3.5266356	0.39766681
3.5290363	0.39945298
3.5314403	0.4008224
3.5338476	0.40213227
3.536258	0.40338263
3.538672	0.40445432
3.5410891	0.40540698
3.5435085	0.4060024
3.5459323	0.40665734
3.5483594	0.40743133
3.5507898	0.40838397
3.5532234	0.4096939
3.5556605	0.41100377
3.5581009	0.41219452
3.5605447	0.41326624
3.5629921	0.41433793
3.5654426	0.41517153
3.5678964	0.41588601
3.5703535	0.41671959
3.5728142	0.41749358
3.5752783	0.41820806
3.5777457	0.418863
3.5802164	0.41945839
3.5826914	0.42005378
3.5851691	0.42041105
3.5876501	0.42070872
3.5901346	0.42136365
3.5926225	0.42201859
3.595114	0.42237583
3.5976088	0.42249492
3.6001072	0.42279264
3.6026084	0.42326894
3.6051137	0.42362615
3.6076224	0.42392388
3.6101346	0.42422158
3.6126504	0.42463833
3.6151698	0.42487654
3.6176925	0.42487654
3.620219	0.42505512
3.6227491	0.4252933
3.6252825	0.42553145
3.6278193	0.42582917
3.6303599	0.42600778
3.6329038	0.42606729
3.6354516	0.42624593
3.6380026	0.42642453
3.6405575	0.42654362
3.6431165	0.42666268
3.6456785	0.42684135
3.6482441	0.42696041
3.6508133	0.42690089
3.6533861	0.42701995
3.6559625	0.42731765
3.6585426	0.42749628
3.6611264	0.42743671
3.6637127	0.42707947
3.6663036	0.42690089
3.6688983	0.42678177
3.6714969	0.42684135
3.6740987	0.42684135
3.6767046	0.42684135
3.6793139	0.42696041
3.6819272	0.42713904
3.6845443	0.42707947
3.687165	0.42648411
3.6897893	0.4252933
3.6924174	0.42457882
3.695049	0.42410251
3.6976848	0.42326894
3.7003241	0.42237583
3.7029672	0.42172089
3.7056146	0.42124459
3.7082653	0.42070872
3.7109196	0.42029193
3.713578	0.42005378
3.7162399	0.41981566
3.7189059	0.41993472
3.7215757	0.42017287
3.7242491	0.42058963
3.7269256	0.4209469
3.7296069	0.42148274
3.7322919	0.42195907
3.7349808	0.4224354
3.7376738	0.42261398
3.7403705	0.42255446
3.7430711	0.42231628
3.7457757	0.42201859
3.7484846	0.42172089
3.7511971	0.42136365
3.7539134	0.42076829
3.7566335	0.42011335
3.7593577	0.41945839
3.7620859	0.41874394
3.764818	0.41791037
3.767554	0.41695771
3.770293	0.41606465
3.7730372	0.41529059
3.7757852	0.41451657
3.778537	0.4137426
3.7812932	0.41278994
3.7840533	0.41183731
3.7868173	0.41094419
3.7895856	0.40993202
3.7923579	0.40903893
3.7951343	0.40838397
3.7979145	0.40766951
3.800699	0.40701458
3.8034875	0.40659776
3.8062801	0.40635961
3.8090768	0.40653822
3.8118775	0.40713364
3.8146832	0.40772906
3.8174922	0.40856257
3.8203053	0.40945569
3.8231227	0.41046786
3.8259442	0.41136098
3.8287699	0.412135
3.8315997	0.41273043
3.8344338	0.41350439
3.837271	0.4140403
3.8401134	0.41427842
3.8429599	0.41427842
3.8458109	0.4137426
3.848666	0.41273043
3.8515253	0.41142052
3.8543887	0.40987247
3.8572567	0.40868169
3.8601296	0.40766951
3.8630059	0.40689546
3.8658867	0.40635961
3.8687716	0.40582377
3.8716609	0.40522835
3.8745544	0.40469253
3.8774524	0.40433526
3.8803546	0.40397805
3.8832617	0.40362081
3.8861728	0.40326351
3.8890882	0.4029063
3.8920078	0.40272769
3.894932	0.40237045
3.8978605	0.40183458
3.9007933	0.4011201
3.9037306	0.40016747
3.9066718	0.39915529
3.9096179	0.39832175
3.9125686	0.39754772
3.9155238	0.39683324
3.9184833	0.39617828
3.9214473	0.39588064
3.9244158	0.39564246
3.9273889	0.39522567
3.9303668	0.39468983
3.9333489	0.3943921
3.9363356	0.3939158
3.9393268	0.39355859
3.9423223	0.39332038
3.9453225	0.39296317
3.9483273	0.39260593
3.9513369	0.39236775
3.9543512	0.39218915
3.9573698	0.39201051
3.960393	0.39183187
3.9634209	0.39171281
3.9664533	0.39183187
3.9694903	0.39212957
3.972532	0.39260593
3.9755785	0.39343944
3.9786289	0.39451119
3.9816847	0.39564246
3.984745	0.3967737
3.9878104	0.39790499
3.9908803	0.39897668
3.9939549	0.39986977
3.9970343	0.40076289
4.0001183	0.40171552
4.0032082	0.40260863
4.0063019	0.40373987
4.0094004	0.40487111
4.0125036	0.40594283
4.0156116	0.40683594
4.0187244	0.40772906
4.021842	0.40844351
4.0249648	0.40909845
4.028091	0.40963429
4.0312233	0.4103488
4.0343604	0.41082513
4.0375023	0.41118234
4.0406489	0.41153958
4.0438008	0.41177776
4.046958	0.41201594
4.0501194	0.4124327
4.0532866	0.41249222
4.056458	0.4124327
4.0596347	0.41261128
4.0628161	0.41284949
4.0660028	0.41273043
4.0691943	0.41255176
4.0723906	0.4124327
4.0755925	0.41249222
4.0787992	0.4124327
4.0820107	0.41225407
4.0852275	0.41195637
4.0884495	0.41189682
4.0916762	0.41171825
4.0949082	0.4115991
4.0981455	0.41136098
4.1013875	0.41118234
4.1046343	0.41082513
4.1078868	0.41052741
4.1111441	0.41028923
4.1144071	0.41005111
4.1176748	0.4096939
4.1209483	0.4095152
4.1242266	0.40927705
4.1275101	0.40891981
4.1307993	0.40850303
4.1340938	0.40820533
4.137393	0.40778857
4.1406975	0.40749085
4.1440077	0.40701458
4.1473227	0.40665734
4.1506433	0.4063001
4.1539693	0.40612146
4.1573014	0.40594283
4.1606379	0.40582377
4.16398	0.40564516
4.1673269	0.40528792
4.1706796	0.40499023
4.1740379	0.40463299
4.1774011	0.40433526
4.1807699	0.40403756
4.1841431	0.40373987
4.1875229	0.40344214
4.190908	0.40308493
4.1942987	0.40278724
4.1976953	0.40237045
4.2010965	0.40219182
4.204504	0.401656
4.2079167	0.40123916
4.2113357	0.40088195
4.2147593	0.40058428
4.2181888	0.40016747
4.2216239	0.39992934
4.2250643	0.39957207
4.2285104	0.39915529
4.2319622	0.39879805
4.2354198	0.39838126
4.2388835	0.39796451
4.242352	0.39754772
4.2458267	0.39701188
4.2493072	0.39659512
4.2527928	0.39605922
4.2562842	0.395702
4.2597818	0.39540428
4.2632847	0.39504704
4.2667923	0.39445162
4.2703071	0.39379671
4.2738276	0.39337993
4.2773538	0.39296317
4.2808857	0.39236775
4.2844238	0.39201051
4.2879677	0.39171281
4.2915173	0.39123651
4.2950735	0.39076015
4.298635	0.39040291
4.3022022	0.38998616
4.3057756	0.38962892
4.3093548	0.38915256
4.3129401	0.3887358
4.3165312	0.38837856
4.3201284	0.38802132
4.3237324	0.38760456
4.3273416	0.38730684
4.3309565	0.38689008
4.3345776	0.38653287
4.3382049	0.38623515
4.3418384	0.38599697
4.3454776	0.38587791
4.3491235	0.38569927
4.3527737	0.38528249
4.3564315	0.38492528
4.3600955	0.38450852
4.3637652	0.38403216
4.3674417	0.38355586
4.3711243	0.38301998
4.3748131	0.38236502
4.3785081	0.3818292
4.3822103	0.38123378
4.3859177	0.38063839
4.3896313	0.37998345
4.3933511	0.37938803
4.3970776	0.37879267
4.4008102	0.37807819
4.4045491	0.37724462
4.4082947	0.37664923
4.412045	0.37593475
4.415803	0.37522027
4.4195676	0.37450582
4.4233384	0.37373179
4.4271159	0.37289822
4.4308996	0.37206465
4.43469	0.37117153
4.4384871	0.37045708
4.4422908	0.3697426
4.4461007	0.36908764
4.4499168	0.36837319
4.4537401	0.36777779
4.4575696	0.36724192
4.4614058	0.36652744
4.4652486	0.36581296
4.4690976	0.36521754
4.4729543	0.36450309
4.4768167	0.36361
4.4806862	0.36253828
4.4845624	0.3615261
4.4884448	0.36045438
4.4923344	0.35932311
4.4962306	0.35801324
4.5001335	0.35676292
4.5040426	0.3553935
4.5079594	0.35384545
4.5118828	0.35223788
4.5158129	0.35074937
4.5197501	0.34920135
4.523694	0.3476533
4.5276446	0.34610528
4.5316024	0.34461677
4.5355678	0.34300917
4.5395393	0.34140164
4.5435181	0.33979404
4.5475035	0.33806738
4.551496	0.33598348
4.5554957	0.33413777
4.5595021	0.33217296
4.5635157	0.33008906
4.5675368	0.32812425
4.5715647	0.32621896
4.5755997	0.32413507
4.5796418	0.3222298
4.5836911	0.32032451
4.5877471	0.31859785
4.5918107	0.3168712
4.5958815	0.31508499
4.5999584	0.31335834
4.604044	0.31175074
4.6081362	0.3101432
4.612236	0.30871421
4.616343	0.30722573
4.6204576	0.30579677
4.6245794	0.3043083
4.6287084	0.30305794
4.6328454	0.30162898
4.6369891	0.30037865
4.6411405	0.29924741
4.6452994	0.29823524
4.6494656	0.29710397
4.6536388	0.29591316
4.6578202	0.29472235
4.6620088	0.29365063
4.6662059	0.29245985
4.6704097	0.29126903
4.6746206	0.28978056
4.6788397	0.28817299
4.6830664	0.2862677
4.6873007	0.2841838
4.6915426	0.28204036
4.6957922	0.27989694
4.7000484	0.27757487
4.7043133	0.27543142
4.7085862	0.27334753
4.7128668	0.27120411
4.717155	0.26900116
4.7214513	0.26679817
4.7257552	0.26453567
4.7300668	0.26239219
4.7343879	0.26024875
4.7387152	0.25828394
4.7430506	0.25631914
4.7473941	0.25447342
4.7517457	0.25262767
4.7561049	0.25084147
4.7604723	0.24917437
4.7648478	0.24768588
4.7692318	0.24613781
4.7736235	0.24476841
4.7780232	0.2435776
4.7824311	0.24244635
4.7868466	0.24137463
4.7912707	0.24036245
4.7957029	0.2394098
4.8001437	0.23863581
4.8045907	0.23798086
4.8090477	0.23744501
4.8135128	0.23673052
4.8179865	0.23601604
4.8224683	0.23518249
4.8269582	0.23440848
4.8314571	0.23351537
4.8359637	0.23250318
4.8404803	0.23155057
4.8450041	0.23047882
4.8495364	0.22928804
4.8540773	0.22803771
4.8586264	0.22678736
4.8631845	0.22541794
4.8677506	0.22410807
4.8723259	0.22285773
4.8769083	0.22160739
4.8815002	0.22053568
4.8861008	0.21958303
4.8907104	0.21857086
4.8953285	0.21743962
4.8999557	0.21642745
4.9045911	0.21535571
4.909236	0.21434353
4.9138899	0.21327181
4.9185519	0.21214056
4.923223	0.21106885
4.9279027	0.21011621
4.9325914	0.20886588
4.9372892	0.20773461
4.9419956	0.20666288
4.9467115	0.20559117
4.951437	0.20434085
4.9561706	0.20315005
4.9609137	0.20184018
4.9656653	0.20047076
4.9704261	0.19904178
4.9751964	0.19755329
4.9799757	0.19612435
4.9847641	0.19469537
4.9895606	0.19326644
4.9943671	0.19195655
4.9991837	0.19058713
5.0040088	0.18927726
5.0088439	0.18784828
5.0136881	0.18671705
5.0185413	0.18570486
5.0234041	0.18457359
5.0282774	0.18344234
5.0331593	0.18254924
5.0380507	0.18165615
5.0429511	0.18088213
5.0478616	0.18004857
5.0527816	0.17927456
5.0577111	0.17844099
5.0626502	0.17778605
5.0675998	0.17730974
5.0725584	0.17701204
5.0775266	0.17671433
5.0825043	0.17629756
5.087492	0.17558308
5.0924897	0.17480907
5.097497	0.17391597
5.1025143	0.17296332
5.1075401	0.17195114
5.112577	0.17105806
5.1176243	0.17016496
5.1226811	0.16933139
5.127748	0.16861692
5.1328249	0.16808106
5.1379123	0.16778336
5.1430092	0.16766427
5.1481171	0.1675452
5.1532345	0.16736658
5.1583619	0.16718796
5.1634998	0.16706888
5.1686478	0.16683072
5.1738062	0.16641393
5.1789751	0.16593762
5.184154	0.16546129
5.1893444	0.16480635
5.1945438	0.16403235
5.1997542	0.16302018
5.2049747	0.16182937
5.210206	0.16063857
5.2154474	0.15926915
5.2206998	0.15742342
5.2259626	0.15557769
5.2312346	0.15379149
5.2365189	0.15194575
5.2418137	0.1499214
5.2471189	0.1481352
5.2524352	0.14658716
5.2577624	0.14533682
5.2631001	0.14438419
5.2684488	0.14349109
5.273809	0.14253844
5.2791796	0.14158581
5.2845607	0.14069271
5.2899532	0.13997824
5.2953568	0.1390256
5.3007712	0.13807295
5.3061967	0.13712032
5.3116336	0.13622722
5.3170795	0.13527459
5.3225384	0.1342624
5.3280087	0.13342886
5.3334904	0.13271436
5.3389831	0.13188082
5.3444872	0.13128541
5.3500028	0.13069001
5.3555293	0.12967783
5.3610692	0.12854658
5.3666191	0.12759393
5.37218	0.12670085
5.3777528	0.12562913
5.3833375	0.12455741
5.3889332	0.12360478
5.3945408	0.12253305
5.4001603	0.12146133
5.4057918	0.12050869
5.4114347	0.11955607
5.417089	0.11866296
5.4227557	0.11771033
5.4284339	0.11622182
5.434124	0.11491194
5.439826	0.11372115
5.44554	0.11247081
5.4512644	0.11128002
5.4570026	0.11038692
5.4627528	0.10967244
5.4685154	0.10889842
5.4742899	0.1084221
5.4800768	0.10818394
5.4858756	0.10770763
5.4916868	0.10729086
5.4975119	0.1069336
5.5033479	0.10663591
5.5091963	0.10615958
5.5150576	0.10574281
5.5209308	0.10520696
5.5268164	0.10455202
5.5327148	0.10383753
5.5386262	0.10312305
5.5445509	0.10252766
5.550487	0.1019918
5.5564361	0.10115825
5.562398	0.10026515
5.5683727	0.099431589
5.5743604	0.098836184
5.5803604	0.098181248
5.5863738	0.097169071
5.5923977	0.096275963
5.5984373	0.095680572
5.6044893	0.094847009
5.6105552	0.09407299
5.6166334	0.093418054
5.6227255	0.092703581
5.6288304	0.092108183
5.6349487	0.091750942
5.6410818	0.091453239
5.6472268	0.090857849
5.6533852	0.090262443
5.6595569	0.089607507
5.6657424	0.088952564
5.6719413	0.088773943
5.6781535	0.08841671
5.6843796	0.087999925
5.6906204	0.087821312
5.6968741	0.087285452
5.7031412	0.087106831
5.7094221	0.087166369
5.7157168	0.086690053
5.7220259	0.086035118
5.7283483	0.085380174
5.7346849	0.084725238
5.7410331	0.084248915
5.7473979	0.083713055
5.7537766	0.082879499
5.76017	0.082581803
5.7665772	0.082284108
5.7729988	0.081212379
5.7794347	0.080497906
5.7858849	0.079842962
5.7923512	0.079188026
5.7988305	0.078711711
5.8053241	0.07817585
5.811832	0.077699527
5.8183551	0.077759072
5.8248925	0.077401832
5.8314447	0.076687351
5.8380117	0.075972877
5.8445945	0.075437017
5.851191	0.075198859
5.8578029	0.075020239
5.864429	0.074841619
5.8710709	0.074543916
5.877727	0.074960701
5.8843989	0.074782081
5.8910856	0.074305758
5.8977852	0.074186675
5.9045024	0.073472202
5.9112349	0.073293582
5.9179831	0.073353119
5.9247465	0.073293582
5.9315252	0.073591284
5.9383197	0.07371036
5.9451299	0.073114961
5.9519572	0.072876804
5.9587984	0.072698183
5.9656553	0.072757728
5.9725285	0.072400481
5.9794173	0.072043248
5.9863219	0.071924165
5.9932423	0.071388304
6.0001788	0.070733368
6.0071297	0.070197515
6.0140982	0.069602109
6.0210834	0.068709008
6.0280848	0.067696832
6.0351024	0.066863269
6.0421362	0.066565573
6.0491862	0.065910645
6.0562534	0.064124443
6.0633373	0.063052721
6.0704374	0.062397782
6.0775537	0.061445147
6.0846872	0.060313888
6.0918374	0.059658952
6.0990043	0.059182629
6.1061878	0.05888493
6.1133885	0.058825392
6.1206079	0.058170453
6.1278424	0.057575054
6.1350942	0.057396438
6.1423635	0.057277355
6.1496496	0.057158276
6.1569533	0.057277355
6.1642742	0.057217818
6.1716127	0.057039194
6.1789665	0.057277355
6.1863399	0.057455972
6.1937308	0.057277355
6.2011395	0.057277355
6.2085662	0.057455972
6.2160106	0.0576346
6.2234726	0.05787275
6.2309527	0.058229994
6.238452	0.058646776
6.2459679	0.059004009
6.2535024	0.059301712
6.261055	0.059778035
6.2686257	0.060313888
6.2762151	0.060909294
6.2838225	0.061564226
6.2914486	0.062278703
6.2990947	0.063052721
6.3067579	0.06382674
6.3144398	0.064779378
6.3221402	0.065732017
6.3298597	0.066684656
6.3375978	0.068054073
6.345355	0.069542564
6.3531313	0.070495211
6.3609242	0.071626462
6.3687387	0.073055424
6.3765721	0.074008062
6.3844252	0.074782081
6.3922973	0.075615637
6.4001889	0.076627813
6.4081001	0.078294933
6.4160309	0.079426192
6.4239826	0.079307109
6.431953	0.079723887
6.4399428	0.080081128
6.4479527	0.080438368
6.4559822	0.080914684
6.4640322	0.081271932
6.4721022	0.081867322
6.4801922	0.082522266
6.4883046	0.083177201
6.4964356	0.083058119
6.5045867	0.082284108
6.5127583	0.08210548
6.5209503	0.082165025
6.5291634	0.08174824
6.5373969	0.081390999
6.545651	0.081152841
6.5539231	0.080855146
6.5622191	0.080557451
6.5705361	0.080438368
6.5788746	0.079723887
6.587234	0.078949861
6.5956144	0.078294933
6.6040168	0.077580452
6.6124401	0.076925509
6.6208863	0.076389648
6.629353	0.076389648
6.6378412	0.076032415
6.6463513	0.074603461
6.6548829	0.073531739
6.6634369	0.072995879
6.6720128	0.072638638
6.6806107	0.072162323
6.6892328	0.071447849
6.6978755	0.070971526
6.7065401	0.070792906
6.7152276	0.070376128
6.723937	0.06978073
6.7326698	0.069185331
6.7414246	0.068709008
6.7502027	0.068351768
6.7590008	0.067934997
6.7678242	0.067577749
6.7766714	0.067280054
6.7855411	0.067041896
6.7944345	0.06638696
6.8033509	0.065553397
6.8122911	0.065136619
6.8212547	0.064838916
6.8302436	0.064422138
6.8392544	0.06382674
6.848289	0.063648127
6.8573475	0.063886285
6.8664303	0.063707665
6.8755369	0.062874109
6.8846679	0.062338244
6.8938227	0.062040549
6.9029989	0.06192147
6.9122028	0.061564226
6.9214315	0.061206989
6.9306846	0.060909294
6.9399629	0.060671132
6.9492655	0.060492512
6.9585934	0.060373429
6.9679465	0.05989711
6.9773269	0.059361253
6.9867301	0.059004009
6.9961591	0.058587231
7.0056133	0.058110911
7.0150933	0.057694133
7.0245986	0.057217818
7.0341301	0.05680104
7.0436873	0.056443796
7.0532722	0.055610236
7.0628819	0.054776683
7.0725174	0.054062206
7.0821791	0.053347722
7.0918674	0.052871406
7.1015825	0.052454624
7.1113243	0.052037846
7.1210923	0.051561527
7.1308832	0.05084705
7.1407056	0.050370734
7.1505547	0.05001349
7.1604309	0.04935855
7.1703348	0.048822697
7.1802659	0.048227299
7.1902246	0.047691438
7.200211	0.047155578
7.210228	0.046619717
7.2202702	0.04590524
7.23034	0.045190763
7.2404385	0.044535823
7.2505651	0.043940425
7.2607198	0.043404568
7.2709031	0.042749625
7.2811151	0.042035151
7.2913575	0.041380212
7.3016272	0.040665731
7.3119259	0.040010795
7.3222532	0.039534476
7.3326101	0.038998619
7.3429961	0.038403217
7.3534117	0.037688736
7.3638568	0.037093338
7.3743277	0.036497939
7.3848329	0.035962082
7.3953671	0.035485763
7.4059319	0.035009447
7.4165273	0.034533124
7.4271526	0.033997267
7.4378085	0.033520948
7.4484949	0.033223249
7.4592152	0.032925546
7.4699631	0.032508768
7.4807425	0.032151528
7.4915524	0.031853832
7.5023942	0.031556133
7.513267	0.031198891
7.5241718	0.030960735
7.5351081	0.030722573
7.5460782	0.030365333
7.5570784	0.030127173
7.5681105	0.029829476
7.579175	0.029472237
7.5902719	0.029293615
7.6014013	0.029114997
7.6125636	0.028757758
7.6237588	0.028460059
7.6349821	0.028162358
7.6462431	0.027924199
7.6575375	0.02756696
7.6688652	0.027209722
7.6802268	0.026912022
7.6916218	0.026554784
7.7030506	0.026197543
7.7145133	0.025840305
7.7260127	0.025304444
7.7375441	0.024947206
7.7491097	0.024649506
7.7607102	0.024351807
7.7723455	0.023935027
7.7840157	0.023577789
7.7957211	0.02322055
7.8074613	0.02286331
7.8192339	0.02262515
7.8310452	0.022148833
7.8428926	0.021672513
7.8547754	0.021255733
7.8666949	0.020898495
7.8786502	0.020422176
7.8906422	0.019945858
7.9026704	0.019529076
7.9147372	0.019052759
7.9268394	0.0185169
7.9389782	0.017921502
7.9511547	0.017623803
7.9633684	0.017147483
7.9756198	0.016492544
7.9879088	0.015956685
8.0002356	0.015480367
8.0126038	0.014825428
8.0250072	0.01440865
8.0374498	0.013932329
8.0499296	0.013456011
8.0624495	0.013039231
8.0750074	0.012562913
8.0876055	0.012146134
8.1002417	0.011431655
8.1129141	0.010836257
8.1256304	0.010419478
8.1383867	0.0099431584
8.1511831	0.00946684
8.1640196	0.0088119013
8.1768961	0.0083951214
8.1898146	0.0080378819
8.2027731	0.0077401837
8.2157736	0.0073829442
8.2288151	0.0069661643
8.2418976	0.006787545
8.2550211	0.0067280056
8.2681875	0.0066684652
8.281395	0.0066684652
8.2946453	0.0067280056
8.3079386	0.0067280056
8.3212767	0.006787545
8.3346548	0.0069661643
8.3480768	0.0069661643
8.3615408	0.0069066253
8.3750496	0.0069066253
8.3886013	0.0070257052
8.4021969	0.0072043249
8.4158373	0.0074424841
8.4295158	0.0076806433
8.4432449	0.007918803
8.4570189	0.0082760425
8.4708366	0.0085737417
8.4847012	0.0089309812
8.4986105	0.00946684
8.5125656	0.010181318
8.5265665	0.010955337
8.540616	0.011907973
8.5547094	0.013098772
8.5688496	0.014289569
8.5830364	0.015718527
8.59727	0.017147483
8.6115513	0.01869552
8.6258802	0.020362636
8.6402569	0.021910673
8.6546841	0.023101471
8.6691561	0.024292268
8.6836777	0.025244905
8.6982479	0.026138004
8.7128668	0.027031103
8.7275343	0.028162358
8.7422523	0.029353157
8.75702	0.030663034
8.7718325	0.03191337
8.7866993	0.033342328
8.8016176	0.035068981
8.8165865	0.03667656
8.8316059	0.038224597
8.8466768	0.040010795
8.8617992	0.041975606
8.8769741	0.043999963
8.8922033	0.046798345
8.9074821	0.050370734
8.9228134	0.054181281
8.9381971	0.058110911
8.9536343	0.062338244
8.9691257	0.066922821
8.9846697	0.07186462
9.000268	0.076985054
9.0159235	0.08192686
9.0316315	0.086570978
9.0473928	0.090976924
9.0632105	0.095442422
9.0790825	0.10068192
9.0950108	0.10639775
9.1109953	0.11247081
9.1270351	0.11860342
9.1431274	0.12455741
9.1592817	0.12967783
9.1754923	0.13414332
9.191761	0.1378348
9.2080879	0.14116903
9.224472	0.14468189
9.2409153	0.14938553
9.2574167	0.15498228
9.2739801	0.16105536
9.2906008	0.16689025
9.3072805	0.1718916
9.3240204	0.17594032
9.3408203	0.1801081
9.3576803	0.18463314
9.3746023	0.19070621
9.3915854	0.19898225
9.4086237	0.21017574
9.4257298	0.22422716
9.4428988	0.24054107
9.4601307	0.25774813
9.4774246	0.27364525
9.4947834	0.28620815
9.5122042	0.29519868
9.5296898	0.30020002
9.5472441	0.30210531
9.5648584	0.30139083
9.5825386	0.29865199
9.6002836	0.29412696
9.6180954	0.28787529
9.635973	0.2798374
9.6539164	0.27096596
9.6719275	0.26191589
9.6900091	0.25363985
9.7081556	0.24613781
9.7263699	0.23988613
9.7446527	0.23542066
9.7630043	0.23238412
9.7814245	0.22964528
9.7999153	0.22637059
9.8184757	0.22208372
9.837101	0.21761824
9.8558025	0.21303365
9.8745756	0.20856817
9.8934202	0.20362635
9.9123363	0.19874407
9.9313259	0.19445722
9.950388	0.19046804
9.9695234	0.18641934
9.9887362	0.18272787
10.008019	0.1796318
10.027377	0.17725021
10.04681	0.17552353
10.066319	0.17445181
10.085902	0.17355873
10.105563	0.17254655
10.1253	0.17046265
10.145119	0.16730703
10.165011	0.16284154
10.184982	0.15772112
10.205031	0.15295793
10.22516	0.14908783
10.245367	0.14569406
10.265656	0.14271706
10.286023	0.14003779
10.306466	0.13765618
10.326997	0.13521504
10.34761	0.13253576
10.368304	0.12961829
10.389083	0.12658176
10.409945	0.12360478
10.43089	0.12033008
10.45192	0.11681723
10.473039	0.11354253
10.49424	0.11014877
10.515526	0.10639775
10.536899	0.1025872
10.558359	0.098598026
10.579906	0.094668396
10.601542	0.090619683
10.623267	0.086809136
10.645084	0.083474897
10.666988	0.080200203
10.688982	0.077282757
10.711066	0.074603461
10.733243	0.072400481
10.755511	0.071388304
10.777872	0.071031071
10.800325	0.071090601
10.822865	0.071090601
10.845508	0.070673831
10.868244	0.070018895
10.891077	0.069125786
10.914005	0.067815915
10.937031	0.06620834
10.960154	0.064600751
10.983374	0.062874109
11.006698	0.061445147
11.030116	0.060313888
11.053635	0.059361253
11.077253	0.058289535
11.100973	0.057575054
11.124795	0.056741495
11.14872	0.05578886
11.172747	0.055014841
11.196871	0.054121744
11.221107	0.053050023
11.245447	0.051799688
11.269894	0.05066843
11.294447	0.049894411
11.319107	0.048822697
11.343875	0.047691438
11.368752	0.046857879
11.393744	0.04608386
11.418839	0.044833522
11.444047	0.043761801
11.469365	0.043285489
11.494797	0.042571008
11.52034	0.041618366
11.545999	0.040844351
11.571771	0.040129874
11.597663	0.039534476
11.623667	0.038760457
11.649787	0.037986439
11.676025	0.037271958
11.702382	0.036378864
11.728858	0.035604846
11.755454	0.035068981
11.782171	0.034533124
11.809002	0.034056805
11.835962	0.033759106
11.863048	0.033342328
11.890256	0.032806467
11.91759	0.032151528
11.94505	0.031198891
11.972636	0.030663034
12.000351	0.030127173
12.028198	0.029353157
12.056171	0.028876837
12.084274	0.028638678
12.112508	0.028043279
12.140875	0.027031103
12.169374	0.026554784
12.198009	0.026138004
12.226777	0.025721224
12.255688	0.025244905
12.28473	0.024709046
12.31391	0.02447089
12.343228	0.02411365
12.372687	0.023518248
12.402287	0.022922851
12.432029	0.022208374
12.461913	0.021851134
12.491931	0.021255733
12.522105	0.020600794
12.552425	0.020303095
12.582892	0.019886317
12.613507	0.018993219
12.644272	0.018219201
12.675187	0.017683342
12.706254	0.017623803
12.737479	0.016909324
12.768852	0.016194845
12.80038	0.016075764
12.832064	0.016016224
12.863906	0.015778067
12.895905	0.016075764
12.928064	0.016790243
12.960384	0.017742882
12.992874	0.01887414
13.025519	0.020064937
13.05833	0.020958034
13.091305	0.021732053
13.124448	0.021851134
13.157759	0.021136656
13.191238	0.020064937
13.22489	0.019112298
13.258701	0.01815966
13.292698	0.017266562
13.326869	0.016552085
13.361217	0.016194845
13.395742	0.016135305
13.430446	0.016194845
13.46533	0.016016224
13.500397	0.016016224
13.535651	0.016254384
13.571085	0.016552085
13.606705	0.016968861
13.642511	0.017802423
13.678508	0.018814599
13.714694	0.019588618
13.751073	0.020719875
13.787644	0.02238699
13.82442	0.023815947
13.861383	0.025363985
13.898545	0.027031103
13.935907	0.028757758
13.97347	0.031198891
14.011236	0.033759106
14.049208	0.036140703
14.087384	0.038700916
14.125755	0.04132067
14.16435	0.044357203
14.203156	0.047512818
14.242176	0.051263832
14.281411	0.055253003
14.320862	0.060194813
14.360532	0.066803731
14.400422	0.074901156
14.440542	0.0837726
14.48088	0.092048638
14.521442	0.099372037
14.562233	0.10615958
14.603253	0.11175635
14.644506	0.11586459
14.685991	0.1193179
14.727713	0.12217582
14.76966	0.12372384
14.811859	0.12443833
14.8543	0.12425972
14.896984	0.12277121
14.939916	0.12062778
14.983094	0.11788895
15.026524	0.11544781
15.070205	0.11336391
15.11415	0.11122047
15.158343	0.1099106
15.202796	0.10955337
15.24751	0.10919612
15.292488	0.10854118
15.337732	0.10782671
15.383245	0.10669544
15.429028	0.10484972
15.475092	0.10324214
15.521424	0.10187271
15.568036	0.1002056
15.614927	0.098181248
15.662103	0.096573666
15.709563	0.095323332
15.757313	0.094132543
15.805353	0.093418054
15.853672	0.092524961
15.902304	0.091334164
15.951234	0.089726582
16.000465	0.088297628
16.050003	0.086809136
16.099848	0.085261092
16.150003	0.082998581
16.200472	0.080855146
16.251265	0.078414008
16.30237	0.075139314
16.353796	0.072043248
16.405548	0.069483034
16.45763	0.066863269
16.510042	0.0643626
16.56279	0.062219165
16.615877	0.059837569
16.669313	0.057515517
16.723085	0.055312537
16.777206	0.053764503
16.831676	0.052692786
16.886503	0.051978309
16.941689	0.051323365
16.997234	0.050132573
17.053146	0.049418092
17.109409	0.04917993
17.166063	0.048584536
17.223093	0.048346374
17.280504	0.04864407
17.338299	0.04864407
17.396481	0.048703615
17.455055	0.04894178
17.514025	0.049953956
17.573404	0.051204287
17.633179	0.052811865
17.693359	0.053943124
17.753954	0.053645428
17.814964	0.053288184
17.876394	0.053704962
17.938251	0.052692786
18.000536	0.050966132
18.063269	0.050608888
18.126427	0.051323365
18.190027	0.052930947
18.254078	0.054478981
18.318579	0.056384262
18.383539	0.060254347
18.448961	0.063767202
18.514851	0.06811361
18.58119	0.074484386
18.648029	0.081033766
18.715351	0.088833496
18.783159	0.098419413
18.851461	0.10913659
18.920263	0.12116364
18.989569	0.13295253
19.059383	0.14486051
19.129725	0.15801883
19.200575	0.17230839
19.271952	0.18731244
19.343863	0.20053029
19.416311	0.20886588
19.489305	0.21541527
19.562849	0.22232188
19.636951	0.22803771
19.711594	0.23244365
19.786827	0.23542066
19.862638	0.23958844
19.939034	0.24494702
20.016018	0.25131777
20.093599	0.25756949
20.171785	0.26411888
20.250582	0.27054918
20.330009	0.27483603
20.410049	0.27650315
20.490723	0.27894431
20.572035	0.28162357
20.653994	0.28281441
20.73661	0.28293347
20.819889	0.28477922
20.903841	0.28602955
20.988487	0.28692263
21.073807	0.28799435
21.159821	0.28912562
21.246542	0.28924468
21.333977	0.28942332
21.422132	0.28722033
21.511023	0.28323117
21.600651	0.28102818
21.691	0.2790634
21.782139	0.27620545
21.874046	0.2741811
21.966734	0.27108502
22.060209	0.26691723
22.154484	0.26084417
22.249567	0.25292537
22.34547	0.24500656
22.442221	0.23780225
22.539797	0.23089562
22.638224	0.22577518
22.737514	0.21988073
22.837679	0.2138672
22.93873	0.20707968
23.04068	0.19874407
23.143541	0.19153975
23.247343	0.18689567
23.35206	0.17986995
23.457727	0.17308241
23.564352	0.16939093
23.671953	0.16444911
23.78054	0.15926915
23.890127	0.1575425
24.000731	0.15641125
24.112324	0.1533747
24.224998	0.15325563
24.338732	0.15397011
24.453537	0.15379149
24.569429	0.15236253
24.686426	0.15361287
24.804543	0.1540892
24.923796	0.15420826
