# Antigorite, Chemical Formula: (Mg,Fe+2)3Si2O5(OH)4
# Sample ID: NMNH96917.b_165
# wavelengths (microns), reflectance
1.3350899	0.35423231
1.3354337	0.35481247
1.3357779	0.35464668
1.3361222	0.35365215
1.3364667	0.35381788
1.3368113	0.35572413
1.3371562	0.35688448
1.337501	0.357216
1.3378463	0.35754752
1.3381916	0.3590394
1.3385372	0.3594538
1.3388828	0.35862499
1.3392287	0.35854211
1.3395747	0.35879076
1.339921	0.35837635
1.3402674	0.35912228
1.340614	0.36019972
1.3409607	0.35986817
1.3413078	0.35937089
1.3416548	0.35978532
1.342002	0.36061412
1.3423495	0.36127716
1.3426973	0.36194021
1.343045	0.36202306
1.3433931	0.36202306
1.3437413	0.36202306
1.3440897	0.3615258
1.3444382	0.36160871
1.3447871	0.36136004
1.345136	0.362106
1.3454852	0.36301765
1.3458345	0.36392936
1.346184	0.36409509
1.3465335	0.36426088
1.3468834	0.364178
1.3472334	0.36401221
1.3475837	0.36434373
1.347934	0.36426088
1.3482846	0.36459237
1.3486353	0.36558697
1.3489863	0.36550406
1.3493373	0.36484101
1.3496888	0.36508968
1.3500402	0.36500677
1.3503917	0.36459237
1.3507435	0.36500677
1.3510957	0.36492392
1.3514478	0.36508968
1.3518003	0.36525545
1.3521528	0.36500677
1.3525057	0.36517254
1.3528585	0.36608425
1.3532118	0.36566982
1.3535651	0.36575273
1.3539187	0.36566982
1.3542722	0.36591849
1.3546262	0.36600134
1.3549802	0.36566982
1.3553345	0.36550406
1.3556889	0.36608425
1.3560435	0.36600134
1.3563982	0.36575273
1.3567532	0.36575273
1.3571084	0.36625004
1.3574637	0.36641577
1.3578192	0.36658153
1.358175	0.36649865
1.3585309	0.36591849
1.3588871	0.36500677
1.3592433	0.36475816
1.3595998	0.36492392
1.3599564	0.36484101
1.3603133	0.36392936
1.3606703	0.36351493
1.3610276	0.3637636
1.361385	0.36343205
1.3617427	0.36285189
1.3621005	0.36185732
1.3624585	0.36119428
1.3628166	0.36102852
1.3631749	0.36102852
1.3635335	0.36111143
1.3638922	0.36053124
1.3642511	0.36003396
1.3646102	0.35953668
1.3649695	0.35912228
1.3653289	0.35912228
1.3656886	0.35920513
1.3660485	0.35912228
1.3664085	0.35961956
1.3667688	0.35986817
1.3671292	0.35928804
1.3674898	0.35912228
1.3678507	0.35970241
1.3682116	0.35912228
1.3685728	0.35912228
1.3689343	0.35937089
1.3692958	0.36011684
1.3696576	0.36003396
1.3700196	0.35986817
1.3703818	0.35920513
1.3707441	0.35912228
1.3711067	0.35970241
1.3714694	0.36011684
1.3718324	0.36003396
1.3721954	0.35986817
1.3725587	0.36061412
1.3729222	0.36119428
1.3732859	0.36102852
1.3736497	0.36053124
1.3740138	0.35986817
1.374378	0.35986817
1.3747425	0.36053124
1.3751072	0.36036545
1.3754721	0.36019972
1.375837	0.36019972
1.3762023	0.36011684
1.3765677	0.35978532
1.3769335	0.35970241
1.3772992	0.35970241
1.3776653	0.35961956
1.3780315	0.35912228
1.3783978	0.35912228
1.3787644	0.35879076
1.3791313	0.35787907
1.3794982	0.35705024
1.3798655	0.35564125
1.3802328	0.35191163
1.3806005	0.34669015
1.3809682	0.33939666
1.3813362	0.33003113
1.3817043	0.32074848
1.3820726	0.31013978
1.382441	0.30027694
1.3828099	0.29364648
1.3831787	0.2923204
1.3835479	0.2931492
1.3839172	0.29447532
1.3842868	0.2949726
1.3846565	0.29522121
1.3850266	0.29646441
1.3853966	0.29812205
1.385767	0.29845357
1.3861375	0.29779053
1.3865082	0.29687881
1.3868792	0.29571849
1.3872503	0.29397801
1.3876216	0.2923204
1.387993	0.29290056
1.3883647	0.29472393
1.3887366	0.29638153
1.3891087	0.29787338
1.3894811	0.29878509
1.3898535	0.2990337
1.3902262	0.29895085
1.3905991	0.29845357
1.3909724	0.29613292
1.3913456	0.29430953
1.3917192	0.29364648
1.3920929	0.29406089
1.3924669	0.29472393
1.3928409	0.29447532
1.3932153	0.2935636
1.3935897	0.29265192
1.3939645	0.29074568
1.3943394	0.28825924
1.3947146	0.2875962
1.3950899	0.28726467
1.3954654	0.28585568
1.3958411	0.28419808
1.3962171	0.28345215
1.3965932	0.28345215
1.3969696	0.28287199
1.397346	0.28295487
1.3977228	0.28303775
1.3980998	0.28336924
1.398477	0.2841152
1.3988543	0.2853584
1.3992319	0.28627008
1.3996096	0.28709891
1.3999877	0.28825924
1.4003658	0.28900513
1.4007442	0.28966817
1.4011228	0.2900826
1.4015017	0.290497
1.4018805	0.29091141
1.4022598	0.29132584
1.4026392	0.29240328
1.4030188	0.2923204
1.4033985	0.29265192
1.4037787	0.2935636
1.4041588	0.29389513
1.4045392	0.29397801
1.4049199	0.29505545
1.4053007	0.29671305
1.4056817	0.29853642
1.406063	0.30011117
1.4064443	0.30201745
1.406826	0.30350929
1.4072078	0.30500117
1.40759	0.30649301
1.4079722	0.30748755
1.4083548	0.3094767
1.4087374	0.31154871
1.4091204	0.3129577
1.4095035	0.31494683
1.4098868	0.31643867
1.4102703	0.31826204
1.4106542	0.3202512
1.411038	0.32174304
1.4114223	0.32323495
1.4118066	0.32480964
1.4121914	0.32630149
1.4125761	0.32762757
1.4129611	0.32911944
1.4133463	0.33052841
1.4137318	0.33152297
1.4141173	0.33301482
1.4145032	0.33409226
1.4148892	0.3354184
1.4152753	0.33674446
1.4156618	0.3378219
1.4160485	0.33807057
1.4164354	0.3386507
1.4168226	0.33947951
1.4172099	0.34030834
1.4175974	0.34113714
1.4179851	0.34246323
1.4183733	0.34312627
1.4187614	0.34345779
1.4191499	0.34420374
1.4195384	0.34453526
1.4199272	0.3447839
1.4203162	0.34660727
1.4207056	0.34843066
1.4210949	0.34843066
1.4214847	0.34851354
1.4218745	0.34934232
1.4222647	0.35000539
1.422655	0.35033688
1.4230455	0.35058558
1.4234362	0.35083419
1.4238272	0.35124859
1.4242183	0.3514972
1.4246095	0.35166299
1.425001	0.35207742
1.425393	0.35240892
1.4257849	0.35265756
1.4261771	0.35282332
1.4265696	0.35315484
1.4269623	0.35356924
1.4273552	0.35365215
1.4277484	0.35381788
1.4281417	0.35439807
1.4285352	0.3549782
1.428929	0.35522687
1.429323	0.35514396
1.4297171	0.35489535
1.4301115	0.35539263
1.4305061	0.35630432
1.4309008	0.35688448
1.4312959	0.35688448
1.4316912	0.35705024
1.4320866	0.35688448
1.4324824	0.35705024
1.4328783	0.35787907
1.4332745	0.35779616
1.4336708	0.35787907
1.4340675	0.35845923
1.4344643	0.3590394
1.4348613	0.35920513
1.4352585	0.3594538
1.4356561	0.35995111
1.4360538	0.36036545
1.4364517	0.35995111
1.4368497	0.35970241
1.4372482	0.36019972
1.4376467	0.36086273
1.4380456	0.36094564
1.4384446	0.36127716
1.4388438	0.362106
1.4392433	0.36285189
1.439643	0.36252037
1.4400429	0.36218885
1.4404429	0.36218885
1.4408432	0.36293477
1.4412439	0.36334917
1.4416445	0.36326632
1.4420457	0.36334917
1.4424468	0.36343205
1.4428483	0.36359781
1.4432499	0.36450949
1.443652	0.36500677
1.4440541	0.36459237
1.4444566	0.36442664
1.444859	0.36484101
1.445262	0.36508968
1.4456649	0.36558697
1.4460682	0.36608425
1.4464716	0.36633289
1.4468753	0.36625004
1.4472792	0.36608425
1.4476835	0.36649865
1.4480878	0.36732745
1.4484924	0.36774185
1.4488972	0.36765897
1.4493023	0.36765897
1.4497076	0.36790764
1.4501131	0.36815628
1.4505187	0.36815628
1.4509248	0.36823913
1.4513309	0.36840492
1.4517374	0.3688193
1.4521439	0.36906797
1.4525509	0.36915085
1.452958	0.36964813
1.4533653	0.37014541
1.4537728	0.37014541
1.4541807	0.37022829
1.4545887	0.37006253
1.4549969	0.37080845
1.4554054	0.37122285
1.4558141	0.3708913
1.456223	0.37097424
1.4566324	0.37155437
1.4570416	0.37221742
1.4574513	0.37246606
1.4578612	0.37263185
1.4582713	0.37288046
1.4586816	0.37279761
1.4590921	0.37296334
1.4595029	0.37337774
1.4599138	0.37337774
1.460325	0.37337774
1.4607365	0.37362641
1.4611483	0.37445521
1.4615602	0.37486959
1.4619724	0.37478673
1.4623848	0.37503535
1.4627974	0.37503535
1.4632103	0.37503535
1.4636234	0.37511823
1.4640367	0.37511823
1.4644502	0.37569842
1.4648641	0.3761957
1.4652781	0.3766101
1.4656924	0.37685874
1.4661069	0.37710738
1.4665216	0.3770245
1.4669366	0.37710738
1.4673518	0.37727317
1.4677672	0.3778533
1.4681829	0.37810194
1.4685988	0.37760466
1.469015	0.37760466
1.4694314	0.37835059
1.469848	0.37884787
1.4702649	0.37909651
1.470682	0.37909651
1.4710993	0.37893078
1.471517	0.37942806
1.4719347	0.37992534
1.4723527	0.3796767
1.472771	0.37984246
1.4731897	0.38025683
1.4736084	0.38033974
1.4740274	0.38025683
1.4744467	0.38075414
1.4748662	0.38116854
1.4752858	0.38108566
1.4757057	0.38108566
1.476126	0.38116854
1.4765463	0.3813343
1.476967	0.38158295
1.4773879	0.38166583
1.477809	0.38224599
1.4782305	0.38257751
1.478652	0.38299191
1.4790739	0.38274327
1.479496	0.38257751
1.4799184	0.38307479
1.480341	0.38398647
1.4807638	0.38390359
1.4811869	0.38348919
1.4816102	0.38365498
1.4820337	0.38406938
1.4824575	0.38390359
1.4828815	0.38406938
1.4833061	0.38456663
1.4837304	0.38489816
1.4841553	0.38531259
1.4845803	0.38572699
1.4850056	0.38564411
1.4854311	0.38572699
1.4858568	0.38614139
1.4862827	0.38630715
1.4867089	0.38630715
1.4871353	0.38655576
1.4875621	0.38663867
1.4879889	0.38680443
1.4884162	0.38730174
1.4888437	0.38763323
1.4892714	0.38738459
1.4896992	0.38746747
1.4901278	0.38796476
1.4905561	0.38821337
1.4909849	0.38796476
1.4914138	0.38796476
1.491843	0.38837916
1.4922724	0.3890422
1.4927021	0.38962236
1.493132	0.38995391
1.4935622	0.39036834
1.4939926	0.39053407
1.4944233	0.39036834
1.4948542	0.39078268
1.4952854	0.39078268
1.4957168	0.39078268
1.4961485	0.39069983
1.4965804	0.39094847
1.4970125	0.39136288
1.4974447	0.39202595
1.4978775	0.39252323
1.4983103	0.39268899
1.4987437	0.39277184
1.499177	0.39268899
1.4996107	0.39277184
1.5000446	0.3929376
1.5004789	0.39343488
1.5009133	0.39384931
1.5013479	0.39384931
1.5017828	0.39409795
1.502218	0.39426368
1.5026534	0.39434659
1.5030892	0.39442945
1.503525	0.39534116
1.5039612	0.3955898
1.5043976	0.39550692
1.5048344	0.39583844
1.5052713	0.39583844
1.5057086	0.39567268
1.506146	0.39575556
1.5065837	0.39592129
1.5070215	0.39625284
1.5074598	0.39658433
1.5078982	0.396833
1.5083369	0.39741316
1.5087758	0.39774469
1.5092151	0.39799333
1.5096546	0.39799333
1.5100944	0.39774469
1.5105344	0.39807621
1.5109746	0.39832488
1.5114151	0.39873925
1.511856	0.39907077
1.5122969	0.39940229
1.5127382	0.39956805
1.5131798	0.39940229
1.5136217	0.39956805
1.5140636	0.40006533
1.514506	0.40023109
1.5149485	0.40047976
1.5153915	0.40072837
1.5158345	0.40097705
1.5162779	0.40097705
1.5167215	0.40064552
1.5171654	0.40089417
1.5176095	0.40180585
1.518054	0.40188876
1.5184987	0.40205452
1.5189435	0.40238601
1.5193887	0.40288329
1.5198342	0.4029662
1.5202799	0.40280041
1.5207258	0.4029662
1.521172	0.40304908
1.5216186	0.40338057
1.5220653	0.40362921
1.5225123	0.40387785
1.5229596	0.40396073
1.5234071	0.40429226
1.5238549	0.40520397
1.524303	0.40553549
1.5247513	0.40545258
1.5251998	0.40536973
1.5256486	0.40545258
1.5260978	0.40578413
1.5265471	0.40611565
1.5269967	0.40644714
1.5274466	0.40669581
1.5278969	0.40628141
1.5283473	0.40661293
1.528798	0.40727597
1.529249	0.40760747
1.5297003	0.4080219
1.5301517	0.40810478
1.5306035	0.40851918
1.5310555	0.40885073
1.5315078	0.40893358
1.5319604	0.40893358
1.5324134	0.40901646
1.5328665	0.40943086
1.5333198	0.40951377
1.5337734	0.4096795
1.5342274	0.41017678
1.5346816	0.41034257
1.5351361	0.41017678
1.5355908	0.41083986
1.5360456	0.41133714
1.5365007	0.41158575
1.5369563	0.4119173
1.537412	0.4119173
1.5378683	0.41200018
1.5383245	0.41224879
1.5387812	0.41258037
1.539238	0.41266322
1.5396953	0.41307765
1.5401527	0.41340914
1.5406104	0.41349205
1.5410683	0.41432083
1.5415267	0.4145695
1.5419852	0.41423798
1.542444	0.4145695
1.5429029	0.41514966
1.5433626	0.41514966
1.5438222	0.41531539
1.5442821	0.41564694
1.5447421	0.41581267
1.5452026	0.41614422
1.5456632	0.4166415
1.5461243	0.41672438
1.5465856	0.41689014
1.5470469	0.4170559
1.5475086	0.41763607
1.5479708	0.41763607
1.5484331	0.41805047
1.5488957	0.41838199
1.5493586	0.41863063
1.5498219	0.4188793
1.5502852	0.41904503
1.5507492	0.41904503
1.5512131	0.41929367
1.5516775	0.41962519
1.552142	0.42003962
1.5526069	0.42070264
1.553072	0.42086843
1.5535375	0.42078555
1.5540031	0.42144859
1.5544689	0.42227736
1.5549351	0.42236027
1.5554017	0.42202875
1.5558684	0.42227736
1.5563356	0.42260891
1.5568029	0.42294043
1.5572705	0.42310619
1.5577384	0.42318907
1.5582068	0.42327192
1.5586753	0.42352059
1.5591441	0.42385212
1.5596131	0.42418364
1.5600824	0.42451519
1.560552	0.42509535
1.561022	0.42526111
1.5614921	0.42559263
1.5619628	0.42575839
1.5624335	0.42600703
1.5629046	0.42600703
1.5633758	0.42650428
1.5638475	0.42691872
1.5643194	0.42708451
1.5647916	0.42700157
1.565264	0.42700157
1.5657365	0.42733312
1.5662096	0.42791328
1.5666829	0.42799616
1.5671564	0.42799616
1.5676304	0.42841056
1.5681045	0.42890784
1.5685791	0.42899072
1.5690538	0.42915651
1.5695291	0.42965376
1.5700043	0.43006817
1.57048	0.43006817
1.5709559	0.43039972
1.5714321	0.43073124
1.5719085	0.43139428
1.5723853	0.43180868
1.5728624	0.4317258
1.5733397	0.43189156
1.5738174	0.43205732
1.5742953	0.43205732
1.5747734	0.43238884
1.5752521	0.43280321
1.5757308	0.43321764
1.5762099	0.43313476
1.5766892	0.43338344
1.5771688	0.43396357
1.5776488	0.43429509
1.5781291	0.43437797
1.5786096	0.43437797
1.5790905	0.43470949
1.5795716	0.43528968
1.5800531	0.43537253
1.5805347	0.43545547
1.5810168	0.43586981
1.5814991	0.43628424
1.5819818	0.43636709
1.5824646	0.43645
1.5829479	0.43661577
1.5834312	0.43686441
1.5839151	0.43719593
1.5843991	0.43744457
1.5848837	0.43719593
1.5853683	0.43769321
1.5858533	0.43843913
1.5863385	0.43868777
1.5868242	0.43877068
1.58731	0.43893641
1.5877962	0.43901929
1.5882826	0.43951657
1.5887693	0.44017965
1.5892563	0.44017965
1.5897436	0.44017965
1.5902313	0.44026253
1.5907192	0.44042829
1.5912075	0.44075981
1.591696	0.44133997
1.5921849	0.44175437
1.592674	0.44175437
1.5931635	0.44192013
1.5936533	0.44208589
1.5941433	0.44225168
1.5946337	0.44233453
1.5951242	0.44250029
1.5956153	0.44266602
1.5961065	0.44324622
1.5965984	0.4437435
1.5970901	0.44390929
1.5975825	0.4441579
1.5980748	0.44432363
1.5985676	0.44448942
1.5990607	0.44506961
1.5995542	0.44540113
1.6000477	0.44573262
1.6005416	0.4458155
1.6010358	0.44589838
1.6015304	0.44606417
1.6020253	0.44639567
1.6025206	0.44656146
1.603016	0.44689295
1.6035119	0.44689295
1.604008	0.44705874
1.6045047	0.44747314
1.6050013	0.44797042
1.6054984	0.44830194
1.6059958	0.4488821
1.6064935	0.44896498
1.6069914	0.4488821
1.6074898	0.44913077
1.6079884	0.44946226
1.608487	0.44987667
1.6089861	0.45012534
1.6094857	0.45037395
1.6099856	0.45062259
1.6104858	0.45087123
1.6109861	0.45128566
1.611487	0.45153427
1.6119881	0.45203155
1.6124896	0.45211446
1.6129912	0.45186582
1.6134933	0.45203155
1.6139956	0.45286039
1.6144984	0.45302615
1.6150012	0.45319188
1.6155045	0.45319188
1.616008	0.45327482
1.6165122	0.45335767
1.6170163	0.45360631
1.6175209	0.45418647
1.6180257	0.45451799
1.6185309	0.45493242
1.6190363	0.45509818
1.6195421	0.45501527
1.6200482	0.45559546
1.6205544	0.45584407
1.6210611	0.4561756
1.6215682	0.45659003
1.6220756	0.45725307
1.6225833	0.45733592
1.6230912	0.45733592
1.6235996	0.4576675
1.6241082	0.45783323
1.6246173	0.45808187
1.6251266	0.45833051
1.6256363	0.45841339
1.6261462	0.45866206
1.6266564	0.45849627
1.627167	0.45899355
1.6276779	0.45965663
1.6281891	0.45990524
1.6287007	0.46015391
1.6292125	0.46040252
1.6297247	0.46073407
1.6302372	0.46065119
1.6307501	0.46048543
1.6312631	0.46081695
1.6317767	0.46114847
1.6322904	0.46172863
1.6328044	0.46206012
1.6333188	0.46222591
1.6338336	0.46239167
1.6343486	0.46255741
1.6348641	0.4627232
1.6353798	0.46363488
1.6358958	0.46388352
1.6364123	0.46380067
1.6369292	0.46371773
1.637446	0.46388352
1.6379635	0.46413216
1.6384811	0.46471232
1.6389992	0.46479523
1.6395175	0.46496099
1.6400362	0.46512672
1.6405551	0.46512672
1.6410745	0.46529248
1.6415942	0.46537536
1.6421142	0.46562403
1.6426344	0.46628705
1.6431552	0.46636996
1.643676	0.46653569
1.6441975	0.46711588
1.644719	0.46728164
1.6452409	0.46728164
1.6457632	0.46753028
1.6462859	0.46794468
1.6468087	0.46844196
1.6473321	0.46860772
1.6478556	0.46860772
1.6483797	0.46877348
1.648904	0.46910501
1.6494286	0.46918792
1.6499535	0.46927077
1.6504788	0.46935365
1.6510044	0.46960232
1.6515305	0.46985096
1.6520567	0.47018248
1.6525834	0.47051397
1.6531103	0.47076264
1.6536378	0.47084552
1.6541654	0.47109416
1.6546935	0.47109416
1.6552217	0.4713428
1.6557504	0.47167432
1.6562793	0.47217163
1.6568087	0.47242025
1.6573384	0.47258598
1.6578683	0.47275177
1.6583985	0.47242025
1.6589293	0.47225448
1.6594603	0.47283465
1.6599917	0.47333196
1.6605233	0.47391209
1.6610554	0.47416073
1.6615878	0.47407785
1.6621207	0.47407785
1.6626537	0.47424361
1.6631873	0.47465801
1.6637208	0.47515529
1.664255	0.47532108
1.6647894	0.47573546
1.6653243	0.47590122
1.6658593	0.47614989
1.6663947	0.47639853
1.6669306	0.47631562
1.6674668	0.47606698
1.6680032	0.47648141
1.6685401	0.4768129
1.6690773	0.47706154
1.6696149	0.47739309
1.6701527	0.47755885
1.670691	0.47755885
1.6712295	0.47772458
1.6717685	0.47813901
1.6723077	0.47855341
1.6728474	0.47855341
1.6733873	0.47880206
1.6739277	0.47921646
1.6744683	0.47921646
1.6750095	0.47929934
1.6755508	0.47987953
1.6760926	0.48021105
1.6766347	0.4802939
1.6771772	0.48045966
1.6777198	0.48087409
1.6782631	0.48112273
1.6788064	0.48128849
1.6793501	0.48145422
1.6798942	0.48162001
1.6804388	0.48162001
1.6809837	0.48186865
1.6815289	0.4821173
1.6820744	0.48236594
1.6826205	0.48261455
1.6831667	0.4829461
1.6837136	0.48302898
1.6842605	0.48327762
1.684808	0.48352626
1.6853557	0.48394066
1.6859038	0.4837749
1.6864522	0.48394066
1.687001	0.48402354
1.6875501	0.48443794
1.6881	0.4846037
1.6886498	0.48476946
1.6892	0.48510098
1.6897506	0.48534966
1.6903015	0.48559827
1.6908529	0.48584694
1.6914046	0.48609555
1.6919565	0.48617843
1.6925087	0.4864271
1.6930614	0.48675859
1.6936146	0.48667574
1.694168	0.4868415
1.6947218	0.48709011
1.695276	0.48709011
1.6958306	0.48725587
1.6963854	0.48758739
1.6969409	0.48775315
1.6974965	0.48816758
1.6980526	0.48833334
1.6986089	0.48874772
1.6991657	0.48899642
1.6997228	0.48899642
1.7002803	0.48891351
1.7008381	0.48891351
1.7013963	0.48916215
1.7019548	0.48957655
1.7025138	0.48965943
1.703073	0.48982519
1.7036328	0.49015671
1.7041928	0.49040535
1.7047533	0.49040535
1.7053139	0.49057111
1.705875	0.49081975
1.7064364	0.49098551
1.7069983	0.49131703
1.7075605	0.49148279
1.7081233	0.49164858
1.7086862	0.49173146
1.7092496	0.49189723
1.7098132	0.49231163
1.7103775	0.49239451
1.7109419	0.49256027
1.7115068	0.49305755
1.712072	0.49330619
1.7126377	0.49297467
1.7132035	0.49305755
1.7137699	0.49330619
1.7143366	0.49347195
1.7149036	0.49388635
1.715471	0.49413496
1.7160389	0.49363771
1.7166071	0.49372062
1.7171758	0.49388635
1.7177447	0.49430075
1.7183142	0.49438366
1.7188838	0.49454939
1.7194541	0.49471518
1.7200245	0.49488094
1.7205955	0.49496379
1.7211666	0.49496379
1.7217383	0.49504668
1.7223103	0.49546108
1.7228827	0.49546108
1.7234554	0.49570972
1.7240288	0.49628991
1.7246022	0.49645564
1.7251762	0.49670428
1.7257504	0.49670428
1.7263252	0.49670428
1.7269002	0.49670428
1.7274756	0.4966214
1.7280514	0.49670428
1.7286276	0.49687007
1.7292041	0.49720159
1.7297812	0.49720159
1.7303585	0.49736735
1.7309363	0.49745023
1.7315143	0.49745023
1.732093	0.49778172
1.7326717	0.49811324
1.7332511	0.49819615
1.7338307	0.49836195
1.7344109	0.4984448
1.7349913	0.49861056
1.7355722	0.49877629
1.7361534	0.49894208
1.7367351	0.49910784
1.737317	0.49919072
1.7378997	0.49919072
1.7384824	0.49943936
1.7390656	0.499688
1.7396491	0.499688
1.7402332	0.49985376
1.7408174	0.5001024
1.7414023	0.50051683
1.7419873	0.50076544
1.7425728	0.50084829
1.7431587	0.50059968
1.7437451	0.50076544
1.7443317	0.50101411
1.7449189	0.50109696
1.7455064	0.50117987
1.7460943	0.50126272
1.7466825	0.50159425
1.7472714	0.50184286
1.7478604	0.50217444
1.7484499	0.50209159
1.7490398	0.50209159
1.7496301	0.5023402
1.7502208	0.50275457
1.7508119	0.50292033
1.7514033	0.50292033
1.7519954	0.50292033
1.7525877	0.50292033
1.7531804	0.50308615
1.7537735	0.50325185
1.754367	0.50366628
1.7549609	0.50383204
1.7555553	0.50383204
1.7561499	0.50391489
1.7567449	0.50383204
1.7573403	0.5039978
1.7579362	0.50424647
1.7585325	0.50441217
1.7591293	0.50441217
1.7597264	0.50482661
1.760324	0.50499237
1.7609218	0.50482661
1.7615204	0.50507522
1.7621191	0.50532389
1.7627183	0.50515813
1.7633178	0.50582117
1.7639178	0.5062356
1.7645181	0.50615269
1.7651191	0.5062356
1.7657201	0.50648421
1.7663218	0.50664997
1.7669238	0.50673282
1.7675263	0.50731307
1.768129	0.50739592
1.7687324	0.50714725
1.769336	0.50731307
1.7699401	0.50781035
1.7705445	0.50814182
1.7711494	0.50814182
1.7717546	0.50814182
1.7723604	0.50839049
1.7729665	0.50855625
1.773573	0.50855625
1.7741799	0.50855625
1.7747874	0.50855625
1.7753952	0.50880486
1.7760036	0.50913644
1.7766122	0.50897068
1.7772213	0.50863916
1.7778307	0.50897068
1.7784407	0.50913644
1.7790509	0.50938505
1.7796618	0.50955081
1.7802728	0.50971657
1.7808841	0.50979942
1.781496	0.51021385
1.7821085	0.51046252
1.7827213	0.51021385
1.7833346	0.510131
1.7839482	0.51037961
1.7845623	0.5109598
1.7851768	0.51145709
1.785792	0.51145709
1.7864072	0.51153994
1.7870232	0.51178861
1.7876393	0.51178861
1.788256	0.51162285
1.788873	0.51153994
1.7894906	0.51153994
1.7901084	0.51153994
1.790727	0.51162285
1.7913457	0.51187146
1.7919649	0.51212013
1.7925845	0.51212013
1.7932047	0.51220298
1.793825	0.51236874
1.794446	0.5125345
1.7950673	0.51261741
1.795689	0.51270026
1.7963111	0.51278317
1.7969339	0.51278317
1.7975569	0.51270026
1.7981805	0.51270026
1.7988043	0.51303184
1.7994287	0.51294893
1.8000535	0.51294893
1.800679	0.51294893
1.8013045	0.51294893
1.8019307	0.51311469
1.8025571	0.51336336
1.8031842	0.51361197
1.8038116	0.51344621
1.8044394	0.51336336
1.8050677	0.51352906
1.8056965	0.51361197
1.8063256	0.51352906
1.8069552	0.51369488
1.8075852	0.51377767
1.8082157	0.51352906
1.8088466	0.51352906
1.809478	0.51386064
1.8101097	0.5140264
1.8107419	0.51419216
1.8113745	0.51427501
1.8120078	0.51386064
1.8126413	0.51386064
1.8132753	0.51435792
1.8139096	0.51460654
1.8145447	0.51468939
1.8151799	0.5147723
1.8158158	0.51485521
1.8164519	0.5147723
1.8170887	0.51485521
1.8177258	0.51485521
1.8183634	0.51502097
1.8190013	0.51502097
1.8196399	0.51510382
1.8202788	0.51551825
1.8209183	0.51584977
1.8215581	0.51593268
1.8221985	0.51593268
1.8228391	0.51601553
1.8234804	0.51626414
1.8241218	0.51651281
1.824764	0.51659572
1.8254064	0.51659572
1.8260493	0.51659572
1.8266927	0.51709294
1.8273367	0.51692718
1.8279809	0.51667857
1.8286258	0.51709294
1.829271	0.51717585
1.8299167	0.51692718
1.8305628	0.51701009
1.8312097	0.5172587
1.8318566	0.51750737
1.8325043	0.51742446
1.8331522	0.51742446
1.8338007	0.51734161
1.8344495	0.51734161
1.835099	0.51734161
1.8357487	0.51717585
1.8363992	0.51709294
1.83705	0.51709294
1.8377012	0.51734161
1.8383528	0.51800466
1.839005	0.51775599
1.8396575	0.51759028
1.8403107	0.51759028
1.8409641	0.51750737
1.8416178	0.51742446
1.8422722	0.51775599
1.8429272	0.5178389
1.8435825	0.51792175
1.8442384	0.51817042
1.8448946	0.51833612
1.8455515	0.51825327
1.8462087	0.51800466
1.8468666	0.51775599
1.8475248	0.51817042
1.8481835	0.51817042
1.8488425	0.51841903
1.8495022	0.51883352
1.8501621	0.51916498
1.8508228	0.51899922
1.8514837	0.51899922
1.852145	0.51899922
1.8528068	0.51899922
1.8534694	0.51899922
1.8541322	0.5194965
1.8547956	0.51974517
1.8554593	0.51966226
1.8561238	0.51924783
1.8567885	0.51957935
1.8574541	0.51982808
1.8581197	0.51999378
1.858786	0.51999378
1.8594526	0.51991093
1.8601199	0.52015954
1.8607875	0.52065682
1.8614557	0.52049106
1.8621242	0.52065682
1.8627936	0.52073973
1.8634632	0.52057391
1.8641332	0.52040815
1.8648038	0.52082264
1.8654748	0.52123702
1.8661463	0.52148563
1.8668184	0.52123702
1.8674908	0.52065682
1.8681637	0.52082264
1.868837	0.52123702
1.869511	0.5210712
1.8701854	0.52065682
1.8708603	0.52082264
1.8715357	0.52123702
1.8722117	0.52123702
1.872888	0.5210712
1.8735651	0.52131987
1.8742423	0.52156848
1.8749202	0.52123702
1.8755985	0.52123702
1.8762774	0.52090549
1.8769567	0.52073973
1.8776366	0.52082264
1.8783168	0.52082264
1.8789977	0.52049106
1.8796788	0.52040815
1.8803607	0.52024245
1.881043	0.51991093
1.8817258	0.51966226
1.882409	0.51933074
1.8830929	0.51899922
1.883777	0.51858485
1.8844618	0.51858485
1.8851469	0.51841903
1.8858327	0.51817042
1.8865188	0.51792175
1.8872057	0.5178389
1.8878928	0.51734161
1.8885808	0.51659572
1.8892689	0.51601553
1.8899578	0.51551825
1.8906469	0.51543534
1.8913368	0.51518673
1.892027	0.51468939
1.8927178	0.51419216
1.893409	0.51344621
1.8941009	0.51311469
1.8947932	0.5125345
1.8954861	0.51228589
1.8961793	0.51212013
1.8968732	0.51137418
1.8975675	0.51029676
1.8982624	0.50938505
1.8989576	0.50880486
1.8996536	0.50830764
1.9003499	0.50764453
1.9010466	0.5070644
1.9017439	0.50648421
1.9024419	0.50548965
1.9031402	0.50490952
1.9038392	0.50441217
1.9045385	0.50366628
1.9052386	0.50283748
1.905939	0.50258887
1.9066402	0.50209159
1.9073416	0.50176001
1.9080436	0.50109696
1.9087461	0.50068253
1.9094492	0.50035101
1.9101527	0.49952227
1.9108568	0.4988592
1.9115614	0.4988592
1.9122664	0.49861056
1.912972	0.49761596
1.9136782	0.49703583
1.9143847	0.49687007
1.915092	0.49637279
1.9157996	0.49579263
1.916508	0.49546108
1.9172167	0.49521247
1.9179261	0.49488094
1.9186358	0.49438366
1.9193462	0.49380347
1.9200571	0.49355483
1.9207685	0.49330619
1.9214803	0.49314043
1.9221928	0.49297467
1.9229058	0.49256027
1.9236195	0.49189723
1.9243335	0.49173146
1.9250481	0.4915657
1.9257631	0.49123418
1.9264789	0.49090266
1.927195	0.49048826
1.9279118	0.49007383
1.9286289	0.48974231
1.9293463	0.48957655
1.9300646	0.48899642
1.9307835	0.48858199
1.9315028	0.48816758
1.9322227	0.48775315
1.9329431	0.48750454
1.9336642	0.48667574
1.9343857	0.48609555
1.9351079	0.48568115
1.9358305	0.48534966
1.9365537	0.48485237
1.9372772	0.48435509
1.9380015	0.48369205
1.9387262	0.48302898
1.9394516	0.48244879
1.9401773	0.4821173
1.940904	0.48153713
1.9416308	0.48095694
1.9423584	0.48045966
1.9430864	0.48004529
1.943815	0.47954801
1.9445441	0.47871917
1.9452738	0.47797325
1.9460039	0.47747597
1.9467345	0.4768129
1.9474658	0.47639853
1.9481977	0.47573546
1.94893	0.47507241
1.949663	0.47474089
1.9503965	0.47424361
1.9511306	0.47358057
1.9518652	0.47300041
1.9526006	0.47208869
1.9533362	0.47150856
1.9540726	0.47117704
1.9548093	0.47051397
1.9555469	0.46993381
1.9562846	0.46951944
1.9570233	0.46885636
1.9577622	0.46835905
1.9585019	0.46786177
1.959242	0.4674474
1.9599829	0.467033
1.960724	0.4666186
1.961466	0.46595556
1.9622083	0.46512672
1.9629514	0.46454656
1.9636948	0.46388352
1.9644389	0.46338624
1.9651834	0.46330339
1.9659288	0.4627232
1.9666744	0.46214303
1.9674209	0.46189439
1.9681678	0.46131423
1.9689153	0.46081695
1.9696634	0.46065119
1.9704123	0.46031967
1.9711614	0.46007103
1.9719112	0.46015391
1.9726615	0.45990524
1.9734125	0.45924219
1.9741639	0.45907646
1.9749161	0.45907646
1.9756685	0.45915934
1.976422	0.45915934
1.9771756	0.45891067
1.9779301	0.45882779
1.9786849	0.45891067
1.9794405	0.45899355
1.9801965	0.45915934
1.9809532	0.4593251
1.9817104	0.45949084
1.9824681	0.45949084
1.9832264	0.45982239
1.9839855	0.46015391
1.984745	0.46023676
1.9855052	0.46048543
1.9862659	0.46081695
1.9870273	0.46131423
1.987789	0.46172863
1.9885516	0.46197727
1.9893147	0.46230879
1.9900783	0.46280608
1.9908425	0.46322048
1.9916074	0.46363488
1.9923728	0.46371773
1.9931389	0.46404928
1.9939053	0.46471232
1.9946727	0.4652096
1.9954402	0.46554112
1.9962088	0.46587268
1.9969776	0.46636996
1.9977473	0.46678433
1.9985173	0.46736449
1.9992882	0.46777892
2.0000594	0.4682762
2.0008314	0.46860772
2.0016038	0.46902215
2.002377	0.46927077
2.0031507	0.46985096
2.0039251	0.47026533
2.0046999	0.47051397
2.0054755	0.47101128
2.0062516	0.47167432
2.0070286	0.47217163
2.0078058	0.47283465
2.0085838	0.47300041
2.0093622	0.47308326
2.0101414	0.47341481
2.010921	0.47407785
2.0117013	0.47490665
2.0124824	0.4755697
2.0132637	0.47631562
2.0140457	0.47697869
2.0148287	0.47747597
2.0156119	0.47822186
2.016396	0.47863629
2.0171804	0.47929934
2.0179658	0.47987953
2.0187516	0.48095694
2.0195379	0.48178577
2.0203249	0.4825317
2.0211127	0.48302898
2.0219009	0.48385781
2.0226898	0.48476946
2.0234792	0.48534966
2.0242696	0.4860127
2.0250602	0.48667574
2.0258517	0.48750454
2.0266438	0.48825043
2.0274363	0.48907927
2.0282295	0.48990804
2.0290234	0.49081975
2.0298178	0.49181435
2.0306129	0.49256027
2.0314085	0.49330619
2.0322044	0.49405211
2.0330014	0.49504668
2.0337989	0.49579263
2.0345972	0.4966214
2.0353961	0.49736735
2.0361953	0.49819615
2.0369956	0.49852768
2.0377963	0.49894208
2.0385981	0.499688
2.0393999	0.50076544
2.0402026	0.50151139
2.0410056	0.50209159
2.0418096	0.50275457
2.042614	0.50350052
2.0434194	0.50408065
2.044225	0.5046609
2.0450315	0.5054068
2.0458386	0.50606984
2.0466464	0.50640136
2.0474546	0.50698149
2.0482635	0.50772744
2.049073	0.50839049
2.0498834	0.50880486
2.0506942	0.50946796
2.0515053	0.50963372
2.0523174	0.510131
2.0531304	0.51087689
2.0539436	0.51120842
2.0547578	0.51145709
2.0555725	0.51203722
2.0563879	0.51228589
2.057204	0.51286608
2.0580208	0.51344621
2.0588381	0.51377767
2.0596561	0.51394349
2.0604746	0.51410925
2.0612941	0.51452368
2.062114	0.5147723
2.0629346	0.51493806
2.0637558	0.51543534
2.0645773	0.5156011
2.0653996	0.51568401
2.0662231	0.51584977
2.0670469	0.51593268
2.0678713	0.51601553
2.0686965	0.51593268
2.0695224	0.51568401
2.0703487	0.51535243
2.0711763	0.51518673
2.0720038	0.51526958
2.0728326	0.5147723
2.0736616	0.51419216
2.0744915	0.51352906
2.0753219	0.51294893
2.076153	0.51212013
2.0769846	0.5117057
2.0778172	0.51079404
2.0786502	0.50963372
2.0794842	0.5084734
2.0803187	0.50756168
2.0811539	0.50664997
2.0819895	0.5055725
2.0828261	0.50424647
2.0836632	0.50267172
2.084501	0.50101411
2.0853395	0.49952227
2.0861788	0.49769887
2.0870185	0.49595836
2.0878592	0.49463227
2.0887003	0.49363771
2.0895422	0.49256027
2.0903847	0.4911513
2.0912282	0.49023959
2.092072	0.48932791
2.0929167	0.48825043
2.0937619	0.48758739
2.0946081	0.48700726
2.0954545	0.48626131
2.096302	0.48568115
2.0971498	0.48510098
2.0979986	0.48485237
2.0988479	0.48452082
2.0996981	0.48402354
2.1005487	0.48394066
2.1014004	0.48402354
2.1022525	0.48410642
2.1031053	0.48394066
2.1039588	0.48344338
2.1048129	0.48311183
2.1056678	0.4829461
2.1065235	0.48278034
2.1073797	0.48236594
2.1082368	0.48220018
2.1090944	0.4821173
2.1099529	0.4819515
2.1108119	0.48228034
2.1116717	0.48219812
2.1125321	0.48203373
2.1133935	0.48244473
2.1142552	0.48310235
2.115118	0.48302016
2.1159811	0.48310235
2.1168454	0.48375997
2.1177099	0.48408878
2.1185756	0.48400655
2.1194417	0.48474637
2.1203086	0.4851574
2.121176	0.48491079
2.1220446	0.4846642
2.1229134	0.48548624
2.1237831	0.48548624
2.1246536	0.48548624
2.1255245	0.48614383
2.1263962	0.48680145
2.1272688	0.48680145
2.1281419	0.48614383
2.1290162	0.48507521
2.1298907	0.48491079
2.1307662	0.48408878
2.1316423	0.48334894
2.1325192	0.48351336
2.1333966	0.48384219
2.1342752	0.48293796
2.135154	0.48302016
2.1360338	0.48269135
2.1369143	0.48252693
2.1377954	0.48269135
2.1386774	0.48318458
2.1395605	0.48293796
2.1404438	0.48359555
2.1413281	0.48441759
2.1422129	0.48458201
2.1430986	0.48474637
2.1439848	0.48540401
2.144872	0.48614383
2.1457596	0.48680145
2.1466477	0.48688367
2.1475368	0.48754126
2.148427	0.4882811
2.1493175	0.48852772
2.1502092	0.48976073
2.1511011	0.49189797
2.1519942	0.492309
2.1528878	0.49272001
2.1537826	0.49370643
2.1546776	0.49428186
2.1555736	0.49493945
2.1564703	0.4954327
2.1573677	0.49584368
2.1582658	0.49683014
2.1591649	0.49765214
2.1600645	0.49822757
2.1609645	0.49822757
2.1618655	0.49863857
2.1627674	0.49913177
2.1636701	0.50052923
2.1645734	0.50126904
2.1654775	0.50176227
2.1663826	0.50332409
2.1672883	0.50381732
2.168195	0.50373507
2.169102	0.50439274
2.1700101	0.50496817
2.1709187	0.50521475
2.1718283	0.50570798
2.1727386	0.50611895
2.1736495	0.50628334
2.1745613	0.50694096
2.1754742	0.50710541
2.1763873	0.50685877
2.1773014	0.50735199
2.1782162	0.50784522
2.179132	0.50768077
2.1800482	0.50768077
2.1809654	0.50792742
2.1818831	0.50800961
2.1828015	0.50784522
2.1837208	0.50776303
2.1846411	0.50784522
2.1855621	0.50784522
2.1864841	0.50735199
2.1874065	0.50694096
2.1883299	0.50677657
2.189254	0.50685877
2.1901793	0.50620115
2.1911051	0.50529695
2.1920316	0.50513256
2.1929588	0.50513256
2.193887	0.50439274
2.1948156	0.50373507
2.1957452	0.5032419
2.1966755	0.5031597
2.197607	0.50291312
2.1985388	0.50217324
2.1994717	0.50143343
2.2004051	0.50118685
2.2013395	0.50118685
2.2022746	0.50151563
2.2032106	0.50126904
2.2041473	0.50061142
2.2050848	0.5001182
2.206023	0.50061142
2.2069621	0.499625
2.207902	0.49863857
2.2088428	0.49806315
2.2097843	0.49814534
2.2107267	0.49756995
2.2116697	0.49674791
2.2126141	0.49584368
2.2135587	0.49510387
2.2145045	0.49395305
2.2154505	0.49304882
2.216398	0.49181578
2.2173457	0.49008954
2.2182946	0.48803449
2.2192442	0.48639044
2.2201948	0.48417097
2.2211459	0.48154053
2.2220981	0.47882783
2.2230508	0.47644398
2.2240045	0.47332028
2.2249589	0.46970341
2.2259145	0.46583989
2.2268705	0.46115437
2.2278273	0.45589343
2.228785	0.45038587
2.2297437	0.44512495
2.2307031	0.4400284
2.2316635	0.43468526
2.2326245	0.42967093
2.2335865	0.42432779
2.234549	0.41890243
2.2355127	0.41413471
2.2364771	0.40969577
2.2374425	0.40583226
2.2384083	0.40237978
2.2393754	0.39884511
2.2403431	0.39572144
2.2413118	0.39243332
2.2422812	0.39029607
2.243252	0.38799441
2.2442229	0.38552836
2.2451949	0.38363767
2.2461677	0.38232246
2.2471414	0.380514
2.2481158	0.37837675
2.2490911	0.3768149
2.2500672	0.37549967
2.251044	0.37369123
2.2520218	0.37204716
2.2530005	0.37023872
2.2539799	0.3696633
2.2549605	0.36892349
2.2559416	0.36785486
2.2569239	0.36686844
2.2579067	0.36629304
2.2588909	0.3659642
2.2598755	0.3656354
2.2608612	0.36505997
2.2618475	0.36333373
2.2628348	0.3614431
2.263823	0.35955244
2.264812	0.35725078
2.2658017	0.35462031
2.2667923	0.35166106
2.2677839	0.34845516
2.2687764	0.34516707
2.2697697	0.34146798
2.2707639	0.33785105
2.271759	0.33448076
2.2727549	0.33152151
2.2737517	0.32880881
2.2747495	0.32617834
2.275748	0.32354787
2.2767475	0.32067081
2.2777479	0.31845132
2.278749	0.31606746
2.2797511	0.31368363
2.2807541	0.31146413
2.2817578	0.30875146
2.282763	0.30579221
2.2837684	0.30340832
2.284775	0.30143547
2.2857823	0.29864061
2.2867908	0.29559913
2.2877998	0.29288644
2.28881	0.28968057
2.2898209	0.28663909
2.2908323	0.28376201
2.2918451	0.28121376
2.2928588	0.27841887
2.2938731	0.27537739
2.2948887	0.27282912
2.2959049	0.27077407
2.2969222	0.2684724
2.2979403	0.26592413
2.2989597	0.26329365
2.2999794	0.26058099
2.3010006	0.25778612
2.3020222	0.25466242
2.303045	0.25170314
2.3040683	0.24849726
2.3050931	0.24553798
2.3061182	0.2424143
2.3071454	0.23904401
2.3081722	0.23542711
2.3092005	0.23189242
2.3102295	0.22835773
2.3112597	0.22482303
2.3122904	0.22178155
2.3133223	0.21882226
2.3143549	0.21561639
2.3153882	0.21323252
2.3164227	0.21117745
2.3174584	0.20887581
2.3184946	0.20632754
2.3195322	0.20361486
2.3205702	0.2014776
2.3216095	0.20016237
2.3226497	0.19868273
2.3236911	0.19662768
2.324733	0.19580565
2.3257761	0.19572344
2.3268199	0.19679207
2.3278646	0.19876492
2.3289104	0.20106658
2.3299572	0.20386146
2.3310046	0.20624533
2.3320534	0.208958
2.3331029	0.21323252
2.3341534	0.21783584
2.3352048	0.22219256
2.3362572	0.22556284
2.3373103	0.22983736
2.3383648	0.23460509
2.3394198	0.2387152
2.340476	0.24298972
2.3415329	0.24800405
2.342591	0.25351161
2.3436501	0.25827932
2.3447101	0.26271823
2.3457711	0.26830798
2.346833	0.27348673
2.3478959	0.27833664
2.3489597	0.2834332
2.3500245	0.28803653
2.3510904	0.29165342
2.3521569	0.29485932
2.3532248	0.2982296
2.3542933	0.30201089
2.3553631	0.3050524
2.3564336	0.30751845
2.3575051	0.30940908
2.3585775	0.31212178
2.3596511	0.31442344
2.3607256	0.31557426
2.3618011	0.31639627
2.3628776	0.31746492
2.363955	0.31878015
2.3650334	0.32050639
2.3661137	0.32141063
2.3671939	0.32173941
2.3682754	0.32173941
2.3693576	0.32124621
2.3704412	0.32050639
2.3715253	0.31943777
2.3726108	0.31828696
2.373697	0.31697169
2.3747847	0.31467003
2.3758729	0.31162855
2.3769624	0.30801165
2.3780525	0.30431256
2.379144	0.30151767
2.3802361	0.29913381
2.3813298	0.29650337
2.3824239	0.29453048
2.3835192	0.29346189
2.3846154	0.29337966
2.3857129	0.29387286
2.3868113	0.2942017
2.3879108	0.29461268
2.3890109	0.29551691
2.3901126	0.29650337
2.3912148	0.29707876
2.3923185	0.2979008
2.3934228	0.2982296
2.3945284	0.2987228
2.3956349	0.29913381
2.3967426	0.29905164
2.397851	0.29855841
2.3989608	0.29839399
2.4000711	0.29855841
2.4011834	0.29781857
2.4022958	0.29699656
2.4034097	0.29609233
2.4045243	0.2946949
2.4056404	0.29321525
2.4067569	0.29190004
2.4078751	0.29017377
2.4089937	0.28803653
2.4101133	0.28581709
2.4112341	0.28409082
2.4123564	0.28252897
2.4134791	0.28096715
2.4146035	0.27874768
2.4157286	0.27644601
2.4168549	0.27480197
2.4179819	0.27348673
2.4191108	0.27233589
2.4202399	0.27060965
2.4213705	0.2689656
2.4225018	0.2680614
2.4236345	0.26691055
2.424768	0.26592413
2.4259028	0.26518431
2.4270384	0.26518431
2.4281759	0.26559532
2.4293137	0.26617074
2.4304526	0.26633516
2.4315925	0.26674613
2.4327338	0.26707497
2.4338756	0.26740375
2.435019	0.2679792
2.4361632	0.26880121
2.4373078	0.2685546
2.4384544	0.26789698
2.4396017	0.26740375
2.4407504	0.26691055
2.4419	0.26625293
2.4430506	0.2653487
2.4442027	0.26428008
2.4453554	0.26329365
2.4465098	0.26181403
2.447665	0.26016998
2.4488211	0.25893694
2.4499784	0.25786832
2.4511368	0.25647089
2.4522963	0.25548446
2.4534569	0.25458023
2.4546185	0.253676
2.4557815	0.25301838
2.4569452	0.25310057
2.4581103	0.25326499
2.4592764	0.25392261
2.4604435	0.25441581
2.4616117	0.25507343
2.4627812	0.25638866
2.4639518	0.25803274
2.4651229	0.25860813
2.4662957	0.25951236
2.4674697	0.2608276
2.4686446	0.26230723
2.4698207	0.26378688
2.4709978	0.26477331
2.4721763	0.26469108
2.4733558	0.26501989
2.4745364	0.26567754
2.4757183	0.26592413
2.4769011	0.26592413
2.478085	0.26551312
2.4792702	0.2645267
2.4804564	0.26329365
2.4816439	0.26189622
2.4828324	0.26074538
2.4840217	0.25934795
2.4852126	0.2577039
2.4864044	0.25605986
2.4875975	0.2541692
2.4887917	0.25244296
2.4899871	0.25063452
2.4911838	0.24874386
2.4923813	0.24660662
2.4935806	0.24463376
2.4947805	0.24298972
2.4959817	0.24134567
2.497184	0.23978382
2.4983873	0.23863299
2.4995921	0.23764658
2.5007977	0.23666014
2.5020049	0.23633133
2.5032129	0.23559152
2.5044224	0.23501611
2.5056329	0.23468728
2.5068443	0.23460509
2.5080571	0.23386526
2.5092711	0.23296104
2.5104864	0.23205681
2.5117025	0.2314814
2.5129199	0.23074159
2.5141385	0.23033059
2.5153584	0.22991957
2.5165794	0.22942635
2.5178018	0.22893314
2.5190251	0.22852212
2.5202496	0.22835773
2.5214756	0.22901534
2.5227027	0.22934414
2.5239308	0.22975516
2.5251603	0.23033059
2.5263908	0.231317
2.5276225	0.23255004
2.5288556	0.23427628
2.5300899	0.23559152
2.5313251	0.23682456
2.532562	0.2384686
2.5337996	0.24019484
2.5350387	0.24183889
2.536279	0.24331853
2.5375204	0.24455155
2.538763	0.24603119
2.5400069	0.24751084
2.5412521	0.24849726
2.5424979	0.24907267
2.5437455	0.24989469
2.5449944	0.25014129
2.5462441	0.25038791
2.5474954	0.25063452
2.548748	0.25063452
2.5500016	0.25038791
2.5512564	0.2504701
2.5525131	0.25014129
2.5537705	0.24973029
2.5550292	0.24899048
2.556289	0.24825065
2.5575502	0.24718203
2.5588126	0.2461956
2.5600762	0.24479815
2.561341	0.24364732
2.5626073	0.2425787
2.5638747	0.24134567
2.5651433	0.23994824
2.5664132	0.2389618
2.5676842	0.23805758
2.5689566	0.23789318
2.5702302	0.23822199
2.5715053	0.23797539
2.5727808	0.23863299
2.5740583	0.23961943
2.5753372	0.23953722
2.576617	0.24060585
2.5778983	0.2419211
2.579181	0.24274312
2.5804646	0.24381174
2.5817497	0.24520917
2.5830364	0.24627779
2.5843241	0.24841507
2.585613	0.24931929
2.5869033	0.25096333
2.5881948	0.25252518
2.5894876	0.25392261
2.5907817	0.25515565
2.592077	0.25622427
2.5933733	0.25762171
2.5946712	0.2612386
2.5959706	0.26354027
2.5972712	0.26428008
2.598573	0.26551312
2.5998762	0.26715717
2.6011808	0.26863679
2.6024866	0.27028087
2.6037939	0.2716783
2.6051023	0.27406216
2.6064122	0.2761994
2.6077232	0.27735025
2.6090355	0.27874768
2.6103492	0.28039172
2.6116643	0.28121376
2.6129806	0.28244677
2.6142986	0.28359759
2.6156178	0.28450182
2.6169381	0.28614587
2.6182597	0.28663909
2.6195827	0.2869679
2.6209071	0.28869414
2.6222329	0.28902292
2.62356	0.28935176
2.6248877	0.28926954
2.6262174	0.29009157
2.6275485	0.29083139
2.628881	0.29074919
2.6302147	0.29206446
2.6315498	0.29272205
2.6328864	0.29190004
2.6342242	0.29181781
2.6355639	0.29148901
2.6369042	0.29091361
2.6382463	0.29033819
2.6395895	0.28968057
2.6409342	0.28852972
2.6422803	0.28737891
2.6436276	0.28557047
2.6449764	0.28376201
2.6463268	0.28211796
2.6476784	0.28006291
2.6490314	0.27743241
2.6503856	0.27488416
2.6517413	0.27200708
2.6530983	0.26888341
2.6544569	0.26543093
2.6558168	0.26238945
2.6571774	0.25860813
2.65854	0.25548446
2.6599042	0.25310057
2.6612697	0.25063452
2.6626365	0.24767524
2.6640048	0.24479815
2.6653745	0.2421677
2.6667454	0.23937282
2.6681182	0.23592032
2.6694922	0.23271443
2.6708674	0.23016617
2.6722443	0.22564505
2.6736224	0.22079511
2.6750021	0.21553418
2.676383	0.2092046
2.6777654	0.20098437
2.6791496	0.19013371
2.6805348	0.17722796
2.6819217	0.16177393
2.6833098	0.14500469
2.6846995	0.12872864
2.6860905	0.11426106
2.6874828	0.10217734
2.6888769	0.09255968
2.6902716	0.084421664
2.6916685	0.078092091
2.6930668	0.073242158
2.6944666	0.068803243
2.6958678	0.064446531
2.6972704	0.061076235
2.6986744	0.057705946
2.7000799	0.053760242
2.7014871	0.049403522
2.7028956	0.045951031
2.7043056	0.043895975
2.7057171	0.04299175
2.70713	0.042087529
2.7085443	0.041347705
2.7099602	0.040525686
2.7113776	0.039868068
2.7127967	0.03847063
2.7142169	0.037566409
2.7156389	0.036908787
2.7170622	0.035922363
2.718487	0.034853734
2.7199132	0.034196116
2.7213409	0.033702906
2.7227702	0.033702906
2.7242005	0.033702906
2.7256327	0.033291895
2.7270665	0.03288088
2.7285018	0.032798681
2.7299387	0.032963082
2.7313771	0.033127487
2.7328169	0.033045284
2.7342582	0.033127487
2.7357013	0.033127487
2.7371457	0.03288088
2.7385917	0.032798681
2.7400391	0.03288088
2.741488	0.03288088
2.7429385	0.033209693
2.7443907	0.033374093
2.7458441	0.033702906
2.747299	0.034113914
2.7487557	0.034524925
2.7502139	0.034771532
2.7516737	0.034853734
2.753135	0.035264745
2.7545979	0.035757959
2.7560623	0.036251172
2.7575283	0.036662184
2.7589962	0.036579981
2.7604654	0.036908787
2.7619359	0.037566409
2.7634082	0.038141824
2.7648821	0.038963843
2.7663574	0.039374854
2.7678344	0.039785869
2.7693131	0.040525686
2.7707932	0.041265506
2.772275	0.041840918
2.7737584	0.042087529
2.7752433	0.042169731
2.7767296	0.042169731
2.7782178	0.04249854
2.7797074	0.042827349
2.7811987	0.042745147
2.782691	0.042827349
2.7841854	0.042909548
2.7856815	0.042745147
2.7871792	0.042745147
2.7886784	0.042745147
2.7901793	0.04249854
2.7916818	0.042251933
2.7931859	0.042169731
2.794692	0.042169731
2.7961996	0.042251933
2.7977085	0.042416334
2.7992191	0.041923124
2.8007314	0.041594315
2.8022454	0.041676518
2.803761	0.041429911
2.8052781	0.0410189
2.806797	0.041101102
2.8083177	0.041265506
2.8098397	0.041101102
2.8113635	0.041265506
2.8128889	0.041429911
2.8144159	0.041594315
2.8159447	0.041594315
2.8174751	0.041594315
2.8190067	0.041923124
2.8205404	0.042334136
2.8220758	0.042662945
2.8236129	0.042909548
2.8251517	0.043073956
2.8266921	0.04299175
2.8282342	0.04323836
2.829778	0.043895975
2.8313241	0.044471391
2.8328712	0.044800203
2.83442	0.045129009
2.8359706	0.04578663
2.8375227	0.046197638
2.8390768	0.046526447
2.8406324	0.04701966
2.8421898	0.047348469
2.843749	0.047677279
2.84531	0.048334897
2.8468723	0.049156919
2.8484366	0.049732335
2.8500025	0.050307751
2.8515701	0.050965365
2.8531396	0.051458579
2.8547106	0.05186959
2.8562829	0.052198399
2.8578575	0.052527208
2.8594339	0.052938219
2.861012	0.053102624
2.8625917	0.05334923
2.8641732	0.054089051
2.8657565	0.054746669
2.8673415	0.055075478
2.8689287	0.055075478
2.870517	0.05491107
2.8721075	0.055075478
2.8736994	0.055568688
2.8752933	0.055733096
2.876889	0.055815298
2.8784864	0.055979699
2.8800855	0.056061901
2.8816857	0.056144103
2.8832886	0.056144103
2.8848929	0.056144103
2.8864994	0.056226309
2.8881073	0.056472912
2.8897173	0.056226309
2.8913291	0.056472912
2.8929424	0.056883924
2.8945582	0.056637317
2.8961751	0.056555115
2.897794	0.056883924
2.8994148	0.05713053
2.9010372	0.057048328
2.9026616	0.057294939
2.9042876	0.057541542
2.9059157	0.057705946
2.9075458	0.058281362
2.9091775	0.058774576
2.9108109	0.058610171
2.9124463	0.058692373
2.9140832	0.059185587
2.9157224	0.0596788
2.9173632	0.059761003
2.9190059	0.059761003
2.9206498	0.060089812
2.922296	0.060829632
2.9239442	0.061405044
2.9255943	0.061898258
2.9272463	0.062473673
2.9289	0.063049093
2.9305558	0.063706711
2.9322133	0.064364322
2.9338732	0.065021947
2.9355345	0.065926164
2.9371977	0.066830397
2.9388628	0.067405812
2.9405298	0.067981228
2.9421985	0.068885446
2.9438694	0.069954075
2.9455421	0.070940502
2.9472167	0.071844727
2.9488933	0.072584547
2.9505715	0.073981985
2.9522519	0.075379416
2.953934	0.076365843
2.9556181	0.07735227
2.9573042	0.078831911
2.9589922	0.080147155
2.9606814	0.081380181
2.9623733	0.082777619
2.964067	0.084092855
2.9657626	0.085408084
2.9674604	0.086969927
2.9691598	0.088696174
2.9708614	0.090504624
2.9725649	0.092148677
2.9742706	0.09362831
2.9759779	0.09510795
2.9776874	0.096505389
2.9793985	0.098149434
2.9811118	0.099957876
2.9828272	0.10176633
2.9845443	0.10373918
2.9862635	0.10530102
2.9879854	0.10669846
2.9897087	0.10850691
2.9914336	0.11047976
2.993161	0.11228821
2.99489	0.11393225
2.9966211	0.1155763
2.9983544	0.11738475
3.0000894	0.11911099
3.001826	0.12100164
3.0035653	0.12281009
3.0053065	0.12453634
3.0070496	0.12618038
3.0087948	0.12774223
3.0105422	0.12946847
3.0122914	0.13119473
3.0140429	0.13292095
3.0157964	0.13472942
3.0175517	0.13620906
3.0193093	0.1378531
3.0210688	0.13949713
3.0228302	0.14146999
3.0245938	0.14327845
3.0263596	0.14492248
3.0281272	0.14656653
3.0298975	0.14812838
3.0316694	0.14977242
3.0334435	0.15158086
3.0352194	0.15289611
3.0369976	0.15421133
3.0387776	0.15585537
3.04056	0.15782823
3.0423443	0.15947227
3.0441301	0.16078751
3.0459187	0.16210274
3.0477092	0.16358238
3.0495021	0.16522643
3.0512969	0.16687047
3.0530939	0.16835012
3.054893	0.17007636
3.0566943	0.17180261
3.0584979	0.17328225
3.0603034	0.17467968
3.0621109	0.17607713
3.0639207	0.17772117
3.0657327	0.17961182
3.0675466	0.18133806
3.0693629	0.18306431
3.0711813	0.18470836
3.0730011	0.18627021
3.0748239	0.18766764
3.0766487	0.18931168
3.0784757	0.19095571
3.0803049	0.19259976
3.0821362	0.1940794
3.0839698	0.19547684
3.0858054	0.19695649
3.0876439	0.19827171
3.0894837	0.19958694
3.0913262	0.20090219
3.0931706	0.20180641
3.0950172	0.20279284
3.0968661	0.20394367
3.0987172	0.20525889
3.1005704	0.20649193
3.1024263	0.20764276
3.104284	0.2087114
3.106144	0.21002662
3.1080062	0.21134187
3.1098707	0.2125749
3.1117373	0.21372573
3.1136062	0.21479437
3.1154773	0.2159452
3.1173501	0.21717823
3.1192257	0.21808244
3.1211035	0.21890447
3.1229837	0.2198087
3.1248662	0.22071292
3.1267509	0.22161713
3.128638	0.22260357
3.1305273	0.2236722
3.1324193	0.22474082
3.1343131	0.22589165
3.1362092	0.22704248
3.1381078	0.22827552
3.1400084	0.22959076
3.1419115	0.23082379
3.1438167	0.23213902
3.1457245	0.23370087
3.1476347	0.2351805
3.1495469	0.23649575
3.1514616	0.23797539
3.1533785	0.23986603
3.1552978	0.2419211
3.1572194	0.24356513
3.1591434	0.24496257
3.1610696	0.24668881
3.162998	0.24833286
3.1649289	0.24973029
3.1668622	0.25120994
3.168798	0.25285399
3.1707361	0.25433362
3.1726766	0.25581324
3.1746194	0.2572929
3.1765647	0.25885472
3.1785126	0.26041657
3.1804626	0.26189622
3.182415	0.26337588
3.1843698	0.2648555
3.186327	0.26641735
3.1882865	0.26773259
3.1902485	0.26880121
3.1922131	0.27028087
3.19418	0.2716783
3.1961493	0.27299351
3.1981211	0.27439094
3.2000952	0.27562401
3.2020719	0.2766104
3.2040508	0.27776125
3.2060323	0.2789121
3.2080164	0.28006291
3.2100022	0.28104934
3.2119911	0.28195357
3.2139823	0.28244677
3.215976	0.28261119
3.2179723	0.28277558
3.2199712	0.28285778
3.2219722	0.28261119
3.2239761	0.28228235
3.2259824	0.28178915
3.2279911	0.28113154
3.2300024	0.28047395
3.2320161	0.27989849
3.2340324	0.2793231
3.2360511	0.27858326
3.2380724	0.27784345
3.2400961	0.27718583
3.2421229	0.27702144
3.2441516	0.27693921
3.2461832	0.27685702
3.2482171	0.27693921
3.2502534	0.27702144
3.2522926	0.27702144
3.2543342	0.27743241
3.2563784	0.27767903
3.2584248	0.27792567
3.2604742	0.27800786
3.262526	0.27858326
3.2645805	0.27924088
3.2666376	0.27956972
3.2686973	0.27998069
3.2707596	0.28063831
3.2728245	0.28096715
3.2748921	0.28121376
3.2769623	0.28187138
3.2790351	0.28261119
3.2811103	0.28310439
3.2831883	0.2834332
3.2852688	0.28376201
3.2873521	0.2839264
3.289438	0.2838442
3.2915258	0.2838442
3.293617	0.2834332
3.2957108	0.28261119
3.2978072	0.28146034
3.2999065	0.28055611
3.3020084	0.2798163
3.3041129	0.2793231
3.3062201	0.27899426
3.3083303	0.27882987
3.3104429	0.27874768
3.3125582	0.27899426
3.314676	0.27956972
3.3167968	0.28006291
3.3189204	0.28047395
3.3210464	0.28129593
3.3231752	0.28211796
3.3253074	0.28293997
3.3274417	0.28367978
3.3295789	0.28409082
3.3317187	0.28458402
3.3338614	0.28548825
3.3360066	0.28631029
3.3381548	0.2870501
3.3403056	0.28770772
3.3424585	0.28844753
3.344615	0.28926954
3.3467741	0.29025599
3.3489361	0.29132459
3.3511009	0.29198223
3.3532684	0.29272205
3.3554389	0.29354408
3.3576121	0.29436609
3.3597887	0.2951881
3.3619676	0.29592794
3.3641491	0.29658556
3.3663337	0.29716095
3.368521	0.29765418
3.3707113	0.29814741
3.3729043	0.29855841
3.3751001	0.299216
3.3772995	0.29995584
3.3795011	0.30086005
3.3817058	0.3019287
3.383913	0.30324394
3.3861232	0.30447695
3.3883364	0.30579221
3.3905525	0.30702522
3.3927715	0.30776504
3.3949924	0.30801165
3.3972173	0.30784726
3.3994448	0.30718964
3.4016755	0.30636761
3.403909	0.30570999
3.4061456	0.30521679
3.408385	0.30464137
3.4106274	0.30406594
3.4128728	0.30398375
3.4151211	0.30472356
3.4173725	0.30562779
3.4196265	0.30718964
3.4218838	0.30949131
3.424144	0.31253278
3.4264071	0.31557426
3.4286733	0.31804034
3.4309425	0.32058862
3.4332149	0.32247925
3.4354899	0.32387668
3.4377682	0.3253563
3.4400494	0.32658935
3.4423335	0.32782239
3.4446208	0.32889101
3.4469111	0.33004183
3.449204	0.3312749
3.4515004	0.33250791
3.4537997	0.33390534
3.4561024	0.33522061
3.4584079	0.3362892
3.4607165	0.33727562
3.4630284	0.33809766
3.4653432	0.33908409
3.4676619	0.3398239
3.4699829	0.34015271
3.472307	0.34064594
3.4746342	0.34113914
3.4769647	0.34146798
3.4792981	0.34171456
3.4816349	0.34204337
3.4839747	0.34245437
3.4863167	0.34311202
3.488663	0.34360522
3.4910121	0.34360522
3.4933646	0.34368742
3.4957201	0.34368742
3.4980791	0.3434408
3.5004408	0.34385183
3.5028062	0.34516707
3.5051751	0.34713989
3.5075467	0.35009921
3.5099213	0.35322285
3.5122993	0.35618216
3.5146806	0.35897702
3.517065	0.36160749
3.5194528	0.36407354
3.5218437	0.3664574
3.5242381	0.36826587
3.5266356	0.36990991
3.5290363	0.37147176
3.5314403	0.37303361
3.5338476	0.37459543
3.536258	0.37591067
3.538672	0.37714371
3.5410891	0.37845895
3.5435085	0.37985638
3.5459323	0.38108939
3.5483594	0.38224024
3.5507898	0.38322669
3.5532234	0.3845419
3.5556605	0.38577494
3.5581009	0.38692579
3.5605447	0.38791221
3.5629921	0.38898081
3.5654426	0.38996726
3.5678964	0.39095369
3.5703535	0.39194009
3.5728142	0.39300874
3.5752783	0.39399517
3.5777457	0.3948172
3.5802164	0.39563921
3.5826914	0.39646125
3.5851691	0.39728326
3.5876501	0.39802307
3.5901346	0.39843407
3.5926225	0.3990095
3.595114	0.3998315
3.5976088	0.40048912
3.6001072	0.40114677
3.6026084	0.40172216
3.6051137	0.40213317
3.6076224	0.4025442
3.6101346	0.4029552
3.6126504	0.40344843
3.6151698	0.40394163
3.6176925	0.40427041
3.620219	0.40459925
3.6227491	0.40501028
3.6252825	0.40542126
3.6278193	0.40591446
3.6303599	0.40632549
3.6329038	0.4065721
3.6354516	0.40673649
3.6380026	0.4070653
3.6405575	0.40755853
3.6431165	0.40780514
3.6456785	0.40805176
3.6482441	0.40829834
3.6508133	0.40838054
3.6533861	0.40854496
3.6559625	0.40879157
3.6585426	0.40879157
3.6611264	0.40895596
3.6637127	0.40846273
3.6663036	0.40780514
3.6688983	0.40764073
3.6714969	0.40755853
3.6740987	0.40772292
3.6767046	0.40780514
3.6793139	0.40796953
3.6819272	0.40821612
3.6845443	0.40796953
3.687165	0.40772292
3.6897893	0.40698311
3.6924174	0.4057501
3.695049	0.40410605
3.6976848	0.40237978
3.7003241	0.40106457
3.7029672	0.40032473
3.7056146	0.39950272
3.7082653	0.39876291
3.7109196	0.39802307
3.713578	0.39769426
3.7162399	0.39769426
3.7189059	0.39810526
3.7215757	0.39843407
3.7242491	0.39909169
3.7269256	0.40016034
3.7296069	0.40139335
3.7322919	0.40246201
3.7349808	0.40361282
3.7376738	0.40459925
3.7403705	0.40533906
3.7430711	0.40583226
3.7457757	0.40624329
3.7484846	0.4070653
3.7511971	0.40805176
3.7539134	0.40870938
3.7566335	0.40928477
3.7593577	0.40953138
3.7620859	0.40944919
3.764818	0.40920258
3.767554	0.40903816
3.770293	0.40895596
3.7730372	0.40870938
3.7757852	0.40838054
3.778537	0.40821612
3.7812932	0.40764073
3.7840533	0.40698311
3.7868173	0.40640771
3.7895856	0.40591446
3.7923579	0.40533906
3.7951343	0.40459925
3.7979145	0.40394163
3.800699	0.40344843
3.8034875	0.4030374
3.8062801	0.4030374
3.8090768	0.40336621
3.8118775	0.40377721
3.8146832	0.40435264
3.8174922	0.40517464
3.8203053	0.40591446
3.8231227	0.40673649
3.8259442	0.40755853
3.8287699	0.40813395
3.8315997	0.40854496
3.8344338	0.40912035
3.837271	0.40953138
3.8401134	0.40977797
3.8429599	0.40994239
3.8458109	0.40986016
3.848666	0.40928477
3.8515253	0.40854496
3.8543887	0.40772292
3.8572567	0.40690091
3.8601296	0.40607888
3.8630059	0.40533906
3.8658867	0.40492806
3.8687716	0.40468144
3.8716609	0.40427041
3.8745544	0.40377721
3.8774524	0.40344843
3.8803546	0.4030374
3.8832617	0.4026264
3.8861728	0.4026264
3.8890882	0.40246201
3.8920078	0.40221539
3.894932	0.40172216
3.8978605	0.40098235
3.9007933	0.40016034
3.9037306	0.3993383
3.9066718	0.3985163
3.9096179	0.39761207
3.9125686	0.39662561
3.9155238	0.39572144
3.9184833	0.3948994
3.9214473	0.39448836
3.9244158	0.39424175
3.9273889	0.39383075
3.9303668	0.39333755
3.9333489	0.39276212
3.9363356	0.39226893
3.9393268	0.39177573
3.9423223	0.39144689
3.9453225	0.39103588
3.9483273	0.39054266
3.9513369	0.39004946
3.9543512	0.38988504
3.9573698	0.38963842
3.960393	0.38939184
3.9634209	0.38914523
3.9664533	0.38889861
3.9694903	0.38922745
3.972532	0.38980284
3.9755785	0.39062488
3.9786289	0.39177573
3.9816847	0.39300874
3.984745	0.39399517
3.9878104	0.3948172
3.9908803	0.3953926
3.9939549	0.39605021
3.9970343	0.39654341
4.0001183	0.39720106
4.0032082	0.39769426
4.0063019	0.39802307
4.0094004	0.39843407
4.0125036	0.39876291
4.0156116	0.39884511
4.0187244	0.39892727
4.021842	0.3990095
4.0249648	0.3990095
4.028091	0.39884511
4.0312233	0.39884511
4.0343604	0.39876291
4.0375023	0.3985163
4.0406489	0.39826968
4.0438008	0.39810526
4.046958	0.39785868
4.0501194	0.39769426
4.0532866	0.39736545
4.056458	0.39687222
4.0596347	0.39646125
4.0628161	0.39605021
4.0660028	0.39572144
4.0691943	0.3953926
4.0723906	0.39498156
4.0755925	0.39465278
4.0787992	0.39424175
4.0820107	0.39374855
4.0852275	0.39325535
4.0884495	0.39284432
4.0916762	0.39251554
4.0949082	0.3921867
4.0981455	0.39161131
4.1013875	0.39103588
4.1046343	0.39070708
4.1078868	0.39046046
4.1111441	0.38988504
4.1144071	0.38939184
4.1176748	0.38881642
4.1209483	0.38840541
4.1242266	0.38791221
4.1275101	0.38750118
4.1307993	0.38692579
4.1340938	0.38651475
4.137393	0.38593933
4.1406975	0.38536394
4.1440077	0.38478851
4.1473227	0.38429528
4.1506433	0.38371989
4.1539693	0.38314447
4.1573014	0.38265124
4.1606379	0.38224024
4.16398	0.38166484
4.1673269	0.381336
4.1706796	0.3808428
4.1740379	0.38034958
4.1774011	0.37977418
4.1807699	0.37928098
4.1841431	0.37862337
4.1875229	0.37813014
4.190908	0.37763694
4.1942987	0.37714371
4.1976953	0.37656829
4.2010965	0.37607509
4.204504	0.37533528
4.2079167	0.37459543
4.2113357	0.37385562
4.2147593	0.373198
4.2181888	0.37245819
4.2216239	0.37163618
4.2250643	0.37097856
4.2285104	0.37048534
4.2319622	0.36990991
4.2354198	0.36949888
4.2388835	0.36900568
4.242352	0.36851248
4.2458267	0.36810145
4.2493072	0.36777267
4.2527928	0.36736163
4.2562842	0.36678624
4.2597818	0.36604643
4.2632847	0.36530659
4.2667923	0.36473119
4.2703071	0.36407354
4.2738276	0.36341593
4.2773538	0.36292273
4.2808857	0.36218292
4.2844238	0.36168972
4.2879677	0.36119649
4.2915173	0.36062106
4.2950735	0.35996345
4.298635	0.35938805
4.3022022	0.35897702
4.3057756	0.35856602
4.3093548	0.35799059
4.3129401	0.35757959
4.3165312	0.35716856
4.3201284	0.35651094
4.3237324	0.35585335
4.3273416	0.35519573
4.3309565	0.35445592
4.3345776	0.35396269
4.3382049	0.35338727
4.3418384	0.35297626
4.3454776	0.35248303
4.3491235	0.35207203
4.3527737	0.35157883
4.3564315	0.35083902
4.3600955	0.35001698
4.3637652	0.34944156
4.3674417	0.34878394
4.3711243	0.34829074
4.3748131	0.34771535
4.3785081	0.34713989
4.3822103	0.34648228
4.3859177	0.34574246
4.3896313	0.34500265
4.3933511	0.34426284
4.3970776	0.343523
4.4008102	0.34286541
4.4045491	0.34196118
4.4082947	0.34113914
4.412045	0.34039932
4.415803	0.33949509
4.4195676	0.33867308
4.4233384	0.33776885
4.4271159	0.33686465
4.4308996	0.33587819
4.43469	0.33497399
4.4384871	0.33423415
4.4422908	0.33332992
4.4461007	0.33226132
4.4499168	0.33111048
4.4537401	0.33020625
4.4575696	0.32930201
4.4614058	0.32839781
4.4652486	0.32741138
4.4690976	0.32626054
4.4729543	0.32510972
4.4768167	0.32395887
4.4806862	0.32264364
4.4845624	0.32132843
4.4884448	0.32009536
4.4923344	0.31886235
4.4962306	0.31746492
4.5001335	0.31614965
4.5040426	0.31467003
4.5079594	0.31310818
4.5118828	0.31146413
4.5158129	0.3096557
4.5197501	0.30801165
4.523694	0.30636761
4.5276446	0.30464137
4.5316024	0.3029151
4.5355678	0.30102447
4.5395393	0.29913381
4.5435181	0.29724318
4.5475035	0.29535252
4.551496	0.29337966
4.5554957	0.29148901
4.5595021	0.28935176
4.5635157	0.28729671
4.5675368	0.28524163
4.5715647	0.28318658
4.5755997	0.28104934
4.5796418	0.27907649
4.5836911	0.27726805
4.5877471	0.27554178
4.5918107	0.27373332
4.5958815	0.27200708
4.5999584	0.27036306
4.604044	0.26880121
4.6081362	0.26715717
4.612236	0.26575974
4.616343	0.2645267
4.6204576	0.26329365
4.6245794	0.26181403
4.6287084	0.26041657
4.6328454	0.25926575
4.6369891	0.2581149
4.6411405	0.25704628
4.6452994	0.25597766
4.6494656	0.25474462
4.6536388	0.2535938
4.6578202	0.25244296
4.6620088	0.25104553
4.6662059	0.24956588
4.6704097	0.24808626
4.6746206	0.24627779
4.6788397	0.24414055
4.6830664	0.24200328
4.6873007	0.23978382
4.6915426	0.23739997
4.6957922	0.2349339
4.7000484	0.23222123
4.7043133	0.22950855
4.7085862	0.22687809
4.7128668	0.22416541
4.717155	0.22153494
4.7214513	0.21898668
4.7257552	0.2166028
4.7300668	0.21413673
4.7343879	0.21183507
4.7387152	0.20986223
4.7430506	0.20813598
4.7473941	0.20649193
4.7517457	0.20476569
4.7561049	0.20320386
4.7604723	0.20180641
4.7648478	0.20081998
4.7692318	0.19991575
4.7736235	0.19884713
4.7780232	0.1979429
4.7824311	0.19728529
4.7868466	0.19662768
4.7912707	0.19605225
4.7957029	0.19547684
4.8001437	0.19506583
4.8045907	0.19440821
4.8090477	0.1935862
4.8135128	0.19284637
4.8179865	0.19185995
4.8224683	0.19079132
4.8269582	0.18964049
4.8314571	0.18848966
4.8359637	0.18725662
4.8404803	0.18602358
4.8450041	0.18462615
4.8495364	0.18331091
4.8540773	0.18199569
4.8586264	0.18059824
4.8631845	0.1791186
4.8677506	0.17755675
4.8723259	0.17615932
4.8769083	0.17476188
4.8815002	0.17344666
4.8861008	0.17229582
4.8907104	0.17114499
4.8953285	0.17015857
4.8999557	0.16917214
4.9045911	0.16818571
4.909236	0.16744588
4.9138899	0.16662386
4.9185519	0.16563745
4.923223	0.16473322
4.9279027	0.163829
4.9325914	0.16300698
4.9372892	0.16234934
4.9419956	0.16136293
4.9467115	0.16029431
4.951437	0.15922566
4.9561706	0.15832146
4.9609137	0.15717062
4.9656653	0.15585537
4.9704261	0.15462235
4.9751964	0.15330711
4.9799757	0.15182747
4.9847641	0.15051223
4.9895606	0.149197
4.9943671	0.14804617
4.9991837	0.14681312
5.0040088	0.14566229
5.0088439	0.14467588
5.0136881	0.14368945
5.0185413	0.14270303
5.0234041	0.1419632
5.0282774	0.14114118
5.0331593	0.14040136
5.0380507	0.13982596
5.0429511	0.13941494
5.0478616	0.13892172
5.0527816	0.13851072
5.0577111	0.13801749
5.0626502	0.13752429
5.0675998	0.13719547
5.0725584	0.13678446
5.0775266	0.13629125
5.0825043	0.13579804
5.087492	0.13522261
5.0924897	0.13464721
5.097497	0.13407178
5.1025143	0.13333197
5.1075401	0.13250995
5.112577	0.13193454
5.1176243	0.13119473
5.1226811	0.1306193
5.127748	0.13012609
5.1328249	0.12963288
5.1379123	0.12889306
5.1430092	0.12831764
5.1481171	0.12807103
5.1532345	0.12766002
5.1583619	0.1270846
5.1634998	0.12650919
5.1686478	0.12576936
5.1738062	0.12494735
5.1789751	0.12412532
5.184154	0.12322111
5.1893444	0.12223468
5.1945438	0.12124825
5.1997542	0.12026182
5.2049747	0.1191932
5.210206	0.11796016
5.2154474	0.11680933
5.2206998	0.11549409
5.2259626	0.11417887
5.2312346	0.11294582
5.2365189	0.1116306
5.2418137	0.11031536
5.2471189	0.10908233
5.2524352	0.10793149
5.2577624	0.10686287
5.2631001	0.10595864
5.2684488	0.10505442
5.273809	0.10423239
5.2791796	0.10349257
5.2845607	0.10258836
5.2899532	0.10184853
5.2953568	0.10143752
5.3007712	0.1009443
5.3061967	0.10020449
5.3116336	0.099711277
5.3170795	0.099300265
5.3225384	0.098807044
5.3280087	0.098231629
5.3334904	0.09765622
5.3389831	0.0969164
5.3444872	0.096094377
5.3500028	0.095190153
5.3555293	0.094285928
5.3610692	0.093299501
5.3666191	0.092395276
5.37218	0.091491051
5.3777528	0.090504624
5.3833375	0.089682601
5.3889332	0.088696174
5.3945408	0.08779195
5.4001603	0.086969927
5.4057918	0.086230107
5.4114347	0.085572496
5.417089	0.084914878
5.4227557	0.084257253
5.4284339	0.083599642
5.434124	0.082942024
5.439826	0.082202204
5.44554	0.08170899
5.4512644	0.081215777
5.4570026	0.080475956
5.4627528	0.079736136
5.4685154	0.079160728
5.4742899	0.078503102
5.4800768	0.078009896
5.4858756	0.077516675
5.4916868	0.077023469
5.4975119	0.076530248
5.5033479	0.075954832
5.5091963	0.075461626
5.5150576	0.075132817
5.5209308	0.074557401
5.5268164	0.073981985
5.5327148	0.073570974
5.5386262	0.072995558
5.5445509	0.07233794
5.550487	0.071844727
5.5564361	0.071187109
5.562398	0.070447288
5.5683727	0.069871873
5.5743604	0.069378659
5.5803604	0.068803243
5.5863738	0.068145625
5.5923977	0.067323603
5.5984373	0.066748187
5.6044893	0.066337176
5.6105552	0.06584397
5.6166334	0.065268554
5.6227255	0.064775333
5.6288304	0.064282127
5.6349487	0.063788913
5.6410818	0.0632957
5.6472268	0.062966883
5.6533852	0.062638082
5.6595569	0.06222707
5.6657424	0.061651655
5.6719413	0.061158441
5.6781535	0.060829632
5.6843796	0.060583025
5.6906204	0.060254216
5.6968741	0.059843205
5.7031412	0.059596598
5.7094221	0.059349991
5.7157168	0.05893898
5.7220259	0.058692373
5.7283483	0.058363568
5.7346849	0.057788152
5.7410331	0.057294939
5.7473979	0.056883924
5.7537766	0.056472912
5.76017	0.055897497
5.7665772	0.055650894
5.7729988	0.055239882
5.7794347	0.054746669
5.7858849	0.054335658
5.7923512	0.054089051
5.7988305	0.053842444
5.8053241	0.053513635
5.811832	0.053184826
5.8183551	0.053020421
5.8248925	0.053020421
5.8314447	0.05260941
5.8380117	0.052362803
5.8445945	0.052280601
5.851191	0.052033994
5.8578029	0.05186959
5.864429	0.051787391
5.8710709	0.051622983
5.877727	0.051705185
5.8843989	0.051787391
5.8910856	0.051705185
5.8977852	0.05186959
5.9045024	0.051787391
5.9112349	0.051705185
5.9179831	0.051540781
5.9247465	0.051376376
5.9315252	0.051211972
5.9383197	0.051211972
5.9451299	0.051047567
5.9519572	0.050800964
5.9587984	0.050472151
5.9656553	0.049896736
5.9725285	0.049485724
5.9794173	0.048992511
5.9863219	0.048417095
5.9932423	0.047759481
6.0001788	0.047184065
6.0071297	0.046608649
6.0140982	0.046197638
6.0210834	0.045704424
6.0280848	0.044964604
6.0351024	0.044224788
6.0421362	0.043731574
6.0491862	0.043320563
6.0562534	0.042745147
6.0633373	0.042087529
6.0704374	0.041594315
6.0775537	0.041101102
6.0846872	0.040443484
6.0918374	0.040032472
6.0990043	0.039621461
6.1061878	0.039210454
6.1133885	0.039046045
6.1206079	0.038963843
6.1278424	0.03871724
6.1350942	0.038635038
6.1423635	0.038635038
6.1496496	0.038552832
6.1569533	0.038552832
6.1642742	0.03847063
6.1716127	0.038552832
6.1789665	0.038635038
6.1863399	0.038799442
6.1937308	0.038799442
6.2011395	0.03871724
6.2085662	0.038799442
6.2160106	0.038799442
6.2234726	0.039046045
6.2309527	0.039210454
6.238452	0.039374854
6.2459679	0.039457057
6.2535024	0.039621461
6.261055	0.039785869
6.2686257	0.040032472
6.2762151	0.040279083
6.2838225	0.040443484
6.2914486	0.040690091
6.2990947	0.0410189
6.3067579	0.041429911
6.3144398	0.041840918
6.3221402	0.042251933
6.3298597	0.042662945
6.3375978	0.04323836
6.345355	0.043978177
6.3531313	0.044471391
6.3609242	0.044800203
6.3687387	0.045457818
6.3765721	0.046033233
6.3844252	0.046362042
6.3922973	0.046855256
6.4001889	0.047348469
6.4081001	0.047677279
6.4160309	0.048170492
6.4239826	0.048581503
6.431953	0.048745908
6.4399428	0.048992511
6.4479527	0.049156919
6.4559822	0.049403522
6.4640322	0.049650133
6.4721022	0.049814537
6.4801922	0.049732335
6.4883046	0.049567927
6.4964356	0.049650133
6.5045867	0.049567927
6.5127583	0.049321324
6.5209503	0.049156919
6.5291634	0.049074717
6.5373969	0.048910309
6.545651	0.048663706
6.5539231	0.048334897
6.5622191	0.048006088
6.5705361	0.048006088
6.5788746	0.047923882
6.587234	0.047759481
6.5956144	0.047430672
6.6040168	0.047101863
6.6124401	0.046773054
6.6208863	0.046526447
6.629353	0.04627984
6.6378412	0.046115436
6.6463513	0.045868829
6.6548829	0.045375615
6.6634369	0.044964604
6.6720128	0.044800203
6.6806107	0.044635795
6.6892328	0.044389188
6.6978755	0.044142585
6.7065401	0.043895975
6.7152276	0.043567169
6.723937	0.043402761
6.7326698	0.04323836
6.7414246	0.042909548
6.7502027	0.042662945
6.7590008	0.042334136
6.7678242	0.042087529
6.7766714	0.041840918
6.7855411	0.041594315
6.7944345	0.041347705
6.8033509	0.041101102
6.8122911	0.040690091
6.8212547	0.040443484
6.8302436	0.040279083
6.8392544	0.03995027
6.848289	0.039539259
6.8573475	0.039292656
6.8664303	0.039128248
6.8755369	0.038963843
6.8846679	0.038881641
6.8938227	0.03871724
6.9029989	0.03847063
6.9122028	0.038224027
6.9214315	0.037895214
6.9306846	0.037730813
6.9399629	0.037566409
6.9492655	0.037237599
6.9585934	0.036908787
6.9679465	0.036744386
6.9773269	0.036497779
6.9867301	0.036415573
6.9961591	0.03616897
7.0056133	0.035922363
7.0150933	0.035675757
7.0245986	0.03542915
7.0341301	0.035100341
7.0436873	0.03468933
7.0532722	0.034278322
7.0628819	0.033702906
7.0725174	0.033209693
7.0821791	0.03288088
7.0918674	0.032634277
7.1015825	0.032469869
7.1113243	0.032305468
7.1210923	0.031894457
7.1308832	0.031483442
7.1407056	0.03099023
7.1505547	0.030497016
7.1604309	0.03025041
7.1703348	0.029921602
7.1802659	0.029510591
7.1902246	0.029017378
7.200211	0.028606366
7.210228	0.028277557
7.2202702	0.027866548
7.23034	0.027455535
7.2404385	0.027126728
7.2505651	0.026797919
7.2607198	0.02646911
7.2709031	0.026140301
7.2811151	0.025647089
7.2913575	0.025153875
7.3016272	0.024825066
7.3119259	0.024660662
7.3222532	0.024331853
7.3326101	0.024003044
7.3429961	0.023756437
7.3534117	0.023427628
7.3638568	0.022934414
7.3743277	0.022852212
7.3848329	0.022523403
7.3953671	0.021947987
7.4059319	0.021536978
7.4165273	0.021372573
7.4271526	0.021125967
7.4378085	0.020797158
7.4484949	0.020386146
7.4592152	0.020221742
7.4699631	0.019975135
7.4807425	0.019646328
7.4915524	0.019481922
7.5023942	0.019317519
7.513267	0.019153114
7.5241718	0.018988708
7.5351081	0.018824305
7.5460782	0.018495496
7.5570784	0.018166685
7.5681105	0.01824889
7.579175	0.018166685
7.5902719	0.018084485
7.6014013	0.018002283
7.6125636	0.017673474
7.6237588	0.017509069
7.6349821	0.017262463
7.6462431	0.017098058
7.6575375	0.017015856
7.6688652	0.016769249
7.6802268	0.016522642
7.6916218	0.01635824
7.7030506	0.016276035
7.7145133	0.016029431
7.7260127	0.015782824
7.7375441	0.015536216
7.7491097	0.01528961
7.7607102	0.015207408
7.7723455	0.014960801
7.7840157	0.014796397
7.7957211	0.01454979
7.8074613	0.014303183
7.8192339	0.014138779
7.8310452	0.013892172
7.8428926	0.013645566
7.8547754	0.013234555
7.8666949	0.012823544
7.8786502	0.012741341
7.8906422	0.012494734
7.9026704	0.012165926
7.9147372	0.01191932
7.9268394	0.011590511
7.9389782	0.011015095
7.9511547	0.010768489
7.9633684	0.010521882
7.9756198	0.010193073
7.9879088	0.0098642642
8.0002356	0.0094532538
8.0126038	0.0092066461
8.0250072	0.0090422425
8.0374498	0.0087134335
8.0499296	0.0084668268
8.0624495	0.0083846245
8.0750074	0.0078914119
8.0876055	0.0074804006
8.1002417	0.0069871871
8.1129141	0.006493974
8.1256304	0.0061651655
8.1383867	0.0058363564
8.1511831	0.0056719519
8.1640196	0.0053431434
8.1768961	0.0048499303
8.1898146	0.0046033231
8.2027731	0.0042745145
8.2157736	0.00411011
8.2288151	0.0038635037
8.2418976	0.0036990992
8.2550211	0.0036990992
8.2681875	0.0036168969
8.281395	0.0036990992
8.2946453	0.0036990992
8.3079386	0.0038635037
8.3212767	0.0039457059
8.3346548	0.0039457059
8.3480768	0.0039457059
8.3615408	0.0039457059
8.3750496	0.0038635037
8.3886013	0.0037813012
8.4021969	0.0037813012
8.4158373	0.0040279082
8.4295158	0.0040279082
8.4432449	0.00411011
8.4570189	0.0040279082
8.4708366	0.0039457059
8.4847012	0.0039457059
8.4986105	0.00411011
8.5125656	0.0042745145
8.5265665	0.0042745145
8.540616	0.0043567168
8.5547094	0.004438919
8.5688496	0.0046033231
8.5830364	0.004767728
8.59727	0.0049321321
8.6115513	0.0050965366
8.6258802	0.0051787389
8.6402569	0.0052609411
8.6546841	0.0054253452
8.6691561	0.0059185587
8.6836777	0.0064117722
8.6982479	0.0069049853
8.7128668	0.0074804006
8.7275343	0.00822022
8.7422523	0.0091244448
8.75702	0.010604084
8.7718325	0.012083724
8.7866993	0.013563364
8.8016176	0.015207408
8.8165865	0.016933654
8.8316059	0.019235315
8.8466768	0.021536978
8.8617992	0.023674235
8.8769741	0.026304705
8.8922033	0.029263984
8.9074821	0.032223266
8.9228134	0.03542915
8.9381971	0.038963843
8.9536343	0.042827349
8.9691257	0.04701966
8.9846697	0.051376376
9.000268	0.055979699
9.0159235	0.060336418
9.0316315	0.064528726
9.0473928	0.068556644
9.0632105	0.072255731
9.0790825	0.076530248
9.0950108	0.081544586
9.1109953	0.086723328
9.1270351	0.091902062
9.1431274	0.096587591
9.1592817	0.10086211
9.1754923	0.1043968
9.191761	0.10743828
9.2080879	0.11031536
9.224472	0.11343905
9.2409153	0.11763135
9.2574167	0.1230567
9.2739801	0.12864645
9.2906008	0.13382518
9.3072805	0.13859291
9.3240204	0.14262082
9.3408203	0.14664873
9.3576803	0.15116985
9.3746023	0.15708841
9.3915854	0.16506203
9.4086237	0.17574832
9.4257298	0.18890066
9.4428988	0.20369706
9.4601307	0.21906887
9.4774246	0.23353645
9.4947834	0.24504477
9.5122042	0.25310057
9.5296898	0.25786832
9.5472441	0.25984117
9.5648584	0.25934795
9.5825386	0.25663528
9.6002836	0.25145656
9.6180954	0.24471596
9.635973	0.23723556
9.6539164	0.22967295
9.6719275	0.22227475
9.6900091	0.21569857
9.7081556	0.20994443
9.7263699	0.20468348
9.7446527	0.20024456
9.7630043	0.19597004
9.7814245	0.19120233
9.7999153	0.18577698
9.8184757	0.18002284
9.837101	0.17426868
9.8558025	0.16859671
9.8745756	0.16300698
9.8934202	0.15733501
9.9123363	0.15248509
9.9313259	0.14788176
9.950388	0.14327845
9.9695234	0.13916832
9.9887362	0.13563363
10.008019	0.13250995
10.027377	0.13012609
10.04681	0.12872864
10.066319	0.12774223
10.085902	0.12724902
10.105563	0.126838
10.1253	0.12601598
10.145119	0.12404313
10.165011	0.12100164
10.184982	0.11746695
10.205031	0.11360345
10.22516	0.11031536
10.245367	0.10784929
10.265656	0.10579424
10.286023	0.10382138
10.306466	0.10201294
10.326997	0.099957876
10.34761	0.097902827
10.368304	0.095518962
10.389083	0.092888489
10.409945	0.090504624
10.43089	0.088120759
10.45192	0.085408084
10.473039	0.08269541
10.49424	0.080229349
10.515526	0.07768108
10.536899	0.074968405
10.558359	0.072173536
10.579906	0.06913206
10.601542	0.066665985
10.623267	0.064364322
10.645084	0.062062662
10.666988	0.059596598
10.688982	0.057377137
10.711066	0.055733096
10.733243	0.054417856
10.755511	0.053184826
10.777872	0.052033994
10.800325	0.050965365
10.822865	0.049978938
10.845508	0.048910309
10.868244	0.04808829
10.891077	0.047266267
10.914005	0.046362042
10.937031	0.045375615
10.960154	0.044389188
10.983374	0.043649372
11.006698	0.043073956
11.030116	0.042416334
11.053635	0.041676518
11.077253	0.041101102
11.100973	0.040772293
11.124795	0.040279083
11.14872	0.039703663
11.172747	0.039046045
11.196871	0.03871724
11.221107	0.038388427
11.245447	0.037566409
11.269894	0.037073195
11.294447	0.036333371
11.319107	0.035511352
11.343875	0.034853734
11.368752	0.034196116
11.393744	0.033702906
11.418839	0.032634277
11.444047	0.031483442
11.469365	0.030825827
11.494797	0.03025041
11.52034	0.029510591
11.545999	0.028852973
11.571771	0.028359761
11.597663	0.027866548
11.623667	0.027373334
11.649787	0.026797919
11.676025	0.025811492
11.702382	0.024907269
11.728858	0.024496255
11.755454	0.023920842
11.782171	0.023181021
11.809002	0.022605607
11.835962	0.022276796
11.863048	0.021783585
11.890256	0.021372573
11.91759	0.021125967
11.94505	0.020632753
11.972636	0.020057337
12.000351	0.019810731
12.028198	0.019481922
12.056171	0.018742101
12.084274	0.018166685
12.112508	0.017920079
12.140875	0.017344665
12.169374	0.016933654
12.198009	0.016933654
12.226777	0.016604846
12.255688	0.016111633
12.28473	0.015536216
12.31391	0.015043003
12.343228	0.014960801
12.372687	0.014467588
12.402287	0.013974374
12.432029	0.013809971
12.461913	0.013727767
12.491931	0.013563364
12.522105	0.012905746
12.552425	0.012248128
12.582892	0.012165926
12.613507	0.012083724
12.644272	0.012083724
12.675187	0.012001522
12.706254	0.011754915
12.737479	0.0111795
12.768852	0.010686287
12.80038	0.01043968
12.832064	0.010604084
12.863906	0.01043968
12.895905	0.010110871
12.928064	0.0098642642
12.960384	0.0093710506
12.992874	0.0090422425
13.025519	0.0087134335
13.05833	0.0083846245
13.091305	0.0084668268
13.124448	0.0084668268
13.157759	0.0086312313
13.191238	0.0083024232
13.22489	0.008549029
13.258701	0.0087956358
13.292698	0.00822022
13.326869	0.0078914119
13.361217	0.00822022
13.395742	0.008549029
13.430446	0.0087956358
13.46533	0.0090422425
13.500397	0.0095354561
13.535651	0.010275275
13.571085	0.011015095
13.606705	0.011590511
13.642511	0.011837117
13.678508	0.012412533
13.714694	0.013563364
13.751073	0.014796397
13.787644	0.016111633
13.82442	0.017098058
13.861383	0.018413292
13.898545	0.020221742
13.935907	0.021536978
13.97347	0.023181021
14.011236	0.025564885
14.049208	0.028030951
14.087384	0.030003805
14.125755	0.032305468
14.16435	0.035264745
14.203156	0.037813015
14.242176	0.040279083
14.281411	0.043156158
14.320862	0.04701966
14.360532	0.052362803
14.400422	0.058116958
14.440542	0.064610936
14.48088	0.071187109
14.521442	0.077516675
14.562233	0.082942024
14.603253	0.087216534
14.644506	0.091655456
14.685991	0.095354557
14.727713	0.098478243
14.76966	0.1006977
14.811859	0.10184853
14.8543	0.10168412
14.896984	0.1006977
14.939916	0.098807044
14.983094	0.095601164
15.026524	0.093217298
15.070205	0.091326647
15.11415	0.090093613
15.158343	0.089682601
15.202796	0.089518197
15.24751	0.089189388
15.292488	0.089189388
15.337732	0.088202961
15.383245	0.087380938
15.429028	0.086476721
15.475092	0.08499708
15.521424	0.083846249
15.568036	0.082531013
15.614927	0.080311552
15.662103	0.078749709
15.709563	0.078503102
15.757313	0.078338698
15.805353	0.077187866
15.853672	0.075954832
15.902304	0.07488621
15.951234	0.073488772
16.000465	0.07233794
16.050003	0.071269311
16.099848	0.069871873
16.150003	0.067488007
16.200472	0.065515153
16.251265	0.063788913
16.30237	0.061569449
16.353796	0.058856778
16.405548	0.056061901
16.45763	0.053842444
16.510042	0.051294178
16.56279	0.048663706
16.615877	0.045457818
16.669313	0.043402761
16.723085	0.042909548
16.777206	0.041676518
16.831676	0.039703663
16.886503	0.038306229
16.941689	0.037648611
16.997234	0.036579981
17.053146	0.035100341
17.109409	0.034196116
17.166063	0.03288088
17.223093	0.031483442
17.280504	0.031072432
17.338299	0.030579221
17.396481	0.030003805
17.455055	0.030168209
17.514025	0.03164785
17.573404	0.031565648
17.633179	0.030332614
17.693359	0.030497016
17.753954	0.030661423
17.814964	0.029921602
17.876394	0.028935175
17.938251	0.028113155
18.000536	0.028524164
18.063269	0.029428389
18.126427	0.028935175
18.190027	0.029428389
18.254078	0.030332614
18.318579	0.029592793
18.383539	0.030497016
18.448961	0.0336207
18.514851	0.035346948
18.58119	0.037566409
18.648029	0.042827349
18.715351	0.050472151
18.783159	0.057294939
18.851461	0.066090569
18.920263	0.07669466
18.989569	0.088038564
19.059383	0.099793471
19.129725	0.11278142
19.200575	0.12766002
19.271952	0.13941494
19.343863	0.149197
19.416311	0.15856805
19.489305	0.16613066
19.562849	0.1717204
19.636951	0.17583053
19.711594	0.18035164
19.786827	0.18347532
19.862638	0.18807864
19.939034	0.19292857
20.016018	0.19818951
20.093599	0.20386146
20.171785	0.21019104
20.250582	0.2166028
20.330009	0.2236722
20.410049	0.2274535
20.490723	0.22885093
20.572035	0.23065938
20.653994	0.23213902
20.73661	0.2315636
20.819889	0.23353645
20.903841	0.23772876
20.988487	0.2384686
21.073807	0.23929061
21.159821	0.24249651
21.246542	0.24200328
21.333977	0.23920842
21.422132	0.23690675
21.511023	0.23575592
21.600651	0.23296104
21.691	0.22564505
21.782139	0.21898668
21.874046	0.2168494
21.966734	0.21536978
22.060209	0.21462995
22.154484	0.21364354
22.249567	0.20517671
22.34547	0.19613446
22.442221	0.19268197
22.539797	0.18898287
22.638224	0.18495496
22.737514	0.17780337
22.837679	0.17204921
22.93873	0.16695267
23.04068	0.16029431
23.143541	0.15462235
23.247343	0.14812838
23.35206	0.141881
23.457727	0.13349637
23.564352	0.12716681
23.671953	0.12585157
23.78054	0.12749562
23.890127	0.11968641
24.000731	0.11656272
24.112324	0.12034403
24.224998	0.12231688
24.338732	0.11820677
24.453537	0.11869998
24.569429	0.12363212
24.686426	0.12437193
24.804543	0.1233855
