# Bloedite, Chemical Formula: Na2Mg(SO4)2*4H2O
# Sample ID: GDS147
# wavelengths (microns), reflectance
1.5283473	0.15803361
1.528798	0.15800314
1.529249	0.1580946
1.5297003	0.15824707
1.5301517	0.1581251
1.5306035	0.15785068
1.5310555	0.15815558
1.5315078	0.15864344
1.5319604	0.15861295
1.5324134	0.15855196
1.5328665	0.15855196
1.5333198	0.15846048
1.5337734	0.15870441
1.5342274	0.15867393
1.5346816	0.15858246
1.5351361	0.15885687
1.5355908	0.15891784
1.5360456	0.15876541
1.5365007	0.15885687
1.5369563	0.15891784
1.537412	0.1588264
1.5378683	0.15897883
1.5383245	0.15919228
1.5387812	0.15919228
1.539238	0.15922277
1.5396953	0.15934473
1.5401527	0.15916179
1.5406104	0.15931423
1.5410683	0.15952767
1.5415267	0.15937522
1.5419852	0.15940571
1.542444	0.15946668
1.5429029	0.15952767
1.5433626	0.15958865
1.5438222	0.15977159
1.5442821	0.15995455
1.5447421	0.16001551
1.5452026	0.15986308
1.5456632	0.15992406
1.5461243	0.16001551
1.5465856	0.15980209
1.5470469	0.15998504
1.5475086	0.16016798
1.5479708	0.16019848
1.5484331	0.16035092
1.5488957	0.16035092
1.5493586	0.16028994
1.5498219	0.16047288
1.5502852	0.16050337
1.5507492	0.16038142
1.5512131	0.16050337
1.5516775	0.16065583
1.552142	0.1608083
1.5526069	0.16089977
1.553072	0.1610827
1.5535375	0.16111319
1.5540031	0.16135712
1.5544689	0.16150957
1.5549351	0.16150957
1.5554017	0.161723
1.5558684	0.16190594
1.5563356	0.16187547
1.5568029	0.16190594
1.5572705	0.16211939
1.5577384	0.16199742
1.5582068	0.16205841
1.5586753	0.16218038
1.5591441	0.16230233
1.5596131	0.16251576
1.5600824	0.16263774
1.560552	0.16263774
1.561022	0.16279018
1.5614921	0.1630951
1.5619628	0.16327803
1.5624335	0.16324754
1.5629046	0.16333902
1.5633758	0.16349146
1.5638475	0.16355243
1.5643194	0.16364393
1.5647916	0.16367441
1.565264	0.16376589
1.5657365	0.16400981
1.5662096	0.1640403
1.5666829	0.16407081
1.5671564	0.16425374
1.5676304	0.16446717
1.5681045	0.1643452
1.5685791	0.16425374
1.5690538	0.16443668
1.5695291	0.16477209
1.5700043	0.16495503
1.57048	0.16492453
1.5709559	0.16501601
1.5714321	0.16516845
1.5719085	0.16516845
1.5723853	0.16538189
1.5728624	0.16550386
1.5733397	0.16538189
1.5738174	0.16519895
1.5742953	0.16547339
1.5747734	0.16550386
1.5752521	0.16553436
1.5757308	0.1660222
1.5762099	0.16617467
1.5766892	0.16611367
1.5771688	0.1660222
1.5776488	0.16614416
1.5781291	0.16620514
1.5786096	0.16626613
1.5790905	0.16629662
1.5795716	0.16644908
1.5800531	0.16657105
1.5805347	0.16647957
1.5810168	0.16629662
1.5814991	0.1666625
1.5819818	0.16690645
1.5824646	0.16675398
1.5829479	0.16672347
1.5834312	0.16672347
1.5839151	0.16681497
1.5843991	0.16678447
1.5848837	0.16672347
1.5853683	0.16684544
1.5858533	0.16693693
1.5863385	0.16699791
1.5868242	0.16705889
1.58731	0.1673028
1.5877962	0.1673028
1.5882826	0.16724183
1.5887693	0.16711988
1.5892563	0.16705889
1.5897436	0.16718085
1.5902313	0.16736379
1.5907192	0.1673333
1.5912075	0.1673028
1.591696	0.16739428
1.5921849	0.16760772
1.592674	0.16766872
1.5931635	0.16757722
1.5936533	0.16760772
1.5941433	0.16760772
1.5946337	0.1676992
1.5951242	0.16782115
1.5956153	0.16791263
1.5961065	0.16782115
1.5965984	0.1676992
1.5970901	0.16788214
1.5975825	0.16794312
1.5980748	0.16794312
1.5985676	0.1680346
1.5990607	0.16791263
1.5995542	0.16791263
1.6000477	0.1680346
1.6005416	0.16797362
1.6010358	0.16794312
1.6015304	0.1680346
1.6020253	0.16782115
1.6025206	0.16782115
1.603016	0.16812608
1.6035119	0.16824803
1.604008	0.16818704
1.6045047	0.16821754
1.6050013	0.16830902
1.6054984	0.16824803
1.6059958	0.16821754
1.6064935	0.16818704
1.6069914	0.16821754
1.6074898	0.16821754
1.6079884	0.16827852
1.608487	0.16836999
1.6089861	0.16846146
1.6094857	0.16855295
1.6099856	0.16852245
1.6104858	0.16840048
1.6109861	0.16840048
1.611487	0.16855295
1.6119881	0.16870539
1.6124896	0.16870539
1.6129912	0.16855295
1.6134933	0.16858342
1.6139956	0.16855295
1.6144984	0.16846146
1.6150012	0.16858342
1.6155045	0.16852245
1.616008	0.16843098
1.6165122	0.16858342
1.6170163	0.16864443
1.6175209	0.16849196
1.6180257	0.16861391
1.6185309	0.16885784
1.6190363	0.16891882
1.6195421	0.16882735
1.6200482	0.16876638
1.6205544	0.16873589
1.6210611	0.1686749
1.6215682	0.16876638
1.6220756	0.1690103
1.6225833	0.16919324
1.6230912	0.16922374
1.6235996	0.16913226
1.6241082	0.16891882
1.6246173	0.16907129
1.6251266	0.16907129
1.6256363	0.16904077
1.6261462	0.16904077
1.6266564	0.16922374
1.627167	0.1693152
1.6276779	0.16925423
1.6281891	0.16919324
1.6287007	0.16913226
1.6292125	0.16913226
1.6297247	0.16910176
1.6302372	0.16907129
1.6307501	0.16919324
1.6312631	0.1693152
1.6317767	0.16919324
1.6322904	0.16922374
1.6328044	0.16928473
1.6333188	0.1693152
1.6338336	0.16919324
1.6343486	0.16928473
1.6348641	0.16946766
1.6353798	0.16946766
1.6358958	0.16952865
1.6364123	0.16958962
1.6369292	0.16949816
1.637446	0.1694067
1.6379635	0.16946766
1.6384811	0.16962011
1.6389992	0.16962011
1.6395175	0.16958962
1.6400362	0.16962011
1.6405551	0.16962011
1.6410745	0.16962011
1.6415942	0.16971157
1.6421142	0.16977257
1.6426344	0.16995551
1.6431552	0.16995551
1.643676	0.16986404
1.6441975	0.16989453
1.644719	0.1700165
1.6452409	0.17004699
1.6457632	0.17010798
1.6462859	0.17022993
1.6468087	0.17016895
1.6473321	0.17007747
1.6478556	0.1700165
1.6483797	0.17004699
1.648904	0.17004699
1.6494286	0.17010798
1.6499535	0.17007747
1.6504788	0.17010798
1.6510044	0.17022993
1.6515305	0.1703214
1.6520567	0.17016895
1.6525834	0.17010798
1.6531103	0.17019944
1.6536378	0.17029092
1.6541654	0.17029092
1.6546935	0.17029092
1.6552217	0.17019944
1.6557504	0.17016895
1.6562793	0.17010798
1.6568087	0.1700165
1.6573384	0.17013845
1.6578683	0.17016895
1.6583985	0.17019944
1.6589293	0.1703214
1.6594603	0.17044337
1.6599917	0.17044337
1.6605233	0.17047384
1.6610554	0.17065679
1.6615878	0.17062631
1.6621207	0.17035189
1.6626537	0.17019944
1.6631873	0.17035189
1.6637208	0.17050435
1.664255	0.1703824
1.6647894	0.1703214
1.6653243	0.1703824
1.6658593	0.17041287
1.6663947	0.1703824
1.6669306	0.17022993
1.6674668	0.17026041
1.6680032	0.1703214
1.6685401	0.17041287
1.6690773	0.17056532
1.6696149	0.17056532
1.6701527	0.1703824
1.670691	0.17022993
1.6712295	0.1703824
1.6717685	0.17056532
1.6723077	0.17050435
1.6728474	0.17035189
1.6733873	0.17035189
1.6739277	0.17053483
1.6744683	0.17068729
1.6750095	0.17065679
1.6755508	0.17065679
1.6760926	0.17071778
1.6766347	0.17056532
1.6771772	0.17059581
1.6777198	0.17056532
1.6782631	0.17053483
1.6788064	0.17065679
1.6793501	0.17068729
1.6798942	0.17080925
1.6804388	0.17087024
1.6809837	0.17074828
1.6815289	0.17065679
1.6820744	0.17077875
1.6826205	0.17074828
1.6831667	0.17080925
1.6837136	0.17108367
1.6842605	0.17096172
1.684808	0.17080925
1.6853557	0.17093122
1.6859038	0.17108367
1.6864522	0.1710227
1.687001	0.17083976
1.6875501	0.17087024
1.6881	0.17093122
1.6886498	0.17105319
1.6892	0.17105319
1.6897506	0.17117514
1.6903015	0.17126662
1.6908529	0.17132759
1.6914046	0.17126662
1.6919565	0.17123611
1.6925087	0.17117514
1.6930614	0.17120562
1.6936146	0.1712971
1.694168	0.1712971
1.6947218	0.1712971
1.695276	0.17141905
1.6958306	0.17144956
1.6963854	0.17148006
1.6969409	0.17148006
1.6974965	0.17138858
1.6980526	0.1712971
1.6986089	0.17138858
1.6991657	0.17151053
1.6997228	0.17157152
1.7002803	0.17172398
1.7008381	0.17178497
1.7013963	0.17181545
1.7019548	0.17190693
1.7025138	0.17193741
1.703073	0.17193741
1.7036328	0.17202888
1.7041928	0.17215084
1.7047533	0.17215084
1.7053139	0.17199838
1.705875	0.17190693
1.7064364	0.17205937
1.7069983	0.17224233
1.7075605	0.17212036
1.7081233	0.17215084
1.7086862	0.1722728
1.7092496	0.17236428
1.7098132	0.17248625
1.7103775	0.17239477
1.7109419	0.17236428
1.7115068	0.17248625
1.712072	0.17257772
1.7126377	0.17257772
1.7132035	0.17260821
1.7137699	0.17269969
1.7143366	0.1726387
1.7149036	0.17254724
1.715471	0.17254724
1.7160389	0.1726387
1.7166071	0.17285213
1.7171758	0.17288263
1.7177447	0.1729131
1.7183142	0.17294361
1.7188838	0.17297408
1.7194541	0.17303507
1.7200245	0.17306557
1.7205955	0.17303507
1.7211666	0.17312655
1.7217383	0.17315705
1.7223103	0.17315705
1.7228827	0.17321803
1.7234554	0.17327902
1.7240288	0.17327902
1.7246022	0.17333999
1.7251762	0.17346196
1.7257504	0.17349243
1.7263252	0.17349243
1.7269002	0.17349243
1.7274756	0.17355342
1.7280514	0.17361438
1.7286276	0.17370588
1.7292041	0.17391932
1.7297812	0.17407177
1.7303585	0.17410226
1.7309363	0.17401078
1.7315143	0.17410226
1.732093	0.17419372
1.7326717	0.17425472
1.7332511	0.17422423
1.7338307	0.17416324
1.7344109	0.17431571
1.7349913	0.17446813
1.7355722	0.17455961
1.7361534	0.17468157
1.7367351	0.17468157
1.737317	0.1745901
1.7378997	0.17468157
1.7384824	0.17489502
1.7390656	0.17480354
1.7396491	0.17486453
1.7402332	0.17504746
1.7408174	0.17510845
1.7414023	0.17516944
1.7419873	0.1752609
1.7425728	0.1752304
1.7431587	0.17535236
1.7437451	0.17556581
1.7443317	0.17556581
1.7449189	0.17556581
1.7455064	0.17568778
1.7460943	0.17571828
1.7466825	0.17574875
1.7472714	0.17571828
1.7478604	0.17584023
1.7484499	0.17608415
1.7490398	0.17617562
1.7496301	0.17623661
1.7502208	0.17620611
1.7508119	0.17623661
1.7514033	0.1762671
1.7519954	0.17629759
1.7525877	0.17638907
1.7531804	0.17645003
1.7537735	0.17666347
1.754367	0.1768769
1.7549609	0.1768769
1.7555553	0.17684641
1.7561499	0.17696838
1.7567449	0.17696838
1.7573403	0.17690741
1.7579362	0.17690741
1.7585325	0.17705986
1.7591293	0.17721231
1.7597264	0.1772733
1.760324	0.17733428
1.7609218	0.17742574
1.7615204	0.17748672
1.7621191	0.17757821
1.7627183	0.17766969
1.7633178	0.17760868
1.7639178	0.17757821
1.7645181	0.17763917
1.7651191	0.17763917
1.7657201	0.17770016
1.7663218	0.17773065
1.7669238	0.17773065
1.7675263	0.17782213
1.768129	0.17785263
1.7687324	0.1778831
1.769336	0.17797458
1.7699401	0.17803557
1.7705445	0.17809655
1.7711494	0.17821851
1.7717546	0.17821851
1.7723604	0.17806605
1.7729665	0.17797458
1.773573	0.17797458
1.7741799	0.17803557
1.7747874	0.17830998
1.7753952	0.17846243
1.7760036	0.17830998
1.7766122	0.178249
1.7772213	0.17818803
1.7778307	0.178249
1.7784407	0.17837097
1.7790509	0.17840144
1.7796618	0.17827949
1.7802728	0.178249
1.7808841	0.17827949
1.781496	0.178249
1.7821085	0.17821851
1.7827213	0.17827949
1.7833346	0.17830998
1.7839482	0.17834046
1.7845623	0.17852341
1.7851768	0.1785844
1.785792	0.17846243
1.7864072	0.17834046
1.7870232	0.17827949
1.7876393	0.17837097
1.788256	0.17849292
1.788873	0.17852341
1.7894906	0.17846243
1.7901084	0.17843194
1.790727	0.17855391
1.7913457	0.17867588
1.7919649	0.17876735
1.7925845	0.17867588
1.7932047	0.17870638
1.793825	0.17876735
1.794446	0.17888932
1.7950673	0.17888932
1.795689	0.17882833
1.7963111	0.17898078
1.7969339	0.17913324
1.7975569	0.17919421
1.7981805	0.17928568
1.7988043	0.17940766
1.7994287	0.17949912
1.8000535	0.17949912
1.800679	0.17971255
1.8013045	0.17989551
1.8019307	0.17983451
1.8025571	0.17992599
1.8031842	0.18007845
1.8038116	0.18010893
1.8044394	0.18016993
1.8050677	0.18041386
1.8056965	0.18065776
1.8063256	0.18071875
1.8069552	0.1808407
1.8075852	0.18096267
1.8082157	0.18114562
1.8088466	0.18132856
1.809478	0.18142003
1.8101097	0.18157248
1.8107419	0.18175544
1.8113745	0.18184692
1.8120078	0.18190789
1.8126413	0.18215182
1.8132753	0.18227378
1.8139096	0.18230428
1.8145447	0.18248722
1.8151799	0.18267016
1.8158158	0.18273114
1.8164519	0.1828531
1.8170887	0.18300557
1.8177258	0.18303604
1.8183634	0.1831885
1.8190013	0.18343243
1.8196399	0.18364586
1.8202788	0.18373732
1.8209183	0.18388979
1.8215581	0.18407273
1.8221985	0.18416421
1.8228391	0.18434715
1.8234804	0.18449961
1.8241218	0.1845606
1.824764	0.18474354
1.8254064	0.18489598
1.8260493	0.18501796
1.8266927	0.18510942
1.8273367	0.18526188
1.8279809	0.18547529
1.8286258	0.18550581
1.829271	0.18550581
1.8299167	0.18568875
1.8305628	0.1858412
1.8312097	0.18587169
1.8318566	0.18596317
1.8325043	0.18620709
1.8331522	0.186451
1.8338007	0.18648151
1.8344495	0.1865425
1.835099	0.18657297
1.8357487	0.18666445
1.8363992	0.18672544
1.83705	0.18681692
1.8377012	0.18699984
1.8383528	0.18712181
1.839005	0.18718278
1.8396575	0.18721329
1.8403107	0.18730475
1.8409641	0.18736574
1.8416178	0.18751819
1.8422722	0.18773164
1.8429272	0.1878231
1.8435825	0.18788408
1.8442384	0.18797556
1.8448946	0.18806702
1.8455515	0.18803653
1.8462087	0.18800604
1.8468666	0.18803653
1.8475248	0.18809752
1.8481835	0.18824999
1.8488425	0.18837194
1.8495022	0.18840241
1.8501621	0.18840241
1.8508228	0.18840241
1.8514837	0.18843292
1.852145	0.18849389
1.8528068	0.18852438
1.8534694	0.18858537
1.8541322	0.18861586
1.8547956	0.18855488
1.8554593	0.18861586
1.8561238	0.18867685
1.8567885	0.18858537
1.8574541	0.18855488
1.8581197	0.18864633
1.858786	0.18855488
1.8594526	0.18840241
1.8601199	0.18849389
1.8607875	0.18855488
1.8614557	0.18843292
1.8621242	0.18831094
1.8627936	0.18828046
1.8634632	0.18828046
1.8641332	0.18812801
1.8648038	0.18803653
1.8654748	0.18797556
1.8661463	0.18785359
1.8668184	0.18779261
1.8674908	0.18767063
1.8681637	0.18751819
1.868837	0.18742672
1.869511	0.18739624
1.8701854	0.18727428
1.8708603	0.18712181
1.8715357	0.18687789
1.8722117	0.18663397
1.872888	0.18648151
1.8735651	0.18639003
1.8742423	0.1861461
1.8749202	0.18590218
1.8755985	0.18571924
1.8762774	0.18547529
1.8769567	0.18529236
1.8776366	0.1851704
1.8783168	0.18486549
1.8789977	0.1845606
1.8796788	0.1842252
1.8803607	0.18395077
1.881043	0.18376784
1.8817258	0.18346293
1.882409	0.18294458
1.8830929	0.18267016
1.883777	0.18233475
1.8844618	0.18199936
1.8851469	0.18166396
1.8858327	0.18132856
1.8865188	0.1808712
1.8872057	0.18050534
1.8878928	0.18004796
1.8885808	0.1795906
1.8892689	0.17916371
1.8899578	0.17870638
1.8906469	0.17827949
1.8913368	0.17779164
1.892027	0.1772733
1.8927178	0.1768769
1.893409	0.17641956
1.8941009	0.17596219
1.8947932	0.17550483
1.8954861	0.17495601
1.8961793	0.17443766
1.8968732	0.17391932
1.8975675	0.17333999
1.8982624	0.17279115
1.8989576	0.17221183
1.8996536	0.17148006
1.9003499	0.17077875
1.9010466	0.17029092
1.9017439	0.16980305
1.9024419	0.16913226
1.9031402	0.16836999
1.9038392	0.1676992
1.9045385	0.16696742
1.9052386	0.16629662
1.905939	0.16556484
1.9066402	0.16483307
1.9073416	0.16425374
1.9080436	0.16358294
1.9087461	0.16288166
1.9094492	0.16214988
1.9101527	0.1614486
1.9108568	0.16071683
1.9115614	0.16004603
1.9122664	0.15931423
1.912972	0.15855196
1.9136782	0.15778969
1.9143847	0.15699694
1.915092	0.15632614
1.9157996	0.15556388
1.916508	0.15474062
1.9172167	0.15400885
1.9179261	0.15324657
1.9186358	0.15254529
1.9193462	0.15190497
1.9200571	0.15126468
1.9207685	0.15044142
1.9214803	0.1495572
1.9221928	0.14882542
1.9229058	0.14815462
1.9236195	0.14745332
1.9243335	0.14675204
1.9250481	0.14602026
1.9257631	0.14522751
1.9264789	0.14452621
1.927195	0.14385541
1.9279118	0.14315413
1.9286289	0.14257482
1.9293463	0.1419345
1.9300646	0.14123322
1.9307835	0.14056242
1.9315028	0.13992211
1.9322227	0.13931228
1.9329431	0.13876346
1.9336642	0.13812315
1.9343857	0.13745235
1.9351079	0.13684255
1.9358305	0.13632421
1.9365537	0.13574488
1.9372772	0.13510458
1.9380015	0.13446426
1.9387262	0.13397641
1.9394516	0.13348857
1.9401773	0.1330007
1.940904	0.13254334
1.9416308	0.13211648
1.9423584	0.13184206
1.9430864	0.1317201
1.943815	0.1313542
1.9445441	0.13092732
1.9452738	0.13071389
1.9460039	0.13053097
1.9467345	0.13031752
1.9474658	0.13016506
1.9481977	0.13010409
1.94893	0.13013458
1.949663	0.13016506
1.9503965	0.13016506
1.9511306	0.13022605
1.9518652	0.13031752
1.9526006	0.130409
1.9533362	0.13053097
1.9540726	0.13068341
1.9548093	0.13080537
1.9555469	0.13092732
1.9562846	0.13111028
1.9570233	0.13141519
1.9577622	0.13159813
1.9585019	0.13165912
1.959242	0.13181156
1.9599829	0.13199452
1.960724	0.13217746
1.961466	0.13239089
1.9622083	0.13260433
1.9629514	0.13275678
1.9636948	0.13278727
1.9644389	0.13275678
1.9651834	0.13290924
1.9659288	0.13309216
1.9666744	0.13312267
1.9674209	0.13315316
1.9681678	0.13318364
1.9689153	0.13324463
1.9696634	0.13330562
1.9704123	0.1333666
1.9711614	0.13342758
1.9719112	0.13345808
1.9726615	0.13342758
1.9734125	0.13339709
1.9741639	0.13342758
1.9749161	0.13351904
1.9756685	0.133641
1.976422	0.13376297
1.9771756	0.13385445
1.9779301	0.13388494
1.9786849	0.13391544
1.9794405	0.13397641
1.9801965	0.1340069
1.9809532	0.13415936
1.9817104	0.13431181
1.9824681	0.13434231
1.9832264	0.13446426
1.9839855	0.13452524
1.984745	0.13467769
1.9855052	0.13489114
1.9862659	0.13504359
1.9870273	0.13516554
1.987789	0.135318
1.9885516	0.13550095
1.9893147	0.13568389
1.9900783	0.13601927
1.9908425	0.13620225
1.9916074	0.13638519
1.9923728	0.13647665
1.9931389	0.1366291
1.9939053	0.13687302
1.9946727	0.13717796
1.9954402	0.13742188
1.9962088	0.13763529
1.9969776	0.13787924
1.9977473	0.13809265
1.9985173	0.13827562
1.9992882	0.13851954
2.0000594	0.13876346
2.0008314	0.13885494
2.0016038	0.13906837
2.002377	0.13931228
2.0031507	0.13952573
2.0039251	0.13976966
2.0046999	0.13998309
2.0054755	0.14013556
2.0062516	0.140288
2.0070286	0.14047094
2.0078058	0.14077586
2.0085838	0.14111127
2.0093622	0.14135517
2.0101414	0.1415686
2.010921	0.14172107
2.0117013	0.14190401
2.0124824	0.14211744
2.0132637	0.14233088
2.0140457	0.14245285
2.0148287	0.14257482
2.0156119	0.14278825
2.016396	0.14300168
2.0171804	0.1433066
2.0179658	0.14352003
2.0187516	0.14373346
2.0195379	0.1439164
2.0203249	0.14412984
2.0211127	0.14425181
2.0219009	0.14446525
2.0226898	0.14464818
2.0234792	0.14489211
2.0242696	0.14510556
2.0250602	0.14528848
2.0258517	0.14544094
2.0266438	0.14571536
2.0274363	0.14598978
2.0282295	0.14614221
2.0290234	0.14629467
2.0298178	0.14641663
2.0306129	0.14663009
2.0314085	0.14687401
2.0322044	0.14705694
2.0330014	0.14730088
2.0337989	0.14733137
2.0345972	0.14745332
2.0353961	0.14748383
2.0361953	0.14760578
2.0369956	0.1478802
2.0377963	0.14806315
2.0385981	0.14815462
2.0393999	0.14830707
2.0402026	0.14842904
2.0410056	0.14858148
2.0418096	0.14867295
2.042614	0.14870346
2.0434194	0.14879492
2.044225	0.14882542
2.0450315	0.14894739
2.0458386	0.14897788
2.0466464	0.14903887
2.0474546	0.14922179
2.0482635	0.14934374
2.049073	0.14940473
2.0498834	0.14940473
2.0506942	0.14943522
2.0515053	0.14940473
2.0523174	0.14934374
2.0531304	0.14940473
2.0539436	0.1494962
2.0547578	0.14937425
2.0555725	0.14937425
2.0563879	0.14946572
2.057204	0.14937425
2.0580208	0.14928278
2.0588381	0.14943522
2.0596561	0.14940473
2.0604746	0.14919131
2.0612941	0.14922179
2.062114	0.14937425
2.0629346	0.14934374
2.0637558	0.14916082
2.0645773	0.14913031
2.0653996	0.14913031
2.0662231	0.14906934
2.0670469	0.14897788
2.0678713	0.1489169
2.0686965	0.1488864
2.0695224	0.1489169
2.0703487	0.14894739
2.0711763	0.1488864
2.0720038	0.14882542
2.0728326	0.14876443
2.0736616	0.14870346
2.0744915	0.14867295
2.0753219	0.14864247
2.076153	0.14858148
2.0769846	0.14852051
2.0778172	0.14849001
2.0786502	0.14845952
2.0794842	0.14845952
2.0803187	0.14845952
2.0811539	0.14830707
2.0819895	0.14833756
2.0828261	0.14845952
2.0836632	0.14845952
2.084501	0.14845952
2.0853395	0.14849001
2.0861788	0.14849001
2.0870185	0.14849001
2.0878592	0.14861198
2.0887003	0.14867295
2.0895422	0.14873393
2.0903847	0.14876443
2.0912282	0.14879492
2.092072	0.14876443
2.0929167	0.14885589
2.0937619	0.14903887
2.0946081	0.14909983
2.0954545	0.14903887
2.096302	0.14922179
2.0971498	0.14940473
2.0979986	0.1495572
2.0988479	0.14970964
2.0996981	0.14983161
2.1005487	0.14998406
2.1014004	0.15013653
2.1022525	0.15025848
2.1031053	0.15041094
2.1039588	0.15071584
2.1048129	0.15089878
2.1056678	0.15099025
2.1065235	0.15114272
2.1073797	0.15135616
2.1082368	0.15163055
2.1090944	0.1518745
2.1099529	0.15202694
2.1108119	0.15230137
2.1116717	0.1525148
2.1125321	0.15272823
2.1133935	0.15300265
2.1142552	0.1531246
2.115118	0.15330754
2.1159811	0.15364295
2.1168454	0.15388687
2.1177099	0.1541308
2.1185756	0.15437473
2.1194417	0.15464915
2.1203086	0.15492356
2.121176	0.1551065
2.1220446	0.15535045
2.1229134	0.15565534
2.1237831	0.15592977
2.1246536	0.15623467
2.1255245	0.15650909
2.1263962	0.156753
2.1272688	0.15708841
2.1281419	0.1574543
2.1290162	0.15769821
2.1298907	0.15800314
2.1307662	0.15836902
2.1316423	0.15861295
2.1325192	0.15876541
2.1333966	0.15910082
2.1342752	0.15949717
2.135154	0.15983258
2.1360338	0.16016798
2.1369143	0.16038142
2.1377954	0.16068633
2.1386774	0.16099122
2.1395605	0.16126564
2.1404438	0.16157055
2.1413281	0.16193645
2.1422129	0.16224135
2.1430986	0.16248527
2.1439848	0.16282067
2.144872	0.16315608
2.1457596	0.16349146
2.1466477	0.16376589
2.1475368	0.1640403
2.148427	0.16437571
2.1493175	0.16471112
2.1502092	0.16501601
2.1511011	0.1654124
2.1519942	0.16577826
2.1528878	0.1660222
2.1537826	0.16626613
2.1546776	0.16651006
2.1555736	0.16672347
2.1564703	0.16702841
2.1573677	0.16736379
2.1582658	0.16766872
2.1591649	0.16785164
2.1600645	0.1680346
2.1609645	0.16827852
2.1618655	0.16855295
2.1627674	0.16882735
2.1636701	0.16907129
2.1645734	0.16943717
2.1654775	0.16968109
2.1663826	0.16986404
2.1672883	0.17010798
2.168195	0.17035189
2.169102	0.17053483
2.1700101	0.17065679
2.1709187	0.17083976
2.1718283	0.17108367
2.1727386	0.1712971
2.1736495	0.17141905
2.1745613	0.17160203
2.1754742	0.17187642
2.1763873	0.17208986
2.1773014	0.1722728
2.1782162	0.17239477
2.179132	0.17254724
2.1800482	0.17273016
2.1809654	0.17288263
2.1818831	0.1730369
2.1828015	0.17316033
2.1837208	0.17319119
2.1846411	0.17346889
2.1855621	0.17368487
2.1864841	0.17387001
2.1874065	0.17417857
2.1883299	0.174302
2.189254	0.17433284
2.1901793	0.17451796
2.1911051	0.17451796
2.1920316	0.17442541
2.1929588	0.17467225
2.193887	0.1749191
2.1948156	0.17519678
2.1957452	0.17516592
2.1966755	0.17519678
2.197607	0.1755362
2.1985388	0.17575219
2.1994717	0.17559789
2.2004051	0.17578304
2.2013395	0.17602988
2.2022746	0.17618415
2.2032106	0.17627673
2.2041473	0.1761533
2.2050848	0.17609158
2.206023	0.1761533
2.2069621	0.17627673
2.207902	0.17655441
2.2088428	0.17658527
2.2097843	0.17661613
2.2107267	0.17673956
2.2116697	0.1767704
2.2126141	0.17673956
2.2135587	0.17695555
2.2145045	0.17717151
2.2154505	0.17726409
2.216398	0.17729494
2.2173457	0.17720239
2.2182946	0.17726409
2.2192442	0.17744924
2.2201948	0.1776652
2.2211459	0.1776035
2.2220981	0.17735666
2.2230508	0.17723323
2.2240045	0.17738752
2.2249589	0.17757265
2.2259145	0.17763436
2.2268705	0.17763436
2.2278273	0.17751093
2.228785	0.17751093
2.2297437	0.17757265
2.2307031	0.17757265
2.2316635	0.17772692
2.2326245	0.17775777
2.2335865	0.17757265
2.234549	0.17757265
2.2355127	0.1776035
2.2364771	0.17748009
2.2374425	0.17744924
2.2384083	0.17744924
2.2393754	0.17732581
2.2403431	0.17723323
2.2413118	0.17726409
2.2422812	0.17729494
2.243252	0.17707896
2.2442229	0.17695555
2.2451949	0.1769864
2.2461677	0.17689383
2.2471414	0.17686298
2.2481158	0.17686298
2.2490911	0.17683212
2.2500672	0.17649272
2.251044	0.17624587
2.2520218	0.17612244
2.2530005	0.17602988
2.2539799	0.17593731
2.2549605	0.1758139
2.2559416	0.1758139
2.2569239	0.17572132
2.2579067	0.17547448
2.2588909	0.17528936
2.2598755	0.17513506
2.2608612	0.17494994
2.2618475	0.17464137
2.2628348	0.17451796
2.263823	0.174302
2.264812	0.17399342
2.2658017	0.17380831
2.2667923	0.17356144
2.2677839	0.17337632
2.2687764	0.1733146
2.2697697	0.17300606
2.2707639	0.17260493
2.271759	0.17238896
2.2727549	0.17211124
2.2737517	0.1718027
2.2747495	0.17149413
2.275748	0.17127816
2.2767475	0.17121644
2.2777479	0.1710313
2.278749	0.17066105
2.2797511	0.17032164
2.2807541	0.17004393
2.2817578	0.1698588
2.282763	0.16964282
2.2837684	0.16933425
2.284775	0.16877887
2.2857823	0.16828518
2.2867908	0.16810004
2.2877998	0.16803835
2.28881	0.16776063
2.2898209	0.16732867
2.2908323	0.16689669
2.2918451	0.16649558
2.2928588	0.16612531
2.2938731	0.16581675
2.2948887	0.1655082
2.2959049	0.16507623
2.2969222	0.16461338
2.2979403	0.16430485
2.2989597	0.164058
2.2999794	0.16365686
2.3010006	0.16313232
2.3020222	0.16276208
2.303045	0.16251522
2.3040683	0.16205239
2.3050931	0.16140443
2.3061182	0.16115759
2.3071454	0.16087988
2.3081722	0.16047877
2.3092005	0.16010851
2.3102295	0.15961483
2.3112597	0.15915199
2.3122904	0.15881258
2.3133223	0.15838061
2.3143549	0.1579795
2.3153882	0.15751667
2.3164227	0.15708469
2.3174584	0.15665272
2.3184946	0.15622073
2.3195322	0.15575789
2.3205702	0.15514079
2.3216095	0.15458539
2.3226497	0.15412258
2.3236911	0.15359803
2.324733	0.15313518
2.3257761	0.15261064
2.3268199	0.15217867
2.3278646	0.15171586
2.3289104	0.15119131
2.3299572	0.15048163
2.3310046	0.14998794
2.3320534	0.1494634
2.3331029	0.14875373
2.3341534	0.14813663
2.3352048	0.14761209
2.3362572	0.1470567
2.3373103	0.1465013
2.3383648	0.14563733
2.3394198	0.1448351
2.340476	0.1442797
2.3415329	0.14375517
2.342591	0.14316891
2.3436501	0.14249009
2.3447101	0.14190383
2.3457711	0.14122503
2.346833	0.1405462
2.3478959	0.1398674
2.3489597	0.13912685
2.3500245	0.13854061
2.3510904	0.13789263
2.3521569	0.13724469
2.3532248	0.13638073
2.3542933	0.1356402
2.3553631	0.13499224
2.3564336	0.13443685
2.3575051	0.13372716
2.3585775	0.13304836
2.3596511	0.1324621
2.3607256	0.13181412
2.3618011	0.13107361
2.3628776	0.13033308
2.363955	0.12956169
2.3650334	0.1287903
2.3661137	0.12820406
2.3671939	0.12752524
2.3682754	0.12687728
2.3693576	0.12619846
2.3704412	0.12570477
2.3715253	0.1249951
2.3726108	0.12419286
2.373697	0.12351405
2.3747847	0.12298951
2.3758729	0.1223724
2.3769624	0.12163186
2.3780525	0.12086049
2.379144	0.12005824
2.3802361	0.11937942
2.3813298	0.11876231
2.3824239	0.11811435
2.3835192	0.11749725
2.3846154	0.11684927
2.3857129	0.11595447
2.3868113	0.11505967
2.3879108	0.11425743
2.3890109	0.1137329
2.3901126	0.11302322
2.3912148	0.11219012
2.3923185	0.11148044
2.3934228	0.11086334
2.3945284	0.10984511
2.3956349	0.1088886
2.3967426	0.10836406
2.397851	0.10759267
2.3989608	0.10648188
2.4000711	0.10564879
2.4011834	0.1048774
2.4022958	0.10395174
2.4034097	0.10305693
2.4045243	0.10216213
2.4056404	0.10129818
2.4067569	0.10052679
2.4078751	0.099724561
2.4089937	0.098768041
2.4101133	0.097934939
2.4112341	0.097070992
2.4123564	0.096145324
2.4134791	0.095312238
2.4146035	0.094602562
2.4157286	0.093769468
2.4168549	0.092936367
2.4179819	0.09210328
2.4191108	0.091362745
2.4202399	0.090745635
2.4213705	0.090035968
2.4225018	0.089511432
2.4236345	0.089017734
2.424768	0.088431492
2.4259028	0.087845236
2.4270384	0.087228127
2.4281759	0.087042995
2.4293137	0.086950429
2.4304526	0.086765297
2.4315925	0.086518452
2.4327338	0.086271606
2.4338756	0.086302467
2.435019	0.086240761
2.4361632	0.086209901
2.4373078	0.08636418
2.4384544	0.086456746
2.4396017	0.086672738
2.4407504	0.08682701
2.4419	0.086981289
2.4430506	0.087228127
2.4442027	0.087598391
2.4453554	0.087845236
2.4465098	0.088092074
2.447665	0.088431492
2.4488211	0.08867833
2.4499784	0.088925175
2.4511368	0.089110307
2.4522963	0.0893263
2.4534569	0.089727409
2.4546185	0.090097673
2.4557815	0.090282805
2.4569452	0.090560511
2.4581103	0.090807356
2.4592764	0.091208473
2.4604435	0.091578737
2.4616117	0.091825582
2.4627812	0.092195839
2.4639518	0.092442684
2.4651229	0.092596963
2.4662957	0.092751235
2.4674697	0.09302894
2.4686446	0.093275778
2.4698207	0.093430065
2.4709978	0.093584329
2.4721763	0.093892887
2.4733558	0.094078019
2.4745364	0.094139725
2.4757183	0.094294012
2.4769011	0.094479144
2.478085	0.094540849
2.4792702	0.094509996
2.4804564	0.094540849
2.4816439	0.094479144
2.4828324	0.094479144
2.4840217	0.094540849
2.4852126	0.094602562
2.4864044	0.094664268
2.4875975	0.094664268
2.4887917	0.094448283
2.4899871	0.094324857
2.4911838	0.094294012
2.4923813	0.094232298
2.4935806	0.094170585
2.4947805	0.093831174
2.4959817	0.093553483
2.497184	0.093430065
2.4983873	0.093399204
2.4995921	0.093306631
2.5007977	0.093152359
2.5020049	0.093090646
2.5032129	0.092843808
2.5044224	0.092473544
2.5056329	0.09210328
2.5068443	0.091794722
2.5080571	0.091547877
2.5092711	0.091393605
2.5104864	0.091023341
2.5117025	0.090776503
2.5129199	0.090591371
2.5141385	0.090251952
2.5153584	0.089850836
2.5165794	0.089542277
2.5178018	0.089264587
2.5190251	0.088956028
2.5202496	0.088585757
2.5214756	0.088338919
2.5227027	0.087876096
2.5239308	0.087413266
2.5251603	0.087073848
2.5263908	0.08679615
2.5276225	0.086333327
2.5288556	0.085870489
2.5300899	0.085407659
2.5313251	0.084728837
2.532562	0.084266014
2.5337996	0.084111735
2.5350387	0.083618045
2.536279	0.083000943
2.5375204	0.082877524
2.538763	0.082754098
2.5400069	0.082445547
2.5412521	0.082044423
2.5424979	0.081489027
2.5437455	0.081334747
2.5449944	0.081242189
2.5462441	0.08108791
2.5474954	0.080810212
2.548748	0.080717646
2.5500016	0.080594227
2.5512564	0.08043994
2.5525131	0.080223955
2.5537705	0.08043994
2.5550292	0.080717646
2.556289	0.080779351
2.5575502	0.080964483
2.5588126	0.080964483
2.5600762	0.080285668
2.561341	0.079699412
2.5626073	0.079822838
2.5638747	0.080254808
2.5651433	0.080933638
2.5664132	0.081581593
2.5676842	0.081396461
2.5689566	0.080871925
2.5702302	0.081303895
2.5715053	0.081890158
2.5727808	0.081180476
2.5740583	0.08155074
2.5753372	0.082075283
2.576617	0.081797585
2.5778983	0.082291268
2.579181	0.082723245
2.5804646	0.082414694
2.5817497	0.082445547
2.5830364	0.081859298
2.5843241	0.081951864
2.585613	0.082754098
2.5869033	0.082568966
2.5881948	0.082846664
2.5894876	0.083278649
2.5907817	0.083772331
2.592077	0.083556339
2.5933733	0.081180476
2.5946712	0.079174876
2.5959706	0.081211329
2.5972712	0.083494633
2.598573	0.084327728
2.5998762	0.084173441
2.6011808	0.083741471
2.6024866	0.08343292
2.6037939	0.082784951
2.6051023	0.081951864
2.6064122	0.0824764
2.6077232	0.083247788
2.6090355	0.083309494
2.6103492	0.083525486
2.6116643	0.08386489
2.6129806	0.083710618
2.6142986	0.083587199
2.6156178	0.08250726
2.6169381	0.081797585
2.6182597	0.082568966
2.6195827	0.081982717
2.6209071	0.082167849
2.6222329	0.083463781
2.62356	0.083618045
2.6248877	0.083031796
2.6262174	0.081797585
2.6275485	0.081982717
2.628881	0.081612453
2.6302147	0.080625087
2.6315498	0.081489027
2.6328864	0.08182843
2.6342242	0.081643306
2.6355639	0.081951864
2.6369042	0.082106136
2.6382463	0.081859298
2.6395895	0.081612453
2.6409342	0.081334747
2.6422803	0.080995344
2.6436276	0.080841072
2.6449764	0.080285668
2.6463268	0.080100544
2.6476784	0.080254808
2.6490314	0.080223955
2.6503856	0.079761125
2.6517413	0.078866318
2.6530983	0.078650333
2.6544569	0.078588627
2.6558168	0.078249216
2.6571774	0.078341782
2.65854	0.077601247
2.6599042	0.07704585
2.6612697	0.076922432
2.6626365	0.076583028
2.6640048	0.074885987
2.6653745	0.073281504
2.6667454	0.073003799
2.6681182	0.073713474
2.6694922	0.072232425
2.6708674	0.071707882
2.6722443	0.073404923
2.6736224	0.073466636
2.6750021	0.072324984
2.676383	0.071090773
2.6777654	0.070843928
2.6791496	0.070751362
2.6805348	0.071214192
2.6819217	0.070998199
2.6833098	0.070350237
2.6846995	0.069856554
2.6860905	0.069332018
2.6874828	0.068900034
2.6888769	0.068437211
2.6902716	0.067881815
2.6916685	0.067017861
2.6930668	0.065475091
2.6944666	0.06470371
2.6958678	0.06470371
2.6972704	0.064611144
2.6986744	0.064148314
2.7000799	0.063222654
2.7014871	0.062451266
2.7028956	0.062080998
2.7043056	0.061309621
2.7057171	0.060353104
2.70713	0.059550859
2.7085443	0.058378357
2.7099602	0.056989864
2.7113776	0.056527037
2.7127967	0.056773882
2.7142169	0.056341905
2.7156389	0.05563223
2.7170622	0.05464486
2.718487	0.053287219
2.7199132	0.051435903
2.7213409	0.050911359
2.7227702	0.050602805
2.7242005	0.049399443
2.7256327	0.049090892
2.7270665	0.048936613
2.7285018	0.048288655
2.7299387	0.047393847
2.7313771	0.046560749
2.7328169	0.04551167
2.7342582	0.044308309
2.7357013	0.043475214
2.7371457	0.04270383
2.7385917	0.041191921
2.7400391	0.039803427
2.741488	0.039278883
2.7429385	0.039062895
2.7443907	0.038445789
2.7458441	0.037674405
2.747299	0.036903024
2.7487557	0.036100782
2.7502139	0.035205979
2.7516737	0.034280315
2.753135	0.033169523
2.7545979	0.03171932
2.7560623	0.03091708
2.7575283	0.030639382
2.7589962	0.029991418
2.7604654	0.029220035
2.7619359	0.028263519
2.7634082	0.027430424
2.7648821	0.026813315
2.7663574	0.026072785
2.7678344	0.025208835
2.7693131	0.024406597
2.7707932	0.023696924
2.772275	0.023172382
2.7737584	0.022678696
2.7752433	0.022092445
2.7767296	0.021475337
2.7782178	0.02085823
2.7797074	0.020271977
2.7811987	0.019685725
2.782691	0.019068619
2.7841854	0.018451512
2.7856815	0.017834403
2.7871792	0.017340718
2.7886784	0.016970454
2.7901793	0.016631044
2.7916818	0.016168214
2.7931859	0.015767094
2.794692	0.015365973
2.7961996	0.014964853
2.7977085	0.01453288
2.7992191	0.014131759
2.8007314	0.01379235
2.8022454	0.013329519
2.803761	0.012990111
2.8052781	0.012712411
2.806797	0.012434714
2.8083177	0.012249582
2.8098397	0.012033595
2.8113635	0.011817606
2.8128889	0.011539908
2.8144159	0.011293065
2.8159447	0.011107933
2.8174751	0.010891945
2.8190067	0.010706813
2.8205404	0.010675957
2.8220758	0.01052168
2.8236129	0.010336549
2.8251517	0.010182272
2.8266921	0.01005885
2.8282342	0.009966284
2.829778	0.0098120077
2.8313241	0.00959602
2.8328712	0.0095343096
2.83442	0.0095343096
2.8359706	0.009410887
2.8375227	0.0092874663
2.8390768	0.0091949003
2.8406324	0.0091640456
2.8421898	0.0090714786
2.843749	0.009040623
2.84531	0.009040623
2.8468723	0.0089789126
2.8484366	0.0089789126
2.8500025	0.0088863466
2.8515701	0.0087937796
2.8531396	0.0087937796
2.8547106	0.008948057
2.8562829	0.008948057
2.8578575	0.0088246362
2.8594339	0.0087012136
2.861012	0.0086395033
2.8625917	0.0087012136
2.8641732	0.0087320693
2.8657565	0.0087629249
2.8673415	0.0087320693
2.8689287	0.0087012136
2.870517	0.0086703589
2.8721075	0.0086703589
2.8736994	0.0086703589
2.8752933	0.0087012136
2.876889	0.0087629249
2.8784864	0.0087937796
2.8800855	0.0089172013
2.8816857	0.008948057
2.8832886	0.0089172013
2.8848929	0.0088863466
2.8864994	0.0089789126
2.8881073	0.0089789126
2.8897173	0.0090097673
2.8913291	0.0091023333
2.8929424	0.0091949003
2.8945582	0.0092874663
2.8961751	0.0092874663
2.897794	0.0093800323
2.8994148	0.009503453
2.9010372	0.0095651643
2.9026616	0.0096577303
2.9042876	0.009688586
2.9059157	0.0097502964
2.9075458	0.009781152
2.9091775	0.009873719
2.9108109	0.0099354293
2.9124463	0.009966284
2.9140832	0.010027994
2.9157224	0.01005885
2.9173632	0.010151416
2.9190059	0.010151416
2.9206498	0.010182272
2.922296	0.010243983
2.9239442	0.010336549
2.9255943	0.010367405
2.9272463	0.010398259
2.9289	0.010398259
2.9305558	0.010398259
2.9322133	0.01052168
2.9338732	0.010675957
2.9355345	0.010645103
2.9371977	0.010706813
2.9388628	0.010768523
2.9405298	0.010861089
2.9421985	0.010891945
2.9438694	0.010891945
2.9455421	0.010953655
2.9472167	0.011077077
2.9488933	0.011107933
2.9505715	0.011107933
2.9522519	0.011107933
2.953934	0.011077077
2.9556181	0.011200499
2.9573042	0.011293065
2.9589922	0.011323921
2.9606814	0.011354776
2.9623733	0.011354776
2.964067	0.011447342
2.9657626	0.011509052
2.9674604	0.011478198
2.9691598	0.011509052
2.9708614	0.011539908
2.9725649	0.011539908
2.9742706	0.011632473
2.9759779	0.01172504
2.9776874	0.011817606
2.9793985	0.011848462
2.9811118	0.011786751
2.9828272	0.011817606
2.9845443	0.011879317
2.9862635	0.011910172
2.9879854	0.011971883
2.9897087	0.012064449
2.9914336	0.012095305
2.993161	0.012157016
2.99489	0.012218726
2.9966211	0.012249582
2.9983544	0.012249582
3.0000894	0.012249582
3.001826	0.012280437
3.0035653	0.012342147
3.0053065	0.012434714
3.0070496	0.012373002
3.0087948	0.012496425
3.0105422	0.012619846
3.0122914	0.012558135
3.0140429	0.012403859
3.0157964	0.012496425
3.0175517	0.012588991
3.0193093	0.012558135
3.0210688	0.012619846
3.0228302	0.012804979
3.0245938	0.012743266
3.0263596	0.012650701
3.0281272	0.012650701
3.0298975	0.012712411
3.0316694	0.012743266
3.0334435	0.012650701
3.0352194	0.012650701
3.0369976	0.012743266
3.0387776	0.012835834
3.04056	0.01286669
3.0423443	0.01286669
3.0441301	0.012928399
3.0459187	0.012959255
3.0477092	0.012897544
3.0495021	0.012804979
3.0512969	0.012835834
3.0530939	0.01286669
3.054893	0.012897544
3.0566943	0.012959255
3.0584979	0.012990111
3.0603034	0.013020966
3.0621109	0.013082676
3.0639207	0.013051821
3.0657327	0.012959255
3.0675466	0.012990111
3.0693629	0.013082676
3.0711813	0.013113532
3.0730011	0.013113532
3.0748239	0.013206098
3.0766487	0.013206098
3.0784757	0.013206098
3.0803049	0.013236954
3.0821362	0.013206098
3.0839698	0.013206098
3.0858054	0.013267808
3.0876439	0.013298663
3.0894837	0.013360375
3.0913262	0.01345294
3.0931706	0.013483796
3.0950172	0.013514652
3.0968661	0.013576363
3.0987172	0.013607218
3.1005704	0.013638073
3.1024263	0.013730639
3.104284	0.01385406
3.106144	0.013946627
3.1080062	0.014039192
3.1098707	0.014131759
3.1117373	0.014162614
3.1136062	0.014193471
3.1154773	0.01425518
3.1173501	0.014378603
3.1192257	0.01453288
3.1211035	0.014625445
3.1229837	0.014748867
3.1248662	0.014934
3.1267509	0.015088276
3.128638	0.015211697
3.1305273	0.015365973
3.1324193	0.015489396
3.1343131	0.015674528
3.1362092	0.015767094
3.1381078	0.015828805
3.1400084	0.016044792
3.1419115	0.016229926
3.1438167	0.016415056
3.1457245	0.016538478
3.1476347	0.016661899
3.1495469	0.016847029
3.1514616	0.016939599
3.1533785	0.017093875
3.1552978	0.01724815
3.1572194	0.017371573
3.1591434	0.017494993
3.1610696	0.01752585
3.162998	0.017587559
3.1649289	0.017680127
3.1668622	0.017710982
3.168798	0.017741838
3.1707361	0.017803548
3.1726766	0.017896114
3.1746194	0.01798868
3.1765647	0.018050391
3.1785126	0.018142957
3.1804626	0.018266378
3.182415	0.018328091
3.1843698	0.018328091
3.186327	0.018420655
3.1882865	0.018451512
3.1902485	0.018389801
3.1922131	0.018420655
3.19418	0.018482367
3.1961493	0.018482367
3.1981211	0.018482367
3.2000952	0.018482367
3.2020719	0.018513223
3.2040508	0.018574933
3.2060323	0.018636644
3.2080164	0.018729208
3.2100022	0.018760065
3.2119911	0.018760065
3.2139823	0.018760065
3.215976	0.018790919
3.2179723	0.018821774
3.2199712	0.018821774
3.2219722	0.018883485
3.2239761	0.019006906
3.2259824	0.019037765
3.2279911	0.019037765
3.2300024	0.019099474
3.2320161	0.019099474
3.2340324	0.019130329
3.2360511	0.019253751
3.2380724	0.019253751
3.2400961	0.019222895
3.2421229	0.019284606
3.2441516	0.019315461
3.2461832	0.019377172
3.2482171	0.019500593
3.2502534	0.019531447
3.2522926	0.019593159
3.2543342	0.019685725
3.2563784	0.019778293
3.2584248	0.019809147
3.2604742	0.019840004
3.262526	0.019932568
3.2645805	0.019932568
3.2666376	0.020055989
3.2686973	0.020179411
3.2707596	0.020241121
3.2728245	0.020271977
3.2748921	0.020333687
3.2769623	0.020395398
3.2790351	0.020457108
3.2811103	0.020487966
3.2831883	0.020580532
3.2852688	0.020703953
3.2873521	0.020796519
3.289438	0.020889085
3.2915258	0.020981651
3.293617	0.021105072
3.2957108	0.021197639
3.2978072	0.021228494
3.2999065	0.02132106
3.3020084	0.021413626
3.3041129	0.021506192
3.3062201	0.021598758
3.3083303	0.021691324
3.3104429	0.021814745
3.3125582	0.021907311
3.314676	0.021999879
3.3167968	0.022154154
3.3189204	0.022246722
3.3210464	0.022370143
3.3231752	0.022462709
3.3253074	0.02258613
3.3274417	0.022678696
3.3295789	0.022740407
3.3317187	0.022832975
3.3338614	0.022863828
3.3360066	0.02298725
3.3381548	0.023203237
3.3403056	0.023295803
3.3424585	0.023326658
3.344615	0.02345008
3.3467741	0.023573503
3.3489361	0.023727778
3.3511009	0.023974622
3.3532684	0.02406719
3.3554389	0.02406719
3.3576121	0.024159754
3.3597887	0.024314031
3.3619676	0.024499163
3.3641491	0.024591729
3.3663337	0.024653438
3.368521	0.024776863
3.3707113	0.02493114
3.3729043	0.025054559
3.3751001	0.025270546
3.3772995	0.025393968
3.3795011	0.025517391
3.3817058	0.025702523
3.383913	0.025856799
3.3861232	0.025980221
3.3883364	0.026103642
3.3905525	0.026227064
3.3927715	0.026350485
3.3949924	0.026412196
3.3972173	0.026566474
3.3994448	0.026751604
3.4016755	0.026875025
3.403909	0.027029304
3.4061456	0.027245291
3.408385	0.027399568
3.4106274	0.027522989
3.4128728	0.027615555
3.4151211	0.027800689
3.4173725	0.027985819
3.4196265	0.028109241
3.4218838	0.028294371
3.424144	0.028417796
3.4264071	0.028541218
3.4286733	0.028726349
3.4309425	0.028942335
3.4332149	0.029127471
3.4354899	0.029220035
3.4377682	0.029436022
3.4400494	0.029652011
3.4423335	0.029806288
3.4446208	0.029929707
3.4469111	0.030176552
3.449204	0.030361682
3.4515004	0.030577671
3.4537997	0.030824514
3.4561024	0.031040499
3.4584079	0.031194778
3.4607165	0.031410765
3.4630284	0.03165761
3.4653432	0.031935308
3.4676619	0.03218215
3.4699829	0.032305572
3.472307	0.032490704
3.4746342	0.032830112
3.4769647	0.0330461
3.4792981	0.033231232
3.4816349	0.03350893
3.4839747	0.033786632
3.4863167	0.034033474
3.488663	0.034249458
3.4910121	0.03452716
3.4933646	0.034866564
3.4957201	0.0350517
3.4980791	0.035236832
3.5004408	0.03551453
3.5028062	0.035792228
3.5051751	0.036039069
3.5075467	0.036316767
3.5099213	0.036563609
3.5122993	0.036841311
3.5146806	0.037088152
3.517065	0.037304141
3.5194528	0.037612695
3.5218437	0.037921246
3.5242381	0.038198948
3.5266356	0.038507503
3.5290363	0.038816053
3.5314403	0.039093751
3.5338476	0.039402306
3.536258	0.039649151
3.538672	0.039957702
3.5410891	0.040266257
3.5435085	0.040543955
3.5459323	0.040852506
3.5483594	0.041191921
3.5507898	0.041469619
3.5532234	0.041654747
3.5556605	0.041963302
3.5581009	0.042364419
3.5605447	0.042611264
3.5629921	0.042888962
3.5654426	0.043166663
3.5678964	0.043475214
3.5703535	0.043845482
3.5728142	0.04418489
3.5752783	0.044462588
3.5777457	0.044740286
3.5802164	0.045017984
3.5826914	0.045295686
3.5851691	0.04557338
3.5876501	0.045881934
3.5901346	0.046159633
3.5926225	0.046468183
3.595114	0.046745885
3.5976088	0.047023583
3.6001072	0.047332134
3.6026084	0.047578979
3.6051137	0.047856674
3.6076224	0.048165232
3.6101346	0.048535496
3.6126504	0.048874903
3.6151698	0.049121749
3.6176925	0.049337737
3.620219	0.049615435
3.6227491	0.049923986
3.6252825	0.050170831
3.6278193	0.050541092
3.6303599	0.050911359
3.6329038	0.051219914
3.6354516	0.051497608
3.6380026	0.05177531
3.6405575	0.052145571
3.6431165	0.052484985
3.6456785	0.052793536
3.6482441	0.053071231
3.6508133	0.053379789
3.6533861	0.053719193
3.6559625	0.054058608
3.6585426	0.054459725
3.6611264	0.054768275
3.6637127	0.055045977
3.6663036	0.055385392
3.6688983	0.055663086
3.6714969	0.055940781
3.6740987	0.056280192
3.6767046	0.056619599
3.6793139	0.056866448
3.6819272	0.05705158
3.6845443	0.057329275
3.687165	0.057606976
3.6897893	0.057853814
3.6924174	0.058162365
3.695049	0.058532637
3.6976848	0.058779482
3.7003241	0.058933754
3.7029672	0.059149742
3.7056146	0.059396584
3.7082653	0.059612576
3.7109196	0.059797708
3.713578	0.060013693
3.7162399	0.060198825
3.7189059	0.060476527
3.7215757	0.060692511
3.7242491	0.06081593
3.7269256	0.060939349
3.7296069	0.061124481
3.7322919	0.061278764
3.7349808	0.061433043
3.7376738	0.061618172
3.7403705	0.061772447
3.7430711	0.061865017
3.7457757	0.062050149
3.7484846	0.062142711
3.7511971	0.062173571
3.7539134	0.062296987
3.7566335	0.062389556
3.7593577	0.062543832
3.7620859	0.062667251
3.764818	0.062728964
3.767554	0.062852383
3.770293	0.062914096
3.7730372	0.063006662
3.7757852	0.063191801
3.778537	0.063346073
3.7812932	0.063469492
3.7840533	0.063623771
3.7868173	0.063747197
3.7895856	0.063901469
3.7923579	0.064055748
3.7951343	0.06424088
3.7979145	0.064426005
3.800699	0.064672858
3.8034875	0.064950548
3.8062801	0.065104827
3.8090768	0.065228254
3.8118775	0.065444238
3.8146832	0.065660223
3.8174922	0.065937921
3.8203053	0.066184767
3.8231227	0.066431604
3.8259442	0.06667845
3.8287699	0.066894442
3.8315997	0.067048721
3.8344338	0.067295559
3.837271	0.067511544
3.8401134	0.067727536
3.8429599	0.067912661
3.8458109	0.068066947
3.848666	0.068282932
3.8515253	0.068468057
3.8543887	0.068653189
3.8572567	0.068900034
3.8601296	0.069023468
3.8630059	0.069177739
3.8658867	0.069332018
3.8687716	0.06948629
3.8716609	0.069609709
3.8745544	0.069671422
3.8774524	0.069794841
3.8803546	0.069918267
3.8832617	0.070072547
3.8861728	0.070165105
3.8890882	0.070226818
3.8920078	0.070350237
3.894932	0.070442811
3.8978605	0.070504516
3.9007933	0.070535377
3.9037306	0.07056623
3.9066718	0.07059709
3.9096179	0.070627943
3.9125686	0.070689648
3.9155238	0.070782214
3.9184833	0.070782214
3.9214473	0.070843928
3.9244158	0.070905641
3.9273889	0.070905641
3.9303668	0.070905641
3.9333489	0.070905641
3.9363356	0.07087478
3.9393268	0.07087478
3.9423223	0.070843928
3.9453225	0.070843928
3.9483273	0.070813067
3.9513369	0.070813067
3.9543512	0.070813067
3.9573698	0.070720509
3.960393	0.070627943
3.9634209	0.070658803
3.9664533	0.070627943
3.9694903	0.070535377
3.972532	0.070442811
3.9755785	0.070442811
3.9786289	0.070350237
3.9816847	0.070288524
3.984745	0.070195965
3.9878104	0.070072547
3.9908803	0.06994912
3.9939549	0.069856554
3.9970343	0.069733128
4.0001183	0.069640569
4.0032082	0.06948629
4.0063019	0.069301158
4.0094004	0.069146886
4.0125036	0.0689926
4.0156116	0.068838328
4.0187244	0.068684049
4.021842	0.06856063
4.0249648	0.068375498
4.028091	0.068221219
4.0312233	0.0680978
4.0343604	0.067943521
4.0375023	0.067758396
4.0406489	0.067511544
4.0438008	0.067326412
4.046958	0.067172132
4.0501194	0.067017861
4.0532866	0.066801876
4.056458	0.066555031
4.0596347	0.066369899
4.0628161	0.066153914
4.0660028	0.065907061
4.0691943	0.065660223
4.0723906	0.065382525
4.0755925	0.065135688
4.0787992	0.064919703
4.0820107	0.064641997
4.0852275	0.064395152
4.0884495	0.064148314
4.0916762	0.063870616
4.0949082	0.063592918
4.0981455	0.06331522
4.1013875	0.063130088
4.1046343	0.062852383
4.1078868	0.062605545
4.1111441	0.062389556
4.1144071	0.062142711
4.1176748	0.061865017
4.1209483	0.061618172
4.1242266	0.061340474
4.1275101	0.061062772
4.1307993	0.06081593
4.1340938	0.060599942
4.137393	0.060353104
4.1406975	0.060075402
4.1440077	0.059859414
4.1473227	0.059643425
4.1506433	0.05933487
4.1539693	0.059057176
4.1573014	0.058810331
4.1606379	0.058594346
4.16398	0.058347505
4.1673269	0.05803895
4.1706796	0.057822961
4.1740379	0.057545263
4.1774011	0.057236709
4.1807699	0.056928158
4.1841431	0.056588743
4.1875229	0.056341905
4.190908	0.056002494
4.1942987	0.05563223
4.1976953	0.055323679
4.2010965	0.055045977
4.204504	0.05470657
4.2079167	0.054305453
4.2113357	0.053966042
4.2147593	0.05362663
4.2181888	0.05322551
4.2216239	0.052793536
4.2250643	0.052392416
4.2285104	0.052114714
4.2319622	0.05177531
4.2354198	0.05137419
4.2388835	0.051034782
4.242352	0.050726227
4.2458267	0.050541092
4.2493072	0.050417669
4.2527928	0.050294254
4.2562842	0.050047409
4.2597818	0.049708001
4.2632847	0.049368586
4.2667923	0.049152602
4.2703071	0.048874903
4.2738276	0.048628062
4.2773538	0.048381221
4.2808857	0.048103519
4.2844238	0.047856674
4.2879677	0.047671545
4.2915173	0.047486413
4.2950735	0.047332134
4.298635	0.047116149
4.3022022	0.046900161
4.3057756	0.046776742
4.3093548	0.046653315
4.3129401	0.046560749
4.3165312	0.046529893
4.3201284	0.04649904
4.3237324	0.046406474
4.3273416	0.046283051
4.3309565	0.046190489
4.3345776	0.046128776
4.3382049	0.046005353
4.3418384	0.045912791
4.3454776	0.045820225
4.3491235	0.045727655
4.3527737	0.045635089
4.3564315	0.045542527
4.3600955	0.045449961
4.3637652	0.045449961
4.3674417	0.045449961
4.3711243	0.045419104
4.3748131	0.045357391
4.3785081	0.045388252
4.3822103	0.045388252
4.3859177	0.045357391
4.3896313	0.045357391
4.3933511	0.045326538
4.3970776	0.045233969
4.4008102	0.045172259
4.4045491	0.045172259
4.4082947	0.045172259
4.412045	0.045079693
4.415803	0.044987127
4.4195676	0.044863705
4.4233384	0.044771139
4.4271159	0.04464772
4.4308996	0.044586007
4.43469	0.044524297
4.4384871	0.044431731
4.4422908	0.044400875
4.4461007	0.044370022
4.4499168	0.044308309
4.4537401	0.044308309
4.4575696	0.044246599
4.4614058	0.044154033
4.4652486	0.04412318
4.4690976	0.044092324
4.4729543	0.044154033
4.4768167	0.044092324
4.4806862	0.043999758
4.4845624	0.043968905
4.4884448	0.043876335
4.4923344	0.043814622
4.4962306	0.043783765
4.5001335	0.043722056
4.5040426	0.04362949
4.5079594	0.043598637
4.5118828	0.04356778
4.5158129	0.043506067
4.5197501	0.043413505
4.523694	0.043351792
4.5276446	0.043351792
4.5316024	0.043290082
4.5355678	0.043197516
4.5395393	0.04310495
4.5435181	0.042950675
4.5475035	0.042611264
4.551496	0.042179286
4.5554957	0.041685604
4.5595021	0.041099355
4.5635157	0.040574811
4.5675368	0.040173691
4.5715647	0.039865136
4.5755997	0.039680008
4.5796418	0.039649151
4.5836911	0.039834283
4.5877471	0.040050272
4.5918107	0.0402354
4.5958815	0.040420536
4.5999584	0.040605664
4.604044	0.040821653
4.6081362	0.040945079
4.612236	0.041006785
4.616343	0.041068498
4.6204576	0.041068498
4.6245794	0.041037641
4.6287084	0.040975932
4.6328454	0.040945079
4.6369891	0.040945079
4.6411405	0.041006785
4.6452994	0.041099355
4.6494656	0.04125363
4.6536388	0.041469619
4.6578202	0.041562181
4.6620088	0.041623894
4.6662059	0.041685604
4.6704097	0.041685604
4.6746206	0.041562181
4.6788397	0.041469619
4.6830664	0.041377049
4.6873007	0.041222773
4.6915426	0.041037641
4.6957922	0.040821653
4.7000484	0.040543955
4.7043133	0.040266257
4.7085862	0.039988559
4.7128668	0.039741717
4.717155	0.039494876
4.7214513	0.039309736
4.7257552	0.039155461
4.7300668	0.039093751
4.7343879	0.039062895
4.7387152	0.039124608
4.7430506	0.039309736
4.7473941	0.039587438
4.7517457	0.039957702
4.7561049	0.040327966
4.7604723	0.04069823
4.7648478	0.041006785
4.7692318	0.04125363
4.7736235	0.041500472
4.7780232	0.04171646
4.7824311	0.041901592
4.7868466	0.041963302
4.7912707	0.041994158
4.7957029	0.041963302
4.8001437	0.041932445
4.8045907	0.041901592
4.8090477	0.041870736
4.8135128	0.041901592
4.8179865	0.041963302
4.8224683	0.04208672
4.8269582	0.042241
4.8314571	0.042487845
4.8359637	0.042827252
4.8404803	0.043228373
4.8450041	0.043814622
4.8495364	0.044524297
4.8540773	0.045264829
4.8586264	0.04603621
4.8631845	0.046869308
4.8677506	0.047702398
4.8723259	0.048504643
4.8769083	0.049337737
4.8815002	0.050201688
4.8861008	0.050911359
4.8907104	0.051590174
4.8953285	0.052268993
4.8999557	0.052916959
4.9045911	0.053503208
4.909236	0.054027751
4.9138899	0.054552291
4.9185519	0.055045977
4.923223	0.055508807
4.9279027	0.055879075
4.9325914	0.056218483
4.9372892	0.056557894
4.9419956	0.056835592
4.9467115	0.057144143
4.951437	0.057421841
4.9561706	0.057637826
4.9609137	0.057853814
4.9656653	0.05813152
4.9704261	0.058316648
4.9751964	0.058470927
4.9799757	0.058625203
4.9847641	0.058717765
4.9895606	0.058779482
4.9943671	0.058779482
4.9991837	0.058748625
5.0040088	0.058656059
5.0088439	0.05850178
5.0136881	0.058069803
5.0185413	0.057452697
5.0234041	0.056712165
5.0282774	0.055909932
5.0331593	0.055231109
5.0380507	0.055076834
5.0429511	0.055539664
5.0478616	0.056311049
5.0527816	0.057082437
5.0577111	0.057668682
5.0626502	0.05813152
5.0675998	0.058470927
5.0725584	0.058779482
5.0775266	0.058902897
5.0825043	0.058995467
5.087492	0.059180599
5.0924897	0.059365727
5.097497	0.05942744
5.1025143	0.05948915
5.1075401	0.059520006
5.112577	0.059520006
5.1176243	0.059550859
5.1226811	0.059550859
5.127748	0.059550859
5.1328249	0.05948915
5.1379123	0.059396584
5.1430092	0.059273165
5.1481171	0.059088033
5.1532345	0.059118886
5.1583619	0.059088033
5.1634998	0.059057176
5.1686478	0.058933754
5.1738062	0.058779482
5.1789751	0.058656059
5.184154	0.058532637
5.1893444	0.058347505
5.1945438	0.05813152
5.1997542	0.057884671
5.2049747	0.057761248
5.210206	0.057421841
5.2154474	0.057174999
5.2206998	0.057205852
5.2259626	0.05705158
5.2312346	0.056804735
5.2365189	0.056496177
5.2418137	0.056249335
5.2471189	0.056064203
5.2524352	0.055909932
5.2577624	0.05563223
5.2631001	0.055323679
5.2684488	0.055045977
5.273809	0.054737426
5.2791796	0.054428872
5.2845607	0.054151174
5.2899532	0.053750049
5.2953568	0.053534064
5.3007712	0.053379789
5.3061967	0.053102091
5.3116336	0.052855246
5.3170795	0.052608408
5.3225384	0.052392416
5.3280087	0.052145571
5.3334904	0.051806163
5.3389831	0.051466759
5.3444872	0.05094222
5.3500028	0.050448526
5.3555293	0.05038682
5.3610692	0.050294254
5.3666191	0.050047409
5.37218	0.049738858
5.3777528	0.0494303
5.3833375	0.049090892
5.3889332	0.048751481
5.3945408	0.04844293
5.4001603	0.048103519
5.4057918	0.047671545
5.4114347	0.047208715
5.417089	0.04649904
5.4227557	0.045881934
5.4284339	0.045943644
5.434124	0.045789368
5.439826	0.045357391
5.44554	0.044956271
5.4512644	0.044555154
5.4570026	0.043968905
5.4627528	0.043135803
5.4685154	0.042765543
5.4742899	0.042364419
5.4800768	0.041839879
5.4858756	0.041562181
5.4916868	0.041068498
5.4975119	0.040420536
5.5033479	0.039803427
5.5091963	0.039217174
5.5150576	0.038538355
5.5209308	0.03782868
5.5268164	0.037242431
5.5327148	0.036687035
5.5386262	0.036008216
5.5445509	0.035267688
5.550487	0.03443459
5.5564361	0.033786632
5.562398	0.033200379
5.5683727	0.032552414
5.5743604	0.03162675
5.5803604	0.030855369
5.5863738	0.030546816
5.5923977	0.030176552
5.5984373	0.029559443
5.6044893	0.029004047
5.6105552	0.028541218
5.6166334	0.028109241
5.6227255	0.027831543
5.6288304	0.027461277
5.6349487	0.026936736
5.6410818	0.02638134
5.6472268	0.026350485
5.6533852	0.026319632
5.6595569	0.026319632
5.6657424	0.026319632
5.6719413	0.026041932
5.6781535	0.02591851
5.6843796	0.025949366
5.6906204	0.025825944
5.6968741	0.025856799
5.7031412	0.025702523
5.7094221	0.025301402
5.7157168	0.025208835
5.7220259	0.025270546
5.7283483	0.025239691
5.7346849	0.02511627
5.7410331	0.02493114
5.7473979	0.024684293
5.7537766	0.024653438
5.76017	0.02406719
5.7665772	0.023326658
5.7729988	0.023604358
5.7794347	0.023696924
5.7858849	0.023480937
5.7923512	0.023172382
5.7988305	0.022832975
5.8053241	0.022524418
5.811832	0.021969024
5.8183551	0.02104336
5.8248925	0.020518821
5.8314447	0.020364543
5.8380117	0.020148557
5.8445945	0.019716579
5.851191	0.019161185
5.8578029	0.018513223
5.864429	0.01792697
5.8710709	0.017402427
5.877727	0.016415056
5.8843989	0.015921369
5.8910856	0.015674528
5.8977852	0.015119132
5.9045024	0.01505742
5.9112349	0.014841432
5.9179831	0.014471168
5.9247465	0.014131759
5.9315252	0.013607218
5.9383197	0.013329519
5.9451299	0.013761494
5.9519572	0.014070048
5.9587984	0.014286036
5.9656553	0.014316891
5.9725285	0.014625445
5.9794173	0.01505742
5.9863219	0.015273408
5.9932423	0.015705382
6.0001788	0.016291635
6.0071297	0.016538478
6.0140982	0.01672361
6.0210834	0.017124729
6.0280848	0.017556705
6.0351024	0.017865259
6.0421362	0.017556705
6.0491862	0.017279007
6.0562534	0.018235521
6.0633373	0.018790919
6.0704374	0.018790919
6.0775537	0.019130329
6.0846872	0.019685725
6.0918374	0.019994279
6.0990043	0.020148557
6.1061878	0.020025136
6.1133885	0.019809147
6.1206079	0.020241121
6.1278424	0.020703953
6.1350942	0.020796519
6.1423635	0.020765664
6.1496496	0.020796519
6.1569533	0.020703953
6.1642742	0.020796519
6.1716127	0.020981651
6.1789665	0.020642241
6.1863399	0.020302832
6.1937308	0.020642241
6.2011395	0.020796519
6.2085662	0.020703953
6.2160106	0.020673098
6.2234726	0.020673098
6.2309527	0.020673098
6.238452	0.020642241
6.2459679	0.020611387
6.2535024	0.020518821
6.261055	0.020457108
6.2686257	0.020395398
6.2762151	0.020302832
6.2838225	0.020241121
6.2914486	0.020179411
6.2990947	0.020086845
6.3067579	0.020086845
6.3144398	0.020055989
6.3221402	0.020025136
6.3298597	0.019994279
6.3375978	0.019654868
6.345355	0.019469736
6.3531313	0.019932568
6.3609242	0.020055989
6.3687387	0.019809147
6.3765721	0.019963425
6.3844252	0.020210268
6.3922973	0.020364543
6.4001889	0.020302832
6.4081001	0.019593159
6.4160309	0.019408027
6.4239826	0.020241121
6.431953	0.020673098
6.4399428	0.021012506
6.4479527	0.021290205
6.4559822	0.021413626
6.4640322	0.021506192
6.4721022	0.021413626
6.4801922	0.02132106
6.4883046	0.020981651
6.4964356	0.021166781
6.5045867	0.02206159
6.5127583	0.022400998
6.5209503	0.022370143
6.5291634	0.022771263
6.5373969	0.02298725
6.545651	0.02298725
6.5539231	0.022956396
6.5622191	0.02298725
6.5705361	0.022740407
6.5788746	0.02298725
6.587234	0.023295803
6.5956144	0.023480937
6.6040168	0.023696924
6.6124401	0.023758635
6.6208863	0.023696924
6.629353	0.023172382
6.6378412	0.022802118
6.6463513	0.023511792
6.6548829	0.024036331
6.6634369	0.023974622
6.6720128	0.02378949
6.6806107	0.023573503
6.6892328	0.023820344
6.6978755	0.024005476
6.7065401	0.023727778
6.7152276	0.023573503
6.723937	0.023727778
6.7326698	0.023820344
6.7414246	0.023820344
6.7502027	0.023727778
6.7590008	0.023666067
6.7678242	0.023480937
6.7766714	0.023172382
6.7855411	0.022771263
6.7944345	0.022771263
6.8033509	0.023110671
6.8122911	0.023203237
6.8212547	0.022894684
6.8302436	0.022709552
6.8392544	0.022894684
6.848289	0.022709552
6.8573475	0.022030734
6.8664303	0.021814745
6.8755369	0.022370143
6.8846679	0.022462709
6.8938227	0.022370143
6.9029989	0.022277577
6.9122028	0.022277577
6.9214315	0.022277577
6.9306846	0.022215866
6.9399629	0.022185011
6.9492655	0.021969024
6.9585934	0.021567902
6.9679465	0.021753034
6.9773269	0.021938168
6.9867301	0.021814745
6.9961591	0.021753034
7.0056133	0.02178389
7.0150933	0.021691324
7.0245986	0.021598758
7.0341301	0.021444481
7.0436873	0.021105072
7.0532722	0.021166781
7.0628819	0.021351915
7.0725174	0.021382771
7.0821791	0.021351915
7.0918674	0.02132106
7.1015825	0.021228494
7.1113243	0.021105072
7.1210923	0.021074217
7.1308832	0.02104336
7.1407056	0.02085823
7.1505547	0.020703953
7.1604309	0.020580532
7.1703348	0.020364543
7.1802659	0.020457108
7.1902246	0.020487966
7.200211	0.020271977
7.210228	0.0201177
7.2202702	0.020179411
7.23034	0.020086845
7.2404385	0.019932568
7.2505651	0.019716579
7.2607198	0.019593159
7.2709031	0.019377172
7.2811151	0.01919204
7.2913575	0.019161185
7.3016272	0.019037765
7.3119259	0.018821774
7.3222532	0.018605787
7.3326101	0.018358944
7.3429961	0.018112103
7.3534117	0.017957825
7.3638568	0.017803548
7.3743277	0.01752585
7.3848329	0.017279007
7.3953671	0.01706302
7.4059319	0.016816176
7.4165273	0.016538478
7.4271526	0.01632249
7.4378085	0.016013937
7.4484949	0.015767094
7.4592152	0.01545854
7.4699631	0.015149985
7.4807425	0.014903144
7.4915524	0.014656301
7.5023942	0.014347747
7.513267	0.014039192
7.5241718	0.013699784
7.5351081	0.013360375
7.5460782	0.013082676
7.5570784	0.012743266
7.5681105	0.012403859
7.579175	0.012064449
7.5902719	0.01172504
7.6014013	0.011416487
7.6125636	0.011077077
7.6237588	0.010706813
7.6349821	0.010336549
7.6462431	0.010027994
7.6575375	0.009688586
7.6688652	0.0093491767
7.6802268	0.009040623
7.6916218	0.0087012136
7.7030506	0.0083926609
7.7145133	0.0080223959
7.7260127	0.0076521318
7.7375441	0.0073127225
7.7491097	0.0070041693
7.7607102	0.0066647595
7.7723455	0.0063562053
7.7840157	0.0060785078
7.7957211	0.0057082437
7.8074613	0.0053996895
7.8192339	0.0050911359
7.8310452	0.0047517265
7.8428926	0.0044431733
7.8547754	0.0041654748
7.8666949	0.0039186319
7.8786502	0.0036409339
7.8906422	0.0033632349
7.9026704	0.0031472477
7.9147372	0.0029004046
7.9268394	0.0026844172
7.9389782	0.0024684297
7.9511547	0.0022524418
7.9633684	0.0021598758
7.9756198	0.0020673098
7.9879088	0.0019438881
8.0002356	0.0018821775
8.0126038	0.0019747438
8.0250072	0.0020981652
8.0374498	0.0022215866
8.0499296	0.0024684297
8.0624495	0.0029004046
8.0750074	0.0034558009
8.0876055	0.0042580408
8.1002417	0.0053688344
8.1129141	0.006757326
8.1256304	0.0085777929
8.1383867	0.010861089
8.1511831	0.013638073
8.1640196	0.01700131
8.1768961	0.02104336
8.1898146	0.02573338
8.2027731	0.03110221
8.2157736	0.037211575
8.2288151	0.044154033
8.2418976	0.051929586
8.2550211	0.06041481
8.2681875	0.069517143
8.281395	0.07908231
8.2946453	0.088740043
8.3079386	0.097965807
8.3212767	0.10601905
8.3346548	0.11219012
8.3480768	0.11644816
8.3615408	0.11913259
8.3750496	0.12064449
8.3886013	0.12123075
8.4021969	0.12101475
8.4158373	0.1200891
8.4295158	0.1186389
8.4432449	0.11694185
8.4570189	0.11530652
8.4708366	0.11385632
8.4847012	0.11286894
8.4986105	0.11243697
8.5125656	0.11256038
8.5265665	0.11317749
8.540616	0.11444256
8.5547094	0.11623217
8.5688496	0.11851548
8.5830364	0.12113818
8.59727	0.12376089
8.6115513	0.12601332
8.6258802	0.12749439
8.6402569	0.12752524
8.6546841	0.12573564
8.6691561	0.12218726
8.6836777	0.11706527
8.6982479	0.11111019
8.7128668	0.10546365
8.7275343	0.10049593
8.7422523	0.096083619
8.75702	0.092195839
8.7718325	0.088832602
8.7866993	0.086148188
8.8016176	0.084358573
8.8165865	0.083957464
8.8316059	0.085438512
8.8466768	0.088554911
8.8617992	0.092411831
8.8769741	0.096083619
8.8922033	0.098891459
8.9074821	0.10040338
8.9228134	0.10074278
8.9381971	0.1000331
8.9536343	0.098737173
8.9691257	0.097132705
8.9846697	0.095435657
9.000268	0.093769468
9.0159235	0.092195839
9.0316315	0.090560511
9.0473928	0.088801749
9.0632105	0.086919576
9.0790825	0.084913976
9.0950108	0.082692392
9.1109953	0.080378234
9.1270351	0.078033231
9.1431274	0.075564802
9.1592817	0.073003799
9.1754923	0.070411958
9.191761	0.067727536
9.2080879	0.065043122
9.224472	0.062451266
9.2409153	0.059982836
9.2574167	0.057822961
9.2739801	0.055909932
9.2906008	0.054058608
9.3072805	0.052423276
9.3240204	0.05094222
9.3408203	0.049677145
9.3576803	0.048473787
9.3746023	0.047362994
9.3915854	0.046313908
9.4086237	0.045388252
9.4257298	0.044586007
9.4428988	0.043845482
9.4601307	0.043166663
9.4774246	0.042518701
9.4947834	0.042055868
9.5122042	0.041623894
9.5296898	0.041161064
9.5472441	0.040821653
9.5648584	0.040543955
9.5825386	0.040266257
9.6002836	0.039988559
9.6180954	0.039680008
9.635973	0.039402306
9.6539164	0.039155461
9.6719275	0.038939472
9.6900091	0.038723491
9.7081556	0.038538355
9.7263699	0.038353227
9.7446527	0.038198948
9.7630043	0.038013812
9.7814245	0.037797827
9.7999153	0.037550986
9.8184757	0.037273288
9.837101	0.03699559
9.8558025	0.036594465
9.8745756	0.036131635
9.8934202	0.035637952
9.9123363	0.035113409
9.9313259	0.034280315
9.950388	0.033138666
9.9695234	0.03165761
9.9887362	0.029682864
10.008019	0.027677268
10.027377	0.027738977
10.04681	0.030701093
10.066319	0.033416364
10.085902	0.034249458
10.105563	0.034619723
10.1253	0.034959134
10.145119	0.035144262
10.165011	0.035205979
10.184982	0.035175119
10.205031	0.035113409
10.22516	0.034989987
10.245367	0.034712289
10.265656	0.03443459
10.286023	0.034342024
10.306466	0.034311172
10.326997	0.034249458
10.34761	0.034064326
10.368304	0.033755772
10.389083	0.03350893
10.409945	0.033231232
10.43089	0.033015244
10.45192	0.032768402
10.473039	0.032459851
10.49424	0.03218215
10.515526	0.031873599
10.536899	0.031503331
10.558359	0.031071356
10.579906	0.030701093
10.601542	0.030423393
10.623267	0.030053129
10.645084	0.029652011
10.666988	0.029281747
10.688982	0.028880624
10.711066	0.028572071
10.733243	0.02823266
10.755511	0.027831543
10.777872	0.027399568
10.800325	0.027029304
10.822865	0.026659038
10.845508	0.026196208
10.868244	0.025764233
10.891077	0.025393968
10.914005	0.02499285
10.937031	0.024499163
10.960154	0.023943767
10.983374	0.023388371
11.006698	0.022832975
11.030116	0.022339286
11.053635	0.021814745
11.077253	0.021259351
11.100973	0.020765664
11.124795	0.020271977
11.14872	0.019654868
11.172747	0.019130329
11.196871	0.018605787
11.221107	0.018019535
11.245447	0.017587559
11.269894	0.017340718
11.294447	0.017032163
11.319107	0.016692754
11.343875	0.016415056
11.368752	0.016199069
11.393744	0.016137358
11.418839	0.016044792
11.444047	0.016044792
11.469365	0.016075648
11.494797	0.016044792
11.52034	0.016013937
11.545999	0.016075648
11.571771	0.016137358
11.597663	0.016106501
11.623667	0.016044792
11.649787	0.016013937
11.676025	0.016044792
11.702382	0.016106501
11.728858	0.016229926
11.755454	0.016476765
11.782171	0.016754465
11.809002	0.016939599
11.835962	0.017186441
11.863048	0.017556705
11.890256	0.017896114
11.91759	0.018173812
11.94505	0.018482367
11.972636	0.018883485
12.000351	0.019253751
12.028198	0.019562304
12.056171	0.019747438
12.084274	0.019870859
12.112508	0.019994279
12.140875	0.020055989
12.169374	0.020086845
12.198009	0.020086845
12.226777	0.0201177
12.255688	0.020055989
12.28473	0.019963425
12.31391	0.019747438
12.343228	0.019500593
12.372687	0.019377172
12.402287	0.019222895
12.432029	0.019068619
12.461913	0.018883485
12.491931	0.018636644
12.522105	0.018544076
12.552425	0.018328091
12.582892	0.018019535
12.613507	0.01792697
12.644272	0.017772693
12.675187	0.017494993
12.706254	0.017340718
12.737479	0.017340718
12.768852	0.017309861
12.80038	0.017093875
12.832064	0.016970454
12.863906	0.016970454
12.895905	0.016816176
12.928064	0.01660019
12.960384	0.01660019
12.992874	0.01672361
13.025519	0.01672361
13.05833	0.01660019
13.091305	0.016538478
13.124448	0.016692754
13.157759	0.016847029
13.191238	0.016908742
13.22489	0.016970454
13.258701	0.017093875
13.292698	0.017340718
13.326869	0.017556705
13.361217	0.017741838
13.395742	0.018142957
13.430446	0.018482367
13.46533	0.018729208
13.500397	0.019068619
13.535651	0.019438883
13.571085	0.019747438
13.606705	0.019994279
13.642511	0.020179411
13.678508	0.020395398
13.714694	0.020703953
13.751073	0.020950796
13.787644	0.021166781
13.82442	0.021351915
13.861383	0.021475337
13.898545	0.021537047
13.935907	0.021567902
13.97347	0.021660469
14.011236	0.021814745
14.049208	0.021722179
14.087384	0.021506192
14.125755	0.021413626
14.16435	0.021506192
14.203156	0.021506192
14.242176	0.021444481
14.281411	0.021382771
14.320862	0.02132106
14.360532	0.021290205
14.400422	0.021105072
14.440542	0.021105072
14.48088	0.021351915
14.521442	0.021444481
14.562233	0.021444481
14.603253	0.021444481
14.644506	0.021444481
14.685991	0.021660469
14.727713	0.021876456
14.76966	0.021907311
14.811859	0.02206159
14.8543	0.022555273
14.896984	0.023110671
14.939916	0.023542646
14.983094	0.024128899
15.026524	0.025054559
15.070205	0.025949366
15.11415	0.026751604
15.158343	0.027492132
15.202796	0.028109241
15.24751	0.02851036
15.292488	0.02906576
15.337732	0.029682864
15.383245	0.030022275
15.429028	0.030423393
15.475092	0.031225633
15.521424	0.032151297
15.568036	0.033385508
15.614927	0.034989987
15.662103	0.036625326
15.709563	0.037952103
15.757313	0.038692631
15.805353	0.039248031
15.853672	0.039772574
15.902304	0.040204547
15.951234	0.040482242
16.000465	0.04075994
16.050003	0.041346196
16.099848	0.042025011
16.150003	0.042487845
16.200472	0.042888962
16.251265	0.043444358
16.30237	0.043722056
16.353796	0.04310495
16.405548	0.041593038
16.45763	0.040050272
16.510042	0.038723491
16.56279	0.03736585
16.615877	0.036255058
16.669313	0.03551453
16.723085	0.035421964
16.777206	0.03545282
16.831676	0.035236832
16.886503	0.0350517
16.941689	0.034989987
16.997234	0.034804855
17.053146	0.034403738
17.109409	0.034311172
17.166063	0.034249458
17.223093	0.033940908
17.280504	0.033879198
17.338299	0.033910051
17.396481	0.033601496
17.455055	0.033200379
17.514025	0.032984391
17.573404	0.033138666
17.633179	0.032953531
17.693359	0.032675836
17.753954	0.032336429
17.814964	0.032336429
17.876394	0.03218215
17.938251	0.03171932
18.000536	0.03165761
18.063269	0.031565044
18.126427	0.031318199
18.190027	0.031040499
18.254078	0.031133067
18.318579	0.030762805
18.383539	0.030114841
18.448961	0.029744575
18.514851	0.029590299
18.58119	0.029559443
18.648029	0.029528588
18.715351	0.029281747
18.783159	0.028880624
18.851461	0.028448651
18.920263	0.028201807
18.989569	0.028078385
19.059383	0.027800689
19.129725	0.027430424
19.200575	0.027430424
19.271952	0.027245291
19.343863	0.026936736
19.416311	0.027029304
19.489305	0.026905879
19.562849	0.026566474
19.636951	0.026134497
19.711594	0.02591851
19.786827	0.025887655
19.862638	0.025517391
19.939034	0.025085416
20.016018	0.024622586
20.093599	0.024314031
20.171785	0.024098044
20.250582	0.023758635
20.330009	0.023203237
20.410049	0.023018105
20.490723	0.022956396
20.572035	0.022547882
20.653994	0.022531532
20.73661	0.0228422
20.819889	0.022940304
20.903841	0.022776794
20.988487	0.023136515
21.073807	0.023757849
21.159821	0.02395406
21.246542	0.024133921
21.333977	0.024395537
21.422132	0.024428234
21.511023	0.024182972
21.600651	0.023986762
21.691	0.023643393
21.782139	0.023708796
21.874046	0.02357799
21.966734	0.023071112
22.060209	0.022727743
22.154484	0.022776794
22.249567	0.023659743
22.34547	0.024902413
22.442221	0.025867116
22.539797	0.026701011
22.638224	0.027518554
22.737514	0.028009081
22.837679	0.028401505
22.93873	0.02871217
23.04068	0.028777573
23.143541	0.028957436
23.247343	0.029219048
23.35206	0.029251749
23.457727	0.029006487
23.564352	0.028777573
23.671953	0.028761221
23.78054	0.028401505
23.890127	0.02818894
24.000731	0.028123537
24.112324	0.027829224
24.224998	0.027093431
24.338732	0.026472097
24.453537	0.02689722
24.569429	0.026815468
24.686426	0.026929924
24.804543	0.026553851
24.923796	0.026046973
25.044222	0.026472097
25.165796	0.026929924
25.288555	0.02704438
25.412519	0.026978975
25.537704	0.026848167
25.664127	0.026864519
25.791811	0.026848167
25.920769	0.026406694
26.051052	0.025948869
26.182623	0.025523746
26.315529	0.025082272
26.449793	0.02447729
26.585432	0.023905009
26.722471	0.023512587
26.860929	0.023201918
27.00083	0.022645988
27.142149	0.022008304
27.285002	0.021517776
27.429367	0.021288864
27.575268	0.020880092
27.722729	0.020405916
27.871777	0.01975188
28.022434	0.019294055
28.17473	0.018934334
28.328716	0.018263949
28.484369	0.017740719
28.641743	0.017381001
28.800863	0.016874123
28.961761	0.016301842
29.124468	0.016023876
29.289013	0.015631456
29.455427	0.015042824
29.623777	0.014830261
29.794029	0.014748507
29.966249	0.014944718
30.140471	0.015451595
30.316732	0.016056577
30.495066	0.017152088
30.67551	0.019097844
30.858103	0.021517776
31.04282	0.024264727
31.229824	0.027338695
31.419096	0.03047807
31.610676	0.033323124
31.804607	0.035579544
32.000931	0.036789514
32.199696	0.03765611
32.400944	0.038032182
32.604759	0.037737861
32.811115	0.036936674
33.020103	0.03584116
33.231773	0.034663897
33.446171	0.03329042
33.663353	0.031867895
33.883377	0.030363612
34.106293	0.028826628
34.332088	0.027616659
34.560966	0.026390342
34.792919	0.025278483
35.028008	0.024264727
35.266293	0.023120165
35.507843	0.021959251
35.752724	0.021223461
36.001007	0.020781986
36.252811	0.020569427
36.508114	0.020226056
36.767036	0.020258758
37.029659	0.021109004
37.296059	0.02213911
37.566319	0.022744093
37.840527	0.023872307
38.118767	0.025033221
38.40118	0.025474692
38.687756	0.025360236
38.978642	0.025016868
39.273933	0.024706202
39.573734	0.024379183
39.878147	0.024166621
40.187283	0.024166621
40.501244	0.024542693
40.820042	0.02578536
41.144012	0.027256941
41.473164	0.02871217
41.807625	0.030298207
42.147522	0.031688031
42.492992	0.033094209
42.844173	0.034925509
43.20121	0.037165586
43.564312	0.039569166
43.933502	0.042267065
44.309002	0.045275625
44.690975	0.047826368
45.079594	0.049837526
45.475029	0.050982092
45.87746	0.051194653
46.287083	0.050834928
46.704159	0.050131842
47.128742	0.049461454
47.561119	0.049886577
48.001499	0.052061252
48.450111	0.056672204
48.907188	0.062166102
49.372971	0.070112638
49.847713	0.077535935
50.331509	0.08304619
50.824955	0.087984167
51.328171	0.091368802
51.841454	0.093952239
52.365105	0.094982341
52.899441	0.094508171
53.444794	0.093134686
54.001511	0.091041774
54.570061	0.088392928
55.150593	0.085090056
55.74361	0.081492856
56.349518	0.077830248
56.968742	0.074756287
57.60173	0.07217285
58.24894	0.068853617
58.910862	0.065305471
59.588123	0.062493119
60.28101	0.059599008
60.9902	0.057358939
61.716274	0.056099918
62.459846	0.056165323
63.221554	0.058111079
64.002068	0.061561119
64.802094	0.064046457
65.622093	0.065043859
66.463402	0.065419927
67.326561	0.066319227
68.21244	0.066809751
69.121933	0.065812349
70.056015	0.063850239
71.015686	0.063196205
72.002014	0.066106662
73.016319	0.071567871
74.05941	0.076930955
75.132736	0.080855176
76.237625	0.083585769
77.375504	0.085923947
78.547859	0.087591738
79.756294	0.087575391
81.002487	0.0876735
82.28849	0.089995325
83.61573	0.091712162
84.986481	0.092742272
86.402931	0.093216442
87.867393	0.092104591
89.382355	0.090436794
90.95047	0.088327527
92.574593	0.085613281
94.25721	0.090943672
96.002708	0.099053718
97.814079	0.085188158
99.695114	0.079857759
101.64992	0.078598753
103.68291	0.078794956
105.79889	0.082130544
108.00303	0.086071104
110.30139	0.089079671
112.69925	0.089913569
115.20368	0.08827848
117.82195	0.0876735
120.562	0.087853357
123.43254	0.089913569
126.44309	0.09068206
129.60419	0.090600304
132.92625	0.089488447
136.42429	0.087346479
140.11142	0.082310408
144.00337	0.087281071
148.11772	0.11224889
152.47411	0.12752062
157.0945	0.126932
162.00366	0.13935867
167.23055	0.14398599
172.80489	0.14750141
178.76367	0.15198156
185.14809	0.16401583
192.0054	0.17788137
199.39021	0.20831038
207.36581	0.20659356
216.00604	0.24490368
