# Brucite, Chemical Formula: Mg(OH)2
# Sample ID: HS247.3B
# wavelengths (microns), reflectance
1.5234071	0.54060835
1.5238549	0.54071295
1.524303	0.54092211
1.5247513	0.54113126
1.5251998	0.54134047
1.5256486	0.54270005
1.5260978	0.54343218
1.5265471	0.54426891
1.5269967	0.54510558
1.5274466	0.54625601
1.5278969	0.54719728
1.5283473	0.54740649
1.528798	0.54625601
1.529249	0.54667437
1.5297003	0.54761565
1.5301517	0.54792941
1.5306035	0.54761565
1.5310555	0.54970735
1.5315078	0.54970735
1.5319604	0.54918444
1.5324134	0.5494982
1.5328665	0.55043948
1.5333198	0.55232203
1.5337734	0.55305421
1.5342274	0.55263585
1.5346816	0.55294955
1.5351361	0.55409998
1.5355908	0.55378622
1.5360456	0.55368173
1.5365007	0.55514592
1.5369563	0.55587798
1.537412	0.5560872
1.5378683	0.55577344
1.5383245	0.55765593
1.5387812	0.5577606
1.539238	0.55901563
1.5396953	0.56100273
1.5401527	0.5618394
1.5406104	0.56089813
1.5410683	0.56089813
1.5415267	0.56100273
1.5419852	0.56058443
1.542444	0.56027067
1.5429029	0.56215316
1.5433626	0.56382662
1.5438222	0.56445414
1.5442821	0.56434953
1.5447421	0.56414032
1.5452026	0.56466323
1.5456632	0.56644124
1.5461243	0.566755
1.5465856	0.56717336
1.5470469	0.56759173
1.5475086	0.56800997
1.5479708	0.56832379
1.5484331	0.56821924
1.5488957	0.56811464
1.5493586	0.56926507
1.5498219	0.56999719
1.5502852	0.57020634
1.5507492	0.57114762
1.5512131	0.57198435
1.5516775	0.57261181
1.552142	0.57334393
1.5526069	0.57397145
1.553072	0.57449442
1.5535375	0.57418066
1.5540031	0.57365769
1.5544689	0.57459903
1.5549351	0.575854
1.5554017	0.575854
1.5558684	0.57669079
1.5563356	0.5774228
1.5568029	0.57752746
1.5572705	0.57710904
1.5577384	0.57689989
1.5582068	0.57700455
1.5586753	0.57805037
1.5591441	0.57888705
1.5596131	0.57972372
1.5600824	0.57993293
1.560552	0.58066499
1.561022	0.58056045
1.5614921	0.5807696
1.5619628	0.58024675
1.5624335	0.58108336
1.5629046	0.58118796
1.5633758	0.58087426
1.5638475	0.58108336
1.5643194	0.58233839
1.5647916	0.58265221
1.565264	0.58307052
1.5657365	0.58380264
1.5662096	0.58463937
1.5666829	0.58516222
1.5671564	0.5857898
1.5676304	0.58526683
1.5681045	0.5857898
1.5685791	0.58568519
1.5690538	0.58568519
1.5695291	0.5857898
1.5700043	0.58652186
1.57048	0.58631271
1.5709559	0.58673108
1.5714321	0.5874632
1.5719085	0.58892739
1.5723853	0.58913654
1.5728624	0.58871818
1.5733397	0.58767229
1.5738174	0.58850902
1.5742953	0.59007782
1.5747734	0.59049612
1.5752521	0.58976406
1.5757308	0.59060079
1.5762099	0.59133285
1.5766892	0.59101903
1.5771688	0.59091449
1.5776488	0.59175122
1.5781291	0.59154207
1.5786096	0.59216958
1.5790905	0.59300625
1.5795716	0.59415674
1.5800531	0.59436589
1.5805347	0.59352916
1.5810168	0.59363377
1.5814991	0.59478426
1.5819818	0.59499341
1.5824646	0.59541178
1.5829479	0.59509796
1.5834312	0.59457505
1.5839151	0.59478426
1.5843991	0.59530717
1.5848837	0.59603924
1.5853683	0.5964576
1.5858533	0.59718972
1.5863385	0.5984447
1.5868242	0.598131
1.58731	0.59729439
1.5877962	0.59739894
1.5882826	0.59823561
1.5887693	0.59823561
1.5892563	0.59823561
1.5897436	0.59896761
1.5902313	0.60032731
1.5907192	0.60105944
1.5912075	0.60085022
1.591696	0.60043186
1.5921849	0.60032731
1.592674	0.60053647
1.5931635	0.60126859
1.5936533	0.60126859
1.5941433	0.6013732
1.5946337	0.60189611
1.5951242	0.60189611
1.5956153	0.60220987
1.5961065	0.60283732
1.5965984	0.60241908
1.5970901	0.60241908
1.5975825	0.60283732
1.5980748	0.60356951
1.5985676	0.60367405
1.5990607	0.60346496
1.5995542	0.60430157
1.6000477	0.60377866
1.6005416	0.6030466
1.6010358	0.60440624
1.6015304	0.60419703
1.6020253	0.60451078
1.6025206	0.60576582
1.603016	0.60639334
1.6035119	0.60597503
1.604008	0.60628879
1.6045047	0.60660255
1.6050013	0.60607958
1.6054984	0.60628879
1.6059958	0.60712546
1.6064935	0.60764843
1.6069914	0.60723007
1.6074898	0.60639334
1.6079884	0.60649794
1.608487	0.60754377
1.6089861	0.60817128
1.6094857	0.60754377
1.6099856	0.6070208
1.6104858	0.60796213
1.6109861	0.60890341
1.611487	0.6087988
1.6119881	0.60827589
1.6124896	0.6083805
1.6129912	0.60869426
1.6134933	0.60911262
1.6139956	0.60869426
1.6144984	0.60858971
1.6150012	0.60974014
1.6155045	0.61057681
1.616008	0.61047226
1.6165122	0.61036766
1.6170163	0.61078596
1.6175209	0.61015844
1.6180257	0.60890341
1.6185309	0.60869426
1.6190363	0.60963553
1.6195421	0.6100539
1.6200482	0.61026299
1.6205544	0.60994929
1.6210611	0.61015844
1.6215682	0.61047226
1.6220756	0.61047226
1.6225833	0.6100539
1.6230912	0.61089057
1.6235996	0.61089057
1.6241082	0.61068135
1.6246173	0.60994929
1.6251266	0.60932177
1.6256363	0.6100539
1.6261462	0.61141348
1.6266564	0.61120439
1.627167	0.61130893
1.6276779	0.61130893
1.6281891	0.61141348
1.6287007	0.61120439
1.6292125	0.61151809
1.6297247	0.61235482
1.6302372	0.612041
1.6307501	0.61099517
1.6312631	0.61141348
1.6317767	0.61235482
1.6322904	0.61245936
1.6328044	0.61193645
1.6333188	0.61245936
1.6338336	0.61245936
1.6343486	0.61225015
1.6348641	0.61172724
1.6353798	0.61172724
1.6358958	0.61225015
1.6364123	0.61235482
1.6369292	0.61162263
1.637446	0.61130893
1.6379635	0.61172724
1.6384811	0.6121456
1.6389992	0.61277312
1.6395175	0.61298233
1.6400362	0.61235482
1.6405551	0.61256397
1.6410745	0.61256397
1.6415942	0.61266851
1.6421142	0.61277312
1.6426344	0.61256397
1.6431552	0.612041
1.643676	0.61235482
1.6441975	0.61298233
1.644719	0.61235482
1.6452409	0.6121456
1.6457632	0.61277312
1.6462859	0.61277312
1.6468087	0.61235482
1.6473321	0.61235482
1.6478556	0.61277312
1.6483797	0.61308688
1.648904	0.61308688
1.6494286	0.61256397
1.6499535	0.61256397
1.6504788	0.61245936
1.6510044	0.61225015
1.6515305	0.61256397
1.6520567	0.61340064
1.6525834	0.61308688
1.6531103	0.61287773
1.6536378	0.61329603
1.6541654	0.61329603
1.6546935	0.61360985
1.6552217	0.61360985
1.6557504	0.61287773
1.6562793	0.61298233
1.6568087	0.61340064
1.6573384	0.61360985
1.6578683	0.61319149
1.6583985	0.61277312
1.6589293	0.61329603
1.6594603	0.61423737
1.6599917	0.61434191
1.6605233	0.6137144
1.6610554	0.61308688
1.6615878	0.61350518
1.6621207	0.61360985
1.6626537	0.61350518
1.6631873	0.61413276
1.6637208	0.61465573
1.664255	0.6140281
1.6647894	0.61350518
1.6653243	0.61340064
1.6658593	0.6140281
1.6663947	0.61465573
1.6669306	0.61455113
1.6674668	0.61423737
1.6680032	0.61465573
1.6685401	0.61465573
1.6690773	0.61455113
1.6696149	0.61455113
1.6701527	0.61455113
1.670691	0.61486483
1.6712295	0.6150741
1.6717685	0.61528319
1.6723077	0.61517864
1.6728474	0.61517864
1.6733873	0.61538774
1.6739277	0.61465573
1.6744683	0.61476028
1.6750095	0.61496943
1.6755508	0.61528319
1.6760926	0.61528319
1.6766347	0.61476028
1.6771772	0.61444652
1.6777198	0.61496943
1.6782631	0.61549234
1.6788064	0.61517864
1.6793501	0.61392355
1.6798942	0.61392355
1.6804388	0.61423737
1.6809837	0.61392355
1.6815289	0.61413276
1.6820744	0.61434191
1.6826205	0.61423737
1.6831667	0.61444652
1.6837136	0.61434191
1.6842605	0.6140281
1.684808	0.61423737
1.6853557	0.61455113
1.6859038	0.613819
1.6864522	0.61298233
1.687001	0.61340064
1.6875501	0.613819
1.6881	0.6137144
1.6886498	0.61329603
1.6892	0.61308688
1.6897506	0.61340064
1.6903015	0.61413276
1.6908529	0.6140281
1.6914046	0.61340064
1.6919565	0.61319149
1.6925087	0.61329603
1.6930614	0.61340064
1.6936146	0.61298233
1.694168	0.61308688
1.6947218	0.61319149
1.695276	0.61277312
1.6958306	0.61287773
1.6963854	0.61298233
1.6969409	0.61256397
1.6974965	0.61245936
1.6980526	0.61245936
1.6986089	0.61193645
1.6991657	0.61162263
1.6997228	0.61193645
1.7002803	0.6118319
1.7008381	0.6118319
1.7013963	0.61225015
1.7019548	0.61193645
1.7025138	0.61193645
1.703073	0.6121456
1.7036328	0.61151809
1.7041928	0.61089057
1.7047533	0.61036766
1.7053139	0.60963553
1.705875	0.60953093
1.7064364	0.60974014
1.7069983	0.60984468
1.7075605	0.61047226
1.7081233	0.61057681
1.7086862	0.61026299
1.7092496	0.61036766
1.7098132	0.61026299
1.7103775	0.60974014
1.7109419	0.60942638
1.7115068	0.60932177
1.712072	0.60942638
1.7126377	0.60921717
1.7132035	0.60911262
1.7137699	0.60911262
1.7143366	0.60921717
1.7149036	0.6087988
1.715471	0.60869426
1.7160389	0.60827589
1.7166071	0.60827589
1.7171758	0.60858971
1.7177447	0.60890341
1.7183142	0.6083805
1.7188838	0.60775298
1.7194541	0.60743916
1.7200245	0.60827589
1.7205955	0.60890341
1.7211666	0.60869426
1.7217383	0.60796213
1.7223103	0.60743916
1.7228827	0.60775298
1.7234554	0.60796213
1.7240288	0.60754377
1.7246022	0.60743916
1.7251762	0.60712546
1.7257504	0.60649794
1.7263252	0.60649794
1.7269002	0.60649794
1.7274756	0.6067071
1.7280514	0.6068117
1.7286276	0.60691625
1.7292041	0.6070208
1.7297812	0.60712546
1.7303585	0.60660255
1.7309363	0.60618418
1.7315143	0.60649794
1.732093	0.60649794
1.7326717	0.60639334
1.7332511	0.60607958
1.7338307	0.60597503
1.7344109	0.60649794
1.7349913	0.60660255
1.7355722	0.60618418
1.7361534	0.60628879
1.7367351	0.60618418
1.737317	0.60660255
1.7378997	0.60649794
1.7384824	0.60628879
1.7390656	0.60607958
1.7396491	0.60639334
1.7402332	0.6067071
1.7408174	0.60649794
1.7414023	0.60587043
1.7419873	0.60649794
1.7425728	0.6067071
1.7431587	0.60639334
1.7437451	0.60576582
1.7443317	0.60587043
1.7449189	0.60628879
1.7455064	0.60649794
1.7460943	0.60649794
1.7466825	0.60639334
1.7472714	0.60639334
1.7478604	0.60618418
1.7484499	0.60597503
1.7490398	0.60587043
1.7496301	0.60545206
1.7502208	0.60555667
1.7508119	0.60545206
1.7514033	0.60566121
1.7519954	0.60566121
1.7525877	0.60587043
1.7531804	0.60566121
1.7537735	0.60566121
1.754367	0.60545206
1.7549609	0.60534745
1.7555553	0.60492909
1.7561499	0.6051383
1.7567449	0.60524291
1.7573403	0.60534745
1.7579362	0.60587043
1.7585325	0.60576582
1.7591293	0.60524291
1.7597264	0.60492909
1.760324	0.60482454
1.7609218	0.60524291
1.7615204	0.6051383
1.7621191	0.60482454
1.7627183	0.60430157
1.7633178	0.60430157
1.7639178	0.60430157
1.7645181	0.60419703
1.7651191	0.60356951
1.7657201	0.60336035
1.7663218	0.60346496
1.7669238	0.60346496
1.7675263	0.60336035
1.768129	0.60398787
1.7687324	0.60377866
1.769336	0.60336035
1.7699401	0.6030466
1.7705445	0.60262823
1.7711494	0.60283732
1.7717546	0.6030466
1.7723604	0.60262823
1.7729665	0.60241908
1.773573	0.60231447
1.7741799	0.60189611
1.7747874	0.60179156
1.7753952	0.60179156
1.7760036	0.60147774
1.7766122	0.60158235
1.7772213	0.60200071
1.7778307	0.60189611
1.7784407	0.60126859
1.7790509	0.60074568
1.7796618	0.60032731
1.7802728	0.60032731
1.7808841	0.60001361
1.781496	0.60001361
1.7821085	0.60011816
1.7827213	0.60001361
1.7833346	0.59969985
1.7839482	0.59928149
1.7845623	0.59949058
1.7851768	0.5998044
1.785792	0.59938598
1.7864072	0.59917688
1.7870232	0.59886307
1.7876393	0.59875852
1.788256	0.59865397
1.788873	0.59886307
1.7894906	0.59834015
1.7901084	0.59834015
1.790727	0.59865397
1.7913457	0.59865397
1.7919649	0.59823561
1.7925845	0.59823561
1.7932047	0.59834015
1.793825	0.59802639
1.794446	0.59698051
1.7950673	0.59687591
1.795689	0.59718972
1.7963111	0.59739894
1.7969339	0.59718972
1.7975569	0.59677136
1.7981805	0.5964576
1.7988043	0.59635299
1.7994287	0.59635299
1.8000535	0.59593469
1.800679	0.59541178
1.8013045	0.59562087
1.8019307	0.59562087
1.8025571	0.59520251
1.8031842	0.59457505
1.8038116	0.59467965
1.8044394	0.59467965
1.8050677	0.59415674
1.8056965	0.59384292
1.8063256	0.59394753
1.8069552	0.59426123
1.8075852	0.5944705
1.8082157	0.59426123
1.8088466	0.59384292
1.809478	0.59321541
1.8101097	0.59279704
1.8107419	0.59258795
1.8113745	0.59258795
1.8120078	0.59258795
1.8126413	0.59237874
1.8132753	0.59206504
1.8139096	0.59154207
1.8145447	0.59143746
1.8151799	0.59133285
1.8158158	0.59143746
1.8164519	0.59143746
1.8170887	0.59133285
1.8177258	0.59143746
1.8183634	0.59101903
1.8190013	0.59070534
1.8196399	0.58976406
1.8202788	0.58903193
1.8209183	0.58871818
1.8215581	0.58882284
1.8221985	0.58924115
1.8228391	0.58913654
1.8234804	0.58892739
1.8241218	0.58892739
1.824764	0.58850902
1.8254064	0.58798611
1.8260493	0.58756775
1.8266927	0.5881952
1.8273367	0.5881952
1.8279809	0.5877769
1.8286258	0.58735859
1.829271	0.58735859
1.8299167	0.58704484
1.8305628	0.58641732
1.8312097	0.58631271
1.8318566	0.58683568
1.8325043	0.58694023
1.8331522	0.58704484
1.8338007	0.58631271
1.8344495	0.58547598
1.835099	0.58505762
1.8357487	0.58495307
1.8363992	0.58505762
1.83705	0.58463937
1.8377012	0.58401173
1.8383528	0.58463937
1.839005	0.5845347
1.8396575	0.58380264
1.8403107	0.58348888
1.8409641	0.58327973
1.8416178	0.58265221
1.8422722	0.582443
1.8429272	0.58233839
1.8435825	0.58254761
1.8442384	0.58275676
1.8448946	0.582443
1.8455515	0.58212924
1.8462087	0.58150172
1.8468666	0.58056045
1.8475248	0.58003753
1.8481835	0.57961917
1.8488425	0.57993293
1.8495022	0.57993293
1.8501621	0.57972372
1.8508228	0.57909626
1.8514837	0.57888705
1.852145	0.57836413
1.8528068	0.57752746
1.8534694	0.57658613
1.8541322	0.57637691
1.8547956	0.57658613
1.8554593	0.57669079
1.8561238	0.57627237
1.8567885	0.575854
1.8574541	0.5755403
1.8581197	0.57543564
1.858786	0.57501739
1.8594526	0.57407606
1.8601199	0.57344854
1.8607875	0.57365769
1.8614557	0.57355314
1.8621242	0.57323933
1.8627936	0.57292563
1.8634632	0.57240272
1.8641332	0.57167059
1.8648038	0.57146144
1.8654748	0.57125217
1.8661463	0.57083392
1.8668184	0.5705201
1.8674908	0.56957889
1.8681637	0.56905597
1.868837	0.5688467
1.869511	0.56821924
1.8701854	0.56759173
1.8708603	0.56727797
1.8715357	0.56748706
1.8722117	0.5668596
1.872888	0.56581378
1.8735651	0.56560451
1.8742423	0.56560451
1.8749202	0.5650816
1.8755985	0.56497705
1.8762774	0.56455868
1.8769567	0.56361741
1.8776366	0.5635128
1.8783168	0.5635128
1.8789977	0.56330365
1.8796788	0.56288528
1.8803607	0.56246692
1.881043	0.5618394
1.8817258	0.56163031
1.882409	0.56142104
1.8830929	0.56100273
1.883777	0.56068903
1.8844618	0.56079358
1.8851469	0.56058443
1.8858327	0.56058443
1.8865188	0.56037521
1.8872057	0.5600614
1.8878928	0.5597477
1.8885808	0.55943394
1.8892689	0.55891103
1.8899578	0.55849266
1.8906469	0.55870181
1.8913368	0.5581789
1.892027	0.5577606
1.8927178	0.55734223
1.893409	0.55681926
1.8941009	0.55671465
1.8947932	0.55640095
1.8954861	0.55619168
1.8961793	0.55619168
1.8968732	0.55545968
1.8975675	0.55462301
1.8982624	0.55389082
1.8989576	0.55336791
1.8996536	0.55284494
1.9003499	0.55232203
1.9010466	0.55211288
1.9017439	0.55200833
1.9024419	0.5511716
1.9031402	0.55096239
1.9038392	0.55064863
1.9045385	0.54981202
1.9052386	0.54897529
1.905939	0.54897529
1.9066402	0.54887062
1.9073416	0.54876614
1.9080436	0.54813856
1.9087461	0.54772019
1.9094492	0.54688352
1.9101527	0.54646516
1.9108568	0.54615146
1.9115614	0.54562849
1.9122664	0.54479182
1.912972	0.54426891
1.9136782	0.54385054
1.9143847	0.54395515
1.915092	0.54395515
1.9157996	0.54374593
1.916508	0.54311842
1.9172167	0.54280466
1.9179261	0.54270005
1.9186358	0.54217714
1.9193462	0.5412358
1.9200571	0.54060835
1.9207685	0.5405038
1.9214803	0.54092211
1.9221928	0.54092211
1.9229058	0.54060835
1.9236195	0.53987622
1.9243335	0.53987622
1.9250481	0.53966707
1.9257631	0.5392487
1.9264789	0.53903955
1.927195	0.53883034
1.9279118	0.53841203
1.9286289	0.53841203
1.9293463	0.53799373
1.9300646	0.53767997
1.9307835	0.53767997
1.9315028	0.53778452
1.9322227	0.53757536
1.9329431	0.53726161
1.9336642	0.53726161
1.9343857	0.53747076
1.9351079	0.53705233
1.9358305	0.53663409
1.9365537	0.53652948
1.9372772	0.53621572
1.9380015	0.53600657
1.9387262	0.53611112
1.9394516	0.53611112
1.9401773	0.53600657
1.940904	0.53590196
1.9416308	0.53579736
1.9423584	0.53569275
1.9430864	0.53569275
1.943815	0.53527439
1.9445441	0.53527439
1.9452738	0.53506523
1.9460039	0.53454232
1.9467345	0.53443772
1.9474658	0.53443772
1.9481977	0.53401935
1.94893	0.5338102
1.949663	0.5338102
1.9503965	0.53360099
1.9511306	0.53360099
1.9518652	0.53401935
1.9526006	0.53318262
1.9533362	0.53245062
1.9540726	0.53234601
1.9548093	0.5322414
1.9555469	0.53234601
1.9562846	0.5322414
1.9570233	0.5318231
1.9577622	0.5318231
1.9585019	0.5315094
1.959242	0.53119552
1.9599829	0.53098637
1.960724	0.53088176
1.961466	0.53067261
1.9622083	0.53056806
1.9629514	0.53035885
1.9636948	0.53035885
1.9644389	0.52994049
1.9651834	0.52952218
1.9659288	0.52899921
1.9666744	0.52879006
1.9674209	0.52899921
1.9681678	0.52879006
1.9689153	0.52837169
1.9696634	0.52805793
1.9704123	0.52743042
1.9711614	0.52743042
1.9719112	0.52711666
1.9726615	0.52701205
1.9734125	0.5269075
1.9741639	0.52648914
1.9749161	0.52586162
1.9756685	0.52554786
1.976422	0.5252341
1.9771756	0.5252341
1.9779301	0.52471113
1.9786849	0.52439737
1.9794405	0.52366531
1.9801965	0.52272403
1.9809532	0.52220112
1.9817104	0.52188736
1.9824681	0.52136439
1.9832264	0.52094603
1.9839855	0.52042311
1.984745	0.51979566
1.9855052	0.51927269
1.9862659	0.51864511
1.9870273	0.51759928
1.987789	0.51686722
1.9885516	0.51623964
1.9893147	0.51571673
1.9900783	0.51508921
1.9908425	0.51425254
1.9916074	0.51331127
1.9923728	0.51257908
1.9931389	0.51195157
1.9939053	0.5112195
1.9946727	0.51048738
1.9954402	0.50975525
1.9962088	0.50902319
1.9969776	0.50850028
1.9977473	0.5078727
1.9985173	0.50724518
1.9992882	0.50661767
2.0000594	0.50567645
2.0008314	0.50494426
2.0016038	0.50400299
2.002377	0.50306171
2.0031507	0.5025388
2.0039251	0.50170207
2.0046999	0.50107461
2.0054755	0.50013334
2.0062516	0.49919203
2.0070286	0.49845994
2.0078058	0.49793699
2.0085838	0.49710029
2.0093622	0.49615908
2.0101414	0.49521774
2.010921	0.49448565
2.0117013	0.49385816
2.0124824	0.49312595
2.0132637	0.49260309
2.0140457	0.49239391
2.0148287	0.49176642
2.0156119	0.49082515
2.016396	0.48988381
2.0171804	0.4893609
2.0179658	0.48873338
2.0187516	0.48831502
2.0195379	0.48810583
2.0203249	0.48789671
2.0211127	0.48737374
2.0219009	0.48705998
2.0226898	0.48664162
2.0234792	0.4861187
2.0242696	0.48570034
2.0250602	0.48549119
2.0258517	0.48549119
2.0266438	0.48549119
2.0274363	0.48517743
2.0282295	0.48507282
2.0290234	0.48507282
2.0298178	0.48475906
2.0306129	0.48423615
2.0314085	0.48423615
2.0322044	0.48423615
2.0330014	0.48423615
2.0337989	0.48402697
2.0345972	0.4836086
2.0353961	0.48350406
2.0361953	0.48329487
2.0369956	0.48266736
2.0377963	0.48224905
2.0385981	0.48214442
2.0393999	0.48193526
2.0402026	0.48130769
2.0410056	0.4807848
2.0418096	0.48026186
2.042614	0.47994813
2.0434194	0.47952977
2.044225	0.47921595
2.0450315	0.4791114
2.0458386	0.47869307
2.0466464	0.47775176
2.0474546	0.47733343
2.0482635	0.47712424
2.049073	0.47639215
2.0498834	0.47545087
2.0506942	0.47513711
2.0515053	0.4746142
2.0523174	0.47409123
2.0531304	0.47388205
2.0539436	0.47367287
2.0547578	0.47325456
2.0555725	0.47294077
2.0563879	0.47241786
2.057204	0.47252247
2.0580208	0.47220868
2.0588381	0.47168577
2.0596561	0.4712674
2.0604746	0.47095361
2.0612941	0.4708491
2.062114	0.47074449
2.0629346	0.47032613
2.0637558	0.47032613
2.0645773	0.47022152
2.0653996	0.46980315
2.0662231	0.46959403
2.0670469	0.46969858
2.0678713	0.46980315
2.0686965	0.4694894
2.0695224	0.46886188
2.0703487	0.4686527
2.0711763	0.46844357
2.0720038	0.46823439
2.0728326	0.46823439
2.0736616	0.46812984
2.0744915	0.46802521
2.0753219	0.46802521
2.076153	0.46802521
2.0769846	0.46802521
2.0778172	0.46781605
2.0786502	0.46760684
2.0794842	0.46739766
2.0803187	0.46718851
2.0811539	0.46718851
2.0819895	0.4675023
2.0828261	0.46771142
2.0836632	0.4675023
2.084501	0.46718851
2.0853395	0.46718851
2.0861788	0.46687475
2.0870185	0.46687475
2.0878592	0.46708393
2.0887003	0.46718851
2.0895422	0.46677014
2.0903847	0.4666656
2.0912282	0.46677014
2.092072	0.4666656
2.0929167	0.46635184
2.0937619	0.46614265
2.0946081	0.46593347
2.0954545	0.46593347
2.096302	0.46561974
2.0971498	0.46551514
2.0979986	0.46509674
2.0988479	0.46509674
2.0996981	0.46509674
2.1005487	0.46520138
2.1014004	0.46478301
2.1022525	0.46436468
2.1031053	0.4642601
2.1039588	0.46436468
2.1048129	0.4642601
2.1056678	0.46394637
2.1065235	0.46363255
2.1073797	0.46363255
2.1082368	0.46321422
2.1090944	0.46290046
2.1099529	0.46290046
2.1108119	0.46300504
2.1116717	0.46269131
2.1125321	0.46248212
2.1133935	0.4621684
2.1142552	0.46206376
2.115118	0.4621684
2.1159811	0.46195921
2.1168454	0.46164545
2.1177099	0.46154082
2.1185756	0.46122709
2.1194417	0.46133167
2.1203086	0.46101791
2.121176	0.46101791
2.1220446	0.46112248
2.1229134	0.46101791
2.1237831	0.4609133
2.1246536	0.46080872
2.1255245	0.4609133
2.1263962	0.46101791
2.1272688	0.46101791
2.1281419	0.46133167
2.1290162	0.46164545
2.1298907	0.46154082
2.1307662	0.46164545
2.1316423	0.46195921
2.1325192	0.46237755
2.1333966	0.46269131
2.1342752	0.46279591
2.135154	0.46310964
2.1360338	0.46373719
2.1369143	0.4641555
2.1377954	0.46446922
2.1386774	0.46499223
2.1395605	0.46530595
2.1404438	0.46572432
2.1413281	0.46603811
2.1422129	0.46656096
2.1430986	0.46687475
2.1439848	0.46760684
2.144872	0.46802521
2.1457596	0.46875736
2.1466477	0.46917567
2.1475368	0.46928024
2.148427	0.46969858
2.1493175	0.47043076
2.1502092	0.47095361
2.1511011	0.4712674
2.1519942	0.47116283
2.1528878	0.47147658
2.1537826	0.47168577
2.1546776	0.4719995
2.1555736	0.4721041
2.1564703	0.4721041
2.1573677	0.4721041
2.1582658	0.47189492
2.1591649	0.47116283
2.1600645	0.4708491
2.1609645	0.47063985
2.1618655	0.47043076
2.1627674	0.46969858
2.1636701	0.46875736
2.1645734	0.46802521
2.1654775	0.46718851
2.1663826	0.46635184
2.1672883	0.46572432
2.168195	0.4642601
2.169102	0.46269131
2.1700101	0.46143627
2.1709187	0.45997202
2.1718283	0.45819408
2.1727386	0.45631155
2.1736495	0.45442897
2.1745613	0.45244181
2.1754742	0.45035002
2.1763873	0.44825834
2.1773014	0.44595745
2.1782162	0.44386569
2.179132	0.44177395
2.1800482	0.43989143
2.1809654	0.43759051
2.1818831	0.43497583
2.1828015	0.43225658
2.1837208	0.43006027
2.1846411	0.42755014
2.1855621	0.42493549
2.1864841	0.42221627
2.1874065	0.42022911
2.1883299	0.41792825
2.189254	0.41562733
2.1901793	0.41322181
2.1911051	0.41123468
2.1920316	0.40924752
2.1929588	0.40705118
2.193887	0.40475026
2.1948156	0.40286776
2.1957452	0.40140352
2.1966755	0.40004393
2.197607	0.39847511
2.1985388	0.39732465
2.1994717	0.39617419
2.2004051	0.39512831
2.2013395	0.39408246
2.2022746	0.39324576
2.2032106	0.39209533
2.2041473	0.39125863
2.2050848	0.39052653
2.206023	0.38979441
2.2069621	0.38906232
2.207902	0.38833019
2.2088428	0.38749349
2.2097843	0.38665682
2.2107267	0.38582015
2.2116697	0.38529721
2.2126141	0.3843559
2.2135587	0.38320547
2.2145045	0.38205498
2.2154505	0.38132286
2.216398	0.38017246
2.2173457	0.37870824
2.2182946	0.37724403
2.2192442	0.37609357
2.2201948	0.37494311
2.2211459	0.3736881
2.2220981	0.37232843
2.2230508	0.37096879
2.2240045	0.36971375
2.2249589	0.36877251
2.2259145	0.36751747
2.2268705	0.36626241
2.2278273	0.36479816
2.228785	0.36354318
2.2297437	0.36249733
2.2307031	0.360627
2.2316635	0.35867169
2.2326245	0.35739645
2.2335865	0.35663134
2.234549	0.35561121
2.2355127	0.35391092
2.2364771	0.35263571
2.2374425	0.35212564
2.2384083	0.35085043
2.2393754	0.34957525
2.2403431	0.34881011
2.2413118	0.34804499
2.2422812	0.34719488
2.243252	0.34625971
2.2442229	0.34506953
2.2451949	0.3435393
2.2461677	0.34217909
2.2471414	0.34124392
2.2481158	0.34047881
2.2490911	0.33996874
2.2500672	0.33903357
2.251044	0.33809844
2.2520218	0.33775833
2.2530005	0.33767337
2.2539799	0.33707827
2.2549605	0.33656818
2.2559416	0.33580303
2.2569239	0.33486789
2.2579067	0.33452785
2.2588909	0.33435783
2.2598755	0.3342728
2.2608612	0.33384773
2.2618475	0.33316764
2.2628348	0.33257255
2.263823	0.33240253
2.264812	0.33180743
2.2658017	0.33112732
2.2667923	0.33112732
2.2677839	0.33121234
2.2687764	0.3303622
2.2697697	0.32951206
2.2707639	0.32908699
2.271759	0.32900199
2.2727549	0.32849193
2.2737517	0.32815185
2.2747495	0.32806683
2.275748	0.32772681
2.2767475	0.32730171
2.2777479	0.32670662
2.278749	0.32568645
2.2797511	0.32492134
2.2807541	0.3240712
2.2817578	0.32296604
2.282763	0.32186085
2.2837684	0.32084069
2.284775	0.31931043
2.2857823	0.31744018
2.2867908	0.31539983
2.2877998	0.31361455
2.28881	0.31191429
2.2898209	0.30978894
2.2908323	0.30791867
2.2918451	0.30562329
2.2928588	0.30281785
2.2938731	0.30009741
2.2948887	0.29754701
2.2959049	0.29491159
2.2969222	0.2924462
2.2979403	0.28947073
2.2989597	0.28666529
2.2999794	0.28377482
2.3010006	0.28122446
2.3020222	0.27841899
2.303045	0.27552852
2.3040683	0.27280813
2.3050931	0.26991767
2.3061182	0.26702717
2.3071454	0.26422176
2.3081722	0.26175636
2.3092005	0.25971603
2.3102295	0.25793076
2.3112597	0.25529534
2.3122904	0.25265992
2.3133223	0.25053459
2.3143549	0.24857928
2.3153882	0.24679399
2.3164227	0.24568881
2.3174584	0.24466865
2.3184946	0.24347848
2.3195322	0.24271335
2.3205702	0.24220328
2.3216095	0.24220328
2.3226497	0.24254332
2.3236911	0.24356349
2.324733	0.24458364
2.3257761	0.24594384
2.3268199	0.24781416
2.3278646	0.25019452
2.3289104	0.25291494
2.3299572	0.2558054
2.3310046	0.25895092
2.3320534	0.26235145
2.3331029	0.26566699
2.3341534	0.26940757
2.3352048	0.27408332
2.3362572	0.27858901
2.3373103	0.2830947
2.3383648	0.28785548
2.3394198	0.29270127
2.340476	0.29746199
2.3415329	0.30273283
2.342591	0.30808869
2.3436501	0.31327447
2.3447101	0.31812027
2.3457711	0.32262596
2.346833	0.32696167
2.3478959	0.33095729
2.3489597	0.33486789
2.3500245	0.33826846
2.3510904	0.34158397
2.3521569	0.34506953
2.3532248	0.34804499
2.3542933	0.35051042
2.3553631	0.35272074
2.3564336	0.35518613
2.3575051	0.35739645
2.3585775	0.35926676
2.3596511	0.36096704
2.3607256	0.36241227
2.3618011	0.36411253
2.3628776	0.36581278
2.363955	0.36691797
2.3650334	0.36776814
2.3661137	0.36895826
2.3671939	0.37014848
2.3682754	0.37074357
2.3693576	0.37108362
2.3704412	0.37184876
2.3715253	0.37252885
2.3726108	0.37312397
2.373697	0.37320897
2.3747847	0.373294
2.3758729	0.37397406
2.3769624	0.37388909
2.3780525	0.37363404
2.379144	0.37371904
2.3802361	0.37380406
2.3813298	0.37346399
2.3824239	0.37303895
2.3835192	0.37201875
2.3846154	0.37176374
2.3857129	0.37184876
2.3868113	0.37184876
2.3879108	0.37125364
2.3890109	0.37023351
2.3901126	0.36963841
2.3912148	0.36878827
2.3923185	0.36751306
2.3934228	0.3664079
2.3945284	0.36513272
2.3956349	0.36360246
2.3967426	0.36198717
2.397851	0.3601169
2.3989608	0.35807657
2.4000711	0.3562063
2.4011834	0.35306078
2.4022958	0.3494052
2.4034097	0.34634471
2.4045243	0.34311423
2.4056404	0.33894855
2.4067569	0.33435783
2.4078751	0.32866192
2.4089937	0.32237092
2.4101133	0.31480473
2.4112341	0.30672848
2.4123564	0.29737699
2.4134791	0.28734538
2.4146035	0.2772288
2.4157286	0.26762229
2.4168549	0.25818577
2.4179819	0.24815421
2.4191108	0.23769756
2.4202399	0.22741094
2.4213705	0.21754935
2.4225018	0.20802787
2.4236345	0.19910145
2.424768	0.19128022
2.4259028	0.18456416
2.4270384	0.17997344
2.4281759	0.17699796
2.4293137	0.17478763
2.4304526	0.17249227
2.4315925	0.17079198
2.4327338	0.16875166
2.4338756	0.1664563
2.435019	0.16390589
2.4361632	0.16093042
2.4373078	0.15803997
2.4384544	0.15540455
2.4396017	0.15242907
2.4407504	0.14919858
2.4419	0.14605308
2.4430506	0.14333265
2.4442027	0.14103729
2.4453554	0.13891193
2.4465098	0.13738172
2.447665	0.13593648
2.4488211	0.1342362
2.4499784	0.13245092
2.4511368	0.1303256
2.4522963	0.1278602
2.4534569	0.1253098
2.4546185	0.12301444
2.4557815	0.12097412
2.4569452	0.11952888
2.4581103	0.11842372
2.4592764	0.11740354
2.4604435	0.1170635
2.4616117	0.11689348
2.4627812	0.11663843
2.4639518	0.11587331
2.4651229	0.11408802
2.4662957	0.11196268
2.4674697	0.10983735
2.4686446	0.10771203
2.4698207	0.10550167
2.4709978	0.10329133
2.4721763	0.10116599
2.4733558	0.099125661
2.4745364	0.097085334
2.4757183	0.095640108
2.4769011	0.094874986
2.478085	0.094704963
2.4792702	0.094619945
2.4804564	0.094960004
2.4816439	0.095895149
2.4828324	0.097595423
2.4840217	0.09921068
2.4852126	0.10099596
2.4864044	0.1025262
2.4875975	0.10422647
2.4887917	0.10609677
2.4899871	0.10779703
2.4911838	0.10873219
2.4923813	0.10941229
2.4935806	0.10992237
2.4947805	0.11034743
2.4959817	0.11119758
2.497184	0.1126428
2.4983873	0.11468312
2.4995921	0.11680845
2.5007977	0.11952888
2.5020049	0.12224931
2.5032129	0.12522478
2.5044224	0.12913541
2.5056329	0.1335561
2.5068443	0.13797681
2.5080571	0.14197244
2.5092711	0.14605308
2.5104864	0.14979367
2.5117025	0.15327922
2.5129199	0.15557458
2.5141385	0.15659475
2.5153584	0.15650973
2.5165794	0.15472445
2.5178018	0.15208903
2.5190251	0.14936861
2.5202496	0.14656316
2.5214756	0.14418277
2.5227027	0.14146236
2.5239308	0.1386569
2.5251603	0.13653158
2.5263908	0.1347463
2.5276225	0.132961
2.5288556	0.13211088
2.5300899	0.13194086
2.5313251	0.13279098
2.532562	0.1347463
2.5337996	0.13840187
2.5350387	0.14265254
2.536279	0.14715825
2.5375204	0.15268412
2.538763	0.15761489
2.5400069	0.16195059
2.5412521	0.16569118
2.5424979	0.16858163
2.5437455	0.17249227
2.5449944	0.17691295
2.5462441	0.18014346
2.5474954	0.18303391
2.548748	0.18736961
2.5500016	0.19094017
2.5512564	0.19349058
2.5525131	0.19672109
2.5537705	0.20224695
2.5550292	0.20734777
2.556289	0.2112584
2.5575502	0.2145739
2.5588126	0.21754935
2.5600762	0.21856955
2.561341	0.21950468
2.5626073	0.22290523
2.5638747	0.22690085
2.5651433	0.23327686
2.5664132	0.23973787
2.5676842	0.2416932
2.5689566	0.24075805
2.5702302	0.24424359
2.5715053	0.2487493
2.5727808	0.24670897
2.5740583	0.2500245
2.5753372	0.25402012
2.576617	0.2544452
2.5778983	0.25827083
2.579181	0.26031113
2.5804646	0.25835583
2.5817497	0.25793076
2.5830364	0.25274494
2.5843241	0.25172478
2.585613	0.25342503
2.5869033	0.2474741
2.5881948	0.24313842
2.5894876	0.23948283
2.5907817	0.23633735
2.592077	0.23013137
2.5933733	0.21508399
2.5946712	0.2031821
2.5959706	0.20870797
2.5972712	0.21533902
2.598573	0.21550904
2.5998762	0.21176846
2.6011808	0.20743278
2.6024866	0.20335212
2.6037939	0.19791129
2.6051023	0.19162028
2.6064122	0.19145025
2.6077232	0.19187531
2.6090355	0.19009003
2.6103492	0.18847479
2.6116643	0.18677451
2.6129806	0.18388407
2.6142986	0.18141866
2.6156178	0.17487262
2.6169381	0.17070697
2.6182597	0.17121705
2.6195827	0.16603124
2.6209071	0.16416094
2.6222329	0.16671135
2.62356	0.16543615
2.6248877	0.16127048
2.6262174	0.15548958
2.6275485	0.15497948
2.628881	0.15140893
2.6302147	0.14562801
2.6315498	0.14673319
2.6328864	0.14698823
2.6342242	0.1461381
2.6355639	0.1469032
2.6369042	0.14630811
2.6382463	0.14579804
2.6395895	0.14537296
2.6409342	0.1462231
2.6422803	0.14834844
2.6436276	0.15115388
2.6449764	0.15259913
2.6463268	0.15599966
2.6476784	0.16016531
2.6490314	0.16365086
2.6503856	0.16535114
2.6517413	0.16543615
2.6530983	0.16781652
2.6544569	0.17113203
2.6558168	0.17334239
2.6571774	0.17682795
2.65854	0.17742303
2.6599042	0.17861323
2.6612697	0.18090859
2.6626365	0.18192874
2.6640048	0.17742303
2.6653745	0.17436256
2.6667454	0.17640287
2.6681182	0.18133365
2.6694922	0.17623286
2.6708674	0.17606282
2.6722443	0.18396907
2.6736224	0.18354401
2.6750021	0.17699796
2.676383	0.17045194
2.6777654	0.16815656
2.6791496	0.16560617
2.6805348	0.16467102
2.6819217	0.16042034
2.6833098	0.15412934
2.6846995	0.14843345
2.6860905	0.14222747
2.6874828	0.13576645
2.6888769	0.12871033
2.6902716	0.12139919
2.6916685	0.11230275
2.6930668	0.1019311
2.6944666	0.098360546
2.6958678	0.099380709
2.6972704	0.098190516
2.6986744	0.091729492
2.7000799	0.078127339
2.7014871	0.062059809
2.7028956	0.051773183
2.7043056	0.047607522
2.7057171	0.046927415
2.70713	0.047182456
2.7085443	0.047352482
2.7099602	0.048032586
2.7113776	0.050497979
2.7127967	0.05576881
2.7142169	0.061549723
2.7156389	0.066735543
2.7170622	0.070986219
2.718487	0.07396169
2.7199132	0.075406916
2.7213409	0.079997636
2.7227702	0.0835682
2.7242005	0.085098445
2.7256327	0.089774184
2.7270665	0.0942799
2.7285018	0.096915312
2.7299387	0.099040642
2.7313771	0.10150604
2.7328169	0.10201613
2.7342582	0.099890791
2.7357013	0.098785609
2.7371457	0.095045015
2.7385917	0.082548045
2.7400391	0.068435811
2.741488	0.07047613
2.7429385	0.084503345
2.7443907	0.096320219
2.7458441	0.10456652
2.747299	0.10958231
2.7487557	0.11179267
2.7502139	0.11289784
2.7516737	0.11570328
2.753135	0.11859374
2.7545979	0.11825369
2.7560623	0.12190926
2.7575283	0.12752014
2.7589962	0.12947546
2.7604654	0.12862532
2.7619359	0.12539482
2.7634082	0.12479972
2.7648821	0.1271801
2.7663574	0.12845531
2.7678344	0.12896538
2.7693131	0.12922041
2.7707932	0.12905039
2.772275	0.12990053
2.7737584	0.12990053
2.7752433	0.12888037
2.7767296	0.12743513
2.7782178	0.12632996
2.7797074	0.12479972
2.7811987	0.12318447
2.782691	0.12233432
2.7841854	0.12182425
2.7856815	0.11952888
2.7871792	0.11757358
2.7886784	0.1170635
2.7901793	0.11604334
2.7916818	0.11340792
2.7931859	0.11068749
2.794692	0.10975234
2.7961996	0.11068749
2.7977085	0.11255778
2.7992191	0.11442809
2.8007314	0.11468312
2.8022454	0.11349293
2.803761	0.11349293
2.8052781	0.11408802
2.806797	0.11357794
2.8083177	0.11255778
2.8098397	0.11162264
2.8113635	0.11119758
2.8128889	0.11085751
2.8144159	0.11060248
2.8159447	0.11043245
2.8174751	0.10983735
2.8190067	0.10856216
2.8205404	0.10754199
2.8220758	0.1069469
2.8236129	0.10618178
2.8251517	0.10456652
2.8266921	0.10286625
2.8282342	0.101251
2.829778	0.099465713
2.8313241	0.09717036
2.8328712	0.094789982
2.83442	0.092324585
2.8359706	0.089944206
2.8375227	0.087223783
2.8390768	0.084758393
2.8406324	0.082973108
2.8421898	0.081697911
2.843749	0.080507718
2.84531	0.079742603
2.8468723	0.079487562
2.8484366	0.080082655
2.8500025	0.08127284
2.8515701	0.082803085
2.8531396	0.084588364
2.8547106	0.086713701
2.8562829	0.08866901
2.8578575	0.090454295
2.8594339	0.091814503
2.861012	0.092834666
2.8625917	0.093514778
2.8641732	0.093939841
2.8657565	0.093769819
2.8673415	0.093429759
2.8689287	0.092749655
2.870517	0.092239566
2.8721075	0.091729492
2.8736994	0.091134399
2.8752933	0.090964369
2.876889	0.090624325
2.8784864	0.089944206
2.8800855	0.089179084
2.8816857	0.088413976
2.8832886	0.087818876
2.8848929	0.087393813
2.8864994	0.086713701
2.8881073	0.085778557
2.8897173	0.085013434
2.8913291	0.084418342
2.8929424	0.08390826
2.8945582	0.083313167
2.8961751	0.082888097
2.897794	0.082633056
2.8994148	0.082633056
2.9010372	0.082718074
2.9026616	0.083228149
2.9042876	0.084163301
2.9059157	0.085438497
2.9075458	0.086713701
2.9091775	0.087988906
2.9108109	0.089519143
2.9124463	0.090964369
2.9140832	0.092239566
2.9157224	0.093684807
2.9173632	0.095385067
2.9190059	0.09674529
2.9206498	0.098020487
2.922296	0.099380709
2.9239442	0.10048588
2.9255943	0.10167606
2.9272463	0.10286625
2.9289	0.10405644
2.9305558	0.10524663
2.9322133	0.10592674
2.9338732	0.10660685
2.9355345	0.10720193
2.9371977	0.10788205
2.9388628	0.10864716
2.9405298	0.10924226
2.9421985	0.11000738
2.9438694	0.11060248
2.9455421	0.11094253
2.9472167	0.11153762
2.9488933	0.11230275
2.9505715	0.11281282
2.9522519	0.11306787
2.953934	0.11332291
2.9556181	0.11357794
2.9573042	0.113833
2.9589922	0.11374797
2.9606814	0.11340792
2.9623733	0.11298285
2.964067	0.11272781
2.9657626	0.11281282
2.9674604	0.11332291
2.9691598	0.113833
2.9708614	0.11425806
2.9725649	0.11536323
2.9742706	0.11697848
2.9759779	0.11884878
2.9776874	0.12063406
2.9793985	0.12241934
2.9811118	0.12437465
2.9828272	0.12632996
2.9845443	0.12828527
2.9862635	0.12973051
2.9879854	0.13075066
2.9897087	0.13134575
2.9914336	0.13168581
2.993161	0.13177082
2.99489	0.13143076
2.9966211	0.13083567
2.9983544	0.12998554
3.0000894	0.12896538
3.001826	0.12726511
3.0035653	0.12573487
3.0053065	0.12445967
3.0070496	0.12352451
3.0087948	0.12301444
3.0105422	0.12301444
3.0122914	0.12326947
3.0140429	0.12360954
3.0157964	0.12386458
3.0175517	0.12377957
3.0193093	0.12309945
3.0210688	0.12224931
3.0228302	0.12105913
3.0245938	0.11969891
3.0263596	0.11825369
3.0281272	0.11663843
3.0298975	0.11485315
3.0316694	0.11289784
3.0334435	0.11102754
3.0352194	0.10915725
3.0369976	0.10745697
3.0387776	0.10618178
3.04056	0.10499159
3.0423443	0.10405644
3.0441301	0.10295127
3.0459187	0.10159105
3.0477092	0.10006081
3.0495021	0.09887062
3.0512969	0.097680427
3.0530939	0.096660271
3.054893	0.095810138
3.0566943	0.095130034
3.0584979	0.094789982
3.0603034	0.094704963
3.0621109	0.094704963
3.0639207	0.095130034
3.0657327	0.095640108
3.0675466	0.096235208
3.0693629	0.096915312
3.0711813	0.097850464
3.0730011	0.09870059
3.0748239	0.099720746
3.0766487	0.10082593
3.0784757	0.10227117
3.0803049	0.10363138
3.0821362	0.10499159
3.0839698	0.10618178
3.0858054	0.10754199
3.0876439	0.10873219
3.0894837	0.11026242
3.0913262	0.11170764
3.0931706	0.11323789
3.0950172	0.11476813
3.0968661	0.11638339
3.0987172	0.11791363
3.1005704	0.11944387
3.1024263	0.12071908
3.104284	0.12173924
3.106144	0.1227594
3.1080062	0.1240346
3.1098707	0.1253098
3.1117373	0.1265
3.1136062	0.1278602
3.1154773	0.12973051
3.1173501	0.13151579
3.1192257	0.13330106
3.1211035	0.13534139
3.1229837	0.13712667
3.1248662	0.13882694
3.1267509	0.14095226
3.128638	0.14324765
3.1305273	0.14537296
3.1324193	0.14749831
3.1343131	0.14936861
3.1362092	0.15115388
3.1381078	0.15302417
3.1400084	0.15463944
3.1419115	0.15616967
3.1438167	0.15761489
3.1457245	0.1588901
3.1476347	0.16016531
3.1495469	0.16127048
3.1514616	0.16220564
3.1533785	0.16314079
3.1552978	0.16382088
3.1572194	0.16441597
3.1591434	0.16501106
3.1610696	0.16560617
3.162998	0.16611624
3.1649289	0.16654131
3.1668622	0.16705139
3.168798	0.16756147
3.1707361	0.16798654
3.1726766	0.16824159
3.1746194	0.1684116
3.1765647	0.16875166
3.1785126	0.16900669
3.1804626	0.16926175
3.182415	0.16934676
3.1843698	0.1696018
3.186327	0.16994184
3.1882865	0.17019689
3.1902485	0.17036693
3.1922131	0.17053694
3.19418	0.17079198
3.1961493	0.17096202
3.1981211	0.17096202
3.2000952	0.17113203
3.2020719	0.17130207
3.2040508	0.1714721
3.2060323	0.17155711
3.2080164	0.1714721
3.2100022	0.17138708
3.2119911	0.17130207
3.2139823	0.17130207
3.215976	0.17138708
3.2179723	0.1714721
3.2199712	0.17164211
3.2219722	0.17155711
3.2239761	0.17138708
3.2259824	0.17130207
3.2279911	0.17121705
3.2300024	0.17113203
3.2320161	0.17113203
3.2340324	0.17096202
3.2360511	0.17096202
3.2380724	0.17087699
3.2400961	0.17062196
3.2421229	0.17019689
3.2441516	0.17002687
3.2461832	0.16968681
3.2482171	0.16951679
3.2502534	0.16926175
3.2522926	0.16900669
3.2543342	0.16866665
3.2563784	0.1683266
3.2584248	0.16781652
3.2604742	0.16722143
3.262526	0.16679636
3.2645805	0.16620126
3.2666376	0.16552114
3.2686973	0.16492605
3.2707596	0.16424596
3.2728245	0.16365086
3.2748921	0.16331081
3.2769623	0.16263069
3.2790351	0.16195059
3.2811103	0.16118546
3.2831883	0.16033533
3.2852688	0.15957022
3.2873521	0.15872009
3.289438	0.15752989
3.2915258	0.15625468
3.293617	0.15497948
3.2957108	0.15370429
3.2978072	0.15268412
3.2999065	0.15208903
3.3020084	0.15166396
3.3041129	0.1512389
3.3062201	0.15115388
3.3083303	0.1512389
3.3104429	0.15149392
3.3125582	0.15166396
3.314676	0.151834
3.3167968	0.15217404
3.3189204	0.15276913
3.3210464	0.15327922
3.3231752	0.15370429
3.3253074	0.15412934
3.3274417	0.1543844
3.3295789	0.15463944
3.3317187	0.15489447
3.3338614	0.15531954
3.3360066	0.15574461
3.3381548	0.15591463
3.3403056	0.1563397
3.3424585	0.15684979
3.344615	0.15744488
3.3467741	0.15786995
3.3489361	0.15829501
3.3511009	0.15906014
3.3532684	0.15965521
3.3554389	0.16025031
3.3576121	0.16084541
3.3597887	0.16144051
3.3619676	0.16212063
3.3641491	0.16280073
3.3663337	0.16331081
3.368521	0.16390589
3.3707113	0.16433096
3.3729043	0.16467102
3.3751001	0.16501106
3.3772995	0.16509609
3.3795011	0.16543615
3.3817058	0.16543615
3.383913	0.16552114
3.3861232	0.16594622
3.3883364	0.16611624
3.3905525	0.16611624
3.3927715	0.16637127
3.3949924	0.16654131
3.3972173	0.16654131
3.3994448	0.16662633
3.4016755	0.16696638
3.403909	0.16739145
3.4061456	0.16773151
3.408385	0.16790152
3.4106274	0.16807157
3.4128728	0.16824159
3.4151211	0.16858163
3.4173725	0.16900669
3.4196265	0.16934676
3.4218838	0.16934676
3.424144	0.16951679
3.4264071	0.16977182
3.4286733	0.16994184
3.4309425	0.17002687
3.4332149	0.17011188
3.4354899	0.17036693
3.4377682	0.17045194
3.4400494	0.17062196
3.4423335	0.17113203
3.4446208	0.17164211
3.4469111	0.1722372
3.449204	0.17266227
3.4515004	0.17334239
3.4537997	0.17410752
3.4561024	0.17478763
3.4584079	0.17555274
3.4607165	0.17640287
3.4630284	0.17725299
3.4653432	0.17810315
3.4676619	0.17886826
3.4699829	0.17988841
3.472307	0.18090859
3.4746342	0.18175872
3.4769647	0.18269387
3.4792981	0.18379904
3.4816349	0.18481921
3.4839747	0.18592438
3.4863167	0.18719958
3.488663	0.1886448
3.4910121	0.19000503
3.4933646	0.19119522
3.4957201	0.19264044
3.4980791	0.19434072
3.5004408	0.196126
3.5028062	0.19808128
3.5051751	0.1999516
3.5075467	0.20165186
3.5099213	0.20360717
3.5122993	0.20556247
3.5146806	0.20734777
3.517065	0.20904803
3.5194528	0.2108333
3.5218437	0.21244857
3.5242381	0.2138938
3.5266356	0.21542406
3.5290363	0.21686928
3.5314403	0.21814448
3.5338476	0.21924965
3.536258	0.22035481
3.538672	0.22137497
3.5410891	0.22214012
3.5435085	0.22273521
3.5459323	0.22341529
3.5483594	0.22443546
3.5507898	0.22571066
3.5532234	0.22724091
3.5556605	0.22894116
3.5581009	0.23047142
3.5605447	0.23191664
3.5629921	0.23336187
3.5654426	0.23472209
3.5678964	0.23582727
3.5703535	0.23676242
3.5728142	0.23761255
3.5752783	0.23846267
3.5777457	0.23956785
3.5802164	0.24050301
3.5826914	0.24118309
3.5851691	0.24186322
3.5876501	0.24254332
3.5901346	0.24330844
3.5926225	0.24415858
3.595114	0.24509372
3.5976088	0.24602889
3.6001072	0.24696404
3.6026084	0.24764411
3.6051137	0.24823923
3.6076224	0.24908936
3.6101346	0.24985448
3.6126504	0.25061959
3.6151698	0.25146973
3.6176925	0.2524049
3.620219	0.25325501
3.6227491	0.25402012
3.6252825	0.25478527
3.6278193	0.25563538
3.6303599	0.25657055
3.6329038	0.25742066
3.6354516	0.25818577
3.6380026	0.25903592
3.6405575	0.25997108
3.6431165	0.2607362
3.6456785	0.26150131
3.6482441	0.26226643
3.6508133	0.26311657
3.6533861	0.26388171
3.6559625	0.26490185
3.6585426	0.26583698
3.6611264	0.26668715
3.6637127	0.2675373
3.6663036	0.26821738
3.6688983	0.26898253
3.6714969	0.26974764
3.6740987	0.27042773
3.6767046	0.27085277
3.6793139	0.27136287
3.6819272	0.27204296
3.6845443	0.27263808
3.687165	0.27280813
3.6897893	0.27272311
3.6924174	0.27178791
3.695049	0.26745227
3.6976848	0.25427517
3.7003241	0.24407357
3.7029672	0.25427517
3.7056146	0.26770729
3.7082653	0.27314815
3.7109196	0.27518848
3.713578	0.27612361
3.7162399	0.27680373
3.7189059	0.27714381
3.7215757	0.27739882
3.7242491	0.2777389
3.7269256	0.27790892
3.7296069	0.27790892
3.7322919	0.27756885
3.7349808	0.27714381
3.7376738	0.27663371
3.7403705	0.27603862
3.7430711	0.27501848
3.7457757	0.27348819
3.7484846	0.27204296
3.7511971	0.27059776
3.7539134	0.2690675
3.7566335	0.26779234
3.7593577	0.26643211
3.7620859	0.26524192
3.764818	0.26413676
3.767554	0.26328659
3.770293	0.26218143
3.7730372	0.26124626
3.7757852	0.26048115
3.778537	0.25971603
3.7812932	0.25886592
3.7840533	0.25810078
3.7868173	0.25725064
3.7895856	0.2563155
3.7923579	0.25563538
3.7951343	0.25512531
3.7979145	0.25453022
3.800699	0.25402012
3.8034875	0.2538501
3.8062801	0.25427517
3.8090768	0.25529534
3.8118775	0.25682557
3.8146832	0.25844082
3.8174922	0.26014107
3.8203053	0.26201141
3.8231227	0.26379666
3.8259442	0.26541191
3.8287699	0.26685718
3.8315997	0.26830238
3.8344338	0.26923755
3.837271	0.26983261
3.8401134	0.26991767
3.8429599	0.2694926
3.8458109	0.26855743
3.848666	0.26702717
3.8515253	0.26532692
3.8543887	0.26362666
3.8572567	0.26209641
3.8601296	0.26107624
3.8630059	0.26022613
3.8658867	0.25971603
3.8687716	0.25954601
3.8716609	0.25937599
3.8745544	0.25920597
3.8774524	0.25912094
3.8803546	0.25929096
3.8832617	0.25929096
3.8861728	0.25937599
3.8890882	0.25963104
3.8920078	0.26014107
3.894932	0.26022613
3.8978605	0.26005611
3.9007933	0.25971603
3.9037306	0.25937599
3.9066718	0.25886592
3.9096179	0.25844082
3.9125686	0.25793076
3.9155238	0.25759068
3.9184833	0.25708061
3.9214473	0.25682557
3.9244158	0.25657055
3.9273889	0.2564005
3.9303668	0.25614548
3.9333489	0.2558054
3.9363356	0.25529534
3.9393268	0.25487027
3.9423223	0.25470024
3.9453225	0.25521034
3.9483273	0.25597546
3.9513369	0.25691062
3.9543512	0.25835583
3.9573698	0.25980106
3.960393	0.26133129
3.9634209	0.26286152
3.9664533	0.26473185
3.9694903	0.26702717
3.972532	0.26957759
3.9755785	0.27238303
3.9786289	0.2752735
3.9816847	0.27807894
3.984745	0.28045931
3.9878104	0.28275469
3.9908803	0.28488001
3.9939549	0.28700536
3.9970343	0.28896067
4.0001183	0.29083094
4.0032082	0.29287127
4.0063019	0.29499662
4.0094004	0.29703695
4.0125036	0.29916227
4.0156116	0.30128759
4.0187244	0.30324289
4.021842	0.3049432
4.0249648	0.30672848
4.028091	0.30825868
4.0312233	0.30970395
4.0343604	0.31114915
4.0375023	0.31267941
4.0406489	0.31403959
4.0438008	0.31522977
4.046958	0.31659001
4.0501194	0.31786522
4.0532866	0.31897041
4.056458	0.31990555
4.0596347	0.32075566
4.0628161	0.3216058
4.0660028	0.32237092
4.0691943	0.32305104
4.0723906	0.32381615
4.0755925	0.32466632
4.0787992	0.32517639
4.0820107	0.3255164
4.0852275	0.3260265
4.0884495	0.3265366
4.0916762	0.32679164
4.0949082	0.32713169
4.0981455	0.32755676
4.1013875	0.32781178
4.1046343	0.32798183
4.1078868	0.32815185
4.1111441	0.32823688
4.1144071	0.32849193
4.1176748	0.32866192
4.1209483	0.32874694
4.1242266	0.32874694
4.1275101	0.32866192
4.1307993	0.32866192
4.1340938	0.32866192
4.137393	0.32866192
4.1406975	0.32849193
4.1440077	0.32832187
4.1473227	0.32823688
4.1506433	0.32832187
4.1539693	0.32883194
4.1573014	0.32934204
4.1606379	0.32976708
4.16398	0.33002213
4.1673269	0.3303622
4.1706796	0.33053222
4.1740379	0.33070228
4.1774011	0.33095729
4.1807699	0.33104229
4.1841431	0.33112732
4.1875229	0.33112732
4.190908	0.33112732
4.1942987	0.33095729
4.1976953	0.33044723
4.2010965	0.32976708
4.204504	0.32866192
4.2079167	0.32713169
4.2113357	0.32543144
4.2147593	0.32373115
4.2181888	0.32194588
4.2216239	0.32033062
4.2250643	0.31888539
4.2285104	0.31795025
4.2319622	0.31727013
4.2354198	0.31701508
4.2388835	0.31718513
4.242352	0.3182053
4.2458267	0.3196505
4.2493072	0.32152084
4.2527928	0.3235611
4.2562842	0.32466632
4.2597818	0.32339108
4.2632847	0.32101074
4.2667923	0.31905541
4.2703071	0.31752515
4.2738276	0.31650501
4.2773538	0.31590992
4.2808857	0.31548488
4.2844238	0.31539983
4.2879677	0.3157399
4.2915173	0.31599495
4.2950735	0.31641999
4.298635	0.31701508
4.3022022	0.31752515
4.3057756	0.31812027
4.3093548	0.31863037
4.3129401	0.31922546
4.3165312	0.31982052
4.3201284	0.32024559
4.3237324	0.32084069
4.3273416	0.32135078
4.3309565	0.32169083
4.3345776	0.3221159
4.3382049	0.32271102
4.3418384	0.32330608
4.3454776	0.3240712
4.3491235	0.32475129
4.3527737	0.32500634
4.3564315	0.32475129
4.3600955	0.32424125
4.3637652	0.32381615
4.3674417	0.32347614
4.3711243	0.32305104
4.3748131	0.32254097
4.3785081	0.32194588
4.3822103	0.32126579
4.3859177	0.32067066
4.3896313	0.32007557
4.3933511	0.31931043
4.3970776	0.31863037
4.4008102	0.31795025
4.4045491	0.31727013
4.4082947	0.31650501
4.412045	0.3157399
4.415803	0.31488976
4.4195676	0.31412464
4.4233384	0.31352952
4.4271159	0.31301945
4.4308996	0.31259438
4.43469	0.31225431
4.4384871	0.31191429
4.4422908	0.31174427
4.4461007	0.31182927
4.4499168	0.31199932
4.4537401	0.31225431
4.4575696	0.31250936
4.4614058	0.31284943
4.4652486	0.31318951
4.4690976	0.31335953
4.4729543	0.31344453
4.4768167	0.31352952
4.4806862	0.31344453
4.4845624	0.31301945
4.4884448	0.31242436
4.4923344	0.31182927
4.4962306	0.31114915
4.5001335	0.31029901
4.5040426	0.30936387
4.5079594	0.30851373
4.5118828	0.30774862
4.5158129	0.30715355
4.5197501	0.30655843
4.523694	0.30587831
4.5276446	0.30519825
4.5316024	0.30468813
4.5355678	0.30426309
4.5395393	0.30383801
4.5435181	0.3031579
4.5475035	0.30247781
4.551496	0.30179766
4.5554957	0.30094755
4.5595021	0.30001238
4.5635157	0.29907724
4.5675368	0.29822713
4.5715647	0.29720697
4.5755997	0.29635683
4.5796418	0.29525164
4.5836911	0.29414648
4.5877471	0.29304129
4.5918107	0.29193613
4.5958815	0.29108599
4.5999584	0.29023588
4.604044	0.28921571
4.6081362	0.28853557
4.612236	0.28819555
4.616343	0.28777045
4.6204576	0.28751543
4.6245794	0.28743044
4.6287084	0.28734538
4.6328454	0.28726041
4.6369891	0.28709036
4.6411405	0.28709036
4.6452994	0.28717536
4.6494656	0.28751543
4.6536388	0.28811052
4.6578202	0.28896067
4.6620088	0.2898958
4.6662059	0.29108599
4.6704097	0.29253122
4.6746206	0.29389143
4.6788397	0.29491159
4.6830664	0.29567674
4.6873007	0.2962718
4.6915426	0.29669687
4.6957922	0.29703695
4.7000484	0.29729196
4.7043133	0.29737699
4.7085862	0.29754701
4.7128668	0.29780206
4.717155	0.29771703
4.7214513	0.29771703
4.7257552	0.29763204
4.7300668	0.29746199
4.7343879	0.29729196
4.7387152	0.29712194
4.7430506	0.29686689
4.7473941	0.29669687
4.7517457	0.29644185
4.7561049	0.2961868
4.7604723	0.29593176
4.7648478	0.29567674
4.7692318	0.29525164
4.7736235	0.29491159
4.7780232	0.29465657
4.7824311	0.29448655
4.7868466	0.29406145
4.7912707	0.2938064
4.7957029	0.29372144
4.8001437	0.29355139
4.8045907	0.29321134
4.8090477	0.29287127
4.8135128	0.2924462
4.8179865	0.2922762
4.8224683	0.29202116
4.8269582	0.2918511
4.8314571	0.29159608
4.8359637	0.29117101
4.8404803	0.29066092
4.8450041	0.29049087
4.8495364	0.29066092
4.8540773	0.2904059
4.8586264	0.29006582
4.8631845	0.28972578
4.8677506	0.28947073
4.8723259	0.28913069
4.8769083	0.28879061
4.8815002	0.2884506
4.8861008	0.28811052
4.8907104	0.28768548
4.8953285	0.28734538
4.8999557	0.28700536
4.9045911	0.28675032
4.909236	0.2864953
4.9138899	0.28615522
4.9185519	0.28573012
4.923223	0.28539008
4.9279027	0.28513506
4.9325914	0.28479502
4.9372892	0.28453994
4.9419956	0.28428489
4.9467115	0.28394488
4.951437	0.28343478
4.9561706	0.28283969
4.9609137	0.28258464
4.9656653	0.28241464
4.9704261	0.28207457
4.9751964	0.28181952
4.9799757	0.28130943
4.9847641	0.28079936
4.9895606	0.28028929
4.9943671	0.2796942
4.9991837	0.27909911
5.0040088	0.27884406
5.0088439	0.27841899
5.0136881	0.27756885
5.0185413	0.27637866
5.0234041	0.27629364
5.0282774	0.27620867
5.0331593	0.27561355
5.0380507	0.27484843
5.0429511	0.27391326
5.0478616	0.27246806
5.0527816	0.27051276
5.0577111	0.26881248
5.0626502	0.26821738
5.0675998	0.26889747
5.0725584	0.27017272
5.0775266	0.27093783
5.0825043	0.27110782
5.087492	0.27161792
5.0924897	0.27204296
5.097497	0.27195796
5.1025143	0.27170295
5.1075401	0.27119285
5.112577	0.27085277
5.1176243	0.27051276
5.1226811	0.27025771
5.127748	0.27000266
5.1328249	0.2694926
5.1379123	0.26881248
5.1430092	0.26779234
5.1481171	0.26685718
5.1532345	0.26745227
5.1583619	0.26762229
5.1634998	0.2671122
5.1686478	0.2665171
5.1738062	0.26592201
5.1789751	0.26532692
5.184154	0.26498687
5.1893444	0.26422176
5.1945438	0.26303157
5.1997542	0.26184136
5.2049747	0.26175636
5.210206	0.25988606
5.2154474	0.25903592
5.2206998	0.26022613
5.2259626	0.25997108
5.2312346	0.25895092
5.2365189	0.25776073
5.2418137	0.25716564
5.2471189	0.2564005
5.2524352	0.25572041
5.2577624	0.25495529
5.2631001	0.25419018
5.2684488	0.25308499
5.273809	0.25172478
5.2791796	0.25078964
5.2845607	0.24985448
5.2899532	0.24764411
5.2953568	0.24696404
5.3007712	0.24687901
5.3061967	0.24585883
5.3116336	0.24466865
5.3170795	0.24330844
5.3225384	0.24177818
5.3280087	0.24007793
5.3334904	0.23820764
5.3389831	0.23599729
5.3444872	0.23208667
5.3500028	0.22800602
5.3555293	0.22775097
5.3610692	0.22826108
5.3666191	0.22800602
5.37218	0.22741094
5.3777528	0.22673082
5.3833375	0.22613573
5.3889332	0.22571066
5.3945408	0.22486053
5.4001603	0.22384037
5.4057918	0.2222251
5.4114347	0.22018479
5.417089	0.21567909
5.4227557	0.21193847
5.4284339	0.21380879
5.434124	0.21380879
5.439826	0.21159844
5.44554	0.20955813
5.4512644	0.20777284
5.4570026	0.20479737
5.4627528	0.20046169
5.4685154	0.19935651
5.4742899	0.19867641
5.4800768	0.19731618
5.4858756	0.19833633
5.4916868	0.19850636
5.4975119	0.19833633
5.5033479	0.19825132
5.5091963	0.19859137
5.5150576	0.19825132
5.5209308	0.19799627
5.5268164	0.19884641
5.5327148	0.20003662
5.5386262	0.20046169
5.5445509	0.20029163
5.550487	0.19918646
5.5564361	0.19944149
5.562398	0.20037666
5.5683727	0.20020664
5.5743604	0.1968911
5.5803604	0.19536085
5.5863738	0.19850636
5.5923977	0.19986659
5.5984373	0.19850636
5.6044893	0.19774124
5.6105552	0.19723117
5.6166334	0.19604097
5.6227255	0.19604097
5.6288304	0.1949358
5.6349487	0.19102518
5.6410818	0.1860944
5.6472268	0.18770966
5.6533852	0.18889984
5.6595569	0.18949494
5.6657424	0.189835
5.6719413	0.18634945
5.6781535	0.18490422
5.6843796	0.18524428
5.6906204	0.18311892
5.6968741	0.18260886
5.7031412	0.17997344
5.7094221	0.17504266
5.7157168	0.17453258
5.7220259	0.17487262
5.7283483	0.17444757
5.7346849	0.17266227
5.7410331	0.17011188
5.7473979	0.16705139
5.7537766	0.1671364
5.76017	0.16152552
5.7665772	0.15489447
5.7729988	0.15863506
5.7794347	0.16067539
5.7858849	0.15982525
5.7923512	0.15838003
5.7988305	0.15591463
5.8053241	0.15395933
5.811832	0.1500487
5.8183551	0.14239751
5.8248925	0.13950703
5.8314447	0.14137734
5.8380117	0.14205745
5.8445945	0.1411223
5.851191	0.13840187
5.8578029	0.13466127
5.864429	0.13151579
5.8710709	0.12939043
5.877727	0.12114415
5.8843989	0.11901881
5.8910856	0.11910382
5.8977852	0.11655341
5.9045024	0.11969891
5.9112349	0.11918883
5.9179831	0.11655341
5.9247465	0.11357794
5.9315252	0.10660685
5.9383197	0.10278124
5.9451299	0.10601176
5.9519572	0.10626678
5.9587984	0.1044815
5.9656553	0.10014582
5.9725285	0.098955646
5.9794173	0.098530568
5.9863219	0.095640108
5.9932423	0.094874986
6.0001788	0.095810138
6.0071297	0.094024852
6.0140982	0.092154562
6.0210834	0.092324585
6.0280848	0.092154562
6.0351024	0.090539306
6.0421362	0.084673382
6.0491862	0.079742603
6.0562534	0.084758393
6.0633373	0.086968742
6.0704374	0.084418342
6.0775537	0.085013434
6.0846872	0.087393813
6.0918374	0.087733865
6.0990043	0.087223783
6.1061878	0.084673382
6.1133885	0.082293004
6.1206079	0.084928423
6.1278424	0.087223783
6.1350942	0.08679872
6.1423635	0.086118601
6.1496496	0.085863568
6.1569533	0.084843405
6.1642742	0.085098445
6.1716127	0.086033598
6.1789665	0.083398178
6.1863399	0.081527881
6.1937308	0.08390826
6.2011395	0.084673382
6.2085662	0.08390826
6.2160106	0.083228149
6.2234726	0.082803085
6.2309527	0.082293004
6.238452	0.081782922
6.2459679	0.081442863
6.2535024	0.080932789
6.261055	0.080252685
6.2686257	0.079572566
6.2762151	0.079232521
6.2838225	0.078892462
6.2914486	0.07838238
6.2990947	0.078127339
6.3067579	0.077617265
6.3144398	0.077107184
6.3221402	0.076682121
6.3298597	0.076002017
6.3375978	0.07319656
6.345355	0.071411282
6.3531313	0.07353662
6.3609242	0.073281579
6.3687387	0.070901208
6.3765721	0.07047613
6.3844252	0.069966055
6.3922973	0.068520829
6.4001889	0.065970428
6.4081001	0.060189512
6.4160309	0.057554096
6.4239826	0.059424389
6.431953	0.059424389
6.4399428	0.058829293
6.4479527	0.057809133
6.4559822	0.056448918
6.4640322	0.05466364
6.4721022	0.05202822
6.4801922	0.049222775
6.4883046	0.045992266
6.4964356	0.044632051
6.5045867	0.045652214
6.5127583	0.044632051
6.5209503	0.042166661
6.5291634	0.041146502
6.5373969	0.039786283
6.545651	0.037830979
6.5539231	0.036130708
6.5622191	0.034940522
6.5705361	0.033410281
6.5788746	0.033495292
6.587234	0.033495292
6.5956144	0.03315524
6.6040168	0.03273017
6.6124401	0.031880036
6.6208863	0.031114917
6.629353	0.029754702
6.6378412	0.028734541
6.6463513	0.030094756
6.6548829	0.030944891
6.6634369	0.03068985
6.6720128	0.03043481
6.6806107	0.030264782
6.6892328	0.030774862
6.6978755	0.031369954
6.7065401	0.03119993
6.7152276	0.03153998
6.723937	0.032135077
6.7326698	0.032815184
6.7414246	0.03315524
6.7502027	0.033240251
6.7590008	0.033240251
6.7678242	0.032900199
6.7766714	0.032475132
6.7855411	0.031965051
6.7944345	0.032560144
6.8033509	0.034090389
6.8122911	0.034940522
6.8212547	0.035110548
6.8302436	0.035790656
6.8392544	0.036810819
6.848289	0.036810819
6.8573475	0.035535611
6.8664303	0.035535611
6.8755369	0.037575934
6.8846679	0.03834106
6.8938227	0.038681112
6.9029989	0.038681112
6.9122028	0.03919119
6.9214315	0.039616261
6.9306846	0.040041327
6.9399629	0.040126342
6.9492655	0.039446231
6.9585934	0.038256042
6.9679465	0.038936153
6.9773269	0.03936122
6.9867301	0.038936153
6.9961591	0.038511086
7.0056133	0.03834106
7.0150933	0.037830979
7.0245986	0.037405912
7.0341301	0.036640789
7.0436873	0.035535611
7.0532722	0.035875671
7.0628819	0.036555775
7.0725174	0.036810819
7.0821791	0.037065852
7.0918674	0.037320897
7.1015825	0.037490927
7.1113243	0.037405912
7.1210923	0.037575934
7.1308832	0.038171031
7.1407056	0.038596101
7.1505547	0.03936122
7.1604309	0.040381379
7.1703348	0.041061491
7.1802659	0.042421702
7.1902246	0.043441862
7.200211	0.043781921
7.210228	0.044291999
7.2202702	0.045397174
7.23034	0.045992266
7.2404385	0.046502344
7.2505651	0.046927415
7.2607198	0.047437493
7.2709031	0.047692534
7.2811151	0.048117604
7.2913575	0.048712697
7.3016272	0.049222775
7.3119259	0.049647842
7.3222532	0.050157927
7.3326101	0.050157927
7.3429961	0.050582994
7.3534117	0.051178083
7.3638568	0.05160315
7.3743277	0.051858194
7.3848329	0.052113235
7.3953671	0.052453287
7.4059319	0.052538306
7.4165273	0.052708324
7.4271526	0.052963372
7.4378085	0.053048383
7.4484949	0.052963372
7.4592152	0.052708324
7.4699631	0.052878357
7.4807425	0.052963372
7.4915524	0.052963372
7.5023942	0.053133391
7.513267	0.053303424
7.5241718	0.053218409
7.5351081	0.053218409
7.5460782	0.053133391
7.5570784	0.053133391
7.5681105	0.053048383
7.579175	0.053048383
7.5902719	0.052878357
7.6014013	0.052538306
7.6125636	0.052368272
7.6237588	0.052368272
7.6349821	0.052283261
7.6462431	0.052113235
7.6575375	0.051858194
7.6688652	0.051773183
7.6802268	0.051688168
7.6916218	0.051518142
7.7030506	0.051263098
7.7145133	0.051093072
7.7260127	0.051178083
7.7375441	0.051263098
7.7491097	0.051178083
7.7607102	0.051093072
7.7723455	0.051008064
7.7840157	0.051178083
7.7957211	0.051178083
7.8074613	0.051263098
7.8192339	0.051348116
7.8310452	0.051433127
7.8428926	0.051433127
7.8547754	0.051433127
7.8666949	0.051518142
7.8786502	0.051518142
7.8906422	0.051518142
7.9026704	0.05160315
7.9147372	0.051518142
7.9268394	0.051433127
7.9389782	0.051433127
7.9511547	0.051348116
7.9633684	0.051178083
7.9756198	0.050923046
7.9879088	0.05075302
8.0002356	0.05075302
8.0126038	0.050582994
8.0250072	0.050327953
8.0374498	0.050157927
8.0499296	0.050157927
8.0624495	0.049902886
8.0750074	0.049647842
8.0876055	0.049222775
8.1002417	0.048967741
8.1129141	0.048797712
8.1256304	0.048542667
8.1383867	0.048202615
8.1511831	0.048032586
8.1640196	0.047607522
8.1768961	0.047182456
8.1898146	0.047012426
8.2027731	0.047012426
8.2157736	0.046927415
8.2288151	0.046672374
8.2418976	0.046332322
8.2550211	0.046162292
8.2681875	0.045992266
8.281395	0.045737229
8.2946453	0.045482185
8.3079386	0.045397174
8.3212767	0.045312162
8.3346548	0.045057122
8.3480768	0.044802081
8.3615408	0.04454704
8.3750496	0.044291999
8.3886013	0.04437701
8.4021969	0.044291999
8.4158373	0.044291999
8.4295158	0.04437701
8.4432449	0.04437701
8.4570189	0.044462025
8.4708366	0.044632051
8.4847012	0.044887092
8.4986105	0.045057122
8.5125656	0.045057122
8.5265665	0.044972103
8.540616	0.045057122
8.5547094	0.045227148
8.5688496	0.045397174
8.5830364	0.045482185
8.59727	0.045482185
8.6115513	0.045737229
8.6258802	0.04582224
8.6402569	0.045907252
8.6546841	0.045992266
8.6691561	0.046077281
8.6836777	0.046162292
8.6982479	0.046162292
8.7128668	0.046162292
8.7275343	0.046332322
8.7422523	0.046587363
8.75702	0.046502344
8.7718325	0.046587363
8.7866993	0.046757389
8.8016176	0.047012426
8.8165865	0.047097441
8.8316059	0.046927415
8.8466768	0.046587363
8.8617992	0.046162292
8.8769741	0.0455672
8.8922033	0.044717066
8.9074821	0.043866932
8.9228134	0.043271836
8.9381971	0.04310181
8.9536343	0.043611892
8.9691257	0.044036958
8.9846697	0.04352688
9.000268	0.042931784
9.0159235	0.043016799
9.0316315	0.043696906
9.0473928	0.043951944
9.0632105	0.043696906
9.0790825	0.043186825
9.0950108	0.042761754
9.1109953	0.042676743
9.1270351	0.042846769
9.1431274	0.042591732
9.1592817	0.042251673
9.1754923	0.04182661
9.191761	0.041401543
9.2080879	0.040976472
9.224472	0.040551409
9.2409153	0.040041327
9.2574167	0.039786283
9.2739801	0.03953125
9.2906008	0.03919119
9.3072805	0.038936153
9.3240204	0.038766123
9.3408203	0.038511086
9.3576803	0.03834106
9.3746023	0.038086016
9.3915854	0.038001008
9.4086237	0.03791599
9.4257298	0.037660949
9.4428988	0.037405912
9.4601307	0.037320897
9.4774246	0.037320897
9.4947834	0.037065852
9.5122042	0.036555775
9.5296898	0.036300737
9.5472441	0.036300737
9.5648584	0.036300737
9.5825386	0.035960685
9.6002836	0.035705641
9.6180954	0.035960685
9.635973	0.036300737
9.6539164	0.036385749
9.6719275	0.036300737
9.6900091	0.036300737
9.7081556	0.036300737
9.7263699	0.036470763
9.7446527	0.036810819
9.7630043	0.036810819
9.7814245	0.03689583
9.7999153	0.037320897
9.8184757	0.037490927
9.837101	0.037575934
9.8558025	0.037660949
9.8745756	0.037830979
9.8934202	0.03791599
9.9123363	0.038001008
9.9313259	0.038171031
9.950388	0.038426071
9.9695234	0.038511086
9.9887362	0.038681112
10.008019	0.038511086
10.027377	0.038171031
10.04681	0.038171031
10.066319	0.038171031
10.085902	0.038256042
10.105563	0.038171031
10.1253	0.038001008
10.145119	0.038001008
10.165011	0.038086016
10.184982	0.03791599
10.205031	0.037745964
10.22516	0.037830979
10.245367	0.037745964
10.265656	0.037490927
10.286023	0.037320897
10.306466	0.037405912
10.326997	0.037575934
10.34761	0.037660949
10.368304	0.037745964
10.389083	0.03791599
10.409945	0.03791599
10.43089	0.03791599
10.45192	0.037830979
10.473039	0.038001008
10.49424	0.038001008
10.515526	0.03791599
10.536899	0.038001008
10.558359	0.038171031
10.579906	0.038171031
10.601542	0.03834106
10.623267	0.038681112
10.645084	0.038681112
10.666988	0.038256042
10.688982	0.038086016
10.711066	0.038086016
10.733243	0.038001008
10.755511	0.038256042
10.777872	0.038511086
10.800325	0.038426071
10.822865	0.038426071
10.845508	0.038511086
10.868244	0.038851138
10.891077	0.039021168
10.914005	0.039021168
10.937031	0.038851138
10.960154	0.038851138
10.983374	0.039106179
11.006698	0.03936122
11.030116	0.03919119
11.053635	0.039276205
11.077253	0.039786283
11.100973	0.040891461
11.124795	0.041911621
11.14872	0.041911621
11.172747	0.041231513
11.196871	0.040041327
11.221107	0.038426071
11.245447	0.035195559
11.269894	0.03119993
11.294447	0.03043481
11.319107	0.031965051
11.343875	0.03273017
11.368752	0.03273017
11.393744	0.032305103
11.418839	0.031965051
11.444047	0.03153998
11.469365	0.03119993
11.494797	0.030944891
11.52034	0.030604836
11.545999	0.030179769
11.571771	0.029669689
11.597663	0.028904567
11.623667	0.027884405
11.649787	0.026609205
11.676025	0.025078963
11.702382	0.023633735
11.728858	0.023633735
11.755454	0.025674058
11.782171	0.028224459
11.809002	0.029839715
11.835962	0.030604836
11.863048	0.031029904
11.890256	0.03171001
11.91759	0.032305103
11.94505	0.032475132
11.972636	0.032900199
12.000351	0.033410281
12.028198	0.03400537
12.056171	0.034430441
12.084274	0.034600466
12.112508	0.034855507
12.140875	0.034940522
12.169374	0.035025533
12.198009	0.035110548
12.226777	0.035280574
12.255688	0.035110548
12.28473	0.034770496
12.31391	0.034515452
12.343228	0.034685481
12.372687	0.034685481
12.402287	0.035025533
12.432029	0.035705641
12.461913	0.036810819
12.491931	0.038256042
12.522105	0.040041327
12.552425	0.041911621
12.582892	0.04437701
12.613507	0.046842404
12.644272	0.049222775
12.675187	0.05160315
12.706254	0.054068547
12.737479	0.05678897
12.768852	0.059849456
12.80038	0.062739909
12.832064	0.065290317
12.863906	0.068095759
12.895905	0.071156241
12.928064	0.074046701
12.960384	0.076937154
12.992874	0.079402544
13.025519	0.081952944
13.05833	0.084418342
13.091305	0.087053761
13.124448	0.089604162
13.157759	0.091814503
13.191238	0.093939841
13.22489	0.095810138
13.258701	0.09717036
13.292698	0.098020487
13.326869	0.099125661
13.361217	0.10031585
13.395742	0.10133601
13.430446	0.10269623
13.46533	0.10507661
13.500397	0.10839213
13.535651	0.11170764
13.571085	0.1145131
13.606705	0.11672344
13.642511	0.11884878
13.678508	0.12080409
13.714694	0.12309945
13.751073	0.12564985
13.787644	0.12803023
13.82442	0.12990053
13.861383	0.13117573
13.898545	0.13202585
13.935907	0.13211088
13.97347	0.13168581
14.011236	0.13151579
14.049208	0.13143076
14.087384	0.13143076
14.125755	0.1316008
14.16435	0.13236593
14.203156	0.13347109
14.242176	0.13457626
14.281411	0.13576645
14.320862	0.1367016
14.360532	0.13831685
14.400422	0.13967706
14.440542	0.14078224
14.48088	0.14154735
14.521442	0.14180242
14.562233	0.14180242
14.603253	0.14171739
14.644506	0.14171739
14.685991	0.14154735
14.727713	0.14129232
14.76966	0.14103729
14.811859	0.14146236
14.8543	0.14214244
14.896984	0.14231248
14.939916	0.14180242
14.983094	0.14214244
15.026524	0.14375772
15.070205	0.14469287
15.11415	0.14520295
15.158343	0.14520295
15.202796	0.14511794
15.24751	0.14571302
15.292488	0.1462231
15.337732	0.1461381
15.383245	0.14605308
15.429028	0.1462231
15.475092	0.14647815
15.521424	0.1462231
15.568036	0.14639312
15.614927	0.14664817
15.662103	0.14630811
15.709563	0.14588305
15.757313	0.14528796
15.805353	0.14477786
15.853672	0.14486289
15.902304	0.14486289
15.951234	0.14486289
16.000465	0.14452283
16.050003	0.14443782
16.099848	0.14426778
16.150003	0.14375772
16.200472	0.14307761
16.251265	0.14265254
16.30237	0.14197244
16.353796	0.14027216
16.405548	0.13933702
16.45763	0.13848689
16.510042	0.1367016
16.56279	0.13449126
16.615877	0.13236593
16.669313	0.13066565
16.723085	0.12896538
16.777206	0.12684004
16.831676	0.12547982
16.886503	0.1247147
16.941689	0.12445967
16.997234	0.12547982
17.053146	0.12709509
17.109409	0.12905039
17.166063	0.13143076
17.223093	0.13457626
17.280504	0.13814682
17.338299	0.14171739
17.396481	0.14554299
17.455055	0.14928359
17.514025	0.15234406
17.573404	0.15531954
17.633179	0.15820999
17.693359	0.16110046
17.753954	0.16331081
17.814964	0.16535114
17.876394	0.16798654
17.938251	0.17045194
18.000536	0.1720672
18.063269	0.17368244
18.126427	0.17521268
18.190027	0.17623286
18.254078	0.17759307
18.318579	0.17878325
18.383539	0.17946336
18.448961	0.18005845
18.514851	0.18124865
18.58119	0.18201375
18.648029	0.18235382
18.715351	0.18235382
18.783159	0.18286391
18.851461	0.18362901
18.920263	0.18439414
18.989569	0.1847342
19.059383	0.18498924
19.129725	0.18515925
19.200575	0.18447913
19.271952	0.18430912
19.343863	0.18490422
19.416311	0.18600938
19.489305	0.1860944
19.562849	0.18626443
19.636951	0.18719958
19.711594	0.18634945
19.786827	0.18379904
19.862638	0.18303391
19.939034	0.1847342
20.016018	0.18598109
20.093599	0.18904291
20.171785	0.19008453
20.250582	0.19058959
20.330009	0.19118932
20.410049	0.19008455
20.490723	0.19062114
20.572035	0.1886957
20.653994	0.1873384
20.73661	0.18815906
20.819889	0.18983203
20.903841	0.19163124
20.988487	0.19295697
21.073807	0.19440895
21.159821	0.19207317
21.246542	0.19295697
21.333977	0.19374609
21.422132	0.19182062
21.511023	0.19027394
21.600651	0.19106306
21.691	0.19087368
21.782139	0.19071585
21.874046	0.18983203
21.966734	0.18828534
22.060209	0.18957952
22.154484	0.19068429
22.249567	0.1886957
22.34547	0.18743311
22.442221	0.18771717
22.539797	0.18796968
22.638224	0.18768561
22.737514	0.18882194
22.837679	0.19065271
22.93873	0.18815908
23.04068	0.18424502
23.143541	0.18070975
23.247343	0.17815296
23.35206	0.17730071
23.457727	0.17553307
23.564352	0.17468083
23.671953	0.17512274
23.78054	0.17067207
23.890127	0.16656861
24.000731	0.16682112
24.112324	0.16761026
24.224998	0.16555852
24.338732	0.16372776
24.453537	0.16259141
24.569429	0.16047657
24.686426	0.15965585
24.804543	0.15735161
24.923796	0.15612058
25.044222	0.15833014
25.165796	0.16230734
25.288555	0.16076064
25.412519	0.15684658
25.537704	0.1550158
25.664127	0.1507861
25.791811	0.14661951
25.920769	0.14560942
26.051052	0.14652482
26.182623	0.14674577
26.315529	0.14819777
26.449793	0.15129112
26.585432	0.15889832
26.722471	0.1707352
26.860929	0.18156199
27.00083	0.19182062
27.142149	0.20034318
27.285002	0.20754001
27.429367	0.21344267
27.575268	0.21571535
27.722729	0.21887185
27.871777	0.22073416
28.022434	0.21928219
28.17473	0.21666229
28.328716	0.21568382
28.484369	0.21252729
28.641743	0.21000206
28.800863	0.20889732
28.961761	0.20959175
29.124468	0.20959175
29.289013	0.20577239
29.455427	0.2042888
29.623777	0.20454131
29.794029	0.20012224
29.966249	0.19747077
30.140471	0.19718666
30.316732	0.1979758
30.495066	0.19608191
30.67551	0.19595563
30.858103	0.19769171
31.04282	0.19668163
31.229824	0.19507185
31.419096	0.19586094
31.610676	0.19548218
31.804607	0.19295697
32.000931	0.19141029
32.199696	0.18866414
32.400944	0.18784344
32.604759	0.18538137
32.811115	0.18421346
33.020103	0.1847185
33.231773	0.18421346
33.446171	0.18279302
33.663353	0.18310867
33.883377	0.18036252
34.106293	0.17632219
34.332088	0.17499647
34.560966	0.17455457
34.792919	0.17234501
35.028008	0.17212404
35.266293	0.17247126
35.507843	0.17089301
35.752724	0.1704511
36.001007	0.17051424
36.252811	0.1699145
36.508114	0.16666332
36.767036	0.16735773
37.029659	0.17067207
37.296059	0.17051424
37.566319	0.17016703
37.840527	0.1707352
38.118767	0.17051426
38.40118	0.16862032
38.687756	0.17032485
38.978642	0.17158745
39.273933	0.1675787
39.573734	0.16590576
39.878147	0.16912536
40.187283	0.16865191
40.501244	0.16742086
40.820042	0.16865189
41.144012	0.16761026
41.473164	0.1699145
41.807625	0.17256597
42.147522	0.16814685
42.492992	0.16435905
42.844173	0.16391715
43.20121	0.16505349
43.564312	0.16688426
43.933502	0.16173916
44.309002	0.16243359
44.690975	0.16499035
45.079594	0.16644235
45.475029	0.16925162
45.87746	0.17111398
46.287083	0.17067207
46.704159	0.16814685
47.128742	0.1654007
47.561119	0.16331741
48.001499	0.16293864
48.450111	0.16356993
48.907188	0.16423279
49.372971	0.1637909
49.847713	0.16454844
50.331509	0.16827312
50.824955	0.16600044
51.328171	0.15959273
51.841454	0.16173917
52.365105	0.16158132
52.899441	0.16028717
53.444794	0.16129726
54.001511	0.16814685
54.570061	0.17187154
55.150593	0.17060894
55.74361	0.16975667
56.349518	0.166032
56.968742	0.16259141
57.60173	0.16565321
58.24894	0.17490177
58.910862	0.18007843
59.588123	0.18108851
60.28101	0.18446599
60.9902	0.18077287
61.716274	0.18042564
62.459846	0.1820039
63.221554	0.18361372
64.002068	0.18130948
64.802094	0.18250895
65.622093	0.1798259
66.463402	0.22022913
67.326561	0.22455356
68.21244	0.19226253
69.121933	0.19159968
70.056015	0.19557686
71.015686	0.19665007
72.002014	0.19415642
73.016319	0.19936468
74.05941	0.19772327
75.132736	0.19582938
76.237625	0.19860713
77.375504	0.20457289
78.547859	0.21028617
79.756294	0.21479996
81.002487	0.22348031
82.28849	0.23841056
83.61573	0.23364426
84.986481	0.23550661
86.402931	0.24248247
87.867393	0.24813263
89.382355	0.25065783
90.95047	0.25738114
92.574593	0.25656047
94.25721	0.24024136
96.002708	0.24728037
97.814079	0.27025971
99.695114	0.27780375
101.64992	0.28522152
103.68291	0.28746262
105.79889	0.28386423
108.00303	0.28897774
110.30139	0.29721624
112.69925	0.29655334
115.20368	0.29863667
117.82195	0.31413507
120.562	0.33357912
123.43254	0.33550459
126.44309	0.32344675
129.60419	0.33670411
132.92625	0.35387546
136.42429	0.38780782
140.11142	0.41037685
144.00337	0.41706863
148.11772	0.45327368
152.47411	0.47625303
157.0945	0.47622147
162.00366	0.48471239
167.23055	0.4809562
172.80489	0.44396198
178.76367	0.47252834
185.14809	0.53518492
192.0054	0.53587937
199.39021	0.58420539
207.36581	0.75415152
216.00604	0.67470229
