# Calcite, Chemical Formula: CaCO3
# Sample ID: WS272
# wavelengths (microns), reflectance
1.5829479	0.54635781
1.5834312	0.54670548
1.5839151	0.5468601
1.5843991	0.54682142
1.5848837	0.54720765
1.5853683	0.54732358
1.5858533	0.54743952
1.5863385	0.54759389
1.5868242	0.5476712
1.58731	0.5476712
1.5877962	0.54774851
1.5882826	0.54821199
1.5887693	0.54832792
1.5892563	0.5482893
1.5897436	0.54832792
1.5902313	0.54844379
1.5907192	0.54875284
1.5912075	0.54871422
1.591696	0.54879141
1.5921849	0.54890728
1.592674	0.54913908
1.5931635	0.54925495
1.5936533	0.54937088
1.5941433	0.54960263
1.5946337	0.54987305
1.5951242	0.54998899
1.5956153	0.55006617
1.5961065	0.55018204
1.5965984	0.5501048
1.5970901	0.55014342
1.5975825	0.55052972
1.5980748	0.55076146
1.5985676	0.55087739
1.5990607	0.55087739
1.5995542	0.55114776
1.6000477	0.55114776
1.6005416	0.55130225
1.6010358	0.55149537
1.6015304	0.5517658
1.6020253	0.55184311
1.6025206	0.55192029
1.603016	0.55184311
1.6035119	0.55211347
1.604008	0.55246109
1.6045047	0.55253834
1.6050013	0.55273151
1.6054984	0.55296332
1.6059958	0.55327231
1.6064935	0.55338824
1.6069914	0.55342686
1.6074898	0.55354267
1.6079884	0.55361998
1.608487	0.55373585
1.6089861	0.55377448
1.6094857	0.55412209
1.6099856	0.5540449
1.6104858	0.55412209
1.6109861	0.5542767
1.611487	0.55466294
1.6119881	0.55489469
1.6124896	0.55501062
1.6129912	0.55497199
1.6134933	0.55512649
1.6139956	0.55516511
1.6144984	0.55524236
1.6150012	0.5554741
1.6155045	0.5557059
1.616008	0.5558604
1.6165122	0.55609214
1.6170163	0.55613083
1.6175209	0.55651712
1.6180257	0.55671024
1.6185309	0.55667156
1.6190363	0.55667156
1.6195421	0.55667156
1.6200482	0.55674887
1.6205544	0.55705786
1.6210611	0.55713511
1.6215682	0.55740553
1.6220756	0.55740553
1.6225833	0.55752146
1.6230912	0.55736691
1.6235996	0.55775321
1.6241082	0.55810082
1.6246173	0.55837125
1.6251266	0.55837125
1.6256363	0.55840987
1.6261462	0.55856431
1.6266564	0.5586803
1.627167	0.55879617
1.6276779	0.55898929
1.6281891	0.55902797
1.6287007	0.55937558
1.6292125	0.55945283
1.6297247	0.55953008
1.6302372	0.55972326
1.6307501	0.55980045
1.6312631	0.55980045
1.6317767	0.55983907
1.6322904	0.55991644
1.6328044	0.56014812
1.6333188	0.5603413
1.6338336	0.56053442
1.6343486	0.56049579
1.6348641	0.56080484
1.6353798	0.56095934
1.6358958	0.56107515
1.6364123	0.56103659
1.6369292	0.56115246
1.637446	0.56153876
1.6379635	0.56165463
1.6384811	0.56173187
1.6389992	0.56165463
1.6395175	0.56157738
1.6400362	0.56188643
1.6405551	0.56204093
1.6410745	0.56231129
1.6415942	0.56219548
1.6421142	0.5622341
1.6426344	0.56234992
1.6431552	0.56250453
1.643676	0.56262034
1.6441975	0.56281352
1.644719	0.56281352
1.6452409	0.56292939
1.6457632	0.56289077
1.6462859	0.56300664
1.6468087	0.56316119
1.6473321	0.56335425
1.6478556	0.56343156
1.6483797	0.56347024
1.648904	0.5636633
1.6494286	0.56377918
1.6499535	0.56389511
1.6504788	0.56389511
1.6510044	0.56397229
1.6515305	0.56408823
1.6520567	0.56439728
1.6525834	0.56462902
1.6531103	0.56466758
1.6536378	0.56482214
1.6541654	0.56486076
1.6546935	0.56501526
1.6552217	0.56497663
1.6557504	0.56497663
1.6562793	0.56497663
1.6568087	0.56505394
1.6573384	0.56509256
1.6578683	0.56536299
1.6583985	0.5654788
1.6589293	0.56555611
1.6594603	0.56555611
1.6599917	0.56571066
1.6605233	0.5658651
1.6610554	0.56594241
1.6615878	0.56605828
1.6621207	0.56613553
1.6626537	0.56617415
1.6631873	0.56640583
1.6637208	0.5664832
1.664255	0.56663769
1.6647894	0.56663769
1.6653243	0.56675351
1.6658593	0.56679219
1.6663947	0.56721711
1.6669306	0.56721711
1.6674668	0.56725574
1.6680032	0.56725574
1.6685401	0.56733298
1.6690773	0.56744891
1.6696149	0.56752616
1.6701527	0.56737161
1.670691	0.56752616
1.6712295	0.56771922
1.6717685	0.56787378
1.6723077	0.56791246
1.6728474	0.56798965
1.6733873	0.56818283
1.6739277	0.56822151
1.6744683	0.56837595
1.6750095	0.56856906
1.6755508	0.56860775
1.6760926	0.56860775
1.6766347	0.56872362
1.6771772	0.56903267
1.6777198	0.56922579
1.6782631	0.56938028
1.6788064	0.56945753
1.6793501	0.56965071
1.6798942	0.56976658
1.6804388	0.56972796
1.6809837	0.56972796
1.6815289	0.56992108
1.6820744	0.57015288
1.6826205	0.57019144
1.6831667	0.57023013
1.6837136	0.57050049
1.6842605	0.57046187
1.684808	0.57065499
1.6853557	0.57088679
1.6859038	0.57104135
1.6864522	0.57107997
1.687001	0.57119578
1.6875501	0.57127309
1.6881	0.57138902
1.6886498	0.57146621
1.6892	0.57142758
1.6897506	0.57158208
1.6903015	0.57192975
1.6908529	0.57212293
1.6914046	0.57208431
1.6919565	0.57216156
1.6925087	0.57243192
1.6930614	0.5726251
1.6936146	0.5727796
1.694168	0.57258648
1.6947218	0.57266366
1.695276	0.5727796
1.6958306	0.57304996
1.6963854	0.57320452
1.6969409	0.57335895
1.6974965	0.57328176
1.6980526	0.57324314
1.6986089	0.57316583
1.6991657	0.57339764
1.6997228	0.57359082
1.7002803	0.57386124
1.7008381	0.57393843
1.7013963	0.5740543
1.7019548	0.57393843
1.7025138	0.57413161
1.703073	0.5742861
1.7036328	0.57436335
1.7041928	0.5742861
1.7047533	0.5744406
1.7053139	0.57436335
1.705875	0.57447922
1.7064364	0.57451785
1.7069983	0.57478827
1.7075605	0.57486552
1.7081233	0.57490408
1.7086862	0.57490408
1.7092496	0.57509726
1.7098132	0.57513595
1.7103775	0.57525176
1.7109419	0.57529044
1.7115068	0.57544494
1.712072	0.57540631
1.7126377	0.57556075
1.7132035	0.57552212
1.7137699	0.57563812
1.7143366	0.57575399
1.7149036	0.57598567
1.715471	0.57614022
1.7160389	0.57621747
1.7166071	0.57617885
1.7171758	0.57617885
1.7177447	0.57614022
1.7183142	0.57637203
1.7188838	0.57641065
1.7194541	0.57637203
1.7200245	0.57629472
1.7205955	0.57644928
1.7211666	0.57660377
1.7217383	0.57668108
1.7223103	0.57675827
1.7228827	0.57683551
1.7234554	0.57687414
1.7240288	0.57695144
1.7246022	0.57699013
1.7251762	0.57695144
1.7257504	0.57691282
1.7263252	0.57718319
1.7269002	0.57726043
1.7274756	0.57737637
1.7280514	0.57753086
1.7286276	0.57756948
1.7292041	0.57753086
1.7297812	0.57753086
1.7303585	0.57749224
1.7309363	0.57756948
1.7315143	0.5777626
1.732093	0.57783991
1.7326717	0.57791716
1.7332511	0.57811028
1.7338307	0.57803297
1.7344109	0.57811028
1.7349913	0.57822621
1.7355722	0.57826483
1.7361534	0.57822621
1.7367351	0.57838064
1.737317	0.57849652
1.7378997	0.57857382
1.7384824	0.57861245
1.7390656	0.57876694
1.7396491	0.57888287
1.7402332	0.57896012
1.7408174	0.57907599
1.7414023	0.57923055
1.7419873	0.57942361
1.7425728	0.57946223
1.7431587	0.57950091
1.7437451	0.57961679
1.7443317	0.57961679
1.7449189	0.57961679
1.7455064	0.5798099
1.7460943	0.58000308
1.7466825	0.58031207
1.7472714	0.58027345
1.7478604	0.58011895
1.7484499	0.58038938
1.7490398	0.580428
1.7496301	0.58062112
1.7502208	0.58077562
1.7508119	0.5808143
1.7514033	0.5808143
1.7519954	0.5808143
1.7525877	0.5809688
1.7531804	0.58120048
1.7537735	0.58120048
1.754367	0.58127785
1.7549609	0.58131647
1.7555553	0.58147097
1.7561499	0.5816254
1.7567449	0.5818572
1.7573403	0.58174139
1.7579362	0.5818572
1.7585325	0.58189583
1.7591293	0.58205032
1.7597264	0.58208895
1.760324	0.58205032
1.7609218	0.58220488
1.7615204	0.58235937
1.7621191	0.58259118
1.7627183	0.58286154
1.7633178	0.58297741
1.7639178	0.5830161
1.7645181	0.58317059
1.7651191	0.58344096
1.7657201	0.58347964
1.7663218	0.58367276
1.7669238	0.58378857
1.7675263	0.58402038
1.768129	0.58402038
1.7687324	0.58417493
1.769336	0.58432943
1.7699401	0.58440667
1.7705445	0.58448392
1.7711494	0.58475435
1.7717546	0.58483166
1.7723604	0.58487028
1.7729665	0.58487028
1.773573	0.58502471
1.7741799	0.58510196
1.7747874	0.5853337
1.7753952	0.58541101
1.7760036	0.58544964
1.7766122	0.58544964
1.7772213	0.58544964
1.7778307	0.58556557
1.7784407	0.58556557
1.7790509	0.58568144
1.7796618	0.58575869
1.7802728	0.58575869
1.7808841	0.58591312
1.781496	0.58579731
1.7821085	0.58591312
1.7827213	0.58606774
1.7833346	0.58606774
1.7839482	0.58614498
1.7845623	0.58618361
1.7851768	0.58595181
1.785792	0.58606774
1.7864072	0.58618361
1.7870232	0.58629948
1.7876393	0.58626086
1.788256	0.58633804
1.788873	0.58645397
1.7894906	0.5867244
1.7901084	0.5867244
1.790727	0.58687884
1.7913457	0.58684021
1.7919649	0.58680165
1.7925845	0.58687884
1.7932047	0.58699477
1.793825	0.5871107
1.794446	0.58726513
1.7950673	0.58699477
1.795689	0.58707207
1.7963111	0.58714926
1.7969339	0.58734244
1.7975569	0.58726513
1.7981805	0.58738112
1.7988043	0.58745831
1.7994287	0.58745831
1.8000535	0.58741975
1.800679	0.58749694
1.8013045	0.58749694
1.8019307	0.58761281
1.8025571	0.58753556
1.8031842	0.58757418
1.8038116	0.58765143
1.8044394	0.58780599
1.8050677	0.58772868
1.8056965	0.58780599
1.8063256	0.58796048
1.8069552	0.5881536
1.8075852	0.58811492
1.8082157	0.5881536
1.8088466	0.58807641
1.809478	0.58830816
1.8101097	0.58834678
1.8107419	0.58826953
1.8113745	0.58811492
1.8120078	0.58823091
1.8126413	0.58842397
1.8132753	0.58846265
1.8139096	0.58846265
1.8145447	0.58857852
1.8151799	0.5885399
1.8158158	0.58857852
1.8164519	0.58850127
1.8170887	0.58861715
1.8177258	0.58873302
1.8183634	0.58896482
1.8190013	0.58908069
1.8196399	0.58911937
1.8202788	0.58919662
1.8209183	0.589158
1.8215581	0.589158
1.8221985	0.58927387
1.8228391	0.58919662
1.8234804	0.58919662
1.8241218	0.589158
1.824764	0.58931249
1.8254064	0.589158
1.8260493	0.58946693
1.8266927	0.58938968
1.8273367	0.58931249
1.8279809	0.58946693
1.8286258	0.58977598
1.829271	0.58958292
1.8299167	0.58958292
1.8305628	0.58973736
1.8312097	0.58989191
1.8318566	0.58966011
1.8325043	0.58958292
1.8331522	0.58958292
1.8338007	0.58969873
1.8344495	0.59000778
1.835099	0.59020096
1.8357487	0.59016234
1.8363992	0.59016234
1.83705	0.58996916
1.8377012	0.59012365
1.8383528	0.59012365
1.839005	0.59000778
1.8396575	0.59027815
1.8403107	0.59023952
1.8409641	0.59008503
1.8416178	0.59031671
1.8422722	0.5904327
1.8429272	0.59023952
1.8435825	0.59012365
1.8442384	0.59000778
1.8448946	0.58993047
1.8455515	0.59004641
1.8462087	0.5903554
1.8468666	0.59078032
1.8475248	0.59066445
1.8481835	0.59062576
1.8488425	0.5905872
1.8495022	0.5904327
1.8501621	0.59027815
1.8508228	0.5904327
1.8514837	0.59039408
1.852145	0.59051001
1.8528068	0.59066445
1.8534694	0.59070307
1.8541322	0.59074169
1.8547956	0.59062576
1.8554593	0.59039408
1.8561238	0.59051001
1.8567885	0.59074169
1.8574541	0.59051001
1.8581197	0.59027815
1.858786	0.5904327
1.8594526	0.59070307
1.8601199	0.59085763
1.8607875	0.59054857
1.8614557	0.59027815
1.8621242	0.59020096
1.8627936	0.59027815
1.8634632	0.59023952
1.8641332	0.59027815
1.8648038	0.59012365
1.8654748	0.58993047
1.8661463	0.5898146
1.8668184	0.58969873
1.8674908	0.58989191
1.8681637	0.5898146
1.868837	0.58931249
1.869511	0.589158
1.8701854	0.589158
1.8708603	0.58946693
1.8715357	0.58904201
1.8722117	0.58869445
1.872888	0.58881032
1.8735651	0.58861715
1.8742423	0.58819222
1.8749202	0.58799911
1.8755985	0.58769006
1.8762774	0.58753556
1.8769567	0.58769006
1.8776366	0.58769006
1.8783168	0.58761281
1.8789977	0.58780599
1.8796788	0.58788323
1.8803607	0.58811492
1.881043	0.5883854
1.8817258	0.58861715
1.882409	0.58881032
1.8830929	0.58904201
1.883777	0.58935106
1.8844618	0.58962154
1.8851469	0.58969873
1.8858327	0.58969873
1.8865188	0.58989191
1.8872057	0.59016234
1.8878928	0.59020096
1.8885808	0.59008503
1.8892689	0.59023952
1.8899578	0.59070307
1.8906469	0.59081894
1.8913368	0.59066445
1.892027	0.59066445
1.8927178	0.59074169
1.893409	0.59066445
1.8941009	0.59085763
1.8947932	0.59074169
1.8954861	0.59070307
1.8961793	0.59054857
1.8968732	0.59062576
1.8975675	0.59066445
1.8982624	0.59074169
1.8989576	0.59085763
1.8996536	0.59116662
1.9003499	0.59101212
1.9010466	0.59078032
1.9017439	0.59054857
1.9024419	0.59070307
1.9031402	0.59085763
1.9038392	0.59066445
1.9045385	0.59062576
1.9052386	0.59093481
1.905939	0.59089625
1.9066402	0.59085763
1.9073416	0.59070307
1.9080436	0.59051001
1.9087461	0.59047133
1.9094492	0.59031671
1.9101527	0.59031671
1.9108568	0.59051001
1.9115614	0.59062576
1.9122664	0.59070307
1.912972	0.59089625
1.9136782	0.5912053
1.9143847	0.59101212
1.915092	0.59093481
1.9157996	0.59089625
1.916508	0.59089625
1.9172167	0.59078032
1.9179261	0.59074169
1.9186358	0.59081894
1.9193462	0.59116662
1.9200571	0.59151429
1.9207685	0.5916301
1.9214803	0.59132117
1.9221928	0.59105074
1.9229058	0.59105074
1.9236195	0.5912438
1.9243335	0.59135979
1.9250481	0.59128249
1.9257631	0.5912053
1.9264789	0.59135979
1.927195	0.59135979
1.9279118	0.59135979
1.9286289	0.59143704
1.9293463	0.59147567
1.9300646	0.59155285
1.9307835	0.59159154
1.9315028	0.5916301
1.9322227	0.59174609
1.9329431	0.59174609
1.9336642	0.59178472
1.9343857	0.59166873
1.9351079	0.59166873
1.9358305	0.59174609
1.9365537	0.5918619
1.9372772	0.59190053
1.9380015	0.5918619
1.9387262	0.59182334
1.9394516	0.59193915
1.9401773	0.59190053
1.940904	0.59182334
1.9416308	0.59193915
1.9423584	0.59220958
1.9430864	0.59205508
1.943815	0.5920164
1.9445441	0.59213239
1.9452738	0.59217095
1.9460039	0.5920164
1.9467345	0.59205508
1.9474658	0.5920164
1.9481977	0.59213239
1.94893	0.59205508
1.949663	0.59193915
1.9503965	0.59197778
1.9511306	0.59213239
1.9518652	0.59190053
1.9526006	0.5918619
1.9533362	0.59182334
1.9540726	0.59193915
1.9548093	0.59174609
1.9555469	0.59166873
1.9562846	0.59166873
1.9570233	0.59178472
1.9577622	0.5916301
1.9585019	0.59155285
1.959242	0.59155285
1.9599829	0.59159154
1.960724	0.59143704
1.961466	0.59143704
1.9622083	0.5912438
1.9629514	0.5912053
1.9636948	0.5912053
1.9644389	0.5912438
1.9651834	0.59108937
1.9659288	0.59105074
1.9666744	0.59116662
1.9674209	0.5912053
1.9681678	0.59112799
1.9689153	0.59108937
1.9696634	0.59093481
1.9704123	0.59085763
1.9711614	0.59078032
1.9719112	0.59070307
1.9726615	0.5905872
1.9734125	0.59066445
1.9741639	0.59066445
1.9749161	0.59062576
1.9756685	0.59039408
1.976422	0.5904327
1.9771756	0.59054857
1.9779301	0.59062576
1.9786849	0.59051001
1.9794405	0.59051001
1.9801965	0.5904327
1.9809532	0.5904327
1.9817104	0.59031671
1.9824681	0.59012365
1.9832264	0.59008503
1.9839855	0.59020096
1.984745	0.59031671
1.9855052	0.59016234
1.9862659	0.58993047
1.9870273	0.58993047
1.987789	0.58966011
1.9885516	0.58946693
1.9893147	0.58927387
1.9900783	0.58923519
1.9908425	0.58904201
1.9916074	0.58873302
1.9923728	0.58850127
1.9931389	0.5885399
1.9939053	0.5885399
1.9946727	0.58850127
1.9954402	0.58819222
1.9962088	0.58811492
1.9969776	0.5881536
1.9977473	0.58819222
1.9985173	0.58830816
1.9992882	0.58842397
2.0000594	0.5883854
2.0008314	0.58834678
2.0016038	0.58865583
2.002377	0.58911937
2.0031507	0.58935106
2.0039251	0.58962154
2.0046999	0.59000778
2.0054755	0.59039408
2.0062516	0.5905872
2.0070286	0.59074169
2.0078058	0.59081894
2.0085838	0.59116662
2.0093622	0.59135979
2.0101414	0.59159154
2.010921	0.5916301
2.0117013	0.59170747
2.0124824	0.5918619
2.0132637	0.59213239
2.0140457	0.59232545
2.0148287	0.59251857
2.0156119	0.59259588
2.016396	0.59286624
2.0171804	0.59282762
2.0179658	0.59290487
2.0187516	0.59294349
2.0195379	0.59305948
2.0203249	0.59313667
2.0211127	0.59336841
2.0219009	0.59332979
2.0226898	0.59340709
2.0234792	0.59352291
2.0242696	0.59363884
2.0250602	0.59375465
2.0258517	0.5940637
2.0266438	0.5940637
2.0274363	0.59417963
2.0282295	0.59421819
2.0290234	0.59437275
2.0298178	0.59437275
2.0306129	0.59441137
2.0314085	0.59445006
2.0322044	0.59464318
2.0330014	0.5946818
2.0337989	0.59456593
2.0345972	0.59472036
2.0353961	0.5949136
2.0361953	0.59487492
2.0369956	0.5949136
2.0377963	0.59506804
2.0385981	0.59502941
2.0393999	0.59499085
2.0402026	0.59506804
2.0410056	0.59502941
2.0418096	0.59514529
2.042614	0.59502941
2.0434194	0.59518397
2.044225	0.59526128
2.0450315	0.59533846
2.0458386	0.59537709
2.0466464	0.59510666
2.0474546	0.59499085
2.0482635	0.59518397
2.049073	0.59533846
2.0498834	0.59545434
2.0506942	0.59533846
2.0515053	0.59533846
2.0523174	0.5952999
2.0531304	0.59549302
2.0539436	0.59541571
2.0547578	0.59549302
2.0555725	0.59541571
2.0563879	0.5952999
2.057204	0.5952999
2.0580208	0.59533846
2.0588381	0.59514529
2.0596561	0.59510666
2.0604746	0.59506804
2.0612941	0.59510666
2.062114	0.59522265
2.0629346	0.59526128
2.0637558	0.59541571
2.0645773	0.59545434
2.0653996	0.59506804
2.0662231	0.59495223
2.0670469	0.5949136
2.0678713	0.59495223
2.0686965	0.59487492
2.0695224	0.5949136
2.0703487	0.5949136
2.0711763	0.59499085
2.0720038	0.594652
2.0728326	0.5945673
2.0736616	0.59410131
2.0744915	0.59469438
2.0753219	0.59520268
2.076153	0.59503323
2.0769846	0.59499091
2.0778172	0.59494853
2.0786502	0.5947367
2.0794842	0.5947367
2.0803187	0.59452498
2.0811539	0.59469438
2.0819895	0.59511799
2.0828261	0.59499091
2.0836632	0.5943979
2.084501	0.59414369
2.0853395	0.59401661
2.0861788	0.59397423
2.0870185	0.59397423
2.0878592	0.59384716
2.0887003	0.593593
2.0895422	0.59410131
2.0903847	0.59401661
2.0912282	0.59372008
2.092072	0.59372008
2.0929167	0.59346598
2.0937619	0.59355068
2.0946081	0.59355068
2.0954545	0.593593
2.096302	0.59338117
2.0971498	0.59291524
2.0979986	0.59283054
2.0988479	0.59299999
2.0996981	0.59240687
2.1005487	0.59236455
2.1014004	0.59257638
2.1022525	0.59283054
2.1031053	0.59253407
2.1039588	0.59215277
2.1048129	0.59227985
2.1056678	0.59244925
2.1065235	0.59177154
2.1073797	0.59181386
2.1082368	0.59181386
2.1090944	0.59177154
2.1099529	0.59172916
2.1108119	0.59189862
2.1116717	0.59177154
2.1125321	0.59134793
2.1133935	0.59151739
2.1142552	0.59168684
2.115118	0.59126318
2.1159811	0.59092432
2.1168454	0.59088194
2.1177099	0.59079725
2.1185756	0.59096664
2.1194417	0.59083962
2.1203086	0.59071255
2.121176	0.59075487
2.1220446	0.59079725
2.1229134	0.59075487
2.1237831	0.59079725
2.1246536	0.5910514
2.1255245	0.59100902
2.1263962	0.59079725
2.1272688	0.59083962
2.1281419	0.59067017
2.1290162	0.59067017
2.1298907	0.59062779
2.1307662	0.59050071
2.1316423	0.59037364
2.1325192	0.59054303
2.1333966	0.59058547
2.1342752	0.59028894
2.135154	0.59003472
2.1360338	0.58995003
2.1369143	0.58982295
2.1377954	0.58982295
2.1386774	0.58990765
2.1395605	0.58961117
2.1404438	0.58939934
2.1413281	0.58914524
2.1422129	0.58880633
2.1430986	0.58893335
2.1439848	0.58880633
2.144872	0.58867925
2.1457596	0.58863688
2.1466477	0.58855212
2.1475368	0.58829802
2.148427	0.58791673
2.1493175	0.58808613
2.1502092	0.58812851
2.1511011	0.58787435
2.1519942	0.58757788
2.1528878	0.5876202
2.1537826	0.58791673
2.1546776	0.58804381
2.1555736	0.58757788
2.1564703	0.5874508
2.1573677	0.5875355
2.1582658	0.58804381
2.1591649	0.58791673
2.1600645	0.5874508
2.1609645	0.5876202
2.1618655	0.58808613
2.1627674	0.5885098
2.1636701	0.5884251
2.1645734	0.58812851
2.1654775	0.58812851
2.1663826	0.5885098
2.1672883	0.58863688
2.168195	0.58846742
2.169102	0.58880633
2.1700101	0.58893335
2.1709187	0.58922994
2.1718283	0.58961117
2.1727386	0.58986533
2.1736495	0.58982295
2.1745613	0.58952641
2.1754742	0.58952641
2.1763873	0.58995003
2.1773014	0.59028894
2.1782162	0.59011948
2.179132	0.58990765
2.1800482	0.59020424
2.1809654	0.59028894
2.1818831	0.59024656
2.1828015	0.59003472
2.1837208	0.59007716
2.1846411	0.59016186
2.1855621	0.59067017
2.1864841	0.59041595
2.1874065	0.59020424
2.1883299	0.59007716
2.189254	0.59024656
2.1901793	0.59024656
2.1911051	0.59037364
2.1920316	0.59041595
2.1929588	0.58995003
2.193887	0.58995003
2.1948156	0.59011948
2.1957452	0.5899924
2.1966755	0.58986533
2.197607	0.58973825
2.1985388	0.58982295
2.1994717	0.58978057
2.2004051	0.58969587
2.2013395	0.58965355
2.2022746	0.58931464
2.2032106	0.58922994
2.2041473	0.58922994
2.2050848	0.58906043
2.206023	0.58893335
2.2069621	0.58889103
2.207902	0.5885945
2.2088428	0.58855212
2.2097843	0.58834034
2.2107267	0.58821332
2.2116697	0.58804381
2.2126141	0.58812851
2.2135587	0.58791673
2.2145045	0.58740842
2.2154505	0.58732373
2.216398	0.5873661
2.2173457	0.58711189
2.2182946	0.58706951
2.2192442	0.58719659
2.2201948	0.58694243
2.2211459	0.58639181
2.2220981	0.58601052
2.2230508	0.58562928
2.2240045	0.58533281
2.2249589	0.58558697
2.2259145	0.58550221
2.2268705	0.58537519
2.2278273	0.58486682
2.228785	0.58461267
2.2297437	0.58440089
2.2307031	0.58406198
2.2316635	0.5839349
2.2326245	0.58372307
2.2335865	0.58355367
2.234549	0.58304536
2.2355127	0.58283347
2.2364771	0.58274877
2.2374425	0.58257937
2.2384083	0.58202875
2.2393754	0.58190155
2.2403431	0.58173215
2.2413118	0.58126622
2.2422812	0.58101207
2.243252	0.58063078
2.2442229	0.58084255
2.2451949	0.58054608
2.2461677	0.57991064
2.2471414	0.57986832
2.2481158	0.57982594
2.2490911	0.57944471
2.2500672	0.57880932
2.251044	0.57855511
2.2520218	0.57817394
2.2530005	0.57775033
2.2539799	0.57736903
2.2549605	0.57724202
2.2559416	0.5769031
2.2569239	0.57643712
2.2579067	0.57601357
2.2588909	0.57554758
2.2598755	0.57508165
2.2608612	0.57491219
2.2618475	0.57465798
2.2628348	0.57440388
2.263823	0.57402259
2.264812	0.57342958
2.2658017	0.5729636
2.2667923	0.57254004
2.2677839	0.57211637
2.2687764	0.57207406
2.2697697	0.57135391
2.2707639	0.57046431
2.271759	0.57033724
2.2727549	0.57016784
2.2737517	0.56932062
2.2747495	0.56872761
2.275748	0.56800747
2.2767475	0.56737208
2.2777479	0.56673664
2.278749	0.56627071
2.2797511	0.56567764
2.2807541	0.5649575
2.2817578	0.56385618
2.282763	0.56296664
2.2837684	0.56228882
2.284775	0.56169581
2.2857823	0.56076384
2.2867908	0.56008613
2.2877998	0.55970484
2.28881	0.55906951
2.2898209	0.5589847
2.2908323	0.55839169
2.2918451	0.55771399
2.2928588	0.55737507
2.2938731	0.55707854
2.2948887	0.55657017
2.2959049	0.55614662
2.2969222	0.55563825
2.2979403	0.55525708
2.2989597	0.55474877
2.2999794	0.55424041
2.3010006	0.55432516
2.3020222	0.55394393
2.303045	0.55368972
2.3040683	0.55343556
2.3050931	0.55309671
2.3061182	0.55254602
2.3071454	0.55237657
2.3081722	0.55208004
2.3092005	0.55208004
2.3102295	0.55186826
2.3112597	0.55174112
2.3122904	0.55135995
2.3133223	0.55106342
2.3143549	0.55038559
2.3153882	0.54996204
2.3164227	0.54936898
2.3174584	0.54890305
2.3184946	0.5483523
2.3195322	0.54754752
2.3205702	0.54686975
2.3216095	0.54576838
2.3226497	0.54487878
2.3236911	0.54420108
2.324733	0.54309964
2.3257761	0.54195595
2.3268199	0.54068518
2.3278646	0.5395838
2.3289104	0.53852481
2.3299572	0.53746575
2.3310046	0.53623736
2.3320534	0.53483945
2.3331029	0.53378046
2.3341534	0.53297561
2.3352048	0.53200132
2.3362572	0.5310694
2.3373103	0.53073049
2.3383648	0.53022218
2.3394198	0.52996808
2.340476	0.5299257
2.3415329	0.52996808
2.342591	0.53005278
2.3436501	0.53056109
2.3447101	0.53140831
2.3457711	0.5320437
2.346833	0.53289092
2.3478959	0.53411931
2.3489597	0.53555954
2.3500245	0.53729635
2.3510904	0.53907549
2.3521569	0.54043102
2.3532248	0.5421254
2.3542933	0.54420108
2.3553631	0.54640377
2.3564336	0.54809821
2.3575051	0.55000442
2.3585775	0.55203772
2.3596511	0.55411333
2.3607256	0.5563584
2.3618011	0.55839169
2.3628776	0.56055206
2.363955	0.56271243
2.3650334	0.56423736
2.3661137	0.56559294
2.3671939	0.56703317
2.3682754	0.56851578
2.3693576	0.56965953
2.3704412	0.57037961
2.3715253	0.57122684
2.3726108	0.5719046
2.373697	0.57258236
2.3747847	0.57326013
2.3758729	0.57364136
2.3769624	0.57398027
2.3780525	0.57440388
2.379144	0.57461566
2.3802361	0.57495457
2.3813298	0.57546288
2.3824239	0.5755899
2.3835192	0.5754205
2.3846154	0.57575941
2.3857129	0.57588649
2.3868113	0.57614064
2.3879108	0.57609826
2.3890109	0.57592887
2.3901126	0.57588649
2.3912148	0.57575941
2.3923185	0.57580179
2.3934228	0.57575941
2.3945284	0.5753358
2.3956349	0.57529342
2.3967426	0.57563227
2.397851	0.57554758
2.3989608	0.57516634
2.4000711	0.57478511
2.4011834	0.57478511
2.4022958	0.57474267
2.4034097	0.57495457
2.4045243	0.57486987
2.4056404	0.57491219
2.4067569	0.57486987
2.4078751	0.57499689
2.4089937	0.57499689
2.4101133	0.57495457
2.4112341	0.57478511
2.4123564	0.57465798
2.4134791	0.57453096
2.4146035	0.57457328
2.4157286	0.57448858
2.4168549	0.57423443
2.4179819	0.57376844
2.4191108	0.57338727
2.4202399	0.57321775
2.4213705	0.5729636
2.4225018	0.57283652
2.4236345	0.57215875
2.424768	0.57173514
2.4259028	0.57135391
2.4270384	0.57088792
2.4281759	0.57046431
2.4293137	0.56999844
2.4304526	0.569363
2.4315925	0.56898177
2.4327338	0.56860054
2.4338756	0.56796509
2.435019	0.56749916
2.4361632	0.5668214
2.4373078	0.56614357
2.4384544	0.56567764
2.4396017	0.56512696
2.4407504	0.5647881
2.4419	0.56402558
2.4430506	0.56343257
2.4442027	0.56262773
2.4453554	0.56199235
2.4465098	0.56144166
2.447665	0.56076384
2.4488211	0.56025559
2.4499784	0.55962014
2.4511368	0.5587306
2.4522963	0.557841
2.4534569	0.5571633
2.4546185	0.55623138
2.4557815	0.55563825
2.4569452	0.55504525
2.4581103	0.55377448
2.4592764	0.55267304
2.4604435	0.55148703
2.4616117	0.55042803
2.4627812	0.54903013
2.4639518	0.54780167
2.4651229	0.54657328
2.4662957	0.54542947
2.4674697	0.54407394
2.4686446	0.54276085
2.4698207	0.54149002
2.4709978	0.5397532
2.4721763	0.53788936
2.4733558	0.53644913
2.4745364	0.53517836
2.4757183	0.53378046
2.4769011	0.53225553
2.478085	0.53094232
2.4792702	0.52975619
2.4804564	0.52827358
2.4816439	0.52696049
2.4828324	0.52585912
2.4840217	0.52480012
2.4852126	0.52378345
2.4864044	0.52276683
2.4875975	0.52183491
2.4887917	0.52094531
2.4899871	0.52022523
2.4911838	0.51958978
2.4923813	0.51895434
2.4935806	0.51857316
2.4947805	0.51836139
2.4959817	0.51776826
2.497184	0.51734471
2.4983873	0.5168364
2.4995921	0.51662457
2.5007977	0.51620102
2.5020049	0.51590449
2.5032129	0.51522672
2.5044224	0.51463366
2.5056329	0.51408297
2.5068443	0.51404065
2.5080571	0.51365936
2.5092711	0.51310873
2.5104864	0.51217681
2.5117025	0.51166844
2.5129199	0.51111776
2.5141385	0.51018584
2.5153584	0.50908446
2.5165794	0.50802547
2.5178018	0.50679708
2.5190251	0.50535679
2.5202496	0.50395888
2.5214756	0.50260341
2.5227027	0.50048536
2.5239308	0.49807084
2.5251603	0.49582577
2.5263908	0.49349597
2.5276225	0.49120849
2.5288556	0.48892105
2.5300899	0.48608288
2.5313251	0.48337185
2.532562	0.48138094
2.5337996	0.48049137
2.5350387	0.47879693
2.536279	0.47799212
2.5375204	0.47883934
2.538763	0.47972888
2.5400069	0.4808726
2.5412521	0.48188925
2.5424979	0.48282117
2.5437455	0.48604056
2.5449944	0.4903613
2.5462441	0.49404663
2.5474954	0.49713892
2.548748	0.50179851
2.5500016	0.50565332
2.5512564	0.50870323
2.5525131	0.51260036
2.5537705	0.51874262
2.5550292	0.52429181
2.556289	0.52840072
2.5575502	0.53212839
2.5588126	0.53399223
2.5600762	0.53259432
2.561341	0.53212839
2.5626073	0.53492415
2.5638747	0.53818595
2.5651433	0.54381984
2.5664132	0.5491572
2.5676842	0.54953849
2.5689566	0.54712391
2.5702302	0.54970789
2.5715053	0.55233425
2.5727808	0.5481829
2.5740583	0.55089396
2.5753372	0.55339324
2.576617	0.55203772
2.5778983	0.5552994
2.579181	0.55741739
2.5804646	0.55479115
2.5817497	0.55402863
2.5830364	0.54919952
2.5843241	0.55034328
2.585613	0.55504525
2.5869033	0.55347794
2.5881948	0.55534178
2.5894876	0.55868822
2.5907817	0.56178051
2.592077	0.55974722
2.5933733	0.54644614
2.5946712	0.53678799
2.5959706	0.54894537
2.5972712	0.56114513
2.598573	0.56559294
2.5998762	0.56470335
2.6011808	0.56237358
2.6024866	0.56084859
2.6037939	0.55712092
2.6051023	0.55280018
2.6064122	0.55665499
2.6077232	0.56097573
2.6090355	0.56224644
2.6103492	0.56440687
2.6116643	0.5659318
2.6129806	0.56542355
2.6142986	0.56555057
2.6156178	0.55894238
2.6169381	0.55610424
2.6182597	0.56122983
2.6195827	0.55737507
2.6209071	0.55936599
2.6222329	0.56724501
2.62356	0.56872761
2.6248877	0.56516927
2.6262174	0.55923891
2.6275485	0.56275481
2.628881	0.56042498
2.6302147	0.55457926
2.6315498	0.56110281
2.6328864	0.56423736
2.6342242	0.56483048
2.6355639	0.56792271
2.6369042	0.5685581
2.6382463	0.5685581
2.6395895	0.56800747
2.6409342	0.56720263
2.6422803	0.56665194
2.6436276	0.56669432
2.6449764	0.56411034
2.6463268	0.56470335
2.6476784	0.56677902
2.6490314	0.56737208
2.6503856	0.56529647
2.6517413	0.56122983
2.6530983	0.5612722
2.6544569	0.56237358
2.6558168	0.56254303
2.6571774	0.56444925
2.65854	0.56114513
2.6599042	0.55932367
2.6612697	0.55995911
2.6626365	0.55949312
2.6640048	0.55042803
2.6653745	0.54284555
2.6667454	0.54381984
2.6681182	0.54958081
2.6694922	0.54098171
2.6708674	0.5412358
2.6722443	0.55377448
2.6736224	0.55542648
2.6750021	0.54979259
2.676383	0.54420108
2.6777654	0.54521775
2.6791496	0.54682738
2.6805348	0.55233425
2.6819217	0.55254602
2.6833098	0.55000442
2.6846995	0.5494113
2.6860905	0.54864889
2.6874828	0.54877597
2.6888769	0.54898775
2.6902716	0.54847938
2.6916685	0.54445523
2.6930668	0.53649151
2.6944666	0.53479713
2.6958678	0.53827065
2.6972704	0.54157472
2.6986744	0.54144764
2.7000799	0.53759289
2.7014871	0.53543252
2.7028956	0.5370422
2.7043056	0.53666097
2.7057171	0.53560197
2.70713	0.53267902
2.7085443	0.52704519
2.7099602	0.52073354
2.7113776	0.52162308
2.7127967	0.52861255
2.7142169	0.5299257
2.7156389	0.52861255
2.7170622	0.52556258
2.718487	0.51988631
2.7199132	0.50997406
2.7213409	0.51285452
2.7227702	0.51484543
2.7242005	0.51010114
2.7256327	0.51399827
2.7270665	0.51886964
2.7285018	0.51958978
2.7299387	0.51848841
2.7313771	0.51725996
2.7328169	0.51399827
2.7342582	0.50861853
2.7357013	0.50908446
2.7371457	0.50819492
2.7385917	0.49917221
2.7400391	0.49455491
2.741488	0.49828264
2.7429385	0.50400126
2.7443907	0.50531441
2.7458441	0.50455195
2.747299	0.50336581
2.7487557	0.50184089
2.7502139	0.49968055
2.7516737	0.49739307
2.753135	0.49332649
2.7545979	0.48349893
2.7560623	0.48345655
2.7575283	0.49010715
2.7589962	0.49129322
2.7604654	0.48828563
2.7619359	0.48205867
2.7634082	0.479983
2.7648821	0.48019484
2.7663574	0.47701782
2.7678344	0.47324777
2.7693131	0.46973187
2.7707932	0.46600419
2.772275	0.46562293
2.7737584	0.46460629
2.7752433	0.4614293
2.7767296	0.45723563
2.7782178	0.45393154
2.7797074	0.45020387
2.7811987	0.44626436
2.782691	0.4434686
2.7841854	0.44050336
2.7856815	0.43465766
2.7871792	0.43114179
2.7886784	0.43321741
2.7901793	0.43597081
2.7916818	0.43745342
2.7931859	0.43952906
2.794692	0.44236723
2.7961996	0.44541714
2.7977085	0.44838235
2.7992191	0.45054272
2.8007314	0.45062748
2.8022454	0.44889069
2.803761	0.45016152
2.8052781	0.45380446
2.806797	0.45579538
2.8083177	0.45698145
2.8098397	0.45799813
2.8113635	0.45884535
2.8128889	0.45863351
2.8144159	0.45837933
2.8159447	0.45922655
2.8174751	0.45952308
2.8190067	0.45871824
2.8205404	0.45905712
2.8220758	0.4601585
2.8236129	0.46087861
2.8251517	0.46066681
2.8266921	0.46032792
2.8282342	0.46028557
2.829778	0.46049738
2.8313241	0.46020085
2.8328712	0.45960778
2.83442	0.4591842
2.8359706	0.45922655
2.8375227	0.45867586
2.8390768	0.45880297
2.8406324	0.45905712
2.8421898	0.45888767
2.843749	0.45859116
2.84531	0.45825228
2.8468723	0.45765924
2.8484366	0.45693913
2.8500025	0.4566426
2.8515701	0.45643079
2.8531396	0.45532942
2.8547106	0.45486346
2.8562829	0.45494819
2.8578575	0.45456693
2.8594339	0.45388916
2.861012	0.45355031
2.8625917	0.45329615
2.8641732	0.4528302
2.8657565	0.45206773
2.8673415	0.45155936
2.8689287	0.45117813
2.870517	0.45050034
2.8721075	0.45020387
2.8736994	0.45011914
2.8752933	0.44969553
2.876889	0.44901776
2.8784864	0.4485518
2.8800855	0.44842473
2.8816857	0.44795877
2.8832886	0.44736573
2.8848929	0.44702679
2.8864994	0.44656089
2.8881073	0.44601017
2.8897173	0.44558659
2.8913291	0.44507825
2.8929424	0.44478172
2.8945582	0.44448522
2.8961751	0.44418874
2.897794	0.4437651
2.8994148	0.44279081
2.9010372	0.44211307
2.9026616	0.44215539
2.9042876	0.44198596
2.9059157	0.44190127
2.9075458	0.44156241
2.9091775	0.44118115
2.9108109	0.44088462
2.9124463	0.44075751
2.9140832	0.44037628
2.9157224	0.44020686
2.9173632	0.4400374
2.9190059	0.4397409
2.9206498	0.43914786
2.922296	0.43859714
2.9239442	0.43838534
2.9255943	0.43847007
2.9272463	0.43817356
2.9289	0.43796179
2.9305558	0.4377076
2.9322133	0.43736869
2.9338732	0.43711457
2.9355345	0.43711457
2.9371977	0.43677565
2.9388628	0.43639445
2.9405298	0.43618265
2.9421985	0.43592849
2.9438694	0.43558961
2.9455421	0.43533546
2.9472167	0.43491182
2.9488933	0.43465766
2.9505715	0.43448824
2.9522519	0.4341917
2.953934	0.43393755
2.9556181	0.43402228
2.9573042	0.43393755
2.9589922	0.43364102
2.9606814	0.43338686
2.9623733	0.43330216
2.964067	0.43304798
2.9657626	0.4329209
2.9674604	0.43279383
2.9691598	0.43245494
2.9708614	0.43207371
2.9725649	0.43194661
2.9742706	0.43190423
2.9759779	0.4317348
2.9776874	0.431523
2.9793985	0.43143827
2.9811118	0.43135357
2.9828272	0.43122649
2.9845443	0.43105704
2.9862635	0.43080291
2.9879854	0.43059108
2.9897087	0.43033695
2.9914336	0.43020982
2.993161	0.4301675
2.99489	0.42965916
2.9966211	0.42936265
2.9983544	0.42923558
3.0000894	0.42906612
3.001826	0.42876962
3.0035653	0.42851546
3.0053065	0.42830366
3.0070496	0.42826128
3.0087948	0.42800713
3.0105422	0.42766824
3.0122914	0.42754117
3.0140429	0.42732936
3.0157964	0.42699051
3.0175517	0.42665157
3.0193093	0.42631271
3.0210688	0.42605856
3.0228302	0.42593145
3.0245938	0.42567733
3.0263596	0.4252961
3.0281272	0.42512664
3.0298975	0.42512664
3.0316694	0.42495716
3.0334435	0.4244912
3.0352194	0.42411
3.0369976	0.42389822
3.0387776	0.42351696
3.04056	0.42317805
3.0423443	0.42283916
3.0441301	0.42266977
3.0459187	0.42228851
3.0477092	0.42203435
3.0495021	0.42173785
3.0512969	0.42118713
3.0530939	0.4205941
3.054893	0.42025521
3.0566943	0.42000103
3.0584979	0.4197045
3.0603034	0.41953507
3.0621109	0.41911152
3.0639207	0.41864556
3.0657327	0.41843373
3.0675466	0.41813722
3.0693629	0.41767126
3.0711813	0.41741711
3.0730011	0.41712055
3.0748239	0.41678166
3.0766487	0.41627336
3.0784757	0.41576505
3.0803049	0.41504493
3.0821362	0.41428241
3.0839698	0.41343522
3.0858054	0.41246092
3.0876439	0.41135955
3.0894837	0.41017348
3.0913262	0.40890267
3.0931706	0.4076319
3.0950172	0.40631872
3.0968661	0.40521738
3.0987172	0.40403128
3.1005704	0.4028028
3.1024263	0.4016591
3.104284	0.40060011
3.106144	0.39962581
3.1080062	0.3991175
3.1098707	0.39877862
3.1117373	0.39877862
3.1136062	0.39924458
3.1154773	0.40009177
3.1173501	0.40123549
3.1192257	0.40259105
3.1211035	0.40386182
3.1229837	0.40496317
3.1248662	0.40585276
3.1267509	0.40631872
3.128638	0.40648815
3.1305273	0.40631872
3.1324193	0.40602219
3.1343131	0.40559861
3.1362092	0.40496317
3.1381078	0.40432778
3.1400084	0.40360767
3.1419115	0.4028452
3.1438167	0.40229449
3.1457245	0.40174383
3.1476347	0.40132019
3.1495469	0.40085423
3.1514616	0.40064242
3.1533785	0.40072715
3.1552978	0.40110838
3.1572194	0.40208268
3.1591434	0.40339586
3.1610696	0.40479374
3.162998	0.40640342
3.1649289	0.40805545
3.1668622	0.40949571
3.168798	0.41080889
3.1707361	0.41203734
3.1726766	0.41296926
3.1746194	0.4135623
3.1765647	0.41390118
3.1785126	0.41428241
3.1804626	0.41466367
3.182415	0.41500255
3.1843698	0.41508728
3.186327	0.41529906
3.1882865	0.41534144
3.1902485	0.41525674
3.1922131	0.41525674
3.19418	0.41525674
3.1961493	0.41517201
3.1981211	0.41496018
3.2000952	0.4149178
3.2020719	0.41479078
3.2040508	0.41462129
3.2060323	0.4145366
3.2080164	0.41440952
3.2100022	0.41415533
3.2119911	0.41394356
3.2139823	0.41360468
3.215976	0.41326576
3.2179723	0.41301164
3.2199712	0.412588
3.2219722	0.41220677
3.2239761	0.41182551
3.2259824	0.41144431
3.2279911	0.41106305
3.2300024	0.41063944
3.2320161	0.41013113
3.2340324	0.40958044
3.2360511	0.40907216
3.2380724	0.40856382
3.2400961	0.40814018
3.2421229	0.4077166
3.2441516	0.40725064
3.2461832	0.40682703
3.2482171	0.40640342
3.2502534	0.40593749
3.2522926	0.40534443
3.2543342	0.40475142
3.2563784	0.40411597
3.2584248	0.40335348
3.2604742	0.4026334
3.262526	0.4019556
3.2645805	0.40123549
3.2666376	0.40047303
3.2686973	0.39962581
3.2707596	0.39865154
3.2728245	0.39759254
3.2748921	0.39657587
3.2769623	0.39547449
3.2790351	0.39411899
3.2811103	0.39272112
3.2831883	0.39136559
3.2852688	0.39001006
3.2873521	0.38878164
3.289438	0.38725662
3.2915258	0.38564697
3.293617	0.38391018
3.2957108	0.38208872
3.2978072	0.3801825
3.2999065	0.37806448
3.3020084	0.37594646
3.3041129	0.37378609
3.3062201	0.37154102
3.3083303	0.36899939
3.3104429	0.36637306
3.3125582	0.36349258
3.314676	0.36023086
3.3167968	0.35667259
3.3189204	0.35269076
3.3210464	0.34837002
3.3231752	0.34349859
3.3253074	0.33782232
3.3274417	0.33117178
3.3295789	0.32329279
3.3317187	0.31388882
3.3338614	0.30245161
3.3360066	0.28826091
3.3381548	0.27063909
3.3403056	0.24971318
3.3424585	0.22692342
3.344615	0.20548917
3.3467741	0.18875691
3.3489361	0.17833629
3.3511009	0.17359197
3.3532684	0.17274477
3.3554389	0.17469332
3.3576121	0.17825158
3.3597887	0.18274176
3.3619676	0.18727429
3.3641491	0.19134088
3.3663337	0.19468731
3.368521	0.19701715
3.3707113	0.19837266
3.3729043	0.19909279
3.3751001	0.19964348
3.3772995	0.20023651
3.3795011	0.20082955
3.3817058	0.20163438
3.383913	0.20273577
3.3861232	0.20400655
3.3883364	0.20510791
3.3905525	0.20625165
3.3927715	0.20739539
3.3949924	0.20841202
3.3972173	0.20921686
3.3994448	0.21006407
3.4016755	0.21103835
3.403909	0.21192792
3.4061456	0.21281748
3.408385	0.21374939
3.4106274	0.2145966
3.4128728	0.21527438
3.4151211	0.21590976
3.4173725	0.2164181
3.4196265	0.21667224
3.4218838	0.21675697
3.424144	0.21684168
3.4264071	0.21688406
3.4286733	0.21692641
3.4309425	0.21679932
3.4332149	0.21650282
3.4354899	0.21624865
3.4377682	0.21582504
3.4400494	0.21535908
3.4423335	0.21489312
3.4446208	0.21421535
3.4469111	0.21336816
3.449204	0.21235152
3.4515004	0.21112306
3.4537997	0.20938629
3.4561024	0.20709886
3.4584079	0.2039642
3.4607165	0.19938931
3.4630284	0.19290818
3.4653432	0.18363133
3.4676619	0.17155868
3.4699829	0.1587659
3.472307	0.14796406
3.4746342	0.14029688
3.4769647	0.13597614
3.4792981	0.13508657
3.4816349	0.13678098
3.4839747	0.13970383
3.4863167	0.14309263
3.488663	0.14690505
3.4910121	0.15118343
3.4933646	0.15584305
3.4957201	0.16054502
3.4980791	0.16507755
3.5004408	0.16956773
3.5028062	0.17414264
3.5051751	0.17863281
3.5075467	0.18320772
3.5099213	0.18816386
3.5122993	0.19375539
3.5146806	0.2005754
3.517065	0.20938629
3.5194528	0.22086591
3.5218437	0.23505656
3.5242381	0.25119579
3.5266356	0.26797041
3.5290363	0.28427905
3.5314403	0.29914749
3.5338476	0.31227916
3.536258	0.32380113
3.538672	0.33379811
3.5410891	0.34218544
3.5435085	0.34942901
3.5459323	0.35569832
3.5483594	0.36107808
3.5507898	0.36552584
3.5532234	0.36908409
3.5556605	0.37192225
3.5581009	0.37404028
3.5605447	0.37543815
3.5629921	0.37586176
3.5654426	0.37531105
3.5678964	0.37416735
3.5703535	0.37319309
3.5728142	0.37378609
3.5752783	0.37679368
3.5777457	0.38174981
3.5802164	0.38742608
3.5826914	0.39310235
3.5851691	0.39852446
3.5876501	0.40339586
3.5901346	0.4077166
3.5926225	0.41135955
3.595114	0.41457897
3.5976088	0.41729
3.6001072	0.41983163
3.6026084	0.42211905
3.6051137	0.42419472
3.6076224	0.42605856
3.6101346	0.42771062
3.6126504	0.4292779
3.6151698	0.43076053
3.6176925	0.43211603
3.620219	0.43325979
3.6227491	0.43423408
3.6252825	0.4352507
3.6278193	0.43622497
3.6303599	0.43702987
3.6329038	0.43774995
3.6354516	0.43863952
3.6380026	0.43935964
3.6405575	0.44012216
3.6431165	0.44088462
3.6456785	0.44164711
3.6482441	0.44236723
3.6508133	0.44300261
3.6533861	0.44363803
3.6559625	0.44423106
3.6585426	0.4448241
3.6611264	0.44537482
3.6637127	0.44584078
3.6663036	0.44630671
3.6688983	0.44673032
3.6714969	0.44711155
3.6740987	0.44757751
3.6767046	0.44791639
3.6793139	0.4480435
3.6819272	0.44834
3.6845443	0.44850945
3.687165	0.44867888
3.6897893	0.4486365
3.6924174	0.44859418
3.695049	0.44846711
3.6976848	0.44834
3.7003241	0.44812822
3.7029672	0.44783169
3.7056146	0.44749278
3.7082653	0.44719627
3.7109196	0.44677266
3.713578	0.44639143
3.7162399	0.44596785
3.7189059	0.44533241
3.7215757	0.4445276
3.7242491	0.44372278
3.7269256	0.44287556
3.7296069	0.44177413
3.7322919	0.44067281
3.7349808	0.43931729
3.7376738	0.43758053
3.7403705	0.43571666
3.7430711	0.43385282
3.7457757	0.43224317
3.7484846	0.43080291
3.7511971	0.42944738
3.7539134	0.42821893
3.7566335	0.42703283
3.7593577	0.42571965
3.7620859	0.42402524
3.764818	0.42190725
3.767554	0.41940802
3.770293	0.41661221
3.7730372	0.41343522
3.7757852	0.4097499
3.778537	0.40559861
3.7812932	0.40089661
3.7840533	0.39513561
3.7868173	0.38814619
3.7895856	0.37946239
3.7923579	0.36853343
3.7951343	0.35561359
3.7979145	0.34171948
3.800699	0.32782534
3.8034875	0.31443954
3.8062801	0.30185854
3.8090768	0.29033658
3.8118775	0.27978891
3.8146832	0.27000371
3.8174922	0.26085392
3.8203053	0.25212771
3.8231227	0.24357095
3.8259442	0.23518364
3.8287699	0.22700813
3.8315997	0.21895969
3.8344338	0.21112306
3.837271	0.20409128
3.8401134	0.19849974
3.8429599	0.19447552
3.8458109	0.1916374
3.848666	0.18947703
3.8515253	0.1877826
3.8543887	0.18638474
3.8572567	0.18519863
3.8601296	0.18413964
3.8630059	0.18303828
3.8658867	0.182064
3.8687716	0.18125914
3.8716609	0.18058139
3.8745544	0.18007307
3.8774524	0.17969184
3.8803546	0.17905641
3.8832617	0.17825158
3.8861728	0.17736201
3.8890882	0.17647246
3.8920078	0.17554052
3.894932	0.17465097
3.8978605	0.17371905
3.9007933	0.17266005
3.9037306	0.17164338
3.9066718	0.1704573
3.9096179	0.1691865
3.9125686	0.16783096
3.9155238	0.16617894
3.9184833	0.16431507
3.9214473	0.1621547
3.9244158	0.15940131
3.9273889	0.15618193
3.9303668	0.15368268
3.9333489	0.15241188
3.9363356	0.15029387
3.9393268	0.14415164
3.9423223	0.13364632
3.9453225	0.12225144
3.9483273	0.112085
3.9513369	0.1027234
3.9543512	0.094209015
3.9573698	0.08705014
3.960393	0.081543319
3.9634209	0.077180222
3.9664533	0.073791407
3.9694903	0.071419239
3.972532	0.069851913
3.9755785	0.068750553
3.9786289	0.067988068
3.9816847	0.067945704
3.984745	0.069343597
3.9878104	0.072478242
3.9908803	0.077307306
3.9939549	0.083661325
3.9970343	0.091582686
4.0001183	0.10094428
4.0032082	0.11195792
4.0063019	0.12513193
4.0094004	0.1404663
4.0125036	0.15698679
4.0156116	0.17215171
4.0187244	0.18422437
4.021842	0.19371304
4.0249648	0.20239687
4.028091	0.21141958
4.0312233	0.22086591
4.0343604	0.23073584
4.0375023	0.24191891
4.0406489	0.25466931
4.0438008	0.26788568
4.046958	0.2805514
4.0501194	0.29215804
4.0532866	0.30223978
4.056458	0.3107118
4.0596347	0.31782833
4.0628161	0.32388583
4.0660028	0.32926556
4.0691943	0.33443353
4.0723906	0.33960143
4.0755925	0.34472701
4.0787992	0.34968317
4.0820107	0.35434279
4.0852275	0.35866353
4.0884495	0.36273012
4.0916762	0.36650017
4.0949082	0.3701008
4.0981455	0.37348959
4.1013875	0.3767513
4.1046343	0.37992835
4.1078868	0.38310534
4.1111441	0.38624001
4.1144071	0.38941699
4.1176748	0.39259404
4.1209483	0.39572868
4.1242266	0.39886332
4.1275101	0.40208268
4.1307993	0.40509027
4.1340938	0.40797076
4.137393	0.41072419
4.1406975	0.41343522
4.1440077	0.41601923
4.1473227	0.41839138
4.1506433	0.42055172
4.1539693	0.42258501
4.1573014	0.4244065
4.1606379	0.42605856
4.16398	0.42762586
4.1673269	0.42906612
4.1706796	0.43050635
4.1740379	0.43190423
4.1774011	0.43304798
4.1807699	0.43423408
4.1841431	0.43542016
4.1875229	0.43647915
4.190908	0.43745342
4.1942987	0.43825829
4.1976953	0.43872425
4.2010965	0.4386819
4.204504	0.43808886
4.2079167	0.43694511
4.2113357	0.43520835
4.2147593	0.43309033
4.2181888	0.43080291
4.2216239	0.42876962
4.2250643	0.42711753
4.2285104	0.42618561
4.2319622	0.42610091
4.2354198	0.42677867
4.2388835	0.42817658
4.242352	0.43042165
4.2458267	0.43347159
4.2493072	0.43745342
4.2527928	0.44211307
4.2562842	0.44499356
4.2597818	0.44372278
4.2632847	0.44088462
4.2667923	0.43902078
4.2703071	0.43825829
4.2738276	0.43800411
4.2773538	0.43808886
4.2808857	0.43834299
4.2844238	0.43859714
4.2879677	0.4388513
4.2915173	0.43948674
4.2950735	0.44029155
4.298635	0.44096932
4.3022022	0.44105405
4.3057756	0.44113877
4.3093548	0.44152001
4.3129401	0.44219777
4.3165312	0.44325677
4.3201284	0.44448522
4.3237324	0.44554421
4.3273416	0.44639143
4.3309565	0.4470692
4.3345776	0.44766223
4.3382049	0.44821292
4.3418384	0.44876361
4.3454776	0.44931427
4.3491235	0.45003438
4.3527737	0.45113578
4.3564315	0.45291489
4.3600955	0.45482108
4.3637652	0.4567273
4.3674417	0.45833701
4.3711243	0.45948076
4.3748131	0.46028557
4.3785081	0.46062446
4.3822103	0.460455
4.3859177	0.45998904
4.3896313	0.45935363
4.3933511	0.45867586
4.3970776	0.45787105
4.4008102	0.45719326
4.4045491	0.45655787
4.4082947	0.45592248
4.412045	0.45503291
4.415803	0.45410097
4.4195676	0.45308435
4.4233384	0.45206773
4.4271159	0.45100868
4.4308996	0.44973788
4.43469	0.44834
4.4384871	0.44668794
4.4422908	0.44478172
4.4461007	0.44287556
4.4499168	0.44096932
4.4537401	0.43927494
4.4575696	0.43774995
4.4614058	0.43626735
4.4652486	0.43461531
4.4690976	0.43279383
4.4729543	0.43063346
4.4768167	0.42821893
4.4806862	0.42567733
4.4845624	0.42322043
4.4884448	0.42089063
4.4923344	0.41877258
4.4962306	0.41678166
4.5001335	0.41521433
4.5040426	0.41402826
4.5079594	0.41322342
4.5118828	0.41254568
4.5158129	0.41207969
4.5197501	0.41165608
4.523694	0.41119015
4.5276446	0.41076657
4.5316024	0.41047004
4.5355678	0.41025823
4.5395393	0.41017348
4.5435181	0.41008878
4.5475035	0.40991935
4.551496	0.40962282
4.5554957	0.40932631
4.5595021	0.40907216
4.5635157	0.40864852
4.5675368	0.40818256
4.5715647	0.4078013
4.5755997	0.40725064
4.5796418	0.40669999
4.5836911	0.40606457
4.5877471	0.40542912
4.5918107	0.40458193
4.5958815	0.40331116
4.5999584	0.40178618
4.604044	0.40055773
4.6081362	0.39928696
4.612236	0.3972536
4.616343	0.39399192
4.6204576	0.38945937
4.6245794	0.38412195
4.6287084	0.37831864
4.6328454	0.37132922
4.6369891	0.36277246
4.6411405	0.35341087
4.6452994	0.34404927
4.6494656	0.33511126
4.6536388	0.32718995
4.6578202	0.32109004
4.6620088	0.31710821
4.6662059	0.31482077
4.6704097	0.31388882
4.6746206	0.3139312
4.6788397	0.31490549
4.6830664	0.31710821
4.6873007	0.32075116
4.6915426	0.32566497
4.6957922	0.33206135
4.7000484	0.33998269
4.7043133	0.34972554
4.7085862	0.36099333
4.7128668	0.37319309
4.717155	0.38560459
4.7214513	0.3972536
4.7257552	0.40669999
4.7300668	0.41373175
4.7343879	0.41860318
4.7387152	0.42220381
4.7430506	0.42512664
4.7473941	0.42771062
4.7517457	0.42987096
4.7561049	0.43181953
4.7604723	0.43368337
4.7648478	0.43554723
4.7692318	0.43719926
4.7736235	0.43851244
4.7780232	0.43948674
4.7824311	0.44016448
4.7868466	0.44054571
4.7912707	0.44079989
4.7957029	0.44079989
4.8001437	0.44075751
4.8045907	0.44067281
4.8090477	0.44054571
4.8135128	0.44033393
4.8179865	0.44029155
4.8224683	0.44016448
4.8269582	0.43999502
4.8314571	0.43969852
4.8359637	0.43927494
4.8404803	0.4388513
4.8450041	0.43859714
4.8495364	0.43821594
4.8540773	0.43787703
4.8586264	0.43749583
4.8631845	0.43711457
4.8677506	0.43669093
4.8723259	0.4363097
4.8769083	0.43588611
4.8815002	0.43542016
4.8861008	0.43491182
4.8907104	0.43448824
4.8953285	0.4339799
4.8999557	0.43359864
4.9045911	0.43313268
4.909236	0.43258202
4.9138899	0.43211603
4.9185519	0.4317348
4.923223	0.43122649
4.9279027	0.43080291
4.9325914	0.430464
4.9372892	0.4301675
4.9419956	0.42982861
4.9467115	0.42961684
4.951437	0.42932028
4.9561706	0.42893904
4.9609137	0.42902374
4.9656653	0.4291932
4.9704261	0.42906612
4.9751964	0.42915088
4.9799757	0.42915088
4.9847641	0.4291932
4.9895606	0.42923558
4.9943671	0.42923558
4.9991837	0.42898142
5.0040088	0.4288967
5.0088439	0.42881194
5.0136881	0.42847309
5.0185413	0.42775297
5.0234041	0.42779532
5.0282774	0.42792243
5.0331593	0.4280495
5.0380507	0.42792243
5.0429511	0.42771062
5.0478616	0.42728701
5.0527816	0.42677867
5.0577111	0.42614329
5.0626502	0.4253808
5.0675998	0.42427942
5.0725584	0.42258501
5.0775266	0.41919622
5.0825043	0.41351992
5.087492	0.40386182
5.0924897	0.38666359
5.097497	0.36853343
5.1025143	0.36870289
5.1075401	0.38386783
5.112577	0.39894801
5.1176243	0.40788606
5.1226811	0.41110542
5.127748	0.41195264
5.1328249	0.41186789
5.1379123	0.41119015
5.1430092	0.4097499
5.1481171	0.40835202
5.1532345	0.40839437
5.1583619	0.40788606
5.1634998	0.40657285
5.1686478	0.40504789
5.1738062	0.40424305
5.1789751	0.40348056
5.184154	0.40242156
5.1893444	0.40098134
5.1945438	0.39907512
5.1997542	0.39695713
5.2049747	0.39560157
5.210206	0.39289054
5.2154474	0.39111143
5.2206998	0.39115378
5.2259626	0.39001006
5.2312346	0.38814619
5.2365189	0.38615531
5.2418137	0.3847574
5.2471189	0.38306302
5.2524352	0.38102967
5.2577624	0.37891167
5.2631001	0.37687838
5.2684488	0.37471801
5.273809	0.37226117
5.2791796	0.37014315
5.2845607	0.36794043
5.2899532	0.36467865
5.2953568	0.36247596
5.3007712	0.36056975
5.3061967	0.35768926
5.3116336	0.35468167
5.3170795	0.35141993
5.3225384	0.34815821
5.3280087	0.34468466
5.3334904	0.34116882
5.3389831	0.33735636
5.3444872	0.33231547
5.3500028	0.32718995
5.3555293	0.32494482
5.3610692	0.32295391
5.3666191	0.31981924
5.37218	0.31592211
5.3777528	0.3119826
5.3833375	0.30778897
5.3889332	0.3035953
5.3945408	0.29914749
5.4001603	0.29474202
5.4057918	0.28982827
5.4114347	0.28449088
5.417089	0.27720493
5.4227557	0.27030021
5.4284339	0.26699612
5.434124	0.26225179
5.439826	0.2557283
5.44554	0.24920484
5.4512644	0.24272375
5.4570026	0.23539545
5.4627528	0.22705048
5.4685154	0.22044231
5.4742899	0.2135376
5.4800768	0.20582804
5.4858756	0.19892335
5.4916868	0.19079019
5.4975119	0.18155566
5.5033479	0.17151631
5.5091963	0.16075683
5.5150576	0.14821821
5.5209308	0.13390049
5.5268164	0.11763418
5.5327148	0.098868623
5.5386262	0.077095501
5.5445509	0.054432817
5.550487	0.035074219
5.5564361	0.024060573
5.562398	0.02079884
5.5683727	0.021137722
5.5743604	0.021857847
5.5803604	0.026305664
5.5863738	0.038590111
5.5923977	0.056762621
5.5984373	0.075485811
5.6044893	0.092260443
5.6105552	0.10543446
5.6166334	0.11496549
5.6227255	0.12182783
5.6288304	0.12610622
5.6349487	0.12780063
5.6410818	0.12788534
5.6472268	0.12869018
5.6533852	0.12750411
5.6595569	0.12445417
5.6657424	0.12119244
5.6719413	0.11712586
5.6781535	0.11310165
5.6843796	0.10988227
5.6906204	0.10712887
5.6968741	0.1049685
5.7031412	0.10213036
5.7094221	0.098572105
5.7157168	0.096538827
5.7220259	0.094886772
5.7283483	0.09302292
5.7346849	0.090650752
5.7410331	0.088236228
5.7473979	0.085864052
5.7537766	0.084805056
5.76017	0.082559966
5.7665772	0.08052668
5.7729988	0.081797488
5.7794347	0.083025925
5.7858849	0.08378841
5.7923512	0.08433909
5.7988305	0.084381454
5.8053241	0.084466174
5.811832	0.08387313
5.8183551	0.082136363
5.8248925	0.081797488
5.8314447	0.083068289
5.8380117	0.084042571
5.8445945	0.084381454
5.851191	0.084000215
5.8578029	0.083280087
5.864429	0.082517602
5.8710709	0.081882194
5.877727	0.078959353
5.8843989	0.07811214
5.8910856	0.07790035
5.8977852	0.076502457
5.9045024	0.076756626
5.9112349	0.07573998
5.9179831	0.073791407
5.9247465	0.071715757
5.9315252	0.068411671
5.9383197	0.065785334
5.9451299	0.0656159
5.9519572	0.064683974
5.9587984	0.063116647
5.9656553	0.06087156
5.9725285	0.059558395
5.9794173	0.05879591
5.9863219	0.057016782
5.9932423	0.055873059
6.0001788	0.055195302
6.0071297	0.053585611
6.0140982	0.051679403
6.0210834	0.050450958
6.0280848	0.049053073
6.0351024	0.047273945
6.0421362	0.044478178
6.0491862	0.041767124
6.0562534	0.041809488
6.0633373	0.041428242
6.0704374	0.039903276
6.0775537	0.039225511
6.0846872	0.039013714
6.0918374	0.038463034
6.0990043	0.037785269
6.1061878	0.036768626
6.1133885	0.03575198
6.1206079	0.035921417
6.1278424	0.035963781
6.1350942	0.035582539
6.1423635	0.035031859
6.1496496	0.034777697
6.1569533	0.034481175
6.1642742	0.034438815
6.1716127	0.034608252
6.1789665	0.034269374
6.1863399	0.034099933
6.1937308	0.035074219
6.2011395	0.035879061
6.2085662	0.036472104
6.2160106	0.037022784
6.2234726	0.037742905
6.2309527	0.03842067
6.238452	0.039140794
6.2459679	0.039988
6.2535024	0.040835202
6.261055	0.041428242
6.2686257	0.042021286
6.2762151	0.042444889
6.2838225	0.042614326
6.2914486	0.042529609
6.2990947	0.043461531
6.3067579	0.045452457
6.3144398	0.048163511
6.3221402	0.051044002
6.3298597	0.054305732
6.3375978	0.057736907
6.345355	0.062396526
6.3531313	0.06832695
6.3609242	0.072562963
6.3687387	0.075358734
6.3765721	0.079298228
6.3844252	0.083025925
6.3922973	0.086457096
6.4001889	0.088956356
6.4081001	0.088913985
6.4160309	0.091328524
6.4239826	0.097343653
6.431953	0.10124079
6.4399428	0.10407893
6.4479527	0.10513793
6.4559822	0.10467197
6.4640322	0.10280813
6.4721022	0.099504024
6.4801922	0.096030489
6.4883046	0.091921553
6.4964356	0.089591749
6.5045867	0.089972988
6.5127583	0.088532753
6.5209503	0.085821688
6.5291634	0.084508523
6.5373969	0.082771763
6.545651	0.080357239
6.5539231	0.078027427
6.5622191	0.07573998
6.5705361	0.072774768
6.5788746	0.07150396
6.587234	0.070317879
6.5956144	0.068581112
6.6040168	0.067225583
6.6124401	0.065446459
6.6208863	0.063582607
6.629353	0.0608292
6.6378412	0.05875355
6.6463513	0.059134789
6.6548829	0.059219513
6.6634369	0.057991065
6.6720128	0.056550823
6.6806107	0.055280015
6.6892328	0.054856412
6.6978755	0.054305732
6.7065401	0.052950207
6.7152276	0.051975925
6.723937	0.051594682
6.7326698	0.051298164
6.7414246	0.050747477
6.7502027	0.050027359
6.7590008	0.049519036
6.7678242	0.048756551
6.7766714	0.04799407
6.7855411	0.046977427
6.7944345	0.046638545
6.8033509	0.047062144
6.8122911	0.046892706
6.8212547	0.046172582
6.8302436	0.04587606
6.8392544	0.045791343
6.848289	0.045198295
6.8573475	0.043969855
6.8664303	0.043546252
6.8755369	0.044351093
6.8846679	0.044478178
6.8938227	0.044266377
6.9029989	0.04388513
6.9122028	0.04380041
6.9214315	0.04380041
6.9306846	0.043758053
6.9399629	0.043715693
6.9492655	0.043376807
6.9585934	0.042783767
6.9679465	0.04329209
6.9773269	0.043969855
6.9867301	0.044096932
6.9961591	0.044181652
7.0056133	0.044520535
7.0150933	0.044605255
7.0245986	0.044732332
7.0341301	0.044774696
7.0436873	0.044478178
7.0532722	0.045028858
7.0628819	0.045833699
7.0725174	0.046342023
7.0821791	0.04651146
7.0918674	0.04651146
7.1015825	0.046172582
7.1113243	0.045240656
7.1210923	0.043927491
7.1308832	0.042953212
7.1407056	0.042402528
7.1505547	0.042614326
7.1604309	0.043334451
7.1703348	0.044266377
7.1802659	0.045664262
7.1902246	0.047104508
7.200211	0.048417673
7.210228	0.050239161
7.2202702	0.052568965
7.23034	0.054856412
7.2404385	0.057016782
7.2505651	0.058965351
7.2607198	0.06078684
7.2709031	0.062608324
7.2811151	0.06506522
7.2913575	0.068284586
7.3016272	0.071885206
7.3119259	0.075951777
7.3222532	0.08006072
7.3326101	0.08387313
7.3429961	0.087854981
7.3534117	0.092006281
7.3638568	0.095606893
7.3743277	0.098741554
7.3848329	0.10149495
7.3953671	0.10386713
7.4059319	0.10590041
7.4165273	0.10784899
7.4271526	0.10983991
7.4378085	0.11204264
7.4484949	0.11416065
7.4592152	0.11610921
7.4699631	0.11822723
7.4807425	0.12051467
7.4915524	0.12229381
7.5023942	0.12352224
7.513267	0.12441181
7.5241718	0.12521665
7.5351081	0.1258097
7.5460782	0.12640274
7.5570784	0.12695342
7.5681105	0.1277159
7.579175	0.12847838
7.5902719	0.12974919
7.6014013	0.1314436
7.6125636	0.13360396
7.6237588	0.13635737
7.6349821	0.13966148
7.6462431	0.14334682
7.6575375	0.14732866
7.6688652	0.15131052
7.6802268	0.15529238
7.6916218	0.15902007
7.7030506	0.16253595
7.7145133	0.16567059
7.7260127	0.16842401
7.7375441	0.17037259
7.7491097	0.1717281
7.7607102	0.17257531
7.7723455	0.17316836
7.7840157	0.1733378
7.7957211	0.17346488
7.8074613	0.17435443
7.8192339	0.17655717
7.8310452	0.17905641
7.8428926	0.181005
7.8547754	0.18172511
7.8666949	0.1814286
7.8786502	0.18058139
7.8906422	0.17990363
7.9026704	0.1800307
7.9147372	0.18134387
7.9268394	0.18346186
7.9389782	0.18608822
7.9511547	0.18841803
7.9633684	0.1902395
7.9756198	0.19125615
7.9879088	0.19167975
8.0002356	0.19142559
8.0126038	0.19079019
8.0250072	0.18947703
8.0374498	0.18774025
8.0499296	0.18596113
8.0624495	0.18490212
8.0750074	0.18532573
8.0876055	0.18714722
8.1002417	0.18926522
8.1129141	0.19117142
8.1256304	0.19231515
8.1383867	0.19307765
8.1511831	0.19367069
8.1640196	0.19464496
8.1768961	0.19591577
8.1898146	0.19701715
8.2027731	0.19731364
8.2157736	0.19689006
8.2288151	0.19600047
8.2418976	0.19489913
8.2550211	0.19367069
8.2681875	0.19244222
8.281395	0.19095963
8.2946453	0.18943465
8.3079386	0.18812148
8.3212767	0.18689305
8.3346548	0.18562223
8.3480768	0.18405493
8.3615408	0.18202163
8.3750496	0.17935294
8.3886013	0.17604885
8.4021969	0.17274477
8.4158373	0.17003369
8.4295158	0.16842401
8.4432449	0.16677198
8.4570189	0.16444217
8.4708366	0.16177347
8.4847012	0.16007906
8.4986105	0.15990962
8.5125656	0.16139223
8.5265665	0.16351023
8.540616	0.16495049
8.5547094	0.16490814
8.5688496	0.16367969
8.5830364	0.16274777
8.59727	0.16376439
8.6115513	0.16757682
8.6258802	0.17414264
8.6402569	0.18214869
8.6546841	0.19045132
8.6691561	0.19773725
8.6836777	0.2034559
8.6982479	0.20832729
8.7128668	0.21345288
8.7275343	0.21900205
8.7422523	0.2243818
8.75702	0.22899906
8.7718325	0.23302327
8.7866993	0.2359885
8.8016176	0.23819122
8.8165865	0.23967382
8.8316059	0.24073283
8.8466768	0.24128351
8.8617992	0.24132587
8.8769741	0.24145295
8.8922033	0.2423425
8.9074821	0.24361332
8.9228134	0.24471469
8.9381971	0.24543479
8.9536343	0.24623965
8.9691257	0.24679033
8.9846697	0.24700212
9.000268	0.24700212
9.0159235	0.24704447
9.0316315	0.24695978
9.0473928	0.24662089
9.0632105	0.24590078
9.0790825	0.24530773
9.0950108	0.24484175
9.1109953	0.24454524
9.1270351	0.24378276
9.1431274	0.24246959
9.1592817	0.24085991
9.1754923	0.23992799
9.191761	0.23946203
9.2080879	0.24026687
9.224472	0.24242724
9.2409153	0.24518065
9.2574167	0.24823058
9.2739801	0.25047565
9.2906008	0.25068748
9.3072805	0.2496708
9.3240204	0.2481035
9.3408203	0.24636674
9.3576803	0.24513827
9.3746023	0.24573131
9.3915854	0.25013676
9.4086237	0.25534707
9.4257298	0.25852409
9.4428988	0.26064211
9.4601307	0.26182818
9.4774246	0.26242122
9.4947834	0.26297191
9.5122042	0.26331082
9.5296898	0.26259065
9.5472441	0.26089627
9.5648584	0.25869355
9.5825386	0.25716856
9.6002836	0.2566179
9.6180954	0.25657552
9.635973	0.25589776
9.6539164	0.25361031
9.6719275	0.24907777
9.6900091	0.24293555
9.7081556	0.23636973
9.7263699	0.23086292
9.7446527	0.22700813
9.7630043	0.22493248
9.7814245	0.22336516
9.7999153	0.22141659
9.8184757	0.21887498
9.837101	0.2164181
9.8558025	0.21446952
9.8745756	0.21391883
9.8934202	0.21493548
9.9123363	0.21722293
9.9313259	0.21984926
9.950388	0.2222638
9.9695234	0.22378875
9.9887362	0.22455123
10.008019	0.22505957
10.027377	0.22616093
10.04681	0.22734703
10.066319	0.22908378
10.085902	0.23221843
10.105563	0.23653916
10.1253	0.23988561
10.145119	0.24141058
10.165011	0.24115643
10.184982	0.23963146
10.205031	0.23793705
10.22516	0.23899606
10.245367	0.24352859
10.265656	0.24869654
10.286023	0.25200063
10.306466	0.25399157
10.326997	0.25483876
10.34761	0.25475404
10.368304	0.2539492
10.389083	0.25250894
10.409945	0.2504333
10.43089	0.24755281
10.45192	0.24378276
10.473039	0.2395891
10.49424	0.23518364
10.515526	0.23141359
10.536899	0.22908378
10.558359	0.22874489
10.579906	0.22929558
10.601542	0.22997336
10.623267	0.22976154
10.645084	0.22874489
10.666988	0.22747409
10.688982	0.22734703
10.711066	0.22912614
10.733243	0.23272675
10.755511	0.23742874
10.777872	0.24285084
10.800325	0.24806115
10.822865	0.25293255
10.845508	0.25716856
10.868244	0.26034558
10.891077	0.26237887
10.914005	0.26305664
10.937031	0.26229414
10.960154	0.26055735
10.983374	0.25759217
11.006698	0.25411862
11.030116	0.25039095
11.053635	0.24657851
11.077253	0.24221542
11.100973	0.23717457
11.124795	0.2302275
11.14872	0.22145894
11.172747	0.2106571
11.196871	0.19837266
11.221107	0.18392785
11.245447	0.15974019
11.269894	0.11394884
11.294447	0.067395024
11.319107	0.045748975
11.343875	0.039945636
11.368752	0.037404027
11.393744	0.035116576
11.418839	0.03367633
11.444047	0.034184653
11.469365	0.039098434
11.494797	0.053077288
11.52034	0.074850418
11.545999	0.098190859
11.571771	0.11970983
11.597663	0.13877191
11.623667	0.15520765
11.649787	0.16999134
11.676025	0.18265705
11.702382	0.19184919
11.728858	0.1902395
11.755454	0.15880828
11.782171	0.11403356
11.809002	0.13436644
11.835962	0.19278111
11.863048	0.22705048
11.890256	0.24340153
11.91759	0.25217006
11.94505	0.25780398
11.972636	0.26140457
12.000351	0.26449689
12.028198	0.26614892
12.056171	0.26682666
12.084274	0.26648781
12.112508	0.26572531
12.140875	0.26453924
12.169374	0.26318371
12.198009	0.26043031
12.226777	0.25666025
12.255688	0.25263602
12.28473	0.24950138
12.31391	0.24717157
12.343228	0.24577369
12.372687	0.24407928
12.402287	0.24132587
12.432029	0.23742874
12.461913	0.23340452
12.491931	0.23014279
12.522105	0.22908378
12.552425	0.22933793
12.582892	0.22950739
12.613507	0.22815186
12.644272	0.22548316
12.675187	0.2219249
12.706254	0.21802779
12.737479	0.21430008
12.768852	0.212055
12.80038	0.21141958
12.832064	0.21209736
12.863906	0.21315636
12.895905	0.21430008
12.928064	0.21590976
12.960384	0.21904443
12.992874	0.22357696
13.025519	0.2283213
13.05833	0.23298092
13.091305	0.23751345
13.124448	0.24115643
13.157759	0.2443758
13.191238	0.24772225
13.22489	0.2506451
13.258701	0.25212771
13.292698	0.2531867
13.326869	0.25361031
13.361217	0.25322908
13.395742	0.25166175
13.430446	0.24899307
13.46533	0.24526536
13.500397	0.24056338
13.535651	0.23442116
13.571085	0.22683869
13.606705	0.21756181
13.642511	0.20773426
13.678508	0.19697477
13.714694	0.18418199
13.751073	0.16766153
13.787644	0.14698978
13.82442	0.12178548
13.861383	0.092811115
13.898545	0.062227085
13.935907	0.034608252
13.97347	0.017282948
14.011236	0.0154191
14.049208	0.024695976
14.087384	0.042487245
14.125755	0.068496391
14.16435	0.096538827
14.203156	0.12157368
14.242176	0.14135589
14.281411	0.15486877
14.320862	0.16736501
14.360532	0.17863281
14.400422	0.18583405
14.440542	0.1948144
14.48088	0.20400655
14.521442	0.20942867
14.562233	0.21235152
14.603253	0.21455425
14.644506	0.21607921
14.685991	0.21735002
14.727713	0.21866319
14.76966	0.21921386
14.811859	0.21921386
14.8543	0.21857846
14.896984	0.21718056
14.939916	0.21294457
14.983094	0.2101488
15.026524	0.21125016
15.070205	0.20964046
15.11415	0.20637873
15.158343	0.20307463
15.202796	0.19938931
15.24751	0.19536509
15.292488	0.19193392
15.337732	0.18934995
15.383245	0.18723193
15.429028	0.18524101
15.475092	0.18278413
15.521424	0.18028487
15.568036	0.17765854
15.614927	0.17490514
15.662103	0.17168576
15.709563	0.16800043
15.757313	0.16486576
15.805353	0.16173109
15.853672	0.15846938
15.902304	0.15567362
15.951234	0.1529202
16.000465	0.15012443
16.050003	0.14711685
16.099848	0.14423637
16.150003	0.14194892
16.200472	0.13944967
16.251265	0.13686569
16.30237	0.134197
16.353796	0.1312318
16.405548	0.12758882
16.45763	0.12386113
16.510042	0.11992163
16.56279	0.11598213
16.615877	0.11200029
16.669313	0.10763719
16.723085	0.10344353
16.777206	0.10022415
16.831676	0.097851992
16.886503	0.095225662
16.941689	0.09302292
16.997234	0.091370881
17.053146	0.090184785
17.109409	0.089422315
17.166063	0.088913985
17.223093	0.088702187
17.280504	0.088532753
17.338299	0.088066794
17.396481	0.088532753
17.455055	0.088617466
17.514025	0.088320948
17.573404	0.087982066
17.633179	0.087897345
17.693359	0.087516107
17.753954	0.086795986
17.814964	0.085694619
17.876394	0.084042571
17.938251	0.081797488
18.000536	0.079637118
18.063269	0.077519104
18.126427	0.074723341
18.190027	0.071419239
18.254078	0.069047071
18.318579	0.066632539
18.383539	0.063752055
18.448961	0.060702115
18.514851	0.05811815
18.58119	0.055915419
18.648029	0.054093931
18.715351	0.051933564
18.783159	0.050239161
18.851461	0.048375309
18.920263	0.046299659
18.989569	0.044266377
19.059383	0.042995568
19.129725	0.041767124
19.200575	0.040072717
19.271952	0.038717192
19.343863	0.038124148
19.416311	0.036853347
19.489305	0.035582539
19.562849	0.03367633
19.636951	0.033422172
19.711594	0.032405525
19.786827	0.030795842
19.862638	0.030329879
19.939034	0.029440317
20.016018	0.027830629
20.093599	0.026686907
20.171785	0.02558554
20.250582	0.024950137
20.330009	0.023382811
20.410049	0.023933493
20.490723	0.023467531
20.572035	0.021773126
20.653994	0.020205799
20.73661	0.020036358
20.819889	0.019951638
20.903841	0.019994
20.988487	0.019951638
21.073807	0.019443316
21.159821	0.018087791
21.246542	0.017706549
21.333977	0.017325308
21.422132	0.01766419
21.511023	0.017452389
21.600651	0.016689904
21.691	0.015927423
21.782139	0.015885063
21.874046	0.016096862
21.966734	0.016520465
22.060209	0.01524966
22.154484	0.014826058
22.249567	0.0149955
22.34547	0.015080219
22.442221	0.014868419
22.539797	0.015080219
22.638224	0.013978855
22.737514	0.01404019
22.837679	0.014560195
22.93873	0.014690199
23.04068	0.01404019
23.143541	0.012480169
23.247343	0.012220165
23.35206	0.009880133
23.457727	0.0083201118
23.564352	0.00897012
23.671953	0.011700158
23.78054	0.010530142
23.890127	0.010010134
24.000731	0.014300194
24.112324	0.016380221
24.224998	0.016900228
24.338732	0.01794024
24.453537	0.018200245
24.569429	0.02444033
24.686426	0.02743037
24.804543	0.031200418
24.923796	0.035620477
25.044222	0.037700508
25.165796	0.039910533
25.288555	0.043290582
25.412519	0.047840644
25.537704	0.054340728
25.664127	0.058760796
25.791811	0.060190808
25.920769	0.061100822
26.051052	0.063570857
26.182623	0.066950902
26.315529	0.069810942
26.449793	0.073190987
26.585432	0.074100994
26.722471	0.07527101
26.860929	0.081511095
27.00083	0.079171062
27.142149	0.077351041
27.285002	0.078651063
27.429367	0.081511095
27.575268	0.083201118
27.722729	0.082031101
27.871777	0.080471076
28.022434	0.083851121
28.17473	0.08632116
28.328716	0.086581163
28.484369	0.085801154
28.641743	0.087621175
28.800863	0.090611219
28.961761	0.09269125
29.124468	0.091651231
29.289013	0.089831211
29.455427	0.088921197
29.623777	0.091261223
29.794029	0.095291279
29.966249	0.096071295
30.140471	0.09594129
30.316732	0.096331291
30.495066	0.096721306
30.67551	0.098931335
30.858103	0.098021321
31.04282	0.10114136
31.229824	0.10543142
31.419096	0.10803145
31.610676	0.1110215
31.804607	0.11323152
32.000931	0.11401154
32.199696	0.11518154
32.400944	0.11765157
32.604759	0.12194163
32.811115	0.12298165
33.020103	0.12441167
33.231773	0.12844172
33.446171	0.12896174
33.663353	0.1264917
33.883377	0.12324166
34.106293	0.12142163
34.332088	0.11960162
34.560966	0.11700157
34.792919	0.11687158
35.028008	0.11830159
35.266293	0.11960162
35.507843	0.12116164
35.752724	0.12038162
36.001007	0.12155163
36.252811	0.12740171
36.508114	0.12714171
36.767036	0.12558168
37.029659	0.12805173
37.296059	0.1333818
37.566319	0.1341618
37.840527	0.13195176
38.118767	0.12883173
38.40118	0.12662169
38.687756	0.12311166
38.978642	0.11726157
39.273933	0.10608143
39.573734	0.09737131
39.878147	0.089051194
40.187283	0.080341086
40.501244	0.072280973
40.820042	0.062530838
41.144012	0.053170718
41.473164	0.041080553
41.807625	0.031850427
42.147522	0.032500438
42.492992	0.036140487
42.844173	0.043810587
43.20121	0.057200775
43.564312	0.064480871
43.933502	0.064870872
44.309002	0.071890965
44.690975	0.077481039
45.079594	0.083851121
45.475029	0.088011183
45.87746	0.093341254
46.287083	0.10296139
46.704159	0.11778159
47.128742	0.12961175
47.561119	0.13910186
48.001499	0.14976202
48.450111	0.15873213
48.907188	0.15574209
49.372971	0.1569121
49.847713	0.16679224
50.331509	0.17537236
50.824955	0.17576236
51.328171	0.17940241
51.841454	0.18499249
52.365105	0.18278247
52.899441	0.17641236
53.444794	0.17225233
54.001511	0.17550236
54.570061	0.17706238
55.150593	0.17160231
55.74361	0.16263218
56.349518	0.16536222
56.968742	0.18486249
57.60173	0.17875241
58.24894	0.17251232
58.910862	0.1705623
59.588123	0.16497222
60.28101	0.16029215
60.9902	0.15808213
61.716274	0.16770224
62.459846	0.16042216
63.221554	0.16120216
64.002068	0.18577249
64.802094	0.13585183
65.622093	0.11687158
66.463402	0.10257138
67.326561	0.10179137
68.21244	0.095681287
69.121933	0.09230125
70.056015	0.066300891
71.015686	0.068770923
72.002014	0.066950902
73.016319	0.051090691
74.05941	0.037180498
75.132736	0.038220514
76.237625	0.037960511
77.375504	0.040300541
78.547859	0.029120389
79.756294	0.02015027
81.002487	0.027040366
82.28849	0.041340556
83.61573	0.04602062
84.986481	0.050570682
86.402931	0.058500785
87.867393	0.071110956
89.382355	0.076831035
90.95047	0.083461121
92.574593	0.089961208
94.25721	0.096981309
96.002708	0.10621142
97.814079	0.11687158
99.695114	0.10413141
101.64992	0.099321336
103.68291	0.10374141
105.79889	0.097891316
108.00303	0.08606115
110.30139	0.09763132
112.69925	0.1108915
115.20368	0.1110215
117.82195	0.10868146
120.562	0.12896174
123.43254	0.148462
126.44309	0.14378193
129.60419	0.13377179
132.92625	0.1419619
136.42429	0.16718225
140.11142	0.17888241
144.00337	0.14560196
148.11772	0.15639211
152.47411	0.16042216
157.0945	0.17667238
162.00366	0.18239245
167.23055	0.19006255
172.80489	0.19734266
178.76367	0.21112284
185.14809	0.19539264
192.0054	0.16991228
199.39021	0.21554288
207.36581	0.35867485
216.00604	0.44694602
