# Cronstedtite, Chemical Formula: Fe+22Fe+3(Si,Fe+3)O5(OH)4
# Sample ID: M3542
# wavelengths (microns), reflectance
1.5781291	0.12440159
1.5786096	0.12459697
1.5790905	0.12547612
1.5795716	0.12552495
1.5800531	0.12659949
1.5805347	0.12552495
1.5810168	0.12454811
1.5814991	0.12528075
1.5819818	0.12567149
1.5824646	0.12420622
1.5829479	0.12674603
1.5834312	0.12865087
1.5839151	0.12826014
1.5843991	0.12816246
1.5848837	0.12801592
1.5853683	0.12821129
1.5858533	0.1276252
1.5863385	0.1276252
1.5868242	0.12669718
1.58731	0.12596454
1.5877962	0.12723444
1.5882826	0.12777172
1.5887693	0.12869972
1.5892563	0.12840667
1.5897436	0.12909046
1.5902313	0.13055573
1.5907192	0.13182564
1.5912075	0.13036035
1.591696	0.12899277
1.5921849	0.12816246
1.592674	0.12791824
1.5931635	0.12821129
1.5936533	0.12840667
1.5941433	0.13045804
1.5946337	0.131093
1.5951242	0.13031152
1.5956153	0.12918814
1.5961065	0.12884624
1.5965984	0.12957887
1.5970901	0.12899277
1.5975825	0.1291393
1.5980748	0.12811361
1.5985676	0.12772286
1.5990607	0.1284555
1.5995542	0.12874855
1.6000477	0.13123952
1.6005416	0.13187447
1.6010358	0.13211869
1.6015304	0.13123952
1.6020253	0.13094647
1.6025206	0.13143489
1.603016	0.1309953
1.6035119	0.13158143
1.604008	0.13241175
1.6045047	0.13187447
1.6050013	0.1307511
1.6054984	0.12992078
1.6059958	0.13060457
1.6064935	0.13270479
1.6069914	0.13319321
1.6074898	0.13392586
1.6079884	0.13304669
1.608487	0.13148373
1.6089861	0.13123952
1.6094857	0.13079995
1.6099856	0.13001846
1.6104858	0.13128836
1.6109861	0.13382816
1.611487	0.13436544
1.6119881	0.13412122
1.6124896	0.13353512
1.6129912	0.13206984
1.6134933	0.13280247
1.6139956	0.13363279
1.6144984	0.13294901
1.6150012	0.13231406
1.6155045	0.13280247
1.616008	0.13270479
1.6165122	0.13182564
1.6170163	0.13241175
1.6175209	0.13353512
1.6180257	0.1342189
1.6185309	0.13446312
1.6190363	0.13363279
1.6195421	0.13480502
1.6200482	0.13509807
1.6205544	0.13460965
1.6210611	0.13480502
1.6215682	0.13456081
1.6220756	0.13548881
1.6225833	0.13514692
1.6230912	0.13353512
1.6235996	0.13578187
1.6241082	0.13617261
1.6246173	0.13465849
1.6251266	0.13563535
1.6256363	0.13636796
1.6261462	0.13539113
1.6266564	0.13451196
1.627167	0.13534229
1.6276779	0.13661218
1.6281891	0.13627028
1.6287007	0.13627028
1.6292125	0.13670987
1.6297247	0.13670987
1.6302372	0.13661218
1.6307501	0.13675871
1.6312631	0.13705176
1.6317767	0.13666104
1.6322904	0.13710061
1.6328044	0.13763787
1.6333188	0.13646567
1.6338336	0.13661218
1.6343486	0.13695408
1.6348641	0.13754019
1.6353798	0.13758904
1.6358958	0.13773556
1.6364123	0.13758904
1.6369292	0.13841935
1.637446	0.13851704
1.6379635	0.13837051
1.6384811	0.13885894
1.6389992	0.13861473
1.6395175	0.13885894
1.6400362	0.13837051
1.6405551	0.13778441
1.6410745	0.13861473
1.6415942	0.13861473
1.6421142	0.13822398
1.6426344	0.13924967
1.6431552	0.1390543
1.643676	0.1388101
1.6441975	0.13910314
1.644719	0.13797978
1.6452409	0.13690524
1.6457632	0.13749136
1.6462859	0.13954273
1.6468087	0.14091031
1.6473321	0.14095916
1.6478556	0.14037305
1.6483797	0.14003114
1.648904	0.14032421
1.6494286	0.1404219
1.6499535	0.14012884
1.6504788	0.14012884
1.6510044	0.14056841
1.6515305	0.14051959
1.6520567	0.13920084
1.6525834	0.13954273
1.6531103	0.14149642
1.6536378	0.14105685
1.6541654	0.13998231
1.6546935	0.14027536
1.6552217	0.14154528
1.6557504	0.1423756
1.6562793	0.14286402
1.6568087	0.1420337
1.6573384	0.14183833
1.6578683	0.14271748
1.6583985	0.14169179
1.6589293	0.14032421
1.6594603	0.14105685
1.6599917	0.14266865
1.6605233	0.14183833
1.6610554	0.14003114
1.6615878	0.14022653
1.6621207	0.14105685
1.6626537	0.14222907
1.6631873	0.14330359
1.6637208	0.1435478
1.664255	0.14349896
1.6647894	0.14320591
1.6653243	0.14388971
1.6658593	0.14281517
1.6663947	0.14183833
1.6669306	0.14208253
1.6674668	0.14291285
1.6680032	0.1429617
1.6685401	0.1423756
1.6690773	0.14374319
1.6696149	0.14633182
1.6701527	0.14511076
1.670691	0.14286402
1.6712295	0.14374319
1.6717685	0.14481771
1.6723077	0.14506193
1.6728474	0.14501308
1.6733873	0.14403623
1.6739277	0.14345013
1.6744683	0.1436455
1.6750095	0.1442316
1.6755508	0.14550149
1.6760926	0.14638068
1.6766347	0.14540382
1.6771772	0.14501308
1.6777198	0.1451596
1.6782631	0.14550149
1.6788064	0.14633182
1.6793501	0.1467714
1.6798942	0.14603877
1.6804388	0.14647834
1.6809837	0.14740635
1.6815289	0.14691794
1.6820744	0.14530614
1.6826205	0.14486654
1.6831667	0.14579456
1.6837136	0.14740635
1.6842605	0.14721099
1.684808	0.14672256
1.6853557	0.14613646
1.6859038	0.14672256
1.6864522	0.14721099
1.687001	0.14686909
1.6875501	0.14691794
1.6881	0.14730866
1.6886498	0.14774826
1.6892	0.1474552
1.6897506	0.14760172
1.6903015	0.14857858
1.6908529	0.14735751
1.6914046	0.14711329
1.6919565	0.14804131
1.6925087	0.14813899
1.6930614	0.14833435
1.6936146	0.14794363
1.694168	0.14852974
1.6947218	0.14921352
1.695276	0.14892046
1.6958306	0.14833435
1.6963854	0.14877395
1.6969409	0.14994615
1.6974965	0.14984848
1.6980526	0.14892046
1.6986089	0.14931121
1.6991657	0.15062997
1.6997228	0.15092301
1.7002803	0.15111838
1.7008381	0.15048341
1.7013963	0.14931121
1.7019548	0.149067
1.7025138	0.14960428
1.703073	0.1504346
1.7036328	0.15019038
1.7041928	0.14970194
1.7047533	0.15048341
1.7053139	0.15082532
1.705875	0.15077648
1.7064364	0.15019038
1.7069983	0.15019038
1.7075605	0.15062997
1.7081233	0.14984848
1.7086862	0.14984848
1.7092496	0.15014152
1.7098132	0.15053226
1.7103775	0.15194871
1.7109419	0.15238827
1.7115068	0.15199754
1.712072	0.15204638
1.7126377	0.15189986
1.7132035	0.15199754
1.7137699	0.15185101
1.7143366	0.15175334
1.7149036	0.15146028
1.715471	0.15214406
1.7160389	0.15253481
1.7166071	0.15189986
1.7171758	0.15131374
1.7177447	0.15238827
1.7183142	0.1535605
1.7188838	0.15375586
1.7194541	0.15307207
1.7200245	0.15263249
1.7205955	0.15312092
1.7211666	0.15404892
1.7217383	0.15487924
1.7223103	0.15400007
1.7228827	0.15395124
1.7234554	0.15404892
1.7240288	0.1544885
1.7246022	0.15531881
1.7251762	0.15512346
1.7257504	0.15443967
1.7263252	0.15453735
1.7269002	0.15497693
1.7274756	0.15429313
1.7280514	0.15409775
1.7286276	0.15360935
1.7292041	0.15341397
1.7297812	0.1532186
1.7303585	0.15336514
1.7309363	0.15370703
1.7315143	0.15443967
1.732093	0.1557584
1.7326717	0.15605147
1.7332511	0.15570956
1.7338307	0.15551421
1.7344109	0.15570956
1.7349913	0.15595378
1.7355722	0.15527
1.7361534	0.1548304
1.7367351	0.15595378
1.737317	0.15570956
1.7378997	0.15566072
1.7384824	0.15585609
1.7390656	0.1567841
1.7396491	0.15751672
1.7402332	0.15717484
1.7408174	0.15644218
1.7414023	0.15585609
1.7419873	0.15658875
1.7425728	0.15673526
1.7431587	0.15673526
1.7437451	0.15697946
1.7443317	0.15761442
1.7449189	0.15756558
1.7455064	0.15780978
1.7460943	0.1567841
1.7466825	0.1561003
1.7472714	0.15644218
1.7478604	0.1572725
1.7484499	0.15844475
1.7490398	0.15912853
1.7496301	0.15883547
1.7502208	0.15854242
1.7508119	0.15859126
1.7514033	0.15805399
1.7519954	0.15810283
1.7525877	0.15878662
1.7531804	0.15937275
1.7537735	0.15947042
1.754367	0.1586401
1.7549609	0.1586401
1.7555553	0.15903084
1.7561499	0.15903084
1.7567449	0.15917736
1.7573403	0.15903084
1.7579362	0.15981233
1.7585325	0.16030075
1.7591293	0.16000769
1.7597264	0.15907969
1.760324	0.15898201
1.7609218	0.16069148
1.7615204	0.16117992
1.7621191	0.1602519
1.7627183	0.16015421
1.7633178	0.16005655
1.7639178	0.16078918
1.7645181	0.16059381
1.7651191	0.16005655
1.7657201	0.15995885
1.7663218	0.16039844
1.7669238	0.16117992
1.7675263	0.16152179
1.768129	0.16205907
1.7687324	0.16249865
1.769336	0.16288939
1.7699401	0.16284055
1.7705445	0.16171719
1.7711494	0.16210793
1.7717546	0.16235211
1.7723604	0.1625475
1.7729665	0.16269404
1.773573	0.16274287
1.7741799	0.16308476
1.7747874	0.16367087
1.7753952	0.16337782
1.7760036	0.16293825
1.7766122	0.16230328
1.7772213	0.16230328
1.7778307	0.16284055
1.7784407	0.16406162
1.7790509	0.16362204
1.7796618	0.16313361
1.7802728	0.16313361
1.7808841	0.16313361
1.781496	0.16303591
1.7821085	0.1632313
1.7827213	0.16376857
1.7833346	0.16440351
1.7839482	0.16440351
1.7845623	0.16401276
1.7851768	0.16440351
1.785792	0.16489194
1.7864072	0.16494077
1.7870232	0.16513616
1.7876393	0.16538036
1.788256	0.1657711
1.788873	0.16562457
1.7894906	0.16547805
1.7901084	0.16528268
1.790727	0.16533151
1.7913457	0.16494077
1.7919649	0.16528268
1.7925845	0.16601531
1.7932047	0.16650373
1.793825	0.16625953
1.794446	0.16635719
1.7950673	0.1666014
1.795689	0.16674794
1.7963111	0.16704099
1.7969339	0.16694333
1.7975569	0.16645488
1.7981805	0.16645488
1.7988043	0.16669911
1.7994287	0.16708985
1.8000535	0.16708985
1.800679	0.16708985
1.8013045	0.16733405
1.8019307	0.16723637
1.8025571	0.1666014
1.8031842	0.16694333
1.8038116	0.16733405
1.8044394	0.16782248
1.8050677	0.16821322
1.8056965	0.16801783
1.8063256	0.16811553
1.8069552	0.16816439
1.8075852	0.167969
1.8082157	0.16811553
1.8088466	0.16845743
1.809478	0.16845743
1.8101097	0.16777363
1.8107419	0.1680667
1.8113745	0.16904354
1.8120078	0.16923891
1.8126413	0.16953196
1.8132753	0.16928776
1.8139096	0.16919006
1.8145447	0.16938542
1.8151799	0.16962965
1.8158158	0.17011808
1.8164519	0.17021574
1.8170887	0.17045996
1.8177258	0.17041112
1.8183634	0.17060649
1.8190013	0.1702646
1.8196399	0.16948313
1.8202788	0.16923891
1.8209183	0.16948313
1.8215581	0.16977617
1.8221985	0.17011808
1.8228391	0.1702646
1.8234804	0.17075302
1.8241218	0.17075302
1.824764	0.1702646
1.8254064	0.17045996
1.8260493	0.17055766
1.8266927	0.17070417
1.8273367	0.17138799
1.8279809	0.17138799
1.8286258	0.17124145
1.829271	0.17119259
1.8299167	0.17080188
1.8305628	0.17124145
1.8312097	0.17177871
1.8318566	0.17202292
1.8325043	0.17182755
1.8331522	0.17221829
1.8338007	0.17231598
1.8344495	0.17197408
1.835099	0.17172986
1.8357487	0.17124145
1.8363992	0.17153449
1.83705	0.17260903
1.8377012	0.17275555
1.8383528	0.1728044
1.839005	0.17270671
1.8396575	0.17290209
1.8403107	0.17363471
1.8409641	0.17358588
1.8416178	0.17246251
1.8422722	0.17270671
1.8429272	0.17358588
1.8435825	0.17402546
1.8442384	0.17451389
1.8448946	0.17387894
1.8455515	0.17363471
1.8462087	0.17422082
1.8468666	0.17402546
1.8475248	0.17373241
1.8481835	0.17397663
1.8488425	0.1751
1.8495022	0.17500231
1.8501621	0.17431852
1.8508228	0.17431852
1.8514837	0.17451389
1.852145	0.17480695
1.8528068	0.17475809
1.8534694	0.17451389
1.8541322	0.17461157
1.8547956	0.17529535
1.8554593	0.17563727
1.8561238	0.17553957
1.8567885	0.17534421
1.8574541	0.17524652
1.8581197	0.1762722
1.858786	0.17651643
1.8594526	0.17578378
1.8601199	0.17636989
1.8607875	0.176956
1.8614557	0.17666295
1.8621242	0.1762722
1.8627936	0.17676064
1.8634632	0.17690717
1.8641332	0.17671181
1.8648038	0.17671181
1.8654748	0.17724906
1.8661463	0.17700486
1.8668184	0.1764676
1.8674908	0.17661411
1.8681637	0.17710252
1.868837	0.17734674
1.869511	0.17754214
1.8701854	0.17734674
1.8708603	0.17729791
1.8715357	0.177884
1.8722117	0.17729791
1.872888	0.17661411
1.8735651	0.17710252
1.8742423	0.17803054
1.8749202	0.17871432
1.8755985	0.17876317
1.8762774	0.17822592
1.8769567	0.17807938
1.8776366	0.17871432
1.8783168	0.17876317
1.8789977	0.17900738
1.8796788	0.17934929
1.8803607	0.17954464
1.881043	0.17915392
1.8817258	0.17876317
1.882409	0.17842127
1.8830929	0.17866549
1.883777	0.1792516
1.8844618	0.17998424
1.8851469	0.17954464
1.8858327	0.17910507
1.8865188	0.17959349
1.8872057	0.18008192
1.8878928	0.18037497
1.8885808	0.18081455
1.8892689	0.18057035
1.8899578	0.17978886
1.8906469	0.17988656
1.8913368	0.18057035
1.892027	0.1808634
1.8927178	0.18096107
1.893409	0.18100993
1.8941009	0.18100993
1.8947932	0.18105876
1.8954861	0.18120529
1.8961793	0.18096107
1.8968732	0.18091224
1.8975675	0.18164486
1.8982624	0.18179139
1.8989576	0.18130299
1.8996536	0.18066803
1.9003499	0.18100993
1.9010466	0.18135181
1.9017439	0.18184026
1.9024419	0.18198678
1.9031402	0.18184026
1.9038392	0.18179139
1.9045385	0.18179139
1.9052386	0.18140067
1.905939	0.18164486
1.9066402	0.1821333
1.9073416	0.18262172
1.9080436	0.18315899
1.9087461	0.18320784
1.9094492	0.18335436
1.9101527	0.1837451
1.9108568	0.18359858
1.9115614	0.18340321
1.9122664	0.18364742
1.912972	0.18345204
1.9136782	0.18354972
1.9143847	0.18379393
1.915092	0.18369626
1.9157996	0.18384278
1.916508	0.18433121
1.9172167	0.18525922
1.9179261	0.18560112
1.9186358	0.18472196
1.9193462	0.18369626
1.9200571	0.18350089
1.9207685	0.18413582
1.9214803	0.18521036
1.9221928	0.18579647
1.9229058	0.18550342
1.9236195	0.18486847
1.9243335	0.18511268
1.9250481	0.18555227
1.9257631	0.18560112
1.9264789	0.18560112
1.927195	0.18550342
1.9279118	0.18550342
1.9286289	0.18608955
1.9293463	0.18623607
1.9300646	0.18599185
1.9307835	0.18569879
1.9315028	0.18604068
1.9322227	0.18701753
1.9329431	0.18682218
1.9336642	0.18648025
1.9343857	0.1869687
1.9351079	0.18726175
1.9358305	0.18711522
1.9365537	0.18701753
1.9372772	0.18740828
1.9380015	0.18760365
1.9387262	0.18779901
1.9394516	0.18789671
1.9401773	0.18740828
1.940904	0.18779901
1.9416308	0.18814093
1.9423584	0.18799438
1.9430864	0.18784785
1.943815	0.18784785
1.9445441	0.18789671
1.9452738	0.18833628
1.9460039	0.18838511
1.9467345	0.18823859
1.9474658	0.18828745
1.9481977	0.1888247
1.94893	0.18941082
1.949663	0.1892643
1.9503965	0.1895085
1.9511306	0.18941082
1.9518652	0.18911776
1.9526006	0.1892643
1.9533362	0.18921544
1.9540726	0.18906891
1.9548093	0.18941082
1.9555469	0.18989924
1.9562846	0.19028997
1.9570233	0.19068073
1.9577622	0.19068073
1.9585019	0.1901923
1.959242	0.19033882
1.9599829	0.19068073
1.960724	0.19053419
1.961466	0.19058304
1.9622083	0.19063188
1.9629514	0.19097377
1.9636948	0.19097377
1.9644389	0.19082725
1.9651834	0.19097377
1.9659288	0.19121799
1.9666744	0.19141334
1.9674209	0.1910226
1.9681678	0.19107147
1.9689153	0.19195062
1.9696634	0.19199948
1.9704123	0.19175526
1.9711614	0.19185293
1.9719112	0.19204831
1.9726615	0.19199948
1.9734125	0.19204831
1.9741639	0.19248788
1.9749161	0.19243905
1.9756685	0.192146
1.976422	0.19243905
1.9771756	0.1927321
1.9779301	0.1927321
1.9786849	0.19287863
1.9794405	0.19243905
1.9801965	0.19239019
1.9809532	0.19253673
1.9817104	0.1928298
1.9824681	0.19312285
1.9832264	0.19307399
1.9839855	0.19302516
1.984745	0.1928298
1.9855052	0.19322051
1.9862659	0.19375779
1.9870273	0.19385548
1.987789	0.19380663
1.9885516	0.19395316
1.9893147	0.19366011
1.9900783	0.19366011
1.9908425	0.19414853
1.9916074	0.19439274
1.9923728	0.19414853
1.9931389	0.19419737
1.9939053	0.19453926
1.9946727	0.19497885
1.9954402	0.19473463
1.9962088	0.19507654
1.9969776	0.19532076
1.9977473	0.19512537
1.9985173	0.19517423
1.9992882	0.19541842
2.0000594	0.19517423
2.0008314	0.19527191
2.0016038	0.19546728
2.002377	0.19556496
2.0031507	0.19556496
2.0039251	0.19571148
2.0046999	0.19571148
2.0054755	0.19595569
2.0062516	0.19634645
2.0070286	0.19600455
2.0078058	0.19571148
2.0085838	0.19615108
2.0093622	0.19615108
2.0101414	0.19624874
2.010921	0.19649296
2.0117013	0.19659066
2.0124824	0.19678602
2.0132637	0.19678602
2.0140457	0.19659066
2.0148287	0.19678602
2.0156119	0.19688371
2.016396	0.19688371
2.0171804	0.19742098
2.0179658	0.19781171
2.0187516	0.19795825
2.0195379	0.19795825
2.0203249	0.19795825
2.0211127	0.19810477
2.0219009	0.19795825
2.0226898	0.19790938
2.0234792	0.1981536
2.0242696	0.19834898
2.0250602	0.19854434
2.0258517	0.19854434
2.0266438	0.19869088
2.0274363	0.19913045
2.0282295	0.19927698
2.0290234	0.19913045
2.0298178	0.19888623
2.0306129	0.19903278
2.0314085	0.19947235
2.0322044	0.19971657
2.0330014	0.19957003
2.0337989	0.1995212
2.0345972	0.19971657
2.0353961	0.1995212
2.0361953	0.19937466
2.0369956	0.19957003
2.0377963	0.19986309
2.0385981	0.19991192
2.0393999	0.20035152
2.0402026	0.20049803
2.0410056	0.20025381
2.0418096	0.20000963
2.042614	0.20030268
2.0434194	0.20035152
2.044225	0.20059574
2.0450315	0.20083995
2.0458386	0.20103531
2.0466464	0.20142606
2.0474546	0.20137721
2.0482635	0.20118184
2.049073	0.20088878
2.0498834	0.201133
2.0506942	0.20132835
2.0515053	0.20142606
2.0523174	0.20162141
2.0531304	0.20171911
2.0539436	0.20176794
2.0547578	0.20191446
2.0555725	0.202061
2.0563879	0.20235406
2.057204	0.20259824
2.0580208	0.20245174
2.0588381	0.20254943
2.0596561	0.20289132
2.0604746	0.20318438
2.0612941	0.20323321
2.062114	0.20357513
2.0629346	0.20421006
2.0637558	0.20372164
2.0645773	0.202989
2.0653996	0.20342857
2.0662231	0.20411238
2.0670469	0.20430775
2.0678713	0.20416123
2.0686965	0.20396584
2.0695224	0.20406353
2.0703487	0.20416123
2.0711763	0.203917
2.0720038	0.20372164
2.0728326	0.20381932
2.0736616	0.20421006
2.0744915	0.20489386
2.0753219	0.20513807
2.076153	0.20518692
2.0769846	0.20543113
2.0778172	0.20513807
2.0786502	0.20523575
2.0794842	0.20547996
2.0803187	0.20596839
2.0811539	0.2058707
2.0819895	0.20572418
2.0828261	0.20611492
2.0836632	0.20626146
2.084501	0.20621261
2.0853395	0.20631029
2.0861788	0.20635913
2.0870185	0.20621261
2.0878592	0.20621261
2.0887003	0.20645681
2.0895422	0.20674989
2.0903847	0.20665218
2.0912282	0.20650567
2.092072	0.20650567
2.0929167	0.2065545
2.0937619	0.20660335
2.0946081	0.20684755
2.0954545	0.20709176
2.096302	0.20714059
2.0971498	0.20714059
2.0979986	0.20728713
2.0988479	0.20718946
2.0996981	0.20743367
2.1005487	0.20787326
2.1014004	0.20787326
2.1022525	0.20797092
2.1031053	0.20801978
2.1039588	0.20801978
2.1048129	0.20797092
2.1056678	0.20811746
2.1065235	0.20826399
2.1073797	0.20831282
2.1082368	0.20850818
2.1090944	0.20875239
2.1099529	0.2088501
2.1108119	0.20909432
2.1116717	0.20909432
2.1125321	0.20875239
2.1133935	0.20904545
2.1142552	0.20928967
2.115118	0.20928967
2.1159811	0.20958272
2.1168454	0.20924084
2.1177099	0.20894779
2.1185756	0.20938736
2.1194417	0.20958272
2.1203086	0.21007115
2.121176	0.21016882
2.1220446	0.20992464
2.1229134	0.2097781
2.1237831	0.21016882
2.1246536	0.21031536
2.1255245	0.21026652
2.1263962	0.21016882
2.1272688	0.21026652
2.1281419	0.21036421
2.1290162	0.21080379
2.1298907	0.21104801
2.1307662	0.21099915
2.1316423	0.21085262
2.1325192	0.21085262
2.1333966	0.21119453
2.1342752	0.2113899
2.135154	0.21153642
2.1360338	0.21168295
2.1369143	0.21197599
2.1377954	0.21173179
2.1386774	0.21148758
2.1395605	0.21134105
2.1404438	0.21178064
2.1413281	0.21212254
2.1422129	0.21173179
2.1430986	0.21207368
2.1439848	0.21251325
2.144872	0.21280633
2.1457596	0.21275748
2.1466477	0.21270865
2.1475368	0.2130017
2.148427	0.21295287
2.1493175	0.21280633
2.1502092	0.21305053
2.1511011	0.21319705
2.1519942	0.21334358
2.1528878	0.21344127
2.1537826	0.21319705
2.1546776	0.21314822
2.1555736	0.21334358
2.1564703	0.21358779
2.1573677	0.21402737
2.1582658	0.21407624
2.1591649	0.21422276
2.1600645	0.21436928
2.1609645	0.21441811
2.1618655	0.21436928
2.1627674	0.2141739
2.1636701	0.21407624
2.1645734	0.21436928
2.1654775	0.2148577
2.1663826	0.21515077
2.1672883	0.21524844
2.168195	0.21505308
2.169102	0.21480887
2.1700101	0.21471117
2.1709187	0.21471117
2.1718283	0.21510191
2.1727386	0.21539497
2.1736495	0.21524844
2.1745613	0.21534613
2.1754742	0.21544382
2.1763873	0.21549265
2.1773014	0.21583456
2.1782162	0.2158834
2.179132	0.21607876
2.1800482	0.21602993
2.1809654	0.21578571
2.1818831	0.21607876
2.1828015	0.2166649
2.1837208	0.21651834
2.1846411	0.21632297
2.1855621	0.21617645
2.1864841	0.2162253
2.1874065	0.2162253
2.1883299	0.2162253
2.189254	0.21646951
2.1901793	0.21671373
2.1911051	0.21686023
2.1920316	0.2170556
2.1929588	0.21710446
2.193887	0.2170556
2.1948156	0.21720213
2.1957452	0.2170556
2.1966755	0.2170556
2.197607	0.21744636
2.1985388	0.21749522
2.1994717	0.21739753
2.2004051	0.21754405
2.2013395	0.21764173
2.2022746	0.21744636
2.2032106	0.21773939
2.2041473	0.21803245
2.2050848	0.21813014
2.206023	0.21793479
2.2069621	0.21808131
2.207902	0.21817899
2.2088428	0.21803245
2.2097843	0.2178371
2.2107267	0.21798362
2.2116697	0.21842319
2.2126141	0.21842319
2.2135587	0.21832554
2.2145045	0.21852088
2.2154505	0.21852088
2.216398	0.21861857
2.2173457	0.21886277
2.2182946	0.21900931
2.2192442	0.21891163
2.2201948	0.21905814
2.2211459	0.21905814
2.2220981	0.21896045
2.2230508	0.21925351
2.2240045	0.21969312
2.2249589	0.21944889
2.2259145	0.21940003
2.2268705	0.21964426
2.2278273	0.21964426
2.228785	0.21964426
2.2297437	0.21944889
2.2307031	0.21959543
2.2316635	0.22008383
2.2326245	0.2202792
2.2335865	0.22018152
2.234549	0.21998617
2.2355127	0.2202792
2.2364771	0.22047459
2.2374425	0.22023036
2.2384083	0.22018152
2.2393754	0.22052343
2.2403431	0.22086532
2.2413118	0.22086532
2.2422812	0.22091416
2.243252	0.22062109
2.2442229	0.22032806
2.2451949	0.22052343
2.2461677	0.22091416
2.2471414	0.22086532
2.2481158	0.22096302
2.2490911	0.22101185
2.2500672	0.22096302
2.251044	0.22125608
2.2520218	0.22150028
2.2530005	0.22135375
2.2539799	0.22154911
2.2549605	0.22150028
2.2559416	0.22145142
2.2569239	0.22145142
2.2579067	0.22140259
2.2588909	0.22101185
2.2598755	0.22106068
2.2608612	0.22150028
2.2618475	0.22179334
2.2628348	0.22184217
2.263823	0.22159795
2.264812	0.22154911
2.2658017	0.22174448
2.2667923	0.22203754
2.2677839	0.2220864
2.2687764	0.22198868
2.2697697	0.22198868
2.2707639	0.22193985
2.271759	0.221891
2.2727549	0.22179334
2.2737517	0.22193985
2.2747495	0.22174448
2.275748	0.22193985
2.2767475	0.22237943
2.2777479	0.22247711
2.278749	0.22228174
2.2797511	0.22218408
2.2807541	0.22228174
2.2817578	0.22237943
2.282763	0.22247711
2.2837684	0.2225748
2.284775	0.22242828
2.2857823	0.2225748
2.2867908	0.22291671
2.2877998	0.22286786
2.28881	0.22272132
2.2898209	0.22252597
2.2908323	0.22237943
2.2918451	0.22237943
2.2928588	0.22218408
2.2938731	0.22228174
2.2948887	0.22247711
2.2959049	0.22242828
2.2969222	0.2225748
2.2979403	0.22252597
2.2989597	0.22242828
2.2999794	0.22237943
2.3010006	0.2223306
2.3020222	0.22237943
2.303045	0.22252597
2.3040683	0.2223306
2.3050931	0.2220864
2.3061182	0.22169565
2.3071454	0.22145142
2.3081722	0.22110952
2.3092005	0.22110952
2.3102295	0.22125608
2.3112597	0.22125608
2.3122904	0.22101185
2.3133223	0.22086532
2.3143549	0.22066996
2.3153882	0.22071879
2.3164227	0.22071879
2.3174584	0.22032806
2.3184946	0.21998617
2.3195322	0.21988846
2.3205702	0.21959543
2.3216095	0.21944889
2.3226497	0.21949774
2.3236911	0.21930237
2.324733	0.21900931
2.3257761	0.21876511
2.3268199	0.21871625
2.3278646	0.21905814
2.3289104	0.21915585
2.3299572	0.21905814
2.3310046	0.21925351
2.3320534	0.21915585
2.3331029	0.219107
2.3341534	0.21930237
2.3352048	0.21959543
2.3362572	0.220035
2.3373103	0.22032806
2.3383648	0.22047459
2.3394198	0.22062109
2.340476	0.22066996
2.3415329	0.22086532
2.342591	0.22130491
2.3436501	0.22150028
2.3447101	0.22154911
2.3457711	0.22154911
2.346833	0.22174448
2.3478959	0.221891
2.3489597	0.22179334
2.3500245	0.22203754
2.3510904	0.22213523
2.3521569	0.22179334
2.3532248	0.22193985
2.3542933	0.22218408
2.3553631	0.22228174
2.3564336	0.2223306
2.3575051	0.22242828
2.3585775	0.22247711
2.3596511	0.2223306
2.3607256	0.2223306
2.3618011	0.22223291
2.3628776	0.22223291
2.363955	0.2223306
2.3650334	0.22247711
2.3661137	0.22247711
2.3671939	0.22228174
2.3682754	0.2223306
2.3693576	0.22247711
2.3704412	0.22262366
2.3715253	0.22247711
2.3726108	0.2223306
2.373697	0.22228174
2.3747847	0.22218408
2.3758729	0.2220864
2.3769624	0.22213523
2.3780525	0.2223306
2.379144	0.2223306
2.3802361	0.2223306
2.3813298	0.22247711
2.3824239	0.22267249
2.3835192	0.22267249
2.3846154	0.22272132
2.3857129	0.22296554
2.3868113	0.22316092
2.3879108	0.22316092
2.3890109	0.22316092
2.3901126	0.2235028
2.3912148	0.22404008
2.3923185	0.22418661
2.3934228	0.22428429
2.3945284	0.22477271
2.3956349	0.22521231
2.3967426	0.22516344
2.397851	0.22540765
2.3989608	0.22560303
2.4000711	0.22570071
2.4011834	0.2257984
2.4022958	0.22599377
2.4034097	0.22618914
2.4045243	0.22623797
2.4056404	0.22633569
2.4067569	0.22614029
2.4078751	0.22628683
2.4089937	0.2264822
2.4101133	0.2264822
2.4112341	0.22657986
2.4123564	0.22687295
2.4134791	0.22706829
2.4146035	0.22711715
2.4157286	0.22701946
2.4168549	0.22711715
2.4179819	0.22721484
2.4191108	0.22731252
2.4202399	0.22760558
2.4213705	0.22736135
2.4225018	0.22731252
2.4236345	0.22755672
2.424768	0.22780094
2.4259028	0.22789861
2.4270384	0.22789861
2.4281759	0.22799633
2.4293137	0.22809398
2.4304526	0.22819167
2.4315925	0.2283382
2.4327338	0.22828937
2.4338756	0.22858243
2.435019	0.22882663
2.4361632	0.22882663
2.4373078	0.22887547
2.4384544	0.2287778
2.4396017	0.229022
2.4407504	0.22926623
2.4419	0.22926623
2.4430506	0.22916852
2.4442027	0.2293639
2.4453554	0.22946157
2.4465098	0.22965695
2.447665	0.22980349
2.4488211	0.22960812
2.4499784	0.22941273
2.4511368	0.22946157
2.4522963	0.22951043
2.4534569	0.22951043
2.4546185	0.22941273
2.4557815	0.22960812
2.4569452	0.22990118
2.4581103	0.22999883
2.4592764	0.22975466
2.4604435	0.2297058
2.4616117	0.22980349
2.4627812	0.22990118
2.4639518	0.22985232
2.4651229	0.22985232
2.4662957	0.23019423
2.4674697	0.23048727
2.4686446	0.23034075
2.4698207	0.23024306
2.4709978	0.23019423
2.4721763	0.22995
2.4733558	0.23014538
2.4745364	0.23048727
2.4757183	0.23048727
2.4769011	0.23014538
2.478085	0.23029189
2.4792702	0.23043844
2.4804564	0.23019423
2.4816439	0.23004769
2.4828324	0.23029189
2.4840217	0.23043844
2.4852126	0.23038958
2.4864044	0.23034075
2.4875975	0.23043844
2.4887917	0.23048727
2.4899871	0.23029189
2.4911838	0.23014538
2.4923813	0.23019423
2.4935806	0.23019423
2.4947805	0.23029189
2.4959817	0.23053612
2.497184	0.23058498
2.4983873	0.23034075
2.4995921	0.23009655
2.5007977	0.23014538
2.5020049	0.23024306
2.5032129	0.23038958
2.5044224	0.23034075
2.5056329	0.23019423
2.5068443	0.23024306
2.5080571	0.23034075
2.5092711	0.23024306
2.5104864	0.22995
2.5117025	0.23009655
2.5129199	0.23043844
2.5141385	0.23019423
2.5153584	0.22999883
2.5165794	0.23014538
2.5178018	0.22999883
2.5190251	0.22980349
2.5202496	0.22999883
2.5214756	0.23029189
2.5227027	0.23019423
2.5239308	0.23014538
2.5251603	0.23014538
2.5263908	0.23014538
2.5276225	0.23024306
2.5288556	0.23038958
2.5300899	0.23014538
2.5313251	0.2297058
2.532562	0.22960812
2.5337996	0.22999883
2.5350387	0.22960812
2.536279	0.2293639
2.5375204	0.22995
2.538763	0.23038958
2.5400069	0.23063381
2.5412521	0.23009655
2.5424979	0.22921737
2.5437455	0.22951043
2.5449944	0.23009655
2.5462441	0.23004769
2.5474954	0.22941273
2.548748	0.22985232
2.5500016	0.22985232
2.5512564	0.22916852
2.5525131	0.22858243
2.5537705	0.22955926
2.5550292	0.23078032
2.556289	0.23092687
2.5575502	0.23073149
2.5588126	0.22995
2.5600762	0.22750789
2.561341	0.22521231
2.5626073	0.22521231
2.5638747	0.22594494
2.5651433	0.22804515
2.5664132	0.23029189
2.5676842	0.22980349
2.5689566	0.22726367
2.5702302	0.22750789
2.5715053	0.2287778
2.5727808	0.2257984
2.5740583	0.22633569
2.5753372	0.22760558
2.576617	0.2264822
2.5778983	0.22789861
2.579181	0.22897317
2.5804646	0.22745904
2.5817497	0.22721484
2.5830364	0.22452851
2.5843241	0.22428429
2.585613	0.2267264
2.5869033	0.22540765
2.5881948	0.22599377
2.5894876	0.22745904
2.5907817	0.2285336
2.592077	0.22736135
2.5933733	0.220035
2.5946712	0.21324591
2.5959706	0.21940003
2.5972712	0.2264822
2.598573	0.22892433
2.5998762	0.22848473
2.6011808	0.22706829
2.6024866	0.22594494
2.6037939	0.22364932
2.6051023	0.22062109
2.6064122	0.22223291
2.6077232	0.22496808
2.6090355	0.2255542
2.6103492	0.22628683
2.6116643	0.22687295
2.6129806	0.22643335
2.6142986	0.22667758
2.6156178	0.22316092
2.6169381	0.22086532
2.6182597	0.22355166
2.6195827	0.22145142
2.6209071	0.221891
2.6222329	0.22643335
2.62356	0.22731252
2.6248877	0.22540765
2.6262174	0.22179334
2.6275485	0.22345398
2.628881	0.22272132
2.6302147	0.21915585
2.6315498	0.2220864
2.6328864	0.22399125
2.6342242	0.22423545
2.6355639	0.22589609
2.6369042	0.22604263
2.6382463	0.2257984
2.6395895	0.22545651
2.6409342	0.22477271
2.6422803	0.22428429
2.6436276	0.22443081
2.6449764	0.22296554
2.6463268	0.22291671
2.6476784	0.22413775
2.6490314	0.22452851
2.6503856	0.22345398
2.6517413	0.22115836
2.6530983	0.22101185
2.6544569	0.22159795
2.6558168	0.22135375
2.6571774	0.22237943
2.65854	0.22106068
2.6599042	0.220035
2.6612697	0.22013269
2.6626365	0.21993732
2.6640048	0.21515077
2.6653745	0.21075496
2.6667454	0.21080379
2.6681182	0.21402737
2.6694922	0.20972925
2.6708674	0.20889893
2.6722443	0.21573687
2.6736224	0.2168114
2.6750021	0.21383202
2.676383	0.21051073
2.6777654	0.21060842
2.6791496	0.21134105
2.6805348	0.21441811
2.6819217	0.21471117
2.6833098	0.21309939
2.6846995	0.21270865
2.6860905	0.2123179
2.6874828	0.21217138
2.6888769	0.21226907
2.6902716	0.21222022
2.6916685	0.21041304
2.6930668	0.20606607
2.6944666	0.20474732
2.6958678	0.20660335
2.6972704	0.20801978
2.6986744	0.20782439
2.7000799	0.20606607
2.7014871	0.20484503
2.7028956	0.20543113
2.7043056	0.20489386
2.7057171	0.20411238
2.70713	0.20235406
2.7085443	0.19878855
2.7099602	0.19473463
2.7113776	0.19439274
2.7127967	0.19795825
2.7142169	0.19844666
2.7156389	0.19737214
2.7170622	0.19556496
2.718487	0.19234136
2.7199132	0.18633375
2.7213409	0.18667565
2.7227702	0.18735944
2.7242005	0.18408699
2.7256327	0.18525922
2.7270665	0.18735944
2.7285018	0.18706639
2.7299387	0.18564995
2.7313771	0.18413582
2.7328169	0.18174256
2.7342582	0.17807938
2.7357013	0.176956
2.7371457	0.17578378
2.7385917	0.17045996
2.7400391	0.16674794
2.741488	0.16704099
2.7429385	0.16831091
2.7443907	0.16752942
2.7458441	0.16547805
2.747299	0.16337782
2.7487557	0.16117992
2.7502139	0.15829821
2.7516737	0.15517229
2.753135	0.15150912
2.7545979	0.14525729
2.7560623	0.14218022
2.7575283	0.14242443
2.7589962	0.14047074
2.7604654	0.13646567
2.7619359	0.13128836
2.7634082	0.12742981
2.7648821	0.12469464
2.7663574	0.12098262
2.7678344	0.11717292
2.7693131	0.11350973
2.7707932	0.10945582
2.772275	0.10676949
2.7737584	0.10432736
2.7752433	0.10144566
2.7767296	0.098270901
2.7782178	0.095682256
2.7797074	0.093240127
2.7811987	0.090700336
2.782691	0.088844322
2.7841854	0.087134838
2.7856815	0.084643878
2.7871792	0.082543649
2.7886784	0.081420273
2.7901793	0.080541112
2.7916818	0.079368897
2.7931859	0.078098997
2.794692	0.076877929
2.7961996	0.075803399
2.7977085	0.074875392
2.7992191	0.074142762
2.8007314	0.072824016
2.8022454	0.071407586
2.803761	0.070577264
2.8052781	0.070577264
2.806797	0.070430733
2.8083177	0.070039995
2.8098397	0.069600418
2.8113635	0.069258519
2.8128889	0.069014311
2.8144159	0.068623573
2.8159447	0.068379357
2.8174751	0.068086304
2.8190067	0.067597874
2.8205404	0.067353666
2.8220758	0.067158304
2.8236129	0.066767558
2.8251517	0.066425659
2.8266921	0.065986075
2.8282342	0.065497652
2.829778	0.065155759
2.8313241	0.064716175
2.8328712	0.064276591
2.83442	0.06388586
2.8359706	0.063641645
2.8375227	0.063299745
2.8390768	0.063006692
2.8406324	0.062811323
2.8421898	0.062567107
2.843749	0.062420584
2.84531	0.062176373
2.8468723	0.061736785
2.8484366	0.061443739
2.8500025	0.061346054
2.8515701	0.061199524
2.8531396	0.060857628
2.8547106	0.060711104
2.8562829	0.060759943
2.8578575	0.060662255
2.8594339	0.060515732
2.861012	0.060466882
2.8625917	0.060369205
2.8641732	0.060320359
2.8657565	0.060222674
2.8673415	0.060271516
2.8689287	0.060320359
2.870517	0.060124993
2.8721075	0.060124993
2.8736994	0.060369205
2.8752933	0.060369205
2.876889	0.060320359
2.8784864	0.060418047
2.8800855	0.060320359
2.8816857	0.060271516
2.8832886	0.060369205
2.8848929	0.060466882
2.8864994	0.060418047
2.8881073	0.060369205
2.8897173	0.060515732
2.8913291	0.06056457
2.8929424	0.060320359
2.8945582	0.060173836
2.8961751	0.060222674
2.897794	0.060076151
2.8994148	0.059783097
2.9010372	0.059783097
2.9026616	0.05992962
2.9042876	0.05992962
2.9059157	0.059831936
2.9075458	0.059538882
2.9091775	0.059294667
2.9108109	0.059196986
2.9124463	0.059099298
2.9140832	0.058952771
2.9157224	0.05870856
2.9173632	0.058610883
2.9190059	0.058562033
2.9206498	0.05841551
2.922296	0.058220137
2.9239442	0.058024768
2.9255943	0.057829395
2.9272463	0.057780553
2.9289	0.057585187
2.9305558	0.057438664
2.9322133	0.057438664
2.9338732	0.057438664
2.9355345	0.057438664
2.9371977	0.057438664
2.9388628	0.057438664
2.9405298	0.057340976
2.9421985	0.057145607
2.9438694	0.056999084
2.9455421	0.056950234
2.9472167	0.056754865
2.9488933	0.056706022
2.9505715	0.056559492
2.9522519	0.056315284
2.953934	0.056071073
2.9556181	0.055924546
2.9573042	0.055826858
2.9589922	0.055826858
2.9606814	0.05558265
2.9623733	0.055240754
2.964067	0.054947693
2.9657626	0.054703485
2.9674604	0.054459274
2.9691598	0.054312747
2.9708614	0.054215059
2.9725649	0.053873163
2.9742706	0.053677794
2.9759779	0.053628951
2.9776874	0.053335894
2.9793985	0.052993998
2.9811118	0.052896317
2.9828272	0.052652106
2.9845443	0.052359052
2.9862635	0.052212525
2.9879854	0.052114837
2.9897087	0.051968314
2.9914336	0.051870625
2.993161	0.051772941
2.99489	0.051577572
2.9966211	0.051333357
2.9983544	0.051284518
3.0000894	0.051089149
3.001826	0.050893784
3.0035653	0.050844934
3.0053065	0.050698411
3.0070496	0.050503038
3.0087948	0.050503038
3.0105422	0.050503038
3.0122914	0.050307669
3.0140429	0.050258826
3.0157964	0.050161142
3.0175517	0.050063454
3.0193093	0.049965773
3.0210688	0.049965773
3.0228302	0.049965773
3.0245938	0.049819246
3.0263596	0.049770404
3.0281272	0.049770404
3.0298975	0.049819246
3.0316694	0.049721558
3.0334435	0.049672719
3.0352194	0.049721558
3.0369976	0.049672719
3.0387776	0.049623877
3.04056	0.049575031
3.0423443	0.049575031
3.0441301	0.049575031
3.0459187	0.049672719
3.0477092	0.049623877
3.0495021	0.049526192
3.0512969	0.049623877
3.0530939	0.049819246
3.054893	0.049819246
3.0566943	0.049916927
3.0584979	0.049916927
3.0603034	0.050014615
3.0621109	0.050063454
3.0639207	0.050014615
3.0657327	0.050063454
3.0675466	0.050161142
3.0693629	0.050209988
3.0711813	0.050356515
3.0730011	0.050600722
3.0748239	0.050649561
3.0766487	0.050698411
3.0784757	0.050747249
3.0803049	0.050747249
3.0821362	0.050796095
3.0839698	0.051040307
3.0858054	0.051284518
3.0876439	0.051333357
3.0894837	0.051382203
3.0913262	0.051479891
3.0931706	0.051577572
3.0950172	0.051724099
3.0968661	0.051919468
3.0987172	0.052163679
3.1005704	0.052212525
3.1024263	0.052261364
3.104284	0.052407891
3.106144	0.052652106
3.1080062	0.052798633
3.1098707	0.052847475
3.1117373	0.053042844
3.1136062	0.053238217
3.1154773	0.053384744
3.1173501	0.053580113
3.1192257	0.053726636
3.1211035	0.053873163
3.1229837	0.054117378
3.1248662	0.054361589
3.1267509	0.054654643
3.128638	0.05480117
3.1305273	0.054996543
3.1324193	0.055240754
3.1343131	0.055436119
3.1362092	0.055631492
3.1381078	0.055973388
3.1400084	0.056315284
3.1419115	0.056559492
3.1438167	0.056706022
3.1457245	0.056852553
3.1476347	0.057096761
3.1495469	0.057340976
3.1514616	0.05763403
3.1533785	0.058024768
3.1552978	0.058220137
3.1572194	0.058366664
3.1591434	0.05870856
3.1610696	0.05885509
3.162998	0.059099298
3.1649289	0.059441201
3.1668622	0.059880778
3.168798	0.060173836
3.1707361	0.060418047
3.1726766	0.060711104
3.1746194	0.061004151
3.1765647	0.061199524
3.1785126	0.061590262
3.1804626	0.061981
3.182415	0.062274054
3.1843698	0.062518269
3.186327	0.062909007
3.1882865	0.063348591
3.1902485	0.063592799
3.1922131	0.063788176
3.19418	0.064032383
3.1961493	0.064520806
3.1981211	0.06496039
3.2000952	0.065253444
3.2020719	0.065595336
3.2040508	0.065937236
3.2060323	0.066230297
3.2080164	0.066572189
3.2100022	0.066865243
3.2119911	0.067158304
3.2139823	0.067500196
3.215976	0.067939773
3.2179723	0.068281665
3.2199712	0.068525881
3.2219722	0.068770096
3.2239761	0.069209673
3.2259824	0.069600418
3.2279911	0.069991156
3.2300024	0.070333056
3.2320161	0.070674948
3.2340324	0.071065694
3.2360511	0.071554109
3.2380724	0.071896002
3.2400961	0.072140224
3.2421229	0.072482117
3.2441516	0.072921701
3.2461832	0.073263593
3.2482171	0.073556647
3.2502534	0.073947392
3.2522926	0.074289292
3.2543342	0.07468003
3.2563784	0.075021923
3.2584248	0.075412661
3.2604742	0.075901084
3.262526	0.076389514
3.2645805	0.076682568
3.2666376	0.076877929
3.2686973	0.077317514
3.2707596	0.077757105
3.2728245	0.078196675
3.2748921	0.07858742
3.2769623	0.078880467
3.2790351	0.079222374
3.2811103	0.079564266
3.2831883	0.080101535
3.2852688	0.080589958
3.2873521	0.08107838
3.289438	0.081517957
3.2915258	0.081859857
3.293617	0.082250595
3.2957108	0.082592495
3.2978072	0.083032072
3.2999065	0.083520494
3.3020084	0.084008917
3.3041129	0.084399663
3.3062201	0.084839247
3.3083303	0.085229978
3.3104429	0.085620724
3.3125582	0.0860603
3.314676	0.086548723
3.3167968	0.086939469
3.3189204	0.087379046
3.3210464	0.087818637
3.3231752	0.08816053
3.3253074	0.088404737
3.3274417	0.088844322
3.3295789	0.089479268
3.3317187	0.089870013
3.3338614	0.090163067
3.3360066	0.090602644
3.3381548	0.090993389
3.3403056	0.091384128
3.3424585	0.09172602
3.344615	0.091970235
3.3467741	0.092360981
3.3489361	0.092751712
3.3511009	0.093044773
3.3532684	0.093386665
3.3554389	0.093923926
3.3576121	0.094216987
3.3597887	0.094461195
3.3619676	0.09470541
3.3641491	0.094998464
3.3663337	0.095242679
3.368521	0.095438041
3.3707113	0.095731102
3.3729043	0.096024156
3.3751001	0.096317202
3.3772995	0.096610256
3.3795011	0.097049847
3.3817058	0.097489424
3.383913	0.097929008
3.3861232	0.09846627
3.3883364	0.098905854
3.3905525	0.099150062
3.3927715	0.099394277
3.3949924	0.099785015
3.3972173	0.10007807
3.3994448	0.10032228
3.4016755	0.10061534
3.403909	0.10076187
3.4061456	0.10085955
3.408385	0.1011526
3.4106274	0.10139682
3.4128728	0.10173871
3.4151211	0.1021783
3.4173725	0.10266671
3.4196265	0.10320398
3.4218838	0.1037901
3.424144	0.10452273
3.4264071	0.10530421
3.4286733	0.105988
3.4309425	0.10647643
3.4332149	0.10706253
3.4354899	0.10774633
3.4377682	0.10838128
3.4400494	0.10886969
3.4423335	0.10935812
3.4446208	0.10984656
3.4469111	0.11038382
3.449204	0.11096992
3.4515004	0.11145835
3.4537997	0.11189793
3.4561024	0.11233752
3.4584079	0.11282594
3.4607165	0.11331436
3.4630284	0.11380279
3.4653432	0.11424237
3.4676619	0.11458426
3.4699829	0.11502384
3.472307	0.11531691
3.4746342	0.11556111
3.4769647	0.11580532
3.4792981	0.1162449
3.4816349	0.11673333
3.4839747	0.11712407
3.4863167	0.11746597
3.488663	0.11785671
3.4910121	0.11824744
3.4933646	0.11844282
3.4957201	0.11863819
3.4980791	0.11893123
3.5004408	0.11932198
3.5028062	0.12000577
3.5051751	0.12068956
3.5075467	0.12127567
3.5099213	0.12191063
3.5122993	0.12244789
3.5146806	0.12308284
3.517065	0.12381548
3.5194528	0.12459697
3.5218437	0.12513421
3.5242381	0.12572034
3.5266356	0.1262576
3.5290363	0.12679487
3.5314403	0.12723444
3.5338476	0.12772286
3.536258	0.12826014
3.538672	0.12889509
3.5410891	0.12933466
3.5435085	0.12972541
3.5459323	0.13016498
3.5483594	0.13070226
3.5507898	0.13123952
3.5532234	0.13172793
3.5556605	0.13216753
3.5581009	0.13265596
3.5605447	0.13314438
3.5629921	0.13368164
3.5654426	0.13417007
3.5678964	0.13470733
3.5703535	0.13524459
3.5728142	0.13563535
3.5752783	0.13612376
3.5777457	0.13661218
3.5802164	0.13710061
3.5826914	0.13754019
3.5851691	0.13788208
3.5876501	0.13846819
3.5901346	0.13895662
3.5926225	0.13939621
3.595114	0.13988464
3.5976088	0.14037305
3.6001072	0.14081264
3.6026084	0.14130107
3.6051137	0.14178948
3.6076224	0.1422779
3.6101346	0.14281517
3.6126504	0.14325474
3.6151698	0.1436455
3.6176925	0.14393854
3.620219	0.14437813
3.6227491	0.1449154
3.6252825	0.14535499
3.6278193	0.14574571
3.6303599	0.14613646
3.6329038	0.14662488
3.6354516	0.14706446
3.6380026	0.14755288
3.6405575	0.14804131
3.6431165	0.14848089
3.6456785	0.14892046
3.6482441	0.14936006
3.6508133	0.14979963
3.6533861	0.15023921
3.6559625	0.15062997
3.6585426	0.15106954
3.6611264	0.15150912
3.6637127	0.15189986
3.6663036	0.15233944
3.6688983	0.15273017
3.6714969	0.1532186
3.6740987	0.15360935
3.6767046	0.15404892
3.6793139	0.1544885
3.6819272	0.15492807
3.6845443	0.15536767
3.687165	0.1557584
3.6897893	0.15624683
3.6924174	0.1566864
3.695049	0.15707715
3.6976848	0.15741906
3.7003241	0.15780978
3.7029672	0.15829821
3.7056146	0.15883547
3.7082653	0.15927507
3.7109196	0.15966579
3.713578	0.15995885
3.7162399	0.16030075
3.7189059	0.16078918
3.7215757	0.16122875
3.7242491	0.1616195
3.7269256	0.16205907
3.7296069	0.16244982
3.7322919	0.16284055
3.7349808	0.1632313
3.7376738	0.16357319
3.7403705	0.16396393
3.7430711	0.16435467
3.7457757	0.16484308
3.7484846	0.16523384
3.7511971	0.16557573
3.7539134	0.16591762
3.7566335	0.16625953
3.7593577	0.1666014
3.7620859	0.16699216
3.764818	0.16743173
3.767554	0.16787131
3.770293	0.16821322
3.7730372	0.16855511
3.7757852	0.16889702
3.778537	0.16923891
3.7812932	0.1695808
3.7840533	0.16987386
3.7868173	0.1702646
3.7895856	0.17060649
3.7923579	0.17104606
3.7951343	0.17138799
3.7979145	0.17168103
3.800699	0.17202292
3.8034875	0.17226712
3.8062801	0.17251134
3.8090768	0.17285325
3.8118775	0.17319514
3.8146832	0.17353705
3.8174922	0.17387894
3.8203053	0.17407431
3.8231227	0.17436737
3.8259442	0.17475809
3.8287699	0.17505114
3.8315997	0.17529535
3.8344338	0.17553957
3.837271	0.17588149
3.8401134	0.1762722
3.8429599	0.17661411
3.8458109	0.17690717
3.848666	0.17720021
3.8515253	0.1773956
3.8543887	0.17763978
3.8572567	0.17783518
3.8601296	0.17807938
3.8630059	0.1784701
3.8658867	0.17886086
3.8687716	0.17910507
3.8716609	0.17934929
3.8745544	0.17959349
3.8774524	0.17988656
3.8803546	0.18008192
3.8832617	0.18037497
3.8861728	0.18066803
3.8890882	0.18096107
3.8920078	0.18120529
3.894932	0.18149835
3.8978605	0.18174256
3.9007933	0.18198678
3.9037306	0.18223099
3.9066718	0.18252404
3.9096179	0.18286593
3.9125686	0.18315899
3.9155238	0.18325667
3.9184833	0.18350089
3.9214473	0.18379393
3.9244158	0.18403815
3.9273889	0.18423353
3.9303668	0.18452658
3.9333489	0.18472196
3.9363356	0.18486847
3.9393268	0.18501501
3.9423223	0.1853569
3.9453225	0.18569879
3.9483273	0.18589416
3.9513369	0.18613838
3.9543512	0.18638259
3.9573698	0.18657796
3.960393	0.18682218
3.9634209	0.1869687
3.9664533	0.18716407
3.9694903	0.18740828
3.972532	0.18760365
3.9755785	0.18779901
3.9786289	0.18794554
3.9816847	0.18809207
3.984745	0.18833628
3.9878104	0.18867818
3.9908803	0.18892239
3.9939549	0.18921544
3.9970343	0.18941082
4.0001183	0.1895085
4.0032082	0.18965502
4.0063019	0.18999693
4.0094004	0.19028997
4.0125036	0.19048536
4.0156116	0.19072956
4.0187244	0.1910226
4.021842	0.19131568
4.0249648	0.19151105
4.028091	0.19175526
4.0312233	0.19204831
4.0343604	0.19229253
4.0375023	0.19253673
4.0406489	0.19278094
4.0438008	0.19297631
4.046958	0.19317168
4.0501194	0.1934159
4.0532866	0.19356242
4.056458	0.19375779
4.0596347	0.19395316
4.0628161	0.19409969
4.0660028	0.19429505
4.0691943	0.19453926
4.0723906	0.19463696
4.0755925	0.19473463
4.0787992	0.19488116
4.0820107	0.19502769
4.0852275	0.19512537
4.0884495	0.19522306
4.0916762	0.19536959
4.0949082	0.19551612
4.0981455	0.19566263
4.1013875	0.19576034
4.1046343	0.19585802
4.1078868	0.19590686
4.1111441	0.19605339
4.1144071	0.19619991
4.1176748	0.1962976
4.1209483	0.19644412
4.1242266	0.1965418
4.1275101	0.19659066
4.1307993	0.19673717
4.1340938	0.19693254
4.137393	0.19698139
4.1406975	0.19707906
4.1440077	0.19717675
4.1473227	0.19722559
4.1506433	0.19722559
4.1539693	0.19727445
4.1573014	0.19737214
4.1606379	0.19742098
4.16398	0.19756749
4.1673269	0.1976652
4.1706796	0.19761634
4.1740379	0.19771403
4.1774011	0.19776286
4.1807699	0.19776286
4.1841431	0.19781171
4.1875229	0.19790938
4.190908	0.19790938
4.1942987	0.19790938
4.1976953	0.19795825
4.2010965	0.19795825
4.204504	0.19776286
4.2079167	0.19761634
4.2113357	0.1974698
4.2147593	0.19707906
4.2181888	0.19663949
4.2216239	0.19624874
4.2250643	0.19610223
4.2285104	0.19610223
4.2319622	0.19610223
4.2354198	0.19600455
4.2388835	0.19610223
4.242352	0.1962976
4.2458267	0.19663949
4.2493072	0.19707906
4.2527928	0.19756749
4.2562842	0.19771403
4.2597818	0.19742098
4.2632847	0.19707906
4.2667923	0.19678602
4.2703071	0.1965418
4.2738276	0.1965418
4.2773538	0.19668834
4.2808857	0.19673717
4.2844238	0.19683488
4.2879677	0.19693254
4.2915173	0.19703023
4.2950735	0.19717675
4.298635	0.19737214
4.3022022	0.19751866
4.3057756	0.1976652
4.3093548	0.19786055
4.3129401	0.19795825
4.3165312	0.19810477
4.3201284	0.19825129
4.3237324	0.19830012
4.3273416	0.19834898
4.3309565	0.19844666
4.3345776	0.19854434
4.3382049	0.19859317
4.3418384	0.19864203
4.3454776	0.19854434
4.3491235	0.19849551
4.3527737	0.19859317
4.3564315	0.19864203
4.3600955	0.19859317
4.3637652	0.19854434
4.3674417	0.19854434
4.3711243	0.19854434
4.3748131	0.19859317
4.3785081	0.19854434
4.3822103	0.19854434
4.3859177	0.19844666
4.3896313	0.19839782
4.3933511	0.19839782
4.3970776	0.19834898
4.4008102	0.19830012
4.4045491	0.19830012
4.4082947	0.19820246
4.412045	0.19810477
4.415803	0.19810477
4.4195676	0.1981536
4.4233384	0.19800708
4.4271159	0.19790938
4.4308996	0.19790938
4.43469	0.19781171
4.4384871	0.1976652
4.4422908	0.19771403
4.4461007	0.19771403
4.4499168	0.19756749
4.4537401	0.19751866
4.4575696	0.19751866
4.4614058	0.19742098
4.4652486	0.19727445
4.4690976	0.19717675
4.4729543	0.19717675
4.4768167	0.19707906
4.4806862	0.19698139
4.4845624	0.19688371
4.4884448	0.19683488
4.4923344	0.19683488
4.4962306	0.19678602
4.5001335	0.19663949
4.5040426	0.19644412
4.5079594	0.19644412
4.5118828	0.19634645
4.5158129	0.19615108
4.5197501	0.19600455
4.523694	0.19590686
4.5276446	0.19576034
4.5316024	0.1956138
4.5355678	0.19546728
4.5395393	0.19536959
4.5435181	0.19517423
4.5475035	0.19502769
4.551496	0.19493002
4.5554957	0.19488116
4.5595021	0.19473463
4.5635157	0.19453926
4.5675368	0.19434391
4.5715647	0.19424622
4.5755997	0.19414853
4.5796418	0.19395316
4.5836911	0.19370894
4.5877471	0.19346473
4.5918107	0.19336705
4.5958815	0.19322051
4.5999584	0.19302516
4.604044	0.1928298
4.6081362	0.19268325
4.612236	0.19248788
4.616343	0.19224367
4.6204576	0.19209714
4.6245794	0.19195062
4.6287084	0.19175526
4.6328454	0.19160873
4.6369891	0.19136451
4.6411405	0.19116913
4.6452994	0.19097377
4.6494656	0.1907784
4.6536388	0.19058304
4.6578202	0.19033882
4.6620088	0.19014345
4.6662059	0.19004576
4.6704097	0.1898504
4.6746206	0.18955734
4.6788397	0.18936197
4.6830664	0.18916661
4.6873007	0.18902008
4.6915426	0.1888247
4.6957922	0.18848281
4.7000484	0.18823859
4.7043133	0.18799438
4.7085862	0.18760365
4.7128668	0.18735944
4.717155	0.18711522
4.7214513	0.18677333
4.7257552	0.18648025
4.7300668	0.18618721
4.7343879	0.18584533
4.7387152	0.18555227
4.7430506	0.18521036
4.7473941	0.18486847
4.7517457	0.18447775
4.7561049	0.18408699
4.7604723	0.1837451
4.7648478	0.18340321
4.7692318	0.18311015
4.7736235	0.18271939
4.7780232	0.18247518
4.7824311	0.18208447
4.7868466	0.18169372
4.7912707	0.18140067
4.7957029	0.18115646
4.8001437	0.18071689
4.8045907	0.18037497
4.8090477	0.18008192
4.8135128	0.17964235
4.8179865	0.1792516
4.8224683	0.17886086
4.8269582	0.17851897
4.8314571	0.17817706
4.8359637	0.17783518
4.8404803	0.17749327
4.8450041	0.17720021
4.8495364	0.176956
4.8540773	0.17671181
4.8586264	0.17651643
4.8631845	0.17632106
4.8677506	0.17593032
4.8723259	0.17558841
4.8769083	0.17534421
4.8815002	0.17495346
4.8861008	0.17461157
4.8907104	0.17426968
4.8953285	0.17383009
4.8999557	0.1734882
4.9045911	0.17324398
4.909236	0.17290209
4.9138899	0.17256019
4.9185519	0.17221829
4.923223	0.17177871
4.9279027	0.17133914
4.9325914	0.17094839
4.9372892	0.17055766
4.9419956	0.17011808
4.9467115	0.16962965
4.951437	0.16919006
4.9561706	0.16875048
4.9609137	0.16845743
4.9656653	0.16816439
4.9704261	0.16767594
4.9751964	0.16723637
4.9799757	0.1667968
4.9847641	0.16640605
4.9895606	0.16596648
4.9943671	0.16557573
4.9991837	0.16518499
5.0040088	0.16474541
5.0088439	0.16440351
5.0136881	0.16386624
5.0185413	0.16318244
5.0234041	0.16298708
5.0282774	0.16284055
5.0331593	0.16264518
5.0380507	0.16240098
5.0429511	0.16205907
5.0478616	0.16171719
5.0527816	0.16132644
5.0577111	0.16103339
5.0626502	0.16074033
5.0675998	0.16039844
5.0725584	0.16005655
5.0775266	0.15961695
5.0825043	0.15903084
5.087492	0.15878662
5.0924897	0.15854242
5.097497	0.15805399
5.1025143	0.15761442
5.1075401	0.15722367
5.112577	0.15673526
5.1176243	0.15634452
5.1226811	0.15605147
5.127748	0.15570956
5.1328249	0.15522115
5.1379123	0.15463503
5.1430092	0.1538047
5.1481171	0.15307207
5.1532345	0.1532186
5.1583619	0.1532186
5.1634998	0.1528767
5.1686478	0.15253481
5.1738062	0.15219291
5.1789751	0.15194871
5.184154	0.15175334
5.1893444	0.15150912
5.1945438	0.15106954
5.1997542	0.15053226
5.2049747	0.1504346
5.210206	0.14965311
5.2154474	0.14926237
5.2206998	0.14979963
5.2259626	0.14975078
5.2312346	0.14936006
5.2365189	0.14892046
5.2418137	0.14887162
5.2471189	0.14867625
5.2524352	0.14848089
5.2577624	0.14828552
5.2631001	0.14818783
5.2684488	0.14784594
5.273809	0.14740635
5.2791796	0.14725983
5.2845607	0.14706446
5.2899532	0.14623414
5.2953568	0.14623414
5.3007712	0.14647834
5.3061967	0.14628297
5.3116336	0.14608762
5.3170795	0.14594108
5.3225384	0.14574571
5.3280087	0.14555036
5.3334904	0.14535499
5.3389831	0.14506193
5.3444872	0.14408508
5.3500028	0.14291285
5.3555293	0.14340128
5.3610692	0.14403623
5.3666191	0.14403623
5.37218	0.143792
5.3777528	0.1436455
5.3833375	0.14340128
5.3889332	0.14325474
5.3945408	0.14305939
5.4001603	0.14291285
5.4057918	0.14252211
5.4114347	0.1420337
5.417089	0.14047074
5.4227557	0.13929851
5.4284339	0.14086147
5.434124	0.14154528
5.439826	0.14120337
5.44554	0.14095916
5.4512644	0.14081264
5.4570026	0.14003114
5.4627528	0.13866356
5.4685154	0.13871241
5.4742899	0.13871241
5.4800768	0.13822398
5.4858756	0.1388101
5.4916868	0.1388101
5.4975119	0.13861473
5.5033479	0.13822398
5.5091963	0.13797978
5.5150576	0.1374425
5.5209308	0.13685639
5.5268164	0.13675871
5.5327148	0.13680755
5.5386262	0.13656333
5.5445509	0.13597724
5.550487	0.13509807
5.5564361	0.13495155
5.562398	0.13524459
5.5683727	0.13504922
5.5743604	0.13324207
5.5803604	0.13231406
5.5863738	0.13377933
5.5923977	0.13446312
5.5984373	0.13377933
5.6044893	0.13343742
5.6105552	0.1332909
5.6166334	0.13294901
5.6227255	0.13309553
5.6288304	0.1326071
5.6349487	0.1307511
5.6410818	0.12850434
5.6472268	0.1293835
5.6533852	0.13011615
5.6595569	0.13065341
5.6657424	0.13104415
5.6719413	0.1293835
5.6781535	0.12894394
5.6843796	0.12948121
5.6906204	0.1287974
5.6968741	0.12899277
5.7031412	0.12816246
5.7094221	0.12591571
5.7157168	0.12586686
5.7220259	0.12650181
5.7283483	0.12674603
5.7346849	0.1262576
5.7410331	0.12537843
5.7473979	0.12405969
5.7537766	0.12445042
5.76017	0.12181294
5.7665772	0.1185405
5.7729988	0.12078725
5.7794347	0.12220368
5.7858849	0.12210599
5.7923512	0.12161757
5.7988305	0.12049419
5.8053241	0.1194685
5.811832	0.11741712
5.8183551	0.11321668
5.8248925	0.11170256
5.8314447	0.11282594
5.8380117	0.11341204
5.8445945	0.11321668
5.851191	0.11209331
5.8578029	0.11062804
5.864429	0.10965119
5.8710709	0.10901622
5.877727	0.10457157
5.8843989	0.1040343
5.8910856	0.1047181
5.8977852	0.10330167
5.9045024	0.10535305
5.9112349	0.10525537
5.9179831	0.10383894
5.9247465	0.10232482
5.9315252	0.098417439
5.9383197	0.096219525
5.9451299	0.098808169
5.9519572	0.099540807
5.9587984	0.099101231
5.9656553	0.097001001
5.9725285	0.096854471
5.9794173	0.097391739
5.9863219	0.096024156
5.9932423	0.096317202
6.0001788	0.098026693
6.0071297	0.097831316
6.0140982	0.097245216
6.0210834	0.098368585
6.0280848	0.099198908
6.0351024	0.098759331
6.0421362	0.094900779
6.0491862	0.091774859
6.0562534	0.096512578
6.0633373	0.098808169
6.0704374	0.097245216
6.0775537	0.098270901
6.0846872	0.10076187
6.0918374	0.10144566
6.0990043	0.1012503
6.1061878	0.099491961
6.1133885	0.09788017
6.1206079	0.10041998
6.1278424	0.10256904
6.1350942	0.10252019
6.1423635	0.10222714
6.1496496	0.10237366
6.1569533	0.10193409
6.1642742	0.10281324
6.1716127	0.10418084
6.1789665	0.10266671
6.1863399	0.10178757
6.1937308	0.10457157
6.2011395	0.105988
6.2085662	0.10623222
6.2160106	0.10652526
6.2234726	0.10716023
6.2309527	0.1075998
6.238452	0.10789286
6.2459679	0.10833245
6.2535024	0.10886969
6.261055	0.10906507
6.2686257	0.10930929
6.2762151	0.10970002
6.2838225	0.11018845
6.2914486	0.11053034
6.2990947	0.11092108
6.3067579	0.11121414
6.3144398	0.11160488
6.3221402	0.11194678
6.3298597	0.11209331
6.3375978	0.11004192
6.345355	0.10891855
6.3531313	0.11209331
6.3609242	0.11311898
6.3687387	0.11189793
6.3765721	0.11307015
6.3844252	0.11443774
6.3922973	0.11487733
6.4001889	0.11414468
6.4081001	0.10921159
6.4160309	0.10774633
6.4239826	0.11272825
6.431953	0.11517037
6.4399428	0.11697754
6.4479527	0.11805208
6.4559822	0.11868703
6.4640322	0.1188824
6.4721022	0.11766133
6.4801922	0.11619607
6.4883046	0.11355858
6.4964356	0.11424237
6.5045867	0.11937083
6.5127583	0.12083609
6.5209503	0.12005462
6.5291634	0.1220083
6.5373969	0.12278978
6.545651	0.12215483
6.5539231	0.12161757
6.5622191	0.12122684
6.5705361	0.11912661
6.5788746	0.12064072
6.587234	0.12235021
6.5956144	0.12313168
6.6040168	0.12449927
6.6124401	0.12445042
6.6208863	0.12381548
6.629353	0.12044535
6.6378412	0.11814976
6.6463513	0.12220368
6.6548829	0.12537843
6.6634369	0.12474348
6.6720128	0.12298515
6.6806107	0.12161757
6.6892328	0.12269211
6.6978755	0.12318052
6.7065401	0.12112914
6.7152276	0.1201523
6.723937	0.12054303
6.7326698	0.12098262
6.7414246	0.12064072
6.7502027	0.11966387
6.7590008	0.1188824
6.7678242	0.11702639
6.7766714	0.11477963
6.7855411	0.11219099
6.7944345	0.11160488
6.8033509	0.11302131
6.8122911	0.11243519
6.8212547	0.11023729
6.8302436	0.10935812
6.8392544	0.10974887
6.848289	0.10789286
6.8573475	0.10388778
6.8664303	0.10276441
6.8755369	0.10559727
6.8846679	0.10613453
6.8938227	0.10554842
6.9029989	0.1043762
6.9122028	0.10408315
6.9214315	0.10408315
6.9306846	0.10369241
6.9399629	0.10315514
6.9492655	0.10164103
6.9585934	0.099247754
6.9679465	0.099980384
6.9773269	0.10095723
6.9867301	0.10046881
6.9961591	0.10012691
7.0056133	0.10041998
7.0150933	0.10037112
7.0245986	0.10041998
7.0341301	0.10017576
7.0436873	0.099003538
7.0532722	0.10051765
7.0628819	0.10286209
7.0725174	0.10418084
7.0821791	0.10520652
7.0918674	0.10628106
7.1015825	0.10720906
7.1113243	0.10774633
7.1210923	0.10867433
7.1308832	0.10994423
7.1407056	0.11018845
7.1505547	0.11053034
7.1604309	0.1111653
7.1703348	0.11136066
7.1802659	0.1127771
7.1902246	0.11355858
7.200211	0.11311898
7.210228	0.11297247
7.2202702	0.11394931
7.23034	0.11434005
7.2404385	0.11453543
7.2505651	0.11463311
7.2607198	0.11473078
7.2709031	0.11443774
7.2811151	0.11463311
7.2913575	0.11521922
7.3016272	0.11531691
7.3119259	0.11536574
7.3222532	0.11536574
7.3326101	0.11468195
7.3429961	0.11448658
7.3534117	0.11492616
7.3638568	0.11512153
7.3743277	0.11492616
7.3848329	0.11487733
7.3953671	0.11477963
7.4059319	0.11468195
7.4165273	0.11463311
7.4271526	0.11463311
7.4378085	0.11458426
7.4484949	0.11443774
7.4592152	0.11394931
7.4699631	0.11375394
7.4807425	0.11394931
7.4915524	0.11409584
7.5023942	0.11404699
7.513267	0.11385164
7.5241718	0.11350973
7.5351081	0.11316784
7.5460782	0.11282594
7.5570784	0.11248404
7.5681105	0.11189793
7.579175	0.11131183
7.5902719	0.11092108
7.6014013	0.11053034
7.6125636	0.10999309
7.6237588	0.1095535
7.6349821	0.10921159
7.6462431	0.10886969
7.6575375	0.10857665
7.6688652	0.10818591
7.6802268	0.10789286
7.6916218	0.10774633
7.7030506	0.10755096
7.7145133	0.1072579
7.7260127	0.10686716
7.7375441	0.10652526
7.7491097	0.10613453
7.7607102	0.10574379
7.7723455	0.10535305
7.7840157	0.10506
7.7957211	0.10457157
7.8074613	0.10398546
7.8192339	0.10325284
7.8310452	0.10261787
7.8428926	0.10198292
7.8547754	0.10129912
7.8666949	0.10061534
7.8786502	0.099931546
7.8906422	0.099101231
7.9026704	0.098319747
7.9147372	0.097391739
7.9268394	0.096414901
7.9389782	0.095438041
7.9511547	0.094412349
7.9633684	0.093240127
7.9756198	0.092116766
7.9879088	0.090895697
8.0002356	0.08957696
8.0126038	0.088062838
8.0250072	0.086646415
8.0374498	0.085132301
8.0499296	0.083715864
8.0624495	0.082250595
8.0750074	0.080883004
8.0876055	0.079564266
8.1002417	0.078196675
8.1129141	0.076780252
8.1256304	0.075314984
8.1383867	0.073947392
8.1511831	0.072726324
8.1640196	0.071456425
8.1768961	0.070186526
8.1898146	0.068916626
8.2027731	0.067597874
8.2157736	0.06637682
8.2288151	0.065253444
8.2418976	0.064178906
8.2550211	0.063202061
8.2681875	0.062274054
8.281395	0.061443739
8.2946453	0.060759943
8.3079386	0.060222674
8.3212767	0.059587725
8.3346548	0.059001613
8.3480768	0.058513194
8.3615408	0.058122449
8.3750496	0.057780553
8.3886013	0.057340976
8.4021969	0.056852553
8.4158373	0.056412969
8.4295158	0.055924546
8.4432449	0.05558265
8.4570189	0.055191912
8.4708366	0.054752328
8.4847012	0.054263901
8.4986105	0.053824324
8.5125656	0.053287055
8.5265665	0.052847475
8.540616	0.052212525
8.5547094	0.051626418
8.5688496	0.051089149
8.5830364	0.050405353
8.59727	0.049770404
8.6115513	0.04913545
8.6258802	0.048451658
8.6402569	0.047865551
8.6546841	0.04727944
8.6691561	0.046693332
8.6836777	0.045960695
8.6982479	0.04522806
8.7128668	0.044641953
8.7275343	0.044153526
8.7422523	0.043469734
8.75702	0.042883623
8.7718325	0.042297516
8.7866993	0.041662566
8.8016176	0.041076459
8.8165865	0.040588029
8.8316059	0.039904237
8.8466768	0.039415814
8.8617992	0.038927391
8.8769741	0.038390126
8.8922033	0.037852857
8.9074821	0.037364431
8.9228134	0.036827166
8.9381971	0.036241058
8.9536343	0.035752635
8.9691257	0.035410736
8.9846697	0.034873471
9.000268	0.034238521
9.0159235	0.033798937
9.0316315	0.033310518
9.0473928	0.032675564
9.0632105	0.032235984
9.0790825	0.031747557
9.0950108	0.031210292
9.1109953	0.030673027
9.1270351	0.030086918
9.1431274	0.029598493
9.1592817	0.029207755
9.1754923	0.028621646
9.191761	0.028133223
9.2080879	0.027742481
9.224472	0.027351743
9.2409153	0.026961002
9.2574167	0.026814476
9.2739801	0.026570264
9.2906008	0.026179526
9.3072805	0.02588647
9.3240204	0.025642259
9.3408203	0.025349205
9.3576803	0.024958463
9.3746023	0.024274671
9.3915854	0.02363972
9.4086237	0.023297824
9.4257298	0.023053613
9.4428988	0.022760559
9.4601307	0.02261403
9.4774246	0.022516344
9.4947834	0.022565188
9.5122042	0.022418661
9.5296898	0.022565188
9.5472441	0.022809397
9.5648584	0.023004768
9.5825386	0.023053613
9.6002836	0.023200139
9.6180954	0.023346666
9.635973	0.02363972
9.6539164	0.023688562
9.6719275	0.023737404
9.6900091	0.023786247
9.7081556	0.024128145
9.7263699	0.024372356
9.7446527	0.024518885
9.7630043	0.024616567
9.7814245	0.024714254
9.7999153	0.024811938
9.8184757	0.025007308
9.837101	0.025153834
9.8558025	0.025300361
9.8745756	0.025544574
9.8934202	0.025739945
9.9123363	0.025935313
9.9313259	0.026570264
9.950388	0.027205216
9.9695234	0.027693639
9.9887362	0.02832859
10.008019	0.028963542
10.027377	0.029500807
10.04681	0.030135758
10.066319	0.030868392
10.085902	0.031747557
10.105563	0.032773249
10.1253	0.033701256
10.145119	0.034531575
10.165011	0.035361893
10.184982	0.036192216
10.205031	0.037071381
10.22516	0.038048226
10.245367	0.039073918
10.265656	0.04009961
10.286023	0.040978771
10.306466	0.041906778
10.326997	0.042737097
10.34761	0.043616258
10.368304	0.044593111
10.389083	0.045423429
10.409945	0.046400279
10.43089	0.047230598
10.45192	0.047963232
10.473039	0.048549343
10.49424	0.049281981
10.515526	0.049916927
10.536899	0.050356515
10.558359	0.050796095
10.579906	0.05118683
10.601542	0.051333357
10.623267	0.051479891
10.645084	0.051626418
10.666988	0.051772941
10.688982	0.051577572
10.711066	0.051382203
10.733243	0.051333357
10.755511	0.051333357
10.777872	0.051040307
10.800325	0.050698411
10.822865	0.050405353
10.845508	0.050161142
10.868244	0.049965773
10.891077	0.049916927
10.914005	0.049721558
10.937031	0.049477346
10.960154	0.049428508
10.983374	0.049428508
11.006698	0.049379665
11.030116	0.049379665
11.053635	0.049428508
11.077253	0.049477346
11.100973	0.049526192
11.124795	0.049623877
11.14872	0.049623877
11.172747	0.049526192
11.196871	0.049330819
11.221107	0.049281981
11.245447	0.049379665
11.269894	0.049477346
11.294447	0.049477346
11.319107	0.049428508
11.343875	0.049330819
11.368752	0.049281981
11.393744	0.049184293
11.418839	0.04913545
11.444047	0.048940085
11.469365	0.048598185
11.494797	0.048256289
11.52034	0.047963232
11.545999	0.047670182
11.571771	0.047572494
11.597663	0.047425967
11.623667	0.047230598
11.649787	0.047035232
11.676025	0.046937548
11.702382	0.046888698
11.728858	0.046693332
11.755454	0.046400279
11.782171	0.046302591
11.809002	0.046302591
11.835962	0.046253752
11.863048	0.046009537
11.890256	0.04586301
11.91759	0.045765329
11.94505	0.045521118
11.972636	0.045130376
12.000351	0.045032687
12.028198	0.044983849
12.056171	0.044886161
12.084274	0.044837322
12.112508	0.044544265
12.140875	0.044348899
12.169374	0.044251215
12.198009	0.044104684
12.226777	0.043958157
12.255688	0.043909319
12.28473	0.043762784
12.31391	0.043518577
12.343228	0.043274362
12.372687	0.043323208
12.402287	0.043420892
12.432029	0.04337205
12.461913	0.04337205
12.491931	0.043323208
12.522105	0.043225523
12.552425	0.042932466
12.582892	0.04259057
12.613507	0.042639416
12.644272	0.042932466
12.675187	0.042834785
12.706254	0.042492889
12.737479	0.042297516
12.768852	0.042248674
12.80038	0.042053305
12.832064	0.042004459
12.863906	0.042004459
12.895905	0.041711409
12.928064	0.041222986
12.960384	0.041027613
12.992874	0.040978771
13.025519	0.040783402
13.05833	0.040490344
13.091305	0.040441502
13.124448	0.040636875
13.157759	0.040490344
13.191238	0.040197294
13.22489	0.039953083
13.258701	0.039611187
13.292698	0.039611187
13.326869	0.039708868
13.361217	0.039660025
13.395742	0.039611187
13.430446	0.039708868
13.46533	0.039806556
13.500397	0.039953083
13.535651	0.039855395
13.571085	0.039904237
13.606705	0.040294979
13.642511	0.040636875
13.678508	0.040636875
13.714694	0.040929928
13.751073	0.040978771
13.787644	0.040685717
13.82442	0.040490344
13.861383	0.040343821
13.898545	0.040001921
13.935907	0.039904237
13.97347	0.039611187
14.011236	0.039171599
14.049208	0.03868318
14.087384	0.038438965
14.125755	0.038194757
14.16435	0.037804015
14.203156	0.037217904
14.242176	0.036436427
14.281411	0.035996847
14.320862	0.035654951
14.360532	0.035215367
14.400422	0.034971159
14.440542	0.034775786
14.48088	0.034287363
14.521442	0.033945467
14.562233	0.03399431
14.603253	0.033847783
14.644506	0.033701256
14.685991	0.033798937
14.727713	0.033847783
14.76966	0.033701256
14.811859	0.033603568
14.8543	0.033750098
14.896984	0.033945467
14.939916	0.033701256
14.983094	0.033603568
15.026524	0.033896625
15.070205	0.03443389
15.11415	0.034385048
15.158343	0.034238521
15.202796	0.034482732
15.24751	0.03443389
15.292488	0.034238521
15.337732	0.034189679
15.383245	0.03443389
15.429028	0.034482732
15.475092	0.034238521
15.521424	0.034385048
15.568036	0.034531575
15.614927	0.034336206
15.662103	0.034238521
15.709563	0.034189679
15.757313	0.034140833
15.805353	0.03409199
15.853672	0.03409199
15.902304	0.034189679
15.951234	0.03409199
16.000465	0.034238521
16.050003	0.034336206
16.099848	0.034238521
16.150003	0.034385048
16.200472	0.034336206
16.251265	0.033945467
16.30237	0.033750098
16.353796	0.033457041
16.405548	0.03301746
16.45763	0.032284826
16.510042	0.031552188
16.56279	0.03077071
16.615877	0.030086918
16.669313	0.029451966
16.723085	0.029158911
16.777206	0.028768172
16.831676	0.028377432
16.886503	0.027693639
16.941689	0.027302898
16.997234	0.027156373
17.053146	0.026961002
17.109409	0.026326053
17.166063	0.026032999
17.223093	0.026326053
17.280504	0.026277211
17.338299	0.02608184
17.396481	0.026423737
17.455055	0.026570264
17.514025	0.026667947
17.573404	0.027254056
17.633179	0.027693639
17.693359	0.02832859
17.753954	0.029061224
17.814964	0.029403124
17.876394	0.029940389
17.938251	0.030086918
18.000536	0.030086918
18.063269	0.030086918
18.126427	0.029940389
18.190027	0.029451966
18.254078	0.029061224
18.318579	0.029061224
18.383539	0.029110068
18.448961	0.028817015
18.514851	0.028621646
18.58119	0.028182063
18.648029	0.027986694
18.715351	0.027449429
18.783159	0.026619108
18.851461	0.026277211
18.920263	0.025788786
18.989569	0.025104994
19.059383	0.02466541
19.129725	0.023981616
19.200575	0.023151295
19.271952	0.022907084
19.343863	0.022760559
19.416311	0.022320976
19.489305	0.022076763
19.562849	0.022858242
19.636951	0.023932775
19.711594	0.024030458
19.786827	0.024372356
19.862638	0.024714254
19.939034	0.025349205
20.016018	0.026570264
20.093599	0.028572803
20.171785	0.029451966
20.250582	0.029940389
20.330009	0.030673027
20.410049	0.030917237
20.490723	0.031307977
20.572035	0.032187138
20.653994	0.033115149
20.73661	0.034385048
20.819889	0.034775786
20.903841	0.035508424
20.988487	0.036680639
21.073807	0.03760865
21.159821	0.037950542
21.246542	0.039073918
21.333977	0.040490344
21.422132	0.040294979
21.511023	0.040490344
21.600651	0.04161372
21.691	0.042199831
21.782139	0.041760247
21.874046	0.042004459
21.966734	0.042834785
22.060209	0.042688254
22.154484	0.042248674
22.249567	0.042444043
22.34547	0.041906778
22.442221	0.041809093
22.539797	0.04381163
22.638224	0.043518577
22.737514	0.042346355
22.837679	0.041857932
22.93873	0.04053919
23.04068	0.041125298
23.143541	0.041809093
23.247343	0.041369513
23.35206	0.043323208
23.457727	0.044690792
23.564352	0.045130376
23.671953	0.045472272
23.78054	0.046058383
23.890127	0.047230598
24.000731	0.049184293
24.112324	0.049575031
24.224998	0.049428508
24.338732	0.051089149
24.453537	0.052896317
