# Dolomite, Chemical Formula: CaMg(CO3)2
# Sample ID: HS102.3B
# wavelengths (microns), reflectance
1.553072	0.50947517
1.5535375	0.50989544
1.5540031	0.50996548
1.5544689	0.51010561
1.5549351	0.51038581
1.5554017	0.51080614
1.5558684	0.51094621
1.5563356	0.51101631
1.5568029	0.51087618
1.5572705	0.51101631
1.5577384	0.51136655
1.5582068	0.51164681
1.5586753	0.51192689
1.5591441	0.51213706
1.5596131	0.51248735
1.5600824	0.51248735
1.560552	0.51227719
1.561022	0.51248735
1.5614921	0.5130477
1.5619628	0.51318783
1.5624335	0.51297766
1.5629046	0.51311779
1.5633758	0.51332796
1.5638475	0.51346803
1.5643194	0.51367819
1.5647916	0.51402849
1.565264	0.51423854
1.5657365	0.51451874
1.5662096	0.51465887
1.5666829	0.5147289
1.5671564	0.51507914
1.5676304	0.51500911
1.5681045	0.51465887
1.5685791	0.51507914
1.5690538	0.51556957
1.5695291	0.51542944
1.5700043	0.51528937
1.57048	0.51570964
1.5709559	0.51598984
1.5714321	0.51620001
1.5719085	0.51620001
1.5723853	0.51662022
1.5728624	0.51669031
1.5733397	0.51676041
1.5738174	0.51697052
1.5742953	0.51718068
1.5747734	0.51739085
1.5752521	0.51760101
1.5757308	0.51774108
1.5762099	0.51746082
1.5766892	0.51760101
1.5771688	0.51802129
1.5776488	0.51802129
1.5781291	0.51816142
1.5786096	0.51837158
1.5790905	0.51858169
1.5795716	0.51872182
1.5800531	0.51893193
1.5805347	0.51893193
1.5810168	0.519072
1.5814991	0.51928216
1.5819818	0.5193522
1.5824646	0.51984257
1.5829479	0.52047306
1.5834312	0.52040297
1.5839151	0.52047306
1.5843991	0.51991266
1.5848837	0.51991266
1.5853683	0.52033299
1.5858533	0.52075326
1.5863385	0.52075326
1.5868242	0.52075326
1.58731	0.52103341
1.5877962	0.52124363
1.5882826	0.52131367
1.5887693	0.5216639
1.5892563	0.52208424
1.5897436	0.52208424
1.5902313	0.52187407
1.5907192	0.52208424
1.5912075	0.52201414
1.591696	0.52201414
1.5921849	0.52250451
1.592674	0.52313501
1.5931635	0.52299488
1.5936533	0.52278471
1.5941433	0.52278471
1.5946337	0.52327508
1.5951242	0.52369529
1.5956153	0.52327508
1.5961065	0.52341515
1.5965984	0.52348524
1.5970901	0.52341515
1.5975825	0.52397555
1.5980748	0.52425575
1.5985676	0.52446592
1.5990607	0.52467608
1.5995542	0.52467608
1.6000477	0.52516639
1.6005416	0.52544665
1.6010358	0.52537656
1.6015304	0.52558672
1.6020253	0.52551669
1.6025206	0.52537656
1.603016	0.52558672
1.6035119	0.52558672
1.604008	0.52565682
1.6045047	0.52628726
1.6050013	0.52670753
1.6054984	0.5265674
1.6059958	0.52677757
1.6064935	0.52677757
1.6069914	0.52698767
1.6074898	0.52726787
1.6079884	0.5274781
1.608487	0.52754813
1.6089861	0.52782834
1.6094857	0.5277583
1.6099856	0.5277583
1.6104858	0.52810854
1.6109861	0.52824867
1.611487	0.52852875
1.6119881	0.52887905
1.6124896	0.52908921
1.6129912	0.52915925
1.6134933	0.52929938
1.6139956	0.52936941
1.6144984	0.52950954
1.6150012	0.52978975
1.6155045	0.52964962
1.616008	0.52964962
1.6165122	0.53006995
1.6170163	0.53028011
1.6175209	0.53049028
1.6180257	0.53070045
1.6185309	0.53077042
1.6190363	0.53084046
1.6195421	0.53091049
1.6200482	0.53126073
1.6205544	0.53168106
1.6210611	0.5317511
1.6215682	0.5317511
1.6220756	0.53182119
1.6225833	0.53196132
1.6230912	0.53210133
1.6235996	0.53231156
1.6241082	0.53280193
1.6246173	0.53301209
1.6251266	0.53308213
1.6256363	0.53308213
1.6261462	0.53294194
1.6266564	0.53287196
1.627167	0.53329217
1.6276779	0.53371251
1.6281891	0.5335024
1.6287007	0.5335024
1.6292125	0.53392267
1.6297247	0.53413284
1.6302372	0.53448308
1.6307501	0.53469324
1.6312631	0.53476328
1.6317767	0.53518361
1.6322904	0.53511357
1.6328044	0.53469324
1.6333188	0.5349735
1.6338336	0.53532374
1.6343486	0.53553385
1.6348641	0.53546381
1.6353798	0.53539377
1.6358958	0.53553385
1.6364123	0.53553385
1.6369292	0.53616434
1.637446	0.53679472
1.6379635	0.53679472
1.6384811	0.53644449
1.6389992	0.53672469
1.6395175	0.53728509
1.6400362	0.53728509
1.6405551	0.53707498
1.6410745	0.53728509
1.6415942	0.53742522
1.6421142	0.53763539
1.6426344	0.53777546
1.6431552	0.53777546
1.643676	0.53777546
1.6441975	0.53812569
1.644719	0.53826582
1.6452409	0.53819573
1.6457632	0.53826582
1.6462859	0.538616
1.6468087	0.53854603
1.6473321	0.53854603
1.6478556	0.53875613
1.6483797	0.53910643
1.648904	0.53924644
1.6494286	0.53938663
1.6499535	0.5395267
1.6504788	0.5395267
1.6510044	0.53938663
1.6515305	0.53945667
1.6520567	0.53973693
1.6525834	0.53973693
1.6531103	0.53966683
1.6536378	0.53966683
1.6541654	0.53994703
1.6546935	0.54029727
1.6552217	0.54071754
1.6557504	0.54071754
1.6562793	0.54085767
1.6568087	0.54099774
1.6573384	0.54085767
1.6578683	0.54092771
1.6583985	0.54092771
1.6589293	0.54120791
1.6594603	0.54134804
1.6599917	0.54162818
1.6605233	0.54176837
1.6610554	0.54155821
1.6615878	0.54176837
1.6621207	0.54197848
1.6626537	0.54218864
1.6631873	0.54218864
1.6637208	0.54232872
1.664255	0.54267895
1.6647894	0.54281902
1.6653243	0.54274899
1.6658593	0.54267895
1.6663947	0.54281902
1.6669306	0.54316926
1.6674668	0.54351956
1.6680032	0.54337943
1.6685401	0.54351956
1.6690773	0.54365969
1.6696149	0.54379976
1.6701527	0.54400986
1.670691	0.54415005
1.6712295	0.54457033
1.6717685	0.54471046
1.6723077	0.54464036
1.6728474	0.54471046
1.6733873	0.54478049
1.6739277	0.54464036
1.6744683	0.54478049
1.6750095	0.5449906
1.6755508	0.5452708
1.6760926	0.54541093
1.6766347	0.545551
1.6771772	0.5458312
1.6777198	0.5461815
1.6782631	0.5461815
1.6788064	0.54597133
1.6793501	0.5461114
1.6798942	0.54625154
1.6804388	0.54653174
1.6809837	0.54667181
1.6815289	0.546812
1.6820744	0.5470221
1.6826205	0.54716212
1.6831667	0.54723227
1.6837136	0.54765254
1.6842605	0.54772258
1.684808	0.54744238
1.6853557	0.54709214
1.6859038	0.54730225
1.6864522	0.54751241
1.687001	0.54786265
1.6875501	0.54793268
1.6881	0.54821289
1.6886498	0.54849315
1.6892	0.54863322
1.6897506	0.54849315
1.6903015	0.54870331
1.6908529	0.54905355
1.6914046	0.54905355
1.6919565	0.54912359
1.6925087	0.54919368
1.6930614	0.54912359
1.6936146	0.54919368
1.694168	0.54926372
1.6947218	0.54947382
1.695276	0.54982406
1.6958306	0.55010426
1.6963854	0.55017436
1.6969409	0.54982406
1.6974965	0.54975402
1.6980526	0.55010426
1.6986089	0.55031437
1.6991657	0.55059463
1.6997228	0.55073476
1.7002803	0.55073476
1.7008381	0.55087483
1.7013963	0.55087483
1.7019548	0.55087483
1.7025138	0.55101496
1.703073	0.55143523
1.7036328	0.55185556
1.7041928	0.55185556
1.7047533	0.55150527
1.7053139	0.55129516
1.705875	0.55150527
1.7064364	0.55171543
1.7069983	0.55192566
1.7075605	0.55199564
1.7081233	0.55227584
1.7086862	0.552486
1.7092496	0.55255604
1.7098132	0.55262607
1.7103775	0.55269611
1.7109419	0.5527662
1.7115068	0.5527662
1.712072	0.5527662
1.7126377	0.5527662
1.7132035	0.55297631
1.7137699	0.55304635
1.7143366	0.5531165
1.7149036	0.55332661
1.715471	0.55346668
1.7160389	0.55332661
1.7166071	0.55325651
1.7171758	0.55339664
1.7177447	0.55374694
1.7183142	0.55388695
1.7188838	0.55374694
1.7194541	0.55374694
1.7200245	0.55402714
1.7205955	0.55423719
1.7211666	0.55437738
1.7217383	0.55416721
1.7223103	0.55416721
1.7228827	0.55409718
1.7234554	0.55416721
1.7240288	0.55437738
1.7246022	0.55458748
1.7251762	0.55472761
1.7257504	0.55493772
1.7263252	0.55521798
1.7269002	0.55507779
1.7274756	0.55507779
1.7280514	0.55514789
1.7286276	0.55514789
1.7292041	0.55521798
1.7297812	0.55521798
1.7303585	0.55507779
1.7309363	0.55549818
1.7315143	0.55577832
1.732093	0.55570829
1.7326717	0.55570829
1.7332511	0.55584842
1.7338307	0.55570829
1.7344109	0.55556822
1.7349913	0.55598849
1.7355722	0.55626875
1.7361534	0.55633879
1.7367351	0.55654889
1.737317	0.55675906
1.7378997	0.55675906
1.7384824	0.5571093
1.7390656	0.5571093
1.7396491	0.55696917
1.7402332	0.55696917
1.7408174	0.55689913
1.7414023	0.5570392
1.7419873	0.5571093
1.7425728	0.55717933
1.7431587	0.55731946
1.7437451	0.55780977
1.7443317	0.55801994
1.7449189	0.55801994
1.7455064	0.55816007
1.7460943	0.55801994
1.7466825	0.55816007
1.7472714	0.55837023
1.7478604	0.5585804
1.7484499	0.55872047
1.7490398	0.5588606
1.7496301	0.55900061
1.7502208	0.55907071
1.7508119	0.55921078
1.7514033	0.55928081
1.7519954	0.55942094
1.7525877	0.55963111
1.7531804	0.55984128
1.7537735	0.55998141
1.754367	0.56019151
1.7549609	0.56040168
1.7555553	0.56068188
1.7561499	0.56061184
1.7567449	0.56033164
1.7573403	0.56047171
1.7579362	0.56082201
1.7585325	0.56145245
1.7591293	0.56201279
1.7597264	0.56208289
1.760324	0.56201279
1.7609218	0.56180269
1.7615204	0.56145245
1.7621191	0.56152248
1.7627183	0.56222296
1.7633178	0.56271338
1.7639178	0.5628534
1.7645181	0.56271338
1.7651191	0.56278336
1.7657201	0.56278336
1.7663218	0.56299359
1.7669238	0.56292349
1.7675263	0.5628534
1.768129	0.56320369
1.7687324	0.56348389
1.769336	0.56306356
1.7699401	0.56306356
1.7705445	0.56348389
1.7711494	0.56355399
1.7717546	0.56355399
1.7723604	0.56376404
1.7729665	0.563694
1.773573	0.56383413
1.7741799	0.56404424
1.7747874	0.56404424
1.7753952	0.56411427
1.7760036	0.56411427
1.7766122	0.56446457
1.7772213	0.56446457
1.7778307	0.56446457
1.7784407	0.56446457
1.7790509	0.5645346
1.7796618	0.5645346
1.7802728	0.5646047
1.7808841	0.56481487
1.781496	0.56481487
1.7821085	0.56495488
1.7827213	0.56523514
1.7833346	0.56530517
1.7839482	0.56551534
1.7845623	0.56572551
1.7851768	0.5654453
1.785792	0.5654453
1.7864072	0.56530517
1.7870232	0.56523514
1.7876393	0.56537527
1.788256	0.56530517
1.788873	0.5654453
1.7894906	0.56558537
1.7901084	0.56565547
1.790727	0.56565547
1.7913457	0.56572551
1.7919649	0.56565547
1.7925845	0.56558537
1.7932047	0.56586564
1.793825	0.56579554
1.794446	0.56565547
1.7950673	0.56572551
1.795689	0.56579554
1.7963111	0.56600571
1.7969339	0.56614578
1.7975569	0.56607574
1.7981805	0.56607574
1.7988043	0.56607574
1.7994287	0.56635594
1.8000535	0.56656611
1.800679	0.56642592
1.8013045	0.56607574
1.8019307	0.56600571
1.8025571	0.56621581
1.8031842	0.56628591
1.8038116	0.56628591
1.8044394	0.56628591
1.8050677	0.56621581
1.8056965	0.56607574
1.8063256	0.56614578
1.8069552	0.56600571
1.8075852	0.56593567
1.8082157	0.56586564
1.8088466	0.56586564
1.809478	0.56586564
1.8101097	0.56586564
1.8107419	0.56579554
1.8113745	0.56586564
1.8120078	0.56600571
1.8126413	0.56593567
1.8132753	0.56593567
1.8139096	0.56586564
1.8145447	0.56593567
1.8151799	0.56614578
1.8158158	0.56628591
1.8164519	0.56614578
1.8170887	0.56607574
1.8177258	0.56607574
1.8183634	0.56607574
1.8190013	0.56600571
1.8196399	0.56607574
1.8202788	0.56600571
1.8209183	0.56600571
1.8215581	0.56614578
1.8221985	0.56600571
1.8228391	0.56572551
1.8234804	0.56558537
1.8241218	0.56558537
1.824764	0.56572551
1.8254064	0.56593567
1.8260493	0.56614578
1.8266927	0.56621581
1.8273367	0.56621581
1.8279809	0.56621581
1.8286258	0.56607574
1.829271	0.56600571
1.8299167	0.56621581
1.8305628	0.56621581
1.8312097	0.56621581
1.8318566	0.56614578
1.8325043	0.56642592
1.8331522	0.56635594
1.8338007	0.56628591
1.8344495	0.56635594
1.835099	0.56656611
1.8357487	0.56642592
1.8363992	0.56607574
1.83705	0.56607574
1.8377012	0.56649601
1.8383528	0.56642592
1.839005	0.56635594
1.8396575	0.56663615
1.8403107	0.56635594
1.8409641	0.56607574
1.8416178	0.56642592
1.8422722	0.56635594
1.8429272	0.56614578
1.8435825	0.56593567
1.8442384	0.56565547
1.8448946	0.56551534
1.8455515	0.56558537
1.8462087	0.56565547
1.8468666	0.56565547
1.8475248	0.5654453
1.8481835	0.56537527
1.8488425	0.56495488
1.8495022	0.5645346
1.8501621	0.5645346
1.8508228	0.56481487
1.8514837	0.56481487
1.852145	0.5646047
1.8528068	0.5645346
1.8534694	0.5645346
1.8541322	0.56425446
1.8547956	0.56383413
1.8554593	0.56376404
1.8561238	0.56390417
1.8567885	0.56404424
1.8574541	0.56362402
1.8581197	0.56348389
1.858786	0.56334382
1.8594526	0.56334382
1.8601199	0.56334382
1.8607875	0.56320369
1.8614557	0.56341386
1.8621242	0.56362402
1.8627936	0.56376404
1.8634632	0.5639742
1.8641332	0.5639742
1.8648038	0.56425446
1.8654748	0.5646047
1.8661463	0.56467474
1.8668184	0.56488484
1.8674908	0.56558537
1.8681637	0.56621581
1.868837	0.56670618
1.869511	0.56733668
1.8701854	0.56782705
1.8708603	0.56852746
1.8715357	0.56866759
1.8722117	0.56866759
1.872888	0.56908786
1.8735651	0.56936806
1.8742423	0.56929803
1.8749202	0.56964827
1.8755985	0.5697884
1.8762774	0.5700686
1.8769567	0.57055897
1.8776366	0.57055897
1.8783168	0.5706991
1.8789977	0.5709092
1.8796788	0.57111937
1.8803607	0.57139957
1.881043	0.57125938
1.8817258	0.57104927
1.882409	0.57104927
1.8830929	0.57125938
1.883777	0.57153964
1.8844618	0.57146955
1.8851469	0.57125938
1.8858327	0.57132953
1.8865188	0.57139957
1.8872057	0.57132953
1.8878928	0.57125938
1.8885808	0.57111937
1.8892689	0.57118934
1.8899578	0.57146955
1.8906469	0.57153964
1.8913368	0.57125938
1.892027	0.57132953
1.8927178	0.57125938
1.893409	0.57104927
1.8941009	0.57097924
1.8947932	0.5709092
1.8954861	0.5706991
1.8961793	0.57048893
1.8968732	0.570629
1.8975675	0.5706991
1.8982624	0.57048893
1.8989576	0.57027876
1.8996536	0.57020873
1.9003499	0.57020873
1.9010466	0.57013869
1.9017439	0.57020873
1.9024419	0.5703488
1.9031402	0.57020873
1.9038392	0.56992853
1.9045385	0.5697884
1.9052386	0.56992853
1.905939	0.5699985
1.9066402	0.5699985
1.9073416	0.56985849
1.9080436	0.56950819
1.9087461	0.56950819
1.9094492	0.56950819
1.9101527	0.56964827
1.9108568	0.56950819
1.9115614	0.56943816
1.9122664	0.56943816
1.912972	0.56936806
1.9136782	0.56964827
1.9143847	0.56964827
1.915092	0.56957823
1.9157996	0.56950819
1.916508	0.56943816
1.9172167	0.56929803
1.9179261	0.56936806
1.9186358	0.56950819
1.9193462	0.56964827
1.9200571	0.56964827
1.9207685	0.56950819
1.9214803	0.56950819
1.9221928	0.56943816
1.9229058	0.56943816
1.9236195	0.56936806
1.9243335	0.56929803
1.9250481	0.56922799
1.9257631	0.5691579
1.9264789	0.56908786
1.927195	0.56929803
1.9279118	0.56929803
1.9286289	0.5691579
1.9293463	0.56901789
1.9300646	0.56929803
1.9307835	0.56929803
1.9315028	0.56929803
1.9322227	0.5691579
1.9329431	0.5688777
1.9336642	0.56901789
1.9343857	0.56894779
1.9351079	0.56880766
1.9358305	0.5688777
1.9365537	0.56866759
1.9372772	0.56845742
1.9380015	0.56859756
1.9387262	0.56859756
1.9394516	0.56880766
1.9401773	0.5688777
1.940904	0.56873763
1.9416308	0.56866759
1.9423584	0.56880766
1.9430864	0.5688777
1.943815	0.56852746
1.9445441	0.56845742
1.9452738	0.56866759
1.9460039	0.56880766
1.9467345	0.56873763
1.9474658	0.56880766
1.9481977	0.56880766
1.94893	0.56866759
1.949663	0.56852746
1.9503965	0.56859756
1.9511306	0.56866759
1.9518652	0.56859756
1.9526006	0.56859756
1.9533362	0.56873763
1.9540726	0.5688777
1.9548093	0.56859756
1.9555469	0.56838739
1.9562846	0.56859756
1.9570233	0.56866759
1.9577622	0.56852746
1.9585019	0.56838739
1.959242	0.56824732
1.9599829	0.56824732
1.960724	0.56789702
1.961466	0.56768686
1.9622083	0.56761682
1.9629514	0.56754678
1.9636948	0.56761682
1.9644389	0.56747675
1.9651834	0.56740671
1.9659288	0.56733668
1.9666744	0.56712651
1.9674209	0.56712651
1.9681678	0.56698638
1.9689153	0.56677622
1.9696634	0.56670618
1.9704123	0.56670618
1.9711614	0.56635594
1.9719112	0.56593567
1.9726615	0.56579554
1.9734125	0.56558537
1.9741639	0.56565547
1.9749161	0.56579554
1.9756685	0.56565547
1.976422	0.56572551
1.9771756	0.56551534
1.9779301	0.5651651
1.9786849	0.5651651
1.9794405	0.56530517
1.9801965	0.56523514
1.9809532	0.5651651
1.9817104	0.56530517
1.9824681	0.56558537
1.9832264	0.56558537
1.9839855	0.56565547
1.984745	0.56579554
1.9855052	0.56621581
1.9862659	0.56621581
1.9870273	0.56642592
1.987789	0.56684625
1.9885516	0.56726658
1.9893147	0.56733668
1.9900783	0.56768686
1.9908425	0.56810719
1.9916074	0.56845742
1.9923728	0.56901789
1.9931389	0.56929803
1.9939053	0.56964827
1.9946727	0.5700686
1.9954402	0.5706991
1.9962088	0.57111937
1.9969776	0.57118934
1.9977473	0.57153964
1.9985173	0.57160968
1.9992882	0.57181984
2.0000594	0.57231021
2.0008314	0.57245028
2.0016038	0.57252038
2.002377	0.57287067
2.0031507	0.57315075
2.0039251	0.57329088
2.0046999	0.57371122
2.0054755	0.57371122
2.0062516	0.57364112
2.0070286	0.57385129
2.0078058	0.57420152
2.0085838	0.57441169
2.0093622	0.57448179
2.0101414	0.57469195
2.010921	0.57490212
2.0117013	0.57504213
2.0124824	0.5754624
2.0132637	0.57560253
2.0140457	0.57574266
2.0148287	0.5760929
2.0156119	0.5760929
2.016396	0.5760228
2.0171804	0.5760929
2.0179658	0.57630301
2.0187516	0.5760929
2.0195379	0.57616299
2.0203249	0.5760228
2.0211127	0.57595277
2.0219009	0.57623297
2.0226898	0.57651323
2.0234792	0.5766533
2.0242696	0.57686347
2.0250602	0.5769335
2.0258517	0.57686347
2.0266438	0.57686347
2.0274363	0.57686347
2.0282295	0.5770036
2.0290234	0.57714361
2.0298178	0.57749391
2.0306129	0.57749391
2.0314085	0.57735384
2.0322044	0.5772838
2.0330014	0.57721376
2.0337989	0.57742387
2.0345972	0.57756394
2.0353961	0.5776341
2.0361953	0.57784414
2.0369956	0.57770407
2.0377963	0.57770407
2.0385981	0.57791418
2.0393999	0.57784414
2.0402026	0.57770407
2.0410056	0.57770407
2.0418096	0.57756394
2.042614	0.57784414
2.0434194	0.57805431
2.044225	0.57805431
2.0450315	0.57798427
2.0458386	0.57791418
2.0466464	0.57798427
2.0474546	0.57777411
2.0482635	0.57770407
2.049073	0.57798427
2.0498834	0.57805431
2.0506942	0.57791418
2.0515053	0.57784414
2.0523174	0.57798427
2.0531304	0.57798427
2.0539436	0.57791418
2.0547578	0.57784414
2.0555725	0.57829934
2.0563879	0.57836437
2.057204	0.57790923
2.0580208	0.57751912
2.0588381	0.57758415
2.0596561	0.57732409
2.0604746	0.57745409
2.0612941	0.57777917
2.062114	0.57790923
2.0629346	0.57758415
2.0637558	0.57686901
2.0645773	0.57654399
2.0653996	0.57686901
2.0662231	0.57706398
2.0670469	0.57719409
2.0678713	0.57719409
2.0686965	0.57693398
2.0695224	0.57680398
2.0703487	0.57680398
2.0711763	0.5777142
2.0720038	0.57764918
2.0728326	0.57738912
2.0736616	0.57699901
2.0744915	0.57706398
2.0753219	0.57680398
2.076153	0.57595879
2.0769846	0.57569879
2.0778172	0.5756337
2.0786502	0.57537365
2.0794842	0.5756337
2.0803187	0.57634884
2.0811539	0.57615387
2.0819895	0.57576376
2.0828261	0.5756337
2.0836632	0.57615387
2.084501	0.57615387
2.0853395	0.57517862
2.0861788	0.57465851
2.0870185	0.57459354
2.0878592	0.57465851
2.0887003	0.57472354
2.0895422	0.57439846
2.0903847	0.57478851
2.0912282	0.57504863
2.092072	0.5748536
2.0929167	0.57517862
2.0937619	0.57524365
2.0946081	0.57452846
2.0954545	0.57381332
2.096302	0.57355326
2.0971498	0.57342327
2.0979986	0.57374835
2.0988479	0.57394338
2.0996981	0.57335824
2.1005487	0.57322824
2.1014004	0.57342327
2.1022525	0.57290316
2.1031053	0.57251304
2.1039588	0.57290316
2.1048129	0.5726431
2.1056678	0.57225299
2.1065235	0.57205802
2.1073797	0.57173288
2.1082368	0.57134283
2.1090944	0.57082266
2.1099529	0.57069266
2.1108119	0.57036763
2.1116717	0.56965244
2.1125321	0.56952244
2.1133935	0.56919736
2.1142552	0.56919736
2.115118	0.5690673
2.1159811	0.56841719
2.1168454	0.56783205
2.1177099	0.56718189
2.1185756	0.56718189
2.1194417	0.56724691
2.1203086	0.56744194
2.121176	0.56711692
2.1220446	0.56666178
2.1229134	0.56653178
2.1237831	0.56646675
2.1246536	0.56575161
2.1255245	0.56471145
2.1263962	0.56406128
2.1272688	0.56438631
2.1281419	0.56438631
2.1290162	0.56347615
2.1298907	0.56295604
2.1307662	0.56263095
2.1316423	0.56250095
2.1325192	0.56185079
2.1333966	0.5616557
2.1342752	0.56191581
2.135154	0.56120068
2.1360338	0.56061548
2.1369143	0.56081057
2.1377954	0.56113559
2.1386774	0.56029046
2.1395605	0.55970532
2.1404438	0.55983531
2.1413281	0.5594452
2.1422129	0.55964035
2.1430986	0.55983531
2.1439848	0.55983531
2.144872	0.55957532
2.1457596	0.55964035
2.1466477	0.55996537
2.1475368	0.56022543
2.148427	0.56081057
2.1493175	0.56061548
2.1502092	0.56074554
2.1511011	0.56074554
2.1519942	0.5601604
2.1528878	0.56061548
2.1537826	0.56061548
2.1546776	0.56068057
2.1555736	0.56113559
2.1564703	0.56126565
2.1573677	0.56100553
2.1582658	0.56126565
2.1591649	0.56178582
2.1600645	0.56191581
2.1609645	0.56211078
2.1618655	0.56230587
2.1627674	0.56185079
2.1636701	0.5616557
2.1645734	0.5616557
2.1654775	0.5616557
2.1663826	0.56178582
2.1672883	0.56198078
2.168195	0.56185079
2.169102	0.56178582
2.1700101	0.5615257
2.1709187	0.56146067
2.1718283	0.5616557
2.1727386	0.5616557
2.1736495	0.5613957
2.1745613	0.5613957
2.1754742	0.5615257
2.1763873	0.5616557
2.1773014	0.56178582
2.1782162	0.56185079
2.179132	0.56159073
2.1800482	0.56087554
2.1809654	0.56055045
2.1818831	0.55990034
2.1828015	0.55990034
2.1837208	0.56022543
2.1846411	0.55990034
2.1855621	0.55970532
2.1864841	0.5593152
2.1874065	0.55899018
2.1883299	0.55840504
2.189254	0.55827498
2.1901793	0.55840504
2.1911051	0.55827498
2.1920316	0.55781996
2.1929588	0.55697471
2.193887	0.55651963
2.1948156	0.55606449
2.1957452	0.55547935
2.1966755	0.55508929
2.197607	0.55489427
2.1985388	0.55482924
2.1994717	0.55430913
2.2004051	0.5541141
2.2013395	0.55359399
2.2022746	0.55268383
2.2032106	0.55235875
2.2041473	0.55209863
2.2050848	0.55118847
2.206023	0.55073333
2.2069621	0.55060333
2.207902	0.55001825
2.2088428	0.54910803
2.2097843	0.54865295
2.2107267	0.54787278
2.2116697	0.54735261
2.2126141	0.54650748
2.2135587	0.54611742
2.2145045	0.54559726
2.2154505	0.54507715
2.216398	0.54488212
2.2173457	0.54507715
2.2182946	0.5439719
2.2192442	0.54319179
2.2201948	0.54260665
2.2211459	0.54228151
2.2220981	0.54241157
2.2230508	0.54202151
2.2240045	0.54085129
2.2249589	0.54000604
2.2259145	0.53922594
2.2268705	0.53883582
2.2278273	0.53825068
2.228785	0.53747052
2.2297437	0.53662533
2.2307031	0.5364303
2.2316635	0.53591019
2.2326245	0.53473997
2.2335865	0.53376472
2.234549	0.53337467
2.2355127	0.5327245
2.2364771	0.53161925
2.2374425	0.52979887
2.2384083	0.52895373
2.2393754	0.52830356
2.2403431	0.52713335
2.2413118	0.52550799
2.2422812	0.52427268
2.243252	0.5231024
2.2442229	0.52128202
2.2451949	0.51952666
2.2461677	0.51829141
2.2471414	0.516406
2.2481158	0.5150407
2.2490911	0.5140655
2.2500672	0.51250517
2.251044	0.51016468
2.2520218	0.50860435
2.2530005	0.50704396
2.2539799	0.50502861
2.2549605	0.50307816
2.2559416	0.50119269
2.2569239	0.49930733
2.2579067	0.49716187
2.2588909	0.49540651
2.2598755	0.49397618
2.2608612	0.49215579
2.2618475	0.49027041
2.2628348	0.48838493
2.263823	0.48708469
2.264812	0.48552436
2.2658017	0.48383397
2.2667923	0.48266375
2.2677839	0.48129845
2.2687764	0.48045325
2.2697697	0.47947806
2.2707639	0.47830784
2.271759	0.47746265
2.2727549	0.47700748
2.2737517	0.47655246
2.2747495	0.47544721
2.275748	0.47427696
2.2767475	0.47401688
2.2777479	0.47421193
2.278749	0.47408187
2.2797511	0.47349676
2.2807541	0.47291163
2.2817578	0.47219649
2.282763	0.47154638
2.2837684	0.47076616
2.284775	0.46959591
2.2857823	0.46894577
2.2867908	0.46790558
2.2877998	0.46654028
2.28881	0.46537006
2.2898209	0.46413475
2.2908323	0.46250942
2.2918451	0.46133918
2.2928588	0.45990884
2.2938731	0.45873863
2.2948887	0.45763338
2.2959049	0.45672318
2.2969222	0.45581299
2.2979403	0.4540576
2.2989597	0.45256227
2.2999794	0.45119697
2.3010006	0.45002675
2.3020222	0.44866142
2.303045	0.44755623
2.3040683	0.44677603
2.3050931	0.44580078
2.3061182	0.44430551
2.3071454	0.44313526
2.3081722	0.44235507
2.3092005	0.44118482
2.3102295	0.4400146
2.3112597	0.43910441
2.3122904	0.4378041
2.3133223	0.43643883
2.3143549	0.43591869
2.3153882	0.43513852
2.3164227	0.43422833
2.3174584	0.43318811
2.3184946	0.43260297
2.3195322	0.43182281
2.3205702	0.43123773
2.3216095	0.43078259
2.3226497	0.43071759
2.3236911	0.43097761
2.324733	0.43143272
2.3257761	0.43240795
2.3268199	0.43370819
2.3278646	0.43520352
2.3289104	0.43734902
2.3299572	0.4400796
2.3310046	0.44313526
2.3320534	0.44625592
2.3331029	0.45002675
2.3341534	0.45386255
2.3352048	0.45763338
2.3362572	0.46179429
2.3373103	0.46556506
2.3383648	0.46914086
2.3394198	0.47362676
2.340476	0.47791773
2.3415329	0.48207858
2.342591	0.48643455
2.3436501	0.49066046
2.3447101	0.49469131
2.3457711	0.49891725
2.346833	0.50320816
2.3478959	0.50743407
2.3489597	0.51165998
2.3500245	0.51536578
2.3510904	0.5187465
2.3521569	0.52167213
2.3532248	0.52407765
2.3542933	0.52622312
2.3553631	0.52817351
2.3564336	0.52966887
2.3575051	0.53044897
2.3585775	0.53148925
2.3596511	0.53220439
2.3607256	0.53298455
2.3618011	0.53363472
2.3628776	0.5340898
2.363955	0.53434986
2.3650334	0.53467494
2.3661137	0.53467494
2.3671939	0.53486997
2.3682754	0.53460991
2.3693576	0.5340898
2.3704412	0.53369969
2.3715253	0.53369969
2.3726108	0.53343964
2.373697	0.53285456
2.3747847	0.53239942
2.3758729	0.53142422
2.3769624	0.53031898
2.3780525	0.52921373
2.379144	0.52797848
2.3802361	0.52726334
2.3813298	0.52654821
2.3824239	0.52570301
2.3835192	0.52505285
2.3846154	0.52472782
2.3857129	0.52401263
2.3868113	0.52368754
2.3879108	0.52368754
2.3890109	0.52349252
2.3901126	0.52290744
2.3912148	0.52206224
2.3923185	0.52128202
2.3934228	0.52063191
2.3945284	0.51972175
2.3956349	0.51939666
2.3967426	0.51842141
2.397851	0.51738119
2.3989608	0.516276
2.4000711	0.5150407
2.4011834	0.51374042
2.4022958	0.51315528
2.4034097	0.51231009
2.4045243	0.51152998
2.4056404	0.51094484
2.4067569	0.51016468
2.4078751	0.50944948
2.4089937	0.50899446
2.4101133	0.50808418
2.4112341	0.50743407
2.4123564	0.50652385
2.4134791	0.5054186
2.4146035	0.50411832
2.4157286	0.50288308
2.4168549	0.5015828
2.4179819	0.49963239
2.4191108	0.497812
2.4202399	0.49638167
2.4213705	0.49404117
2.4225018	0.49170071
2.4236345	0.48929518
2.424768	0.48688966
2.4259028	0.48441914
2.4270384	0.48181859
2.4281759	0.47921798
2.4293137	0.47720259
2.4304526	0.47538221
2.4315925	0.47297662
2.4327338	0.47057116
2.4338756	0.46849066
2.435019	0.46628019
2.4361632	0.46374467
2.4373078	0.46133918
2.4384544	0.45893365
2.4396017	0.45607305
2.4407504	0.45308235
2.4419	0.45041683
2.4430506	0.44742617
2.4442027	0.4439154
2.4453554	0.44085976
2.4465098	0.43767405
2.447665	0.43455344
2.4488211	0.43136773
2.4499784	0.42857209
2.4511368	0.42597157
2.4522963	0.42356604
2.4534569	0.42103052
2.4546185	0.41921014
2.4557815	0.41758475
2.4569452	0.41582939
2.4581103	0.41439909
2.4592764	0.41283876
2.4604435	0.41114837
2.4616117	0.4104332
2.4627812	0.40991315
2.4639518	0.4090029
2.4651229	0.40822276
2.4662957	0.4073776
2.4674697	0.40659738
2.4686446	0.40594727
2.4698207	0.40555716
2.4709978	0.40542716
2.4721763	0.40510207
2.4733558	0.40451697
2.4745364	0.4038018
2.4757183	0.40308666
2.4769011	0.40211144
2.478085	0.40081117
2.4792702	0.39905578
2.4804564	0.39736542
2.4816439	0.39508989
2.4828324	0.39281443
2.4840217	0.39040893
2.4852126	0.38800341
2.4864044	0.38494775
2.4875975	0.38182709
2.4887917	0.37844634
2.4899871	0.37552074
2.4911838	0.37253007
2.4923813	0.37012458
2.4935806	0.36778402
2.4947805	0.36531353
2.4959817	0.362973
2.497184	0.36128265
2.4983873	0.35946226
2.4995921	0.35731682
2.5007977	0.35510632
2.5020049	0.35289586
2.5032129	0.35088041
2.5044224	0.34893
2.5056329	0.34691459
2.5068443	0.34470409
2.5080571	0.34275368
2.5092711	0.34132335
2.5104864	0.33976305
2.5117025	0.33833274
2.5129199	0.33716246
2.5141385	0.33612224
2.5153584	0.33592722
2.5165794	0.33625227
2.5178018	0.33703244
2.5190251	0.33826768
2.5202496	0.34015313
2.5214756	0.34255865
2.5227027	0.34535423
2.5239308	0.34821483
2.5251603	0.35133553
2.5263908	0.3549763
2.5276225	0.35900718
2.5288556	0.3638182
2.5300899	0.3689543
2.5313251	0.37467554
2.532562	0.38052678
2.5337996	0.38637805
2.5350387	0.39300948
2.536279	0.40029106
2.5375204	0.40672743
2.538763	0.41381392
2.5400069	0.4216156
2.5412521	0.4297424
2.5424979	0.4385843
2.5437455	0.44580078
2.5449944	0.45165208
2.5462441	0.45782843
2.5474954	0.46413475
2.548748	0.46907583
2.5500016	0.47388688
2.5512564	0.47882792
2.5525131	0.48266375
2.5537705	0.48435408
2.5550292	0.48558936
2.556289	0.48766986
2.5575502	0.48936018
2.5588126	0.49144065
2.5600762	0.49540651
2.561341	0.49924228
2.5626073	0.5003475
2.5638747	0.50099772
2.5651433	0.50002247
2.5664132	0.49898225
2.5676842	0.50112772
2.5689566	0.5052886
2.5702302	0.50613379
2.5715053	0.50561368
2.5727808	0.51022971
2.5740583	0.51042473
2.5753372	0.50931948
2.576617	0.51146489
2.5778983	0.51009971
2.579181	0.50925446
2.5804646	0.51185501
2.5817497	0.51263523
2.5830364	0.51621091
2.5843241	0.51718616
2.585613	0.51393545
2.5869033	0.51530081
2.5881948	0.5149107
2.5894876	0.51335037
2.5907817	0.51179004
2.592077	0.51315528
2.5933733	0.52225727
2.5946712	0.53155422
2.5959706	0.52362257
2.5972712	0.51452059
2.598573	0.51172495
2.5998762	0.51250517
2.6011808	0.51439053
2.6024866	0.51562583
2.6037939	0.51816142
2.6051023	0.52193218
2.6064122	0.51946163
2.6077232	0.51582086
2.6090355	0.5150407
2.6103492	0.51400048
2.6116643	0.5127002
2.6129806	0.5127002
2.6142986	0.51205009
2.6156178	0.51621091
2.6169381	0.51894152
2.6182597	0.51497567
2.6195827	0.5171212
2.6209071	0.516276
2.6222329	0.51009971
2.62356	0.50860435
2.6248877	0.51042473
2.6262174	0.51478064
2.6275485	0.51231009
2.628881	0.5128302
2.6302147	0.51764125
2.6315498	0.51289529
2.6328864	0.50977457
2.6342242	0.50951451
2.6355639	0.50710899
2.6369042	0.50632882
2.6382463	0.50580871
2.6395895	0.50561368
2.6409342	0.50567871
2.6422803	0.50580871
2.6436276	0.50522357
2.6449764	0.50652385
2.6463268	0.50548363
2.6476784	0.50340319
2.6490314	0.50249302
2.6503856	0.50307816
2.6517413	0.50535363
2.6530983	0.50489849
2.6544569	0.50294811
2.6558168	0.50177789
2.6571774	0.49865714
2.65854	0.49963239
2.6599042	0.49976239
2.6612697	0.497877
2.6626365	0.49625167
2.6640048	0.50060761
2.6653745	0.50450844
2.6667454	0.50203788
2.6681182	0.4956665
2.6694922	0.49917728
2.6708674	0.49852714
2.6722443	0.48675966
2.6736224	0.48272875
2.6750021	0.48370397
2.676383	0.48487422
2.6777654	0.48129845
2.6791496	0.4771376
2.6805348	0.46998602
2.6819217	0.46569508
2.6833098	0.46367967
2.6846995	0.45997384
2.6860905	0.45730832
2.6874828	0.45457771
2.6888769	0.45223722
2.6902716	0.45087188
2.6916685	0.45197713
2.6930668	0.45620307
2.6944666	0.45678818
2.6958678	0.45386255
2.6972704	0.45106697
2.6986744	0.44983169
2.7000799	0.45106697
2.7014871	0.45119697
2.7028956	0.44872645
2.7043056	0.44690603
2.7057171	0.4451507
2.70713	0.4437854
2.7085443	0.44476065
2.7099602	0.44541073
2.7113776	0.44098979
2.7127967	0.43221292
2.7142169	0.42740187
2.7156389	0.42402112
2.7170622	0.42168066
2.718487	0.42103052
2.7199132	0.4238261
2.7213409	0.41888502
2.7227702	0.41322884
2.7242005	0.41329384
2.7256327	0.40783265
2.7270665	0.40126625
2.7285018	0.39743045
2.7299387	0.39437476
2.7313771	0.39092904
2.7328169	0.38819844
2.7342582	0.38722324
2.7357013	0.38228214
2.7371457	0.37675598
2.7385917	0.37643093
2.7400391	0.37435046
2.741488	0.36719891
2.7429385	0.35887715
2.7443907	0.35302588
2.7458441	0.3488
2.747299	0.34450904
2.7487557	0.34021813
2.7502139	0.33625227
2.7516737	0.33248147
2.753135	0.32942578
2.7545979	0.32988092
2.7560623	0.32558998
2.7575283	0.31720319
2.7589962	0.31213209
2.7604654	0.30907643
2.7619359	0.30777615
2.7634082	0.30498055
2.7648821	0.30068964
2.7663574	0.29841414
2.7678344	0.29730889
2.7693131	0.29717886
2.7707932	0.2985442
2.772275	0.29958439
2.7737584	0.30140477
2.7752433	0.30491555
2.7767296	0.30927145
2.7782178	0.31291226
2.7797074	0.31655306
2.7811987	0.32038888
2.782691	0.32324949
2.7841854	0.32585004
2.7856815	0.33007598
2.7871792	0.33371672
2.7886784	0.33462694
2.7901793	0.33553714
2.7916818	0.33735749
2.7931859	0.33969799
2.794692	0.34190848
2.7961996	0.3438589
2.7977085	0.34561428
2.7992191	0.3475647
2.8007314	0.35055536
2.8022454	0.35432616
2.803761	0.35582146
2.8052781	0.35536641
2.806797	0.35575646
2.8083177	0.35699174
2.8098397	0.3578369
2.8113635	0.35835701
2.8128889	0.35920221
2.8144159	0.36024243
2.8159447	0.36050251
2.8174751	0.36082757
2.8190067	0.3615427
2.8205404	0.3615427
2.8220758	0.36095756
2.8236129	0.36024243
2.8251517	0.35985234
2.8266921	0.35998237
2.8282342	0.35972232
2.829778	0.35900718
2.8313241	0.3586821
2.8328712	0.35855207
2.83442	0.35822701
2.8359706	0.35764188
2.8375227	0.35705677
2.8390768	0.3562766
2.8406324	0.35556144
2.8421898	0.3549113
2.843749	0.3541311
2.84531	0.35348096
2.8468723	0.35296088
2.8484366	0.35257077
2.8500025	0.35185564
2.8515701	0.3512055
2.8531396	0.35094544
2.8547106	0.35042533
2.8562829	0.34938511
2.8578575	0.34873495
2.8594339	0.34827986
2.861012	0.34775975
2.8625917	0.34710965
2.8641732	0.34658951
2.8657565	0.3460044
2.8673415	0.3452242
2.8689287	0.34444404
2.870517	0.34411895
2.8721075	0.34359884
2.8736994	0.34268868
2.8752933	0.34197351
2.876889	0.34132335
2.8784864	0.34060821
2.8800855	0.3400231
2.8816857	0.33937293
2.8832886	0.33885285
2.8848929	0.33833274
2.8864994	0.33768257
2.8881073	0.33696744
2.8897173	0.33625227
2.8913291	0.33566713
2.8929424	0.33501703
2.8945582	0.33443189
2.8961751	0.33384675
2.897794	0.33332664
2.8994148	0.33319664
2.9010372	0.33293656
2.9026616	0.33222139
2.9042876	0.33163628
2.9059157	0.33105117
2.9075458	0.33020598
2.9091775	0.32975087
2.9108109	0.32929578
2.9124463	0.32884067
2.9140832	0.32825556
2.9157224	0.3274754
2.9173632	0.32728037
2.9190059	0.32715032
2.9206498	0.32676023
2.922296	0.32650018
2.9239442	0.32617509
2.9255943	0.32558998
2.9272463	0.32532993
2.9289	0.32493988
2.9305558	0.32441974
2.9322133	0.32396463
2.9338732	0.32376957
2.9355345	0.32363957
2.9371977	0.32350954
2.9388628	0.32337952
2.9405298	0.32298943
2.9421985	0.32279438
2.9438694	0.32279438
2.9455421	0.32266435
2.9472167	0.32272938
2.9488933	0.32259932
2.9505715	0.32266435
2.9522519	0.32298943
2.953934	0.32305443
2.9556181	0.32266435
2.9573042	0.32240433
2.9589922	0.32194918
2.9606814	0.32162413
2.9623733	0.3214291
2.964067	0.32116902
2.9657626	0.32071397
2.9674604	0.32025883
2.9691598	0.31999877
2.9708614	0.31947866
2.9725649	0.31889355
2.9742706	0.31824341
2.9759779	0.31765828
2.9776874	0.31707317
2.9793985	0.31648803
2.9811118	0.31616297
2.9828272	0.31583789
2.9845443	0.31557786
2.9862635	0.31551281
2.9879854	0.31551281
2.9897087	0.31531778
2.9914336	0.31551281
2.993161	0.31564286
2.99489	0.31577286
2.9966211	0.31577286
2.9983544	0.31570786
3.0000894	0.31583789
3.001826	0.31590289
3.0035653	0.31583789
3.0053065	0.31557786
3.0070496	0.31499273
3.0087948	0.3140175
3.0105422	0.31297728
3.0122914	0.31200206
3.0140429	0.31089681
3.0157964	0.30953154
3.0175517	0.30829626
3.0193093	0.30686596
3.0210688	0.30563068
3.0228302	0.30426541
3.0245938	0.30251002
3.0263596	0.30088469
3.0281272	0.29932433
3.0298975	0.29737392
3.0316694	0.29561853
3.0334435	0.29418823
3.0352194	0.2926279
3.0369976	0.29113257
3.0387776	0.28983229
3.04056	0.28905213
3.0423443	0.28866205
3.0441301	0.28853199
3.0459187	0.2888571
3.0477092	0.2888571
3.0495021	0.28846699
3.0512969	0.28807694
3.0530939	0.28768682
3.054893	0.28697169
3.0566943	0.28599647
3.0584979	0.28482622
3.0603034	0.28352594
3.0621109	0.28216064
3.0639207	0.28060034
3.0657327	0.2786499
3.0675466	0.27656943
3.0693629	0.27435899
3.0711813	0.27208352
3.0730011	0.26993802
3.0748239	0.26805261
3.0766487	0.26668733
3.0784757	0.26577711
3.0803049	0.26525703
3.0821362	0.26499698
3.0839698	0.265127
3.0858054	0.26558208
3.0876439	0.26642728
3.0894837	0.26779255
3.0913262	0.26941791
3.0931706	0.27130333
3.0950172	0.27325374
3.0968661	0.27500913
3.0987172	0.27637443
3.1005704	0.27721962
3.1024263	0.27767467
3.104284	0.27793473
3.106144	0.27825981
3.1080062	0.27819481
3.1098707	0.27819481
3.1117373	0.27838984
3.1136062	0.27884492
3.1154773	0.27930003
3.1173501	0.27943006
3.1192257	0.27949509
3.1211035	0.27962512
3.1229837	0.27962512
3.1248662	0.27936503
3.1267509	0.27884492
3.128638	0.27871493
3.1305273	0.27871493
3.1324193	0.27890998
3.1343131	0.27923504
3.1362092	0.27962512
3.1381078	0.28027523
3.1400084	0.28112042
3.1419115	0.28268075
3.1438167	0.28469619
3.1457245	0.28762183
3.1476347	0.2911976
3.1495469	0.29503343
3.1514616	0.29886925
3.1533785	0.30185989
3.1552978	0.30400535
3.1572194	0.30543566
3.1591434	0.30654088
3.1610696	0.30699599
3.162998	0.30712602
3.1649289	0.30719101
3.1668622	0.30719101
3.168798	0.30699599
3.1707361	0.30654088
3.1726766	0.30582574
3.1746194	0.30543566
3.1765647	0.30485052
3.1785126	0.30400535
3.1804626	0.30316016
3.182415	0.30251002
3.1843698	0.30179489
3.186327	0.30062461
3.1882865	0.29964942
3.1902485	0.29886925
3.1922131	0.29808906
3.19418	0.29704884
3.1961493	0.29607365
3.1981211	0.2949684
3.2000952	0.2940582
3.2020719	0.29314801
3.2040508	0.29184774
3.2060323	0.29061249
3.2080164	0.28937718
3.2100022	0.28788188
3.2119911	0.28625652
3.2139823	0.28437114
3.215976	0.28248572
3.2179723	0.28040528
3.2199712	0.27845484
3.2219722	0.27656943
3.2239761	0.27461901
3.2259824	0.27247357
3.2279911	0.27013308
3.2300024	0.26759753
3.2320161	0.265127
3.2340324	0.26272151
3.2360511	0.2601209
3.2380724	0.25713027
3.2400961	0.25426966
3.2421229	0.25134403
3.2441516	0.24822335
3.2461832	0.24490763
3.2482171	0.24152692
3.2502534	0.23808117
3.2522926	0.23437539
3.2543342	0.23060457
3.2563784	0.22676873
3.2584248	0.22280289
3.2604742	0.21883702
3.262526	0.21461111
3.2645805	0.21006013
3.2666376	0.20524912
3.2686973	0.20030805
3.2707596	0.19517195
3.2728245	0.18977579
3.2748921	0.18398954
3.2769623	0.17755316
3.2790351	0.17053166
3.2811103	0.16279499
3.2831883	0.15408312
3.2852688	0.144136
3.2873521	0.1325635
3.289438	0.11917062
3.2915258	0.10395735
3.293617	0.08763884
3.2957108	0.07249058
3.2978072	0.060983106
3.2999065	0.053701542
3.3020084	0.049475636
3.3041129	0.047330175
3.3062201	0.046224933
3.3083303	0.045639809
3.3104429	0.045834851
3.3125582	0.046680033
3.314676	0.047720261
3.3167968	0.048825495
3.3189204	0.049800705
3.3210464	0.050710902
3.3231752	0.051296026
3.3253074	0.051751126
3.3274417	0.052141208
3.3295789	0.052271236
3.3317187	0.052141208
3.3338614	0.051881157
3.3360066	0.051556081
3.3381548	0.051361039
3.3403056	0.051426057
3.3424585	0.051621094
3.344615	0.052076194
3.3467741	0.052791346
3.3489361	0.053506501
3.3511009	0.054286666
3.3532684	0.055261876
3.3554389	0.056237094
3.3576121	0.057407338
3.3597887	0.058967672
3.3619676	0.060788069
3.3641491	0.062608458
3.3663337	0.064233802
3.368521	0.065989181
3.3707113	0.067679547
3.3729043	0.068654753
3.3751001	0.068914816
3.3772995	0.067939602
3.3795011	0.065924175
3.3817058	0.0637137
3.383913	0.061958313
3.3861232	0.06052801
3.3883364	0.059812859
3.3905525	0.059097704
3.3927715	0.058447566
3.3949924	0.057927445
3.3972173	0.057342328
3.3994448	0.056757201
3.4016755	0.056172077
3.403909	0.055586949
3.4061456	0.055131849
3.408385	0.05474177
3.4106274	0.054286666
3.4128728	0.053896584
3.4151211	0.053441487
3.4173725	0.052986391
3.4196265	0.052401267
3.4218838	0.051491071
3.424144	0.050775915
3.4264071	0.049735688
3.4286733	0.048370399
3.4309425	0.046810061
3.4332149	0.045119695
3.4354899	0.043689393
3.4377682	0.042194072
3.4400494	0.040763762
3.4423335	0.039918579
3.4446208	0.039463483
3.4469111	0.039268441
3.449204	0.039073396
3.4515004	0.038943369
3.4537997	0.039203428
3.4561024	0.039528497
3.4584079	0.039723538
3.4607165	0.04004861
3.4630284	0.040503707
3.4653432	0.040958803
3.4676619	0.041348889
3.4699829	0.041934013
3.472307	0.042584155
3.4746342	0.043299306
3.4769647	0.044144489
3.4792981	0.045054682
3.4816349	0.045964878
3.4839747	0.047070116
3.4863167	0.048695467
3.488663	0.050450843
3.4910121	0.052986391
3.4933646	0.056822214
3.4957201	0.061633248
3.4980791	0.067419492
3.5004408	0.074571028
3.5028062	0.08289282
3.5051751	0.09238486
3.5075467	0.10285211
3.5099213	0.11416455
3.5122993	0.12619212
3.5146806	0.13867481
3.517065	0.15109247
3.5194528	0.16312006
3.5218437	0.17462753
3.5242381	0.18515979
3.5266356	0.19471686
3.5290363	0.20336372
3.5314403	0.2107753
3.5338476	0.21643153
3.536258	0.22013731
3.538672	0.22085246
3.5410891	0.21818691
3.5435085	0.21311581
3.5459323	0.20804471
3.5483594	0.20719954
3.5507898	0.21331085
3.5532234	0.22475331
3.5556605	0.23795113
3.5581009	0.25043383
3.5605447	0.26109612
3.5629921	0.26954797
3.5654426	0.27611437
3.5678964	0.28131548
3.5703535	0.28560638
3.5728142	0.28931218
3.5752783	0.29249787
3.5777457	0.2949684
3.5802164	0.29698384
3.5826914	0.29880422
3.5851691	0.30029956
3.5876501	0.3015348
3.5901346	0.30264005
3.5926225	0.30342022
3.595114	0.30394033
3.5976088	0.30465549
3.6001072	0.30530563
3.6026084	0.30582574
3.6051137	0.30634585
3.6076224	0.30680096
3.6101346	0.30719101
3.6126504	0.30738607
3.6151698	0.30771115
3.6176925	0.30803621
3.620219	0.30836126
3.6227491	0.30855632
3.6252825	0.30862135
3.6278193	0.30862135
3.6303599	0.30862135
3.6329038	0.30842629
3.6354516	0.30803621
3.6380026	0.30764613
3.6405575	0.30725604
3.6431165	0.3066709
3.6456785	0.3060208
3.6482441	0.3052406
3.6508133	0.30446044
3.6533861	0.30348524
3.6559625	0.30244499
3.6585426	0.30120975
3.6611264	0.2999745
3.6637127	0.2986092
3.6663036	0.29724389
3.6688983	0.29561853
3.6714969	0.2940582
3.6740987	0.29210779
3.6767046	0.28996232
3.6793139	0.28775185
3.6819272	0.28528133
3.6845443	0.28229067
3.687165	0.27897498
3.6897893	0.27526918
3.6924174	0.2711733
3.695049	0.26688236
3.6976848	0.26272151
3.7003241	0.2586906
3.7029672	0.2549198
3.7056146	0.251214
3.7082653	0.24737819
3.7109196	0.24354234
3.713578	0.2400316
3.7162399	0.23645581
3.7189059	0.23281503
3.7215757	0.22904423
3.7242491	0.22501338
3.7269256	0.22039738
3.7296069	0.21500121
3.7322919	0.20856483
3.7349808	0.20102321
3.7376738	0.19218132
3.7403705	0.18132398
3.7430711	0.16884129
3.7457757	0.15525338
3.7484846	0.14147042
3.7511971	0.1284676
3.7539134	0.11663507
3.7566335	0.10623283
3.7593577	0.097325921
3.7620859	0.089784302
3.764818	0.083217882
3.767554	0.077366628
3.770293	0.072425574
3.7730372	0.068004616
3.7757852	0.06384372
3.778537	0.060137931
3.7812932	0.056757201
3.7840533	0.053636529
3.7868173	0.050840929
3.7895856	0.048305381
3.7923579	0.046224933
3.7951343	0.044469558
3.7979145	0.042909224
3.800699	0.041738972
3.8034875	0.041088831
3.8062801	0.041023817
3.8090768	0.041803986
3.8118775	0.043364324
3.8146832	0.045249727
3.8174922	0.047395185
3.8203053	0.05006076
3.8231227	0.052726332
3.8259442	0.055391908
3.8287699	0.057927445
3.8315997	0.060202938
3.8344338	0.062088344
3.837271	0.06332361
3.8401134	0.063453637
3.8429599	0.062088344
3.8458109	0.059227735
3.848666	0.055066835
3.8515253	0.050840929
3.8543887	0.04713513
3.8572567	0.044209503
3.8601296	0.042259082
3.8630059	0.041153848
3.8658867	0.040438693
3.8687716	0.039723538
3.8716609	0.039138414
3.8745544	0.038683314
3.8774524	0.038228218
3.8803546	0.037903145
3.8832617	0.037773117
3.8861728	0.037708107
3.8890882	0.037578076
3.8920078	0.037318025
3.894932	0.036797911
3.8978605	0.036017742
3.9007933	0.035042536
3.9037306	0.034002308
3.9066718	0.033092111
3.9096179	0.032246932
3.9125686	0.031596791
3.9155238	0.031076681
3.9184833	0.03075161
3.9214473	0.030556567
3.9244158	0.030426541
3.9273889	0.030231498
3.9303668	0.030101469
3.9333489	0.030036457
3.9363356	0.029971441
3.9393268	0.029841416
3.9423223	0.029646372
3.9453225	0.029646372
3.9483273	0.029646372
3.9513369	0.029516347
3.9543512	0.029451331
3.9573698	0.029516347
3.960393	0.0297764
3.9634209	0.030101469
3.9664533	0.030491553
3.9694903	0.030946651
3.972532	0.031791832
3.9755785	0.033287156
3.9786289	0.035107546
3.9816847	0.037187994
3.984745	0.039333455
3.9878104	0.041478917
3.9908803	0.043754406
3.9939549	0.046419978
3.9970343	0.049345605
4.0001183	0.052661322
4.0032082	0.056692183
4.0063019	0.06150322
4.0094004	0.066964403
4.0125036	0.073010691
4.0156116	0.079447076
4.0187244	0.086013488
4.021842	0.092644915
4.0249648	0.099276341
4.028091	0.10597278
4.0312233	0.11286426
4.0343604	0.11982076
4.0375023	0.12690727
4.0406489	0.13392881
4.0438008	0.14075527
4.046958	0.14738667
4.0501194	0.15382306
4.0532866	0.16006441
4.056458	0.1660457
4.0596347	0.17183194
4.0628161	0.17742313
4.0660028	0.18281931
4.0691943	0.18808544
4.0723906	0.19322152
4.0755925	0.19835763
4.0787992	0.20336372
4.0820107	0.20797971
4.0852275	0.21233565
4.0884495	0.21643153
4.0916762	0.2200723
4.0949082	0.22338802
4.0981455	0.22631364
4.1013875	0.22891422
4.1046343	0.23125471
4.1078868	0.23340017
4.1111441	0.23528558
4.1144071	0.23697594
4.1176748	0.23847124
4.1209483	0.24016161
4.1242266	0.24185199
4.1275101	0.24289221
4.1307993	0.2433473
4.1340938	0.24360734
4.137393	0.24386743
4.1406975	0.24419247
4.1440077	0.24419247
4.1473227	0.24419247
4.1506433	0.24562278
4.1539693	0.24913354
4.1573014	0.25361952
4.1606379	0.25791043
4.16398	0.2615512
4.1673269	0.26467186
4.1706796	0.26753253
4.1740379	0.27013308
4.1774011	0.27253857
4.1807699	0.27474907
4.1841431	0.27676448
4.1875229	0.27858487
4.190908	0.28014523
4.1942987	0.28105539
4.1976953	0.28092539
4.2010965	0.27949509
4.204504	0.27734962
4.2079167	0.27513912
4.2113357	0.27318871
4.2147593	0.27266863
4.2181888	0.27325374
4.2216239	0.27442399
4.2250643	0.27552924
4.2285104	0.27624437
4.2319622	0.27617937
4.2354198	0.27533418
4.2388835	0.27403387
4.242352	0.27299368
4.2458267	0.27234352
4.2493072	0.27156338
4.2527928	0.26974297
4.2562842	0.26759753
4.2597818	0.26636225
4.2632847	0.26493195
4.2667923	0.26226637
4.2703071	0.25927573
4.2738276	0.2564151
4.2773538	0.25387955
4.2808857	0.25244924
4.2844238	0.25296935
4.2879677	0.25439969
4.2915173	0.25543991
4.2950735	0.25576499
4.298635	0.25550491
4.3022022	0.2549848
4.3057756	0.25472474
4.3093548	0.25524485
4.3129401	0.25687021
4.3165312	0.25921071
4.3201284	0.26181129
4.3237324	0.26441187
4.3273416	0.26720741
4.3309565	0.27052316
4.3345776	0.27474907
4.3382049	0.28086036
4.3418384	0.28918219
4.3454776	0.29919431
4.3491235	0.30823126
4.3527737	0.31362742
4.3564315	0.31505772
4.3600955	0.31382245
4.3637652	0.31102687
4.3674417	0.3075161
4.3711243	0.3038753
4.3748131	0.3000395
4.3785081	0.29620364
4.3822103	0.29217279
4.3859177	0.28788188
4.3896313	0.28313586
4.3933511	0.27819481
4.3970776	0.27299368
4.4008102	0.26772755
4.4045491	0.26220137
4.4082947	0.2563501
4.412045	0.25069389
4.415803	0.24542776
4.4195676	0.24029166
4.4233384	0.23554562
4.4271159	0.23157978
4.4308996	0.22858912
4.43469	0.22683376
4.4384871	0.22637866
4.4422908	0.22715883
4.4461007	0.22943431
4.4499168	0.23327014
4.4537401	0.23847124
4.4575696	0.24471259
4.4614058	0.25153908
4.4652486	0.25791043
4.4690976	0.26389173
4.4729543	0.26902783
4.4768167	0.27292868
4.4806862	0.27539921
4.4845624	0.2763094
4.4884448	0.27546421
4.4923344	0.27279863
4.4962306	0.26824766
4.5001335	0.26194131
4.5040426	0.25426966
4.5079594	0.24640298
4.5118828	0.23957649
4.5158129	0.23424533
4.5197501	0.23001945
4.523694	0.22663873
4.5276446	0.22364806
4.5316024	0.22091748
4.5355678	0.21825191
4.5395393	0.21552131
4.5435181	0.21240065
4.5475035	0.20875987
4.551496	0.20479402
4.5554957	0.20069815
4.5595021	0.1963422
4.5635157	0.19192125
4.5675368	0.18743528
4.5715647	0.18255924
4.5755997	0.17703305
4.5796418	0.1711818
4.5836911	0.16507049
4.5877471	0.15915421
4.5918107	0.15317293
4.5958815	0.14751671
4.5999584	0.14257565
4.604044	0.13854478
4.6081362	0.13561916
4.612236	0.1339938
4.616343	0.13347369
4.6204576	0.13366874
4.6245794	0.13431887
4.6287084	0.13522908
4.6328454	0.13620427
4.6369891	0.13743953
4.6411405	0.13906489
4.6452994	0.14153542
4.6494656	0.1451762
4.6536388	0.15024729
4.6578202	0.15726881
4.6620088	0.16637076
4.6662059	0.1776832
4.6704097	0.190751
4.6746206	0.20433891
4.6788397	0.21734172
4.6830664	0.22923928
4.6873007	0.23977153
4.6915426	0.2488085
4.6957922	0.25654516
4.7000484	0.26317656
4.7043133	0.26896283
4.7085862	0.27429396
4.7128668	0.27910498
4.717155	0.28352594
4.7214513	0.2874268
4.7257552	0.29080752
4.7300668	0.29379815
4.7343879	0.29626867
4.7387152	0.29834914
4.7430506	0.2999745
4.7473941	0.30140477
4.7517457	0.30257505
4.7561049	0.30348524
4.7604723	0.30433041
4.7648478	0.3051106
4.7692318	0.30569571
4.7736235	0.30621585
4.7780232	0.30660591
4.7824311	0.30719101
4.7868466	0.3075811
4.7912707	0.30790621
4.7957029	0.30823126
4.8001437	0.30868635
4.8045907	0.30914146
4.8090477	0.30946651
4.8135128	0.30959657
4.8179865	0.30985659
4.8224683	0.30998662
4.8269582	0.31005165
4.8314571	0.31011665
4.8359637	0.31024671
4.8404803	0.3103767
4.8450041	0.31044176
4.8495364	0.3103117
4.8540773	0.31024671
4.8586264	0.31011665
4.8631845	0.31005165
4.8677506	0.30972657
4.8723259	0.30940151
4.8769083	0.3090114
4.8815002	0.30855632
4.8861008	0.30810121
4.8907104	0.3075811
4.8953285	0.30706102
4.8999557	0.30660591
4.9045911	0.30589077
4.909236	0.3051756
4.9138899	0.30439544
4.9185519	0.3036803
4.923223	0.30277011
4.9279027	0.30198991
4.9325914	0.30127475
4.9372892	0.30049458
4.9419956	0.29945439
4.9467115	0.2986092
4.951437	0.297829
4.9561706	0.29711387
4.9609137	0.29613864
4.9656653	0.2949684
4.9704261	0.29373315
4.9751964	0.29275793
4.9799757	0.29171774
4.9847641	0.29041743
4.9895606	0.28918219
4.9943671	0.28788188
4.9991837	0.28638658
5.0040088	0.28463119
5.0088439	0.28255072
5.0136881	0.28034028
5.0185413	0.27773967
5.0234041	0.27370882
5.0282774	0.26844272
5.0331593	0.26181129
5.0380507	0.25303438
5.0429511	0.24152692
5.0478616	0.22689877
5.0527816	0.21012516
5.0577111	0.1949769
5.0626502	0.18808544
5.0675998	0.19374165
5.0725584	0.20823975
5.0775266	0.22332302
5.0825043	0.23379026
5.087492	0.23912142
5.0924897	0.24107179
5.097497	0.24139689
5.1025143	0.24100679
5.1075401	0.24029166
5.112577	0.23905636
5.1176243	0.23730101
5.1226811	0.23535058
5.127748	0.23340017
5.1328249	0.23144977
5.1379123	0.22943431
5.1430092	0.2274839
5.1481171	0.22494838
5.1532345	0.22143757
5.1583619	0.21805686
5.1634998	0.21454611
5.1686478	0.2107753
5.1738062	0.20693947
5.1789751	0.20297363
5.184154	0.19920282
5.1893444	0.19562705
5.1945438	0.19237635
5.1997542	0.18906064
5.2049747	0.18528983
5.210206	0.18210416
5.2154474	0.17846335
5.2206998	0.17371733
5.2259626	0.16916637
5.2312346	0.16468039
5.2365189	0.16025946
5.2418137	0.15538339
5.2471189	0.15037732
5.2524352	0.14543627
5.2577624	0.14075527
5.2631001	0.13600923
5.2684488	0.13132823
5.273809	0.12690727
5.2791796	0.12261635
5.2845607	0.11852047
5.2899532	0.11507474
5.2953568	0.11162899
5.3007712	0.10844331
5.3061967	0.10584275
5.3116336	0.10356726
5.3170795	0.1014218
5.3225384	0.099536397
5.3280087	0.09765099
5.3334904	0.095700569
5.3389831	0.09342508
5.3444872	0.091084577
5.3500028	0.088614047
5.3555293	0.084973261
5.3610692	0.081007414
5.3666191	0.077171586
5.37218	0.073595822
5.3777528	0.069825009
5.3833375	0.066054203
5.3889332	0.062153362
5.3945408	0.057992466
5.4001603	0.053571511
5.4057918	0.049020536
5.4114347	0.044469558
5.417089	0.040243648
5.4227557	0.035952728
5.4284339	0.03140175
5.434124	0.027305869
5.439826	0.023925142
5.44554	0.020999514
5.4512644	0.018398955
5.4570026	0.016253494
5.4627528	0.014758173
5.4685154	0.013457893
5.4742899	0.012807752
5.4800768	0.012482683
5.4858756	0.012352655
5.4916868	0.012417669
5.4975119	0.012482683
5.5033479	0.012547697
5.5091963	0.012677725
5.5150576	0.012807752
5.5209308	0.013067809
5.5268164	0.013327865
5.5327148	0.013652935
5.5386262	0.013912991
5.5445509	0.01423806
5.550487	0.014433103
5.5564361	0.014563129
5.562398	0.014693158
5.5683727	0.0148882
5.5743604	0.015148257
5.5803604	0.01553834
5.5863738	0.015733382
5.5923977	0.015863409
5.5984373	0.015993439
5.6044893	0.01618848
5.6105552	0.016318507
5.6166334	0.016318507
5.6227255	0.016448535
5.6288304	0.016643578
5.6349487	0.016838619
5.6410818	0.017033661
5.6472268	0.017033661
5.6533852	0.017098676
5.6595569	0.017033661
5.6657424	0.017033661
5.6719413	0.017163688
5.6781535	0.017163688
5.6843796	0.017033661
5.6906204	0.016903635
5.6968741	0.016773606
5.7031412	0.016643578
5.7094221	0.016513551
5.7157168	0.016123466
5.7220259	0.015603354
5.7283483	0.015278284
5.7346849	0.0148882
5.7410331	0.014628145
5.7473979	0.014433103
5.7537766	0.01423806
5.76017	0.014173046
5.7665772	0.01423806
5.7729988	0.013847977
5.7794347	0.013392878
5.7858849	0.013067809
5.7923512	0.012872768
5.7988305	0.012677725
5.8053241	0.012352655
5.811832	0.012222627
5.8183551	0.012352655
5.8248925	0.012287642
5.8314447	0.0120926
5.8380117	0.011767529
5.8445945	0.011507474
5.851191	0.011117389
5.8578029	0.010857333
5.864429	0.010662292
5.8710709	0.01046725
5.877727	0.010337222
5.8843989	0.01014218
5.8910856	0.0098171104
5.8977852	0.0096220691
5.9045024	0.0091669699
5.9112349	0.0089069149
5.9179831	0.0086468589
5.9247465	0.0083868029
5.9315252	0.0082567753
5.9383197	0.0081267469
5.9451299	0.0076716496
5.9519572	0.0073465789
5.9587984	0.0071515371
5.9656553	0.0070865229
5.9725285	0.0068914811
5.9794173	0.0067614531
5.9863219	0.0066314256
5.9932423	0.0064363838
6.0001788	0.0061763274
6.0071297	0.0061763274
6.0140982	0.0061763274
6.0210834	0.0061763274
6.0280848	0.0059812856
6.0351024	0.0062413416
6.0421362	0.0065664113
6.0491862	0.0068914811
6.0562534	0.0068914811
6.0633373	0.0070215096
6.0704374	0.0072815646
6.0775537	0.0076716496
6.0846872	0.0080617331
6.0918374	0.0088419011
6.0990043	0.0098171104
6.1061878	0.011117389
6.1133885	0.012612711
6.1206079	0.014173046
6.1278424	0.015863409
6.1350942	0.018138899
6.1423635	0.02080447
6.1496496	0.023990156
6.1569533	0.027370885
6.1642742	0.030816624
6.1716127	0.034457408
6.1789665	0.039073396
6.1863399	0.04381942
6.1937308	0.047850285
6.2011395	0.051946163
6.2085662	0.056497142
6.2160106	0.061113134
6.2234726	0.066379264
6.2309527	0.072100498
6.238452	0.078926966
6.2459679	0.08620853
6.2535024	0.094270259
6.261055	0.10285211
6.2686257	0.11279924
6.2762151	0.12443675
6.2838225	0.13821971
6.2914486	0.15310793
6.2990947	0.1692964
6.3067579	0.18620004
6.3144398	0.20420888
6.3221402	0.22338802
6.3298597	0.24451756
6.3375978	0.27045816
6.345355	0.30101469
6.3531313	0.32715032
6.3609242	0.35328591
6.3687387	0.37545568
6.3765721	0.38410255
6.3844252	0.38637805
6.3922973	0.38793838
6.4001889	0.39014885
6.4081001	0.40048608
6.4160309	0.40341172
6.4239826	0.39183924
6.431953	0.38462269
6.4399428	0.37844634
6.4479527	0.37298518
6.4559822	0.36778402
6.4640322	0.36284298
6.4721022	0.36037245
6.4801922	0.35790193
6.4883046	0.35738182
6.4964356	0.35081542
6.5045867	0.33677238
6.5127583	0.32884067
6.5209503	0.32474482
6.5291634	0.316293
6.5373969	0.30992162
6.545651	0.3060208
6.5539231	0.30211994
6.5622191	0.29815409
6.5705361	0.2964637
6.5788746	0.28963724
6.587234	0.28261575
6.5956144	0.27663445
6.6040168	0.26967797
6.6124401	0.26421681
6.6208863	0.25921071
6.629353	0.25752035
6.6378412	0.25387955
6.6463513	0.24211204
6.6548829	0.23242496
6.6634369	0.22800399
6.6720128	0.22546844
6.6806107	0.22299793
6.6892328	0.21812189
6.6978755	0.214026
6.7065401	0.21279074
6.7152276	0.21058026
6.723937	0.2070695
6.7326698	0.20355876
6.7414246	0.20069815
6.7502027	0.1986177
6.7590008	0.19647224
6.7678242	0.19523697
6.7766714	0.1944568
6.7855411	0.19432677
6.7944345	0.19198626
6.8033509	0.18737027
6.8122911	0.18489973
6.8212547	0.1841846
6.8302436	0.18236421
6.8392544	0.17937356
6.848289	0.17852838
6.8573475	0.17995869
6.8664303	0.17878842
6.8755369	0.17391239
6.8846679	0.17157188
6.8938227	0.17046665
6.9029989	0.17007656
6.9122028	0.16910134
6.9214315	0.16799611
6.9306846	0.16741098
6.9399629	0.16721594
6.9492655	0.16819115
6.9585934	0.17014158
6.9679465	0.16897132
6.9773269	0.16773605
6.9867301	0.16819115
6.9961591	0.16825616
7.0056133	0.16741098
7.0150933	0.16624074
7.0245986	0.16318509
7.0341301	0.15720378
7.0436873	0.14875197
7.0532722	0.13691944
7.0628819	0.12612711
7.0725174	0.11826042
7.0821791	0.1130593
7.0918674	0.11052375
7.1015825	0.10915846
7.1113243	0.10733807
7.1210923	0.10473751
7.1308832	0.10213695
7.1407056	0.1005116
7.1505547	0.09869121
7.1604309	0.096870825
7.1703348	0.095570534
7.1802659	0.093685135
7.1902246	0.092059791
7.200211	0.091149591
7.210228	0.090174384
7.2202702	0.088809088
7.23034	0.087898888
7.2404385	0.08724875
7.2505651	0.086663626
7.2607198	0.08620853
7.2709031	0.085818447
7.2811151	0.085363351
7.2913575	0.084583186
7.3016272	0.084063068
7.3119259	0.083672985
7.3222532	0.08341293
7.3326101	0.083087862
7.3429961	0.08250273
7.3534117	0.081852593
7.3638568	0.081397496
7.3743277	0.08107242
7.3848329	0.080682345
7.3953671	0.080162227
7.4059319	0.079707131
7.4165273	0.078991979
7.4271526	0.078211814
7.4378085	0.077561677
7.4484949	0.077041559
7.4592152	0.076521449
7.4699631	0.075936325
7.4807425	0.075221173
7.4915524	0.074831083
7.5023942	0.07463605
7.513267	0.074441001
7.5241718	0.074506015
7.5351081	0.074441001
7.5460782	0.074180946
7.5570784	0.073920891
7.5681105	0.073660836
7.579175	0.073530808
7.5902719	0.073205739
7.6014013	0.072685622
7.6125636	0.072230525
7.6237588	0.071840443
7.6349821	0.071190305
7.6462431	0.070475146
7.6575375	0.069825009
7.6688652	0.069239885
7.6802268	0.068654753
7.6916218	0.068329684
7.7030506	0.068069629
7.7145133	0.067874588
7.7260127	0.067679547
7.7375441	0.06761454
7.7491097	0.06761454
7.7607102	0.06761454
7.7723455	0.067549519
7.7840157	0.06761454
7.7957211	0.067744568
7.8074613	0.067939602
7.8192339	0.068199657
7.8310452	0.068589747
7.8428926	0.068784781
7.8547754	0.068719767
7.8666949	0.068329684
7.8786502	0.067874588
7.8906422	0.067419492
7.9026704	0.067094423
7.9147372	0.066899382
7.9268394	0.066639319
7.9389782	0.066379264
7.9511547	0.066184223
7.9633684	0.065859154
7.9756198	0.065469079
7.9879088	0.065144002
8.0002356	0.06488394
8.0126038	0.064558879
8.0250072	0.064233802
8.0374498	0.063908741
8.0499296	0.063518651
8.0624495	0.063128576
8.0750074	0.062803499
8.0876055	0.062543437
8.1002417	0.061958313
8.1129141	0.061373197
8.1256304	0.060983106
8.1383867	0.0609181
8.1511831	0.061243165
8.1640196	0.061763272
8.1768961	0.062478434
8.1898146	0.063453637
8.2027731	0.064428851
8.2157736	0.065144002
8.2288151	0.065729126
8.2418976	0.066184223
8.2550211	0.066314258
8.2681875	0.066444278
8.281395	0.066574313
8.2946453	0.066444278
8.3079386	0.065924175
8.3212767	0.064948961
8.3346548	0.063518651
8.3480768	0.061958313
8.3615408	0.060593028
8.3750496	0.059422776
8.3886013	0.058837645
8.4021969	0.058772631
8.4158373	0.059097704
8.4295158	0.059487782
8.4432449	0.05961781
8.4570189	0.059747841
8.4708366	0.060397979
8.4847012	0.061308175
8.4986105	0.062413417
8.5125656	0.063388623
8.5265665	0.064038761
8.540616	0.064688906
8.5547094	0.065404058
8.5688496	0.066249244
8.5830364	0.067419492
8.59727	0.068719767
8.6115513	0.069825009
8.6258802	0.070215091
8.6402569	0.070150085
8.6546841	0.069694981
8.6691561	0.069044843
8.6836777	0.068524733
8.6982479	0.068134643
8.7128668	0.068004616
8.7275343	0.068004616
8.7422523	0.068199657
8.75702	0.06949994
8.7718325	0.071580388
8.7866993	0.073270746
8.8016176	0.074441001
8.8165865	0.07476607
8.8316059	0.074115925
8.8466768	0.073205739
8.8617992	0.072360553
8.8769741	0.071840443
8.8922033	0.07197047
8.9074821	0.072555594
8.9228134	0.073335759
8.9381971	0.073920891
8.9536343	0.074701056
8.9691257	0.07619638
8.9846697	0.078081779
9.000268	0.079772145
9.0159235	0.080292255
9.0316315	0.078731917
9.0473928	0.074441001
9.0632105	0.067419492
9.0790825	0.060788069
9.0950108	0.059747841
9.1109953	0.065729126
9.1270351	0.07463605
9.1431274	0.082242683
9.1592817	0.086663626
9.1754923	0.087378785
9.191761	0.08620853
9.2080879	0.085038282
9.224472	0.084193096
9.2409153	0.083087862
9.2574167	0.081917606
9.2739801	0.080812372
9.2906008	0.080227241
9.3072805	0.079967193
9.3240204	0.080162227
9.3408203	0.081332482
9.3576803	0.083542958
9.3746023	0.086468585
9.3915854	0.08906915
9.4086237	0.091084577
9.4257298	0.092839956
9.4428988	0.094725356
9.4601307	0.096675783
9.4774246	0.098301135
9.4947834	0.098886259
9.5122042	0.097716004
9.5296898	0.094465308
9.5472441	0.090044357
9.5648584	0.086403571
9.5825386	0.084323123
9.6002836	0.083087862
9.6180954	0.08250273
9.635973	0.082112655
9.6539164	0.081852593
9.6719275	0.081787579
9.6900091	0.082177661
9.7081556	0.08289282
9.7263699	0.083542958
9.7446527	0.084453158
9.7630043	0.086273544
9.7814245	0.089719288
9.7999153	0.093685135
9.8184757	0.096415721
9.837101	0.097325921
9.8558025	0.097585976
9.8745756	0.098236121
9.8934202	0.099146314
9.9123363	0.099926479
9.9313259	0.10044659
9.950388	0.1014218
9.9695234	0.10272208
9.9887362	0.10324219
10.008019	0.10278709
10.027377	0.1018769
10.04681	0.10116174
10.066319	0.10109673
10.085902	0.10194191
10.105563	0.10343723
10.1253	0.10525763
10.145119	0.10675294
10.165011	0.10805323
10.184982	0.10889841
10.205031	0.10909346
10.22516	0.10902843
10.245367	0.10902843
10.265656	0.10948354
10.286023	0.11052375
10.306466	0.11169401
10.326997	0.11279924
10.34761	0.11422956
10.368304	0.11572488
10.389083	0.11715519
10.409945	0.11806539
10.43089	0.11767529
10.45192	0.11644004
10.473039	0.11461964
10.49424	0.11273422
10.515526	0.11130393
10.536899	0.11045874
10.558359	0.11000365
10.579906	0.11039373
10.601542	0.11097885
10.623267	0.11175903
10.645084	0.11253919
10.666988	0.11292928
10.688982	0.11260421
10.711066	0.11195406
10.733243	0.11071879
10.755511	0.10954855
10.777872	0.10876838
10.800325	0.10844331
10.822865	0.1083783
10.845508	0.10870336
10.868244	0.10909346
10.891077	0.10967857
10.914005	0.11032872
10.937031	0.11097885
10.960154	0.11247419
10.983374	0.11526977
11.006698	0.11930065
11.030116	0.12677725
11.053635	0.13938996
11.077253	0.16149472
11.100973	0.19991797
11.124795	0.25147405
11.14872	0.28333089
11.172747	0.27877992
11.196871	0.25504985
11.221107	0.22507837
11.245447	0.19575708
11.269894	0.16916637
11.294447	0.14452606
11.319107	0.12151112
11.343875	0.10298214
11.368752	0.088614047
11.393744	0.078471869
11.418839	0.074571028
11.444047	0.074050911
11.469365	0.073920891
11.494797	0.07424596
11.52034	0.074506015
11.545999	0.074831083
11.571771	0.075936325
11.597663	0.077886738
11.623667	0.080032207
11.649787	0.081397496
11.676025	0.07762669
11.702382	0.067484505
11.728858	0.064688906
11.755454	0.075546235
11.782171	0.091539674
11.809002	0.10740308
11.835962	0.11969072
11.863048	0.12840261
11.890256	0.13542411
11.91759	0.14140539
11.94505	0.14634645
11.972636	0.15070239
12.000351	0.1549283
12.028198	0.15869911
12.056171	0.16207984
12.084274	0.16520052
12.112508	0.1678661
12.140875	0.17027159
12.169374	0.1726121
12.198009	0.17462753
12.226777	0.17579778
12.255688	0.17696805
12.28473	0.17787823
12.31391	0.1785934
12.343228	0.17930853
12.372687	0.17995869
12.402287	0.17995869
12.432029	0.17969863
12.461913	0.17911351
12.491931	0.17800826
12.522105	0.17709807
12.552425	0.17651294
12.582892	0.17540771
12.613507	0.1739774
12.644272	0.17196195
12.675187	0.16923137
12.706254	0.16637076
12.737479	0.16409527
12.768852	0.16220987
12.80038	0.16077957
12.832064	0.15986936
12.863906	0.15915421
12.895905	0.15759388
12.928064	0.15466826
12.960384	0.15057237
12.992874	0.14504617
13.025519	0.13867481
13.05833	0.13184835
13.091305	0.12411167
13.124448	0.11663507
13.157759	0.10915846
13.191238	0.10083667
13.22489	0.09095455
13.258701	0.080617331
13.292698	0.071125284
13.326869	0.062413417
13.361217	0.054156639
13.395742	0.046940092
13.430446	0.040373679
13.46533	0.03439239
13.500397	0.028671164
13.535651	0.023144973
13.571085	0.018398955
13.606705	0.015278284
13.642511	0.017618787
13.678508	0.028541137
13.714694	0.038813345
13.751073	0.040633734
13.787644	0.038878359
13.82442	0.037448049
13.861383	0.037057962
13.898545	0.037448049
13.935907	0.038358245
13.97347	0.039333455
14.011236	0.040828776
14.049208	0.042909224
14.087384	0.045444764
14.125755	0.048175354
14.16435	0.050190788
14.203156	0.051881157
14.242176	0.053636529
14.281411	0.055066835
14.320862	0.055977032
14.360532	0.056302104
14.400422	0.056237094
14.440542	0.05578199
14.48088	0.055391908
14.521442	0.054871794
14.562233	0.054221656
14.603253	0.05331146
14.644506	0.052596301
14.685991	0.052401267
14.727713	0.051881157
14.76966	0.051166002
14.811859	0.050320819
14.8543	0.049150568
14.896984	0.048240367
14.939916	0.047005102
14.983094	0.046224933
15.026524	0.045184713
15.070205	0.043689393
15.11415	0.04284421
15.158343	0.042194072
15.202796	0.040698748
15.24751	0.039138414
15.292488	0.038033176
15.337732	0.037253007
15.383245	0.036407825
15.429028	0.035822704
15.475092	0.035952728
15.521424	0.036082756
15.568036	0.035887711
15.614927	0.036147773
15.662103	0.03666788
15.709563	0.037057962
15.757313	0.037383035
15.805353	0.037448049
15.853672	0.037708107
15.902304	0.038553286
15.951234	0.038878359
16.000465	0.038683314
16.050003	0.038293231
16.099848	0.037708107
16.150003	0.036797911
16.200472	0.035692673
16.251265	0.034132339
16.30237	0.033027101
16.353796	0.03185685
16.405548	0.030556567
16.45763	0.028866205
16.510042	0.027500913
16.56279	0.026590718
16.615877	0.025615504
16.669313	0.024250213
16.723085	0.022689877
16.777206	0.021714667
16.831676	0.021324584
16.886503	0.0209345
16.941689	0.020089319
16.997234	0.019439179
17.053146	0.019374164
17.109409	0.019634221
17.166063	0.019634221
17.223093	0.018528981
17.280504	0.017683802
17.338299	0.01735873
17.396481	0.017228704
17.455055	0.016773606
17.514025	0.015993439
17.573404	0.015408312
17.633179	0.014758173
17.693359	0.013717948
17.753954	0.013327865
17.814964	0.013912991
17.876394	0.013978004
17.938251	0.01358792
18.000536	0.013392878
18.063269	0.012742739
18.126427	0.012222627
18.190027	0.011117389
18.254078	0.010597277
18.318579	0.010922348
18.383539	0.01079232
18.448961	0.010207194
18.514851	0.010272208
18.58119	0.0098821241
18.648029	0.0094920406
18.715351	0.0094920406
18.783159	0.0087768864
18.851461	0.0087118726
18.920263	0.0084518176
18.989569	0.0078016771
19.059383	0.0075416211
19.129725	0.0078666909
19.200575	0.0079967193
19.271952	0.0088419011
19.343863	0.0081917606
19.416311	0.0078016771
19.489305	0.0070865229
19.562849	0.0057862434
19.636951	0.0053311461
19.711594	0.0053961598
19.786827	0.0052011176
19.862638	0.0054611741
19.939034	0.0055261878
20.016018	0.0046159923
20.093599	0.0052661318
20.171785	0.0050060763
20.250582	0.0040308665
20.330009	0.0039658523
20.410049	0.0044209505
20.490723	0.0040958803
20.572035	0.0044209505
20.653994	0.0045509781
20.73661	0.0051361038
20.819889	0.0065013971
20.903841	0.0061113136
20.988487	0.0057862434
21.073807	0.0072815646
21.159821	0.0088419011
21.246542	0.010922348
21.333977	0.013912991
21.422132	0.016838619
21.511023	0.018919067
21.600651	0.02190971
21.691	0.028086038
21.782139	0.035562642
21.874046	0.042454123
21.966734	0.051686108
22.060209	0.061958313
22.154484	0.07424596
22.249567	0.083969384
22.34547	0.093062051
22.442221	0.10580556
22.539797	0.11903124
22.638224	0.13149922
22.737514	0.14424273
22.837679	0.15981048
22.93873	0.17276064
23.04068	0.18130223
23.143541	0.19018824
23.247343	0.19810988
23.35206	0.20506714
23.457727	0.21223105
23.564352	0.21801732
23.671953	0.22304583
23.78054	0.22896983
23.890127	0.23248291
24.000731	0.23516937
24.112324	0.23813137
24.224998	0.23758031
24.338732	0.23840691
24.453537	0.24033567
24.569429	0.2397846
24.686426	0.2385447
24.804543	0.23888908
24.923796	0.23758031
25.044222	0.23523827
25.165796	0.23523827
25.288555	0.23771808
25.412519	0.23820028
25.537704	0.238958
25.664127	0.23950908
25.791811	0.24047343
25.920769	0.24068011
26.051052	0.24150668
26.182623	0.23888908
26.315529	0.23744255
26.449793	0.24405541
26.585432	0.24577749
26.722471	0.24336654
26.860929	0.24419317
27.00083	0.24660408
27.142149	0.24653521
27.285002	0.24453758
27.429367	0.24171336
27.575268	0.23813137
27.722729	0.23406726
27.871777	0.22965866
28.022434	0.2231147
28.17473	0.21560639
28.328716	0.20754696
28.484369	0.19866095
28.641743	0.19108374
28.800863	0.18254213
28.961761	0.17227845
29.124468	0.1613948
29.289013	0.15030451
29.455427	0.14017859
29.623777	0.13081038
29.794029	0.12151108
29.966249	0.11276282
30.140471	0.1051856
30.316732	0.099330477
30.495066	0.098021686
30.67551	0.10553002
30.858103	0.11758468
31.04282	0.12791727
31.229824	0.13246359
31.419096	0.13205029
31.610676	0.12764174
31.804607	0.12199326
32.000931	0.11531153
32.199696	0.10759654
32.400944	0.10077703
32.604759	0.098710522
32.811115	0.096644007
33.020103	0.093406469
33.231773	0.088309065
33.446171	0.083969384
33.663353	0.08169622
33.883377	0.078114256
34.106293	0.07590998
34.332088	0.074119002
34.560966	0.070468158
34.792919	0.065370753
35.028008	0.060686652
35.266293	0.057173576
35.507843	0.053798269
35.752724	0.049389701
36.001007	0.044430066
36.252811	0.041123644
36.508114	0.03802387
36.767036	0.03871271
37.029659	0.052558359
37.296059	0.084107146
37.566319	0.11944454
37.840527	0.14451826
38.118767	0.15512638
38.40118	0.15533303
38.687756	0.14541376
38.978642	0.13301466
39.273933	0.12199326
39.573734	0.1115918
39.878147	0.10380793
40.187283	0.097539499
40.501244	0.091546603
40.820042	0.08892902
41.144012	0.087138042
41.473164	0.084795997
41.807625	0.083487205
42.147522	0.083073892
42.492992	0.080662951
42.844173	0.078734219
43.20121	0.07735654
43.564312	0.07480783
43.933502	0.071983598
44.309002	0.071156994
44.690975	0.070261501
45.079594	0.069090478
45.475029	0.06757503
45.87746	0.064613029
46.287083	0.061306603
46.704159	0.059997812
47.128742	0.057242457
47.561119	0.054969292
48.001499	0.053453851
48.450111	0.05242059
48.907188	0.050629612
49.372971	0.048149794
49.847713	0.049871888
50.331509	0.054693762
50.824955	0.061375484
51.328171	0.075703323
51.841454	0.10057038
52.365105	0.12585075
52.899441	0.14617147
53.444794	0.15953495
54.001511	0.15788174
54.570061	0.146447
55.150593	0.13060373
55.74361	0.10993858
56.349518	0.094164185
56.968742	0.087000273
57.60173	0.10814761
58.24894	0.17124519
58.910862	0.24605301
59.588123	0.29544273
60.28101	0.32451171
60.9902	0.34696785
61.716274	0.36411992
62.459846	0.3730748
63.221554	0.39229339
64.002068	0.43947881
64.802094	0.4015927
65.622093	0.35826477
66.463402	0.3134214
67.326561	0.27346876
68.21244	0.24288437
69.121933	0.22215034
70.056015	0.20947571
71.015686	0.19900537
72.002014	0.18385091
73.016319	0.17737585
74.05941	0.16883425
75.132736	0.16325466
76.237625	0.15953495
77.375504	0.157124
78.547859	0.15168218
79.756294	0.14975344
81.002487	0.14500044
82.28849	0.14320947
83.61573	0.14982232
84.986481	0.15491973
86.402931	0.15147553
87.867393	0.14954679
89.382355	0.14761803
90.95047	0.14500044
92.574593	0.14217621
94.25721	0.14686032
96.002708	0.15209548
97.814079	0.1613948
99.695114	0.16118814
101.64992	0.1567107
103.68291	0.1516133
105.79889	0.15491973
108.00303	0.15030451
110.30139	0.14803134
112.69925	0.14803134
115.20368	0.15285321
117.82195	0.16304801
120.562	0.17413831
123.43254	0.19129038
126.44309	0.18922389
129.60419	0.17255399
132.92625	0.1852286
136.42429	0.19542341
140.11142	0.21484865
144.00337	0.22380356
148.11772	0.2483262
152.47411	0.25101265
157.0945	0.25728109
162.00366	0.24687962
167.23055	0.27918613
172.80489	0.27105784
178.76367	0.28421468
185.14809	0.30660191
