# Enstatite, Chemical Formula: Mg2Si2O6
# Sample ID: NMNH128288
# wavelengths (microns), reflectance
1.6276779	0.49722621
1.6281891	0.49717703
1.6287007	0.49742305
1.6292125	0.49757072
1.6297247	0.49747232
1.6302372	0.49732468
1.6307501	0.49732468
1.6312631	0.49722621
1.6317767	0.49717703
1.6322904	0.49722621
1.6328044	0.49712777
1.6333188	0.49737382
1.6338336	0.49742305
1.6343486	0.49722621
1.6348641	0.49702933
1.6353798	0.49678329
1.6358958	0.49663568
1.6364123	0.49673405
1.6369292	0.49688169
1.637446	0.49722621
1.6379635	0.49712777
1.6384811	0.49683249
1.6389992	0.49678329
1.6395175	0.49678329
1.6400362	0.49663568
1.6405551	0.49653715
1.6410745	0.49643877
1.6415942	0.49634033
1.6421142	0.49643877
1.6426344	0.49653715
1.6431552	0.49638954
1.643676	0.49634033
1.6441975	0.49643877
1.644719	0.49638954
1.6452409	0.49648798
1.6457632	0.49619266
1.6462859	0.49609429
1.6468087	0.49604502
1.6473321	0.49584815
1.6478556	0.49579898
1.6483797	0.49589741
1.648904	0.49579898
1.6494286	0.49584815
1.6499535	0.49594662
1.6504788	0.49589741
1.6510044	0.49589741
1.6515305	0.49579898
1.6520567	0.49584815
1.6525834	0.49579898
1.6531103	0.49565127
1.6536378	0.49570051
1.6541654	0.49579898
1.6546935	0.49594662
1.6552217	0.49574971
1.6557504	0.49565127
1.6562793	0.4956021
1.6568087	0.49550366
1.6573384	0.49530679
1.6578683	0.49535602
1.6583985	0.49520835
1.6589293	0.49520835
1.6594603	0.49525762
1.6599917	0.49520835
1.6605233	0.49525762
1.6610554	0.49535602
1.6615878	0.49520835
1.6621207	0.49515912
1.6626537	0.49506071
1.6631873	0.49506071
1.6637208	0.49510998
1.664255	0.49496228
1.6647894	0.49486384
1.6653243	0.49486384
1.6658593	0.49520835
1.6663947	0.49520835
1.6669306	0.49510998
1.6674668	0.49510998
1.6680032	0.49486384
1.6685401	0.49486384
1.6690773	0.49510998
1.6696149	0.49510998
1.6701527	0.49491307
1.670691	0.49501151
1.6712295	0.49506071
1.6717685	0.49491307
1.6723077	0.49496228
1.6728474	0.49506071
1.6733873	0.49486384
1.6739277	0.49476546
1.6744683	0.49471623
1.6750095	0.49496228
1.6755508	0.49491307
1.6760926	0.49496228
1.6766347	0.49496228
1.6771772	0.49506071
1.6777198	0.49515912
1.6782631	0.49501151
1.6788064	0.49476546
1.6793501	0.49481463
1.6798942	0.49496228
1.6804388	0.49496228
1.6809837	0.49471623
1.6815289	0.49471623
1.6820744	0.49466702
1.6826205	0.49461776
1.6831667	0.49496228
1.6837136	0.49506071
1.6842605	0.49501151
1.684808	0.49496228
1.6853557	0.49486384
1.6859038	0.49486384
1.6864522	0.49486384
1.687001	0.49501151
1.6875501	0.49471623
1.6881	0.49476546
1.6886498	0.49486384
1.6892	0.49481463
1.6897506	0.49481463
1.6903015	0.49491307
1.6908529	0.49486384
1.6914046	0.49501151
1.6919565	0.49496228
1.6925087	0.49476546
1.6930614	0.49456859
1.6936146	0.49456859
1.694168	0.49461776
1.6947218	0.49471623
1.695276	0.49461776
1.6958306	0.49451935
1.6963854	0.49456859
1.6969409	0.49456859
1.6974965	0.49466702
1.6980526	0.49456859
1.6986089	0.49442098
1.6991657	0.49432245
1.6997228	0.49432245
1.7002803	0.49437168
1.7008381	0.49442098
1.7013963	0.49461776
1.7019548	0.49447015
1.7025138	0.49437168
1.703073	0.49437168
1.7036328	0.49422407
1.7041928	0.49412563
1.7047533	0.4940764
1.7053139	0.49397796
1.705875	0.49397796
1.7064364	0.49383032
1.7069983	0.49387959
1.7075605	0.49383032
1.7081233	0.49383032
1.7086862	0.49387959
1.7092496	0.4940272
1.7098132	0.49397796
1.7103775	0.49387959
1.7109419	0.49378112
1.7115068	0.49353501
1.712072	0.49343657
1.7126377	0.49338737
1.7132035	0.49348581
1.7137699	0.49343657
1.7143366	0.49343657
1.7149036	0.4933382
1.715471	0.4933382
1.7160389	0.49323973
1.7166071	0.49299365
1.7171758	0.49294442
1.7177447	0.49279681
1.7183142	0.49274758
1.7188838	0.49289522
1.7194541	0.49279681
1.7200245	0.49274758
1.7205955	0.49269837
1.7211666	0.49269837
1.7217383	0.49274758
1.7223103	0.49279681
1.7228827	0.4925507
1.7234554	0.49245232
1.7240288	0.49264914
1.7246022	0.49264914
1.7251762	0.4925507
1.7257504	0.49245232
1.7263252	0.49230465
1.7269002	0.49225545
1.7274756	0.49220619
1.7280514	0.49200934
1.7286276	0.49205855
1.7292041	0.49210775
1.7297812	0.49215698
1.7303585	0.49215698
1.7309363	0.49220619
1.7315143	0.49215698
1.732093	0.49215698
1.7326717	0.49200934
1.7332511	0.49200934
1.7338307	0.49225545
1.7344109	0.49220619
1.7349913	0.4918125
1.7355722	0.4918125
1.7361534	0.49191093
1.7367351	0.49196014
1.737317	0.49186167
1.7378997	0.49191093
1.7384824	0.49196014
1.7390656	0.49200934
1.7396491	0.49176326
1.7402332	0.49196014
1.7408174	0.49210775
1.7414023	0.49205855
1.7419873	0.49200934
1.7425728	0.49200934
1.7431587	0.49186167
1.7437451	0.49191093
1.7443317	0.49215698
1.7449189	0.49220619
1.7455064	0.49215698
1.7460943	0.49200934
1.7466825	0.49210775
1.7472714	0.49220619
1.7478604	0.49230465
1.7484499	0.49225545
1.7490398	0.49200934
1.7496301	0.49215698
1.7502208	0.49210775
1.7508119	0.49225545
1.7514033	0.49225545
1.7519954	0.49225545
1.7525877	0.49220619
1.7531804	0.49220619
1.7537735	0.49210775
1.754367	0.49210775
1.7549609	0.49245232
1.7555553	0.49259993
1.7561499	0.49250153
1.7567449	0.49259993
1.7573403	0.49245232
1.7579362	0.49240306
1.7585325	0.49230465
1.7591293	0.49245232
1.7597264	0.49245232
1.760324	0.49245232
1.7609218	0.49250153
1.7615204	0.4925507
1.7621191	0.49250153
1.7627183	0.4925507
1.7633178	0.49269837
1.7639178	0.49264914
1.7645181	0.49264914
1.7651191	0.49264914
1.7657201	0.49259993
1.7663218	0.49264914
1.7669238	0.49269837
1.7675263	0.49269837
1.768129	0.49264914
1.7687324	0.49245232
1.769336	0.49230465
1.7699401	0.49250153
1.7705445	0.4925507
1.7711494	0.49264914
1.7717546	0.49264914
1.7723604	0.49274758
1.7729665	0.49274758
1.773573	0.49284601
1.7741799	0.49269837
1.7747874	0.49259993
1.7753952	0.4925507
1.7760036	0.49264914
1.7766122	0.49274758
1.7772213	0.49284601
1.7778307	0.49259993
1.7784407	0.49240306
1.7790509	0.49240306
1.7796618	0.49250153
1.7802728	0.49264914
1.7808841	0.49264914
1.781496	0.49250153
1.7821085	0.49259993
1.7827213	0.49250153
1.7833346	0.49250153
1.7839482	0.49235386
1.7845623	0.4925507
1.7851768	0.49259993
1.785792	0.49259993
1.7864072	0.4925507
1.7870232	0.49245232
1.7876393	0.49220619
1.788256	0.49210775
1.788873	0.49210775
1.7894906	0.49215698
1.7901084	0.49220619
1.790727	0.49200934
1.7913457	0.4918125
1.7919649	0.49196014
1.7925845	0.49200934
1.7932047	0.49210775
1.793825	0.49191093
1.794446	0.49176326
1.7950673	0.49191093
1.795689	0.49196014
1.7963111	0.49191093
1.7969339	0.49161565
1.7975569	0.49166483
1.7981805	0.49166483
1.7988043	0.49186167
1.7994287	0.49210775
1.8000535	0.4918125
1.800679	0.49156642
1.8013045	0.49141875
1.8019307	0.49141875
1.8025571	0.49151719
1.8031842	0.49166483
1.8038116	0.49176326
1.8044394	0.49196014
1.8050677	0.49161565
1.8056965	0.49107426
1.8063256	0.4911235
1.8069552	0.49151719
1.8075852	0.49141875
1.8082157	0.49156642
1.8088466	0.49166483
1.809478	0.49166483
1.8101097	0.49132028
1.8107419	0.49107426
1.8113745	0.49122187
1.8120078	0.49132028
1.8126413	0.49122187
1.8132753	0.49156642
1.8139096	0.49161565
1.8145447	0.49146801
1.8151799	0.49082819
1.8158158	0.49087739
1.8164519	0.49127111
1.8170887	0.49176326
1.8177258	0.49176326
1.8183634	0.49166483
1.8190013	0.49205855
1.8196399	0.49117267
1.8202788	0.48999149
1.8209183	0.49063128
1.8215581	0.49077895
1.8221985	0.49161565
1.8228391	0.49240306
1.8234804	0.49284601
1.8241218	0.49284601
1.824764	0.49269837
1.8254064	0.49107426
1.8260493	0.48925325
1.8266927	0.4909758
1.8273367	0.49250153
1.8279809	0.49205855
1.8286258	0.49191093
1.829271	0.49220619
1.8299167	0.49225545
1.8305628	0.49107426
1.8312097	0.4911235
1.8318566	0.49215698
1.8325043	0.49250153
1.8331522	0.49323973
1.8338007	0.49338737
1.8344495	0.49215698
1.835099	0.49136955
1.8357487	0.49043444
1.8363992	0.49058211
1.83705	0.49092662
1.8377012	0.49082819
1.8383528	0.49314132
1.839005	0.49259993
1.8396575	0.49058211
1.8403107	0.49200934
1.8409641	0.49210775
1.8416178	0.48984385
1.8422722	0.49136955
1.8429272	0.49368271
1.8435825	0.49451935
1.8442384	0.49486384
1.8448946	0.49506071
1.8455515	0.49486384
1.8462087	0.4925507
1.8468666	0.48999149
1.8475248	0.49053288
1.8481835	0.49151719
1.8488425	0.49363345
1.8495022	0.49486384
1.8501621	0.49510998
1.8508228	0.49525762
1.8514837	0.49579898
1.852145	0.49506071
1.8528068	0.49378112
1.8534694	0.49196014
1.8541322	0.49299365
1.8547956	0.49540523
1.8554593	0.49540523
1.8561238	0.49338737
1.8567885	0.49343657
1.8574541	0.4955529
1.8581197	0.4962419
1.858786	0.49491307
1.8594526	0.49225545
1.8601199	0.49314132
1.8607875	0.49525762
1.8614557	0.49643877
1.8621242	0.49663568
1.8627936	0.49658638
1.8634632	0.49579898
1.8641332	0.49540523
1.8648038	0.49614349
1.8654748	0.49693093
1.8661463	0.49688169
1.8668184	0.49501151
1.8674908	0.49235386
1.8681637	0.49358425
1.868837	0.49515912
1.869511	0.49501151
1.8701854	0.49264914
1.8708603	0.49092662
1.8715357	0.49412563
1.8722117	0.49378112
1.872888	0.49107426
1.8735651	0.4925507
1.8742423	0.49515912
1.8749202	0.49530679
1.8755985	0.49565127
1.8762774	0.49486384
1.8769567	0.4940764
1.8776366	0.49579898
1.8783168	0.49683249
1.8789977	0.49702933
1.8796788	0.49668485
1.8803607	0.4962419
1.881043	0.4962911
1.8817258	0.49668485
1.882409	0.49702933
1.8830929	0.49614349
1.883777	0.49451935
1.8844618	0.4955529
1.8851469	0.49648798
1.8858327	0.49609429
1.8865188	0.4955529
1.8872057	0.49589741
1.8878928	0.49614349
1.8885808	0.49589741
1.8892689	0.49461776
1.8899578	0.49319053
1.8906469	0.49417484
1.8913368	0.49432245
1.892027	0.49368271
1.8927178	0.49397796
1.893409	0.49378112
1.8941009	0.49412563
1.8947932	0.49432245
1.8954861	0.49412563
1.8961793	0.49397796
1.8968732	0.49338737
1.8975675	0.49269837
1.8982624	0.49250153
1.8989576	0.49053288
1.8996536	0.48954856
1.9003499	0.49122187
1.9010466	0.49299365
1.9017439	0.49304289
1.9024419	0.49107426
1.9031402	0.49156642
1.9038392	0.49343657
1.9045385	0.49196014
1.9052386	0.49048364
1.905939	0.49141875
1.9066402	0.49196014
1.9073416	0.49368271
1.9080436	0.49496228
1.9087461	0.49530679
1.9094492	0.49545446
1.9101527	0.49530679
1.9108568	0.49486384
1.9115614	0.49515912
1.9122664	0.49579898
1.912972	0.49422407
1.9136782	0.4940272
1.9143847	0.4962911
1.915092	0.49717703
1.9157996	0.49717703
1.916508	0.49752155
1.9172167	0.4984566
1.9179261	0.49899799
1.9186358	0.49885038
1.9193462	0.49722621
1.9200571	0.49550366
1.9207685	0.49638954
1.9214803	0.49924406
1.9221928	0.50037599
1.9229058	0.50037599
1.9236195	0.49953938
1.9243335	0.50003153
1.9250481	0.50131112
1.9257631	0.50155717
1.9264789	0.50131112
1.927195	0.50145876
1.9279118	0.5013603
1.9286289	0.50145876
1.9293463	0.50229543
1.9300646	0.50273836
1.9307835	0.5030337
1.9315028	0.50342739
1.9322227	0.50387037
1.9329431	0.50401795
1.9336642	0.50387037
1.9343857	0.50416565
1.9351079	0.50455934
1.9358305	0.50436246
1.9365537	0.50446093
1.9372772	0.50485462
1.9380015	0.50510073
1.9387262	0.5052976
1.9394516	0.50554365
1.9401773	0.5060358
1.940904	0.50633115
1.9416308	0.50647879
1.9423584	0.50692171
1.9430864	0.50706935
1.943815	0.50716782
1.9445441	0.50692171
1.9452738	0.5074631
1.9460039	0.50800449
1.9467345	0.50810289
1.9474658	0.50829977
1.9481977	0.50849658
1.94893	0.50884116
1.949663	0.50903797
1.9503965	0.50913644
1.9511306	0.50913644
1.9518652	0.50913644
1.9526006	0.50923485
1.9533362	0.50957936
1.9540726	0.50982541
1.9548093	0.50982541
1.9555469	0.50987464
1.9562846	0.5103668
1.9570233	0.51061291
1.9577622	0.51076049
1.9585019	0.51090819
1.959242	0.51105583
1.9599829	0.5112527
1.960724	0.51140034
1.961466	0.51140034
1.9622083	0.51154792
1.9629514	0.51169568
1.9636948	0.51169568
1.9644389	0.5118925
1.9651834	0.5119909
1.9659288	0.51233542
1.9666744	0.51253229
1.9674209	0.5126307
1.9681678	0.51277834
1.9689153	0.51307368
1.9696634	0.51322132
1.9704123	0.51327056
1.9711614	0.51322132
1.9719112	0.51331973
1.9726615	0.51361507
1.9734125	0.51391035
1.9741639	0.51420563
1.9749161	0.51440251
1.9756685	0.51455009
1.976422	0.51464856
1.9771756	0.51484543
1.9779301	0.51499313
1.9786849	0.51499313
1.9794405	0.51533765
1.9801965	0.51563287
1.9809532	0.5156821
1.9817104	0.5156821
1.9824681	0.51602662
1.9832264	0.51622349
1.9839855	0.5164203
1.984745	0.51671565
1.9855052	0.51676482
1.9862659	0.51706016
1.9870273	0.5172078
1.987789	0.51735544
1.9885516	0.51765072
1.9893147	0.51804447
1.9900783	0.51809371
1.9908425	0.51824129
1.9916074	0.51853657
1.9923728	0.51873344
1.9931389	0.51897949
1.9939053	0.51922566
1.9946727	0.51932406
1.9954402	0.51961935
1.9962088	0.51996392
1.9969776	0.52016073
1.9977473	0.52045602
1.9985173	0.52055448
1.9992882	0.52099741
2.0000594	0.52119428
2.0008314	0.52119428
2.0016038	0.52153879
2.002377	0.52188331
2.0031507	0.52222782
2.0039251	0.52247387
2.0046999	0.52286762
2.0054755	0.52301526
2.0062516	0.52326131
2.0070286	0.5238027
2.0078058	0.52395034
2.0085838	0.52419645
2.0093622	0.5245409
2.0101414	0.52488542
2.010921	0.52513152
2.0117013	0.52542681
2.0124824	0.52572215
2.0132637	0.52601737
2.0140457	0.52641118
2.0148287	0.52665722
2.0156119	0.52690327
2.016396	0.52719861
2.0171804	0.52749389
2.0179658	0.52778918
2.0187516	0.52808446
2.0195379	0.52828133
2.0203249	0.52837974
2.0211127	0.52867502
2.0219009	0.52901953
2.0226898	0.52941328
2.0234792	0.5297578
2.0242696	0.53005308
2.0250602	0.53054523
2.0258517	0.53079134
2.0266438	0.53098816
2.0274363	0.53128344
2.0282295	0.53157878
2.0290234	0.53172642
2.0298178	0.53197247
2.0306129	0.53246468
2.0314085	0.5328092
2.0322044	0.53295684
2.0330014	0.53330135
2.0337989	0.53349817
2.0345972	0.53384274
2.0353961	0.5341872
2.0361953	0.53443331
2.0369956	0.53443331
2.0377963	0.53467941
2.0385981	0.53507304
2.0393999	0.53526998
2.0402026	0.53561443
2.0410056	0.53610659
2.0418096	0.5364511
2.042614	0.53674644
2.0434194	0.53689408
2.044225	0.53714013
2.0450315	0.53763229
2.0458386	0.53753388
2.0466464	0.53763229
2.0474546	0.53787833
2.0482635	0.5381245
2.049073	0.53851819
2.0498834	0.53905952
2.0506942	0.53930563
2.0515053	0.53940403
2.0523174	0.53955168
2.0531304	0.53979778
2.0539436	0.5401423
2.0547578	0.54028994
2.0555725	0.54038841
2.0563879	0.54073286
2.057204	0.5408805
2.0580208	0.5408805
2.0588381	0.54122508
2.0596561	0.54161882
2.0604746	0.54186481
2.0612941	0.54191411
2.062114	0.54186481
2.0629346	0.54216015
2.0637558	0.54265231
2.0645773	0.54294759
2.0653996	0.54304606
2.0662231	0.54329211
2.0670469	0.54343975
2.0678713	0.54339051
2.0686965	0.54334134
2.0695224	0.54348898
2.0703487	0.54368585
2.0711763	0.54403037
2.0720038	0.54427642
2.0728326	0.54432565
2.0736616	0.54442406
2.0744915	0.54467016
2.0753219	0.54476857
2.076153	0.54486698
2.0769846	0.54486698
2.0778172	0.54501468
2.0786502	0.54516226
2.0794842	0.54521155
2.0803187	0.54535913
2.0811539	0.54550683
2.0819895	0.54565448
2.0828261	0.54594976
2.0836632	0.54609746
2.084501	0.54614663
2.0853395	0.54639268
2.0861788	0.54649109
2.0870185	0.54663879
2.0878592	0.54698336
2.0887003	0.54713094
2.0895422	0.54732782
2.0903847	0.54737699
2.0912282	0.54747546
2.092072	0.54772151
2.0929167	0.54786915
2.0937619	0.54816443
2.0946081	0.54855824
2.0954545	0.54845977
2.096302	0.548509
2.0971498	0.54880428
2.0979986	0.54905033
2.0988479	0.54934561
2.0996981	0.54949325
2.1005487	0.54973936
2.1014004	0.54983783
2.1022525	0.5500347
2.1031053	0.55052686
2.1039588	0.55067444
2.1048129	0.55101895
2.1056678	0.551265
2.1065235	0.55160958
2.1073797	0.55175722
2.1082368	0.55185562
2.1090944	0.5520525
2.1099529	0.55224937
2.1108119	0.55249542
2.1116717	0.5529384
2.1125321	0.55313528
2.1133935	0.55338132
2.1142552	0.55377501
2.115118	0.55402112
2.1159811	0.55421805
2.1168454	0.55456251
2.1177099	0.55480856
2.1185756	0.55495626
2.1194417	0.55530071
2.1203086	0.55564523
2.121176	0.55603898
2.1220446	0.55643272
2.1229134	0.5566296
2.1237831	0.55682641
2.1246536	0.55717099
2.1255245	0.55741704
2.1263962	0.55766308
2.1272688	0.55771232
2.1281419	0.5580076
2.1290162	0.55840129
2.1298907	0.55869663
2.1307662	0.55879503
2.1316423	0.55894274
2.1325192	0.55904114
2.1333966	0.55933642
2.1342752	0.55987775
2.135154	0.56012392
2.1360338	0.56036997
2.1369143	0.5604192
2.1377954	0.56076372
2.1386774	0.56115741
2.1395605	0.56145269
2.1404438	0.5617972
2.1413281	0.56214178
2.1422129	0.56238776
2.1430986	0.56263387
2.1439848	0.56278151
2.144872	0.56307685
2.1457596	0.5633229
2.1466477	0.56366742
2.1475368	0.56381506
2.148427	0.56425798
2.1493175	0.56455332
2.1502092	0.56475019
2.1511011	0.56499624
2.1519942	0.56524235
2.1528878	0.5654884
2.1537826	0.56568521
2.1546776	0.56583291
2.1555736	0.56588209
2.1564703	0.56612825
2.1573677	0.56652194
2.1582658	0.56671876
2.1591649	0.56691563
2.1600645	0.56711245
2.1609645	0.56721097
2.1618655	0.56750625
2.1627674	0.56765389
2.1636701	0.56780154
2.1645734	0.56785077
2.1654775	0.5677523
2.1663826	0.5677523
2.1672883	0.56809682
2.168195	0.56844127
2.169102	0.5685398
2.1700101	0.56873661
2.1709187	0.56883502
2.1718283	0.56903195
2.1727386	0.56908113
2.1736495	0.56913036
2.1745613	0.569278
2.1754742	0.5694257
2.1763873	0.5694257
2.1773014	0.56932718
2.1782162	0.5694257
2.179132	0.56962252
2.1800482	0.56972092
2.1809654	0.56967175
2.1818831	0.56972092
2.1828015	0.56986856
2.1837208	0.57001621
2.1846411	0.57001621
2.1855621	0.56981933
2.1864841	0.56996703
2.1874065	0.57006544
2.1883299	0.57011467
2.189254	0.57011467
2.1901793	0.57016385
2.1911051	0.57021308
2.1920316	0.57026231
2.1929588	0.57031161
2.193887	0.57031161
2.1948156	0.57006544
2.1957452	0.57006544
2.1966755	0.57021308
2.197607	0.57031161
2.1985388	0.57026231
2.1994717	0.57026231
2.2004051	0.57050842
2.2013395	0.57055765
2.2022746	0.57045919
2.2032106	0.57055765
2.2041473	0.57070524
2.2050848	0.57075453
2.206023	0.57060683
2.2069621	0.57055765
2.207902	0.57040989
2.2088428	0.57040989
2.2097843	0.57050842
2.2107267	0.57060683
2.2116697	0.57065606
2.2126141	0.57070524
2.2135587	0.5708037
2.2145045	0.57085288
2.2154505	0.57090211
2.216398	0.57095134
2.2173457	0.57090211
2.2182946	0.57085288
2.2192442	0.57095134
2.2201948	0.57119739
2.2211459	0.57124662
2.2220981	0.57139426
2.2230508	0.5714435
2.2240045	0.57139426
2.2249589	0.57134509
2.2259145	0.57139426
2.2268705	0.5712958
2.2278273	0.57113874
2.228785	0.57098156
2.2297437	0.57087672
2.2307031	0.5704053
2.2316635	0.57019573
2.2326245	0.57035291
2.2335865	0.57051009
2.234549	0.5704053
2.2355127	0.57009095
2.2364771	0.56998616
2.2374425	0.56982905
2.2384083	0.56972426
2.2393754	0.56972426
2.2403431	0.56972426
2.2413118	0.56967181
2.2422812	0.5694623
2.243252	0.56951469
2.2442229	0.56925273
2.2451949	0.56867647
2.2461677	0.56867647
2.2471414	0.56883365
2.2481158	0.56904316
2.2490911	0.56872886
2.2500672	0.56830972
2.251044	0.56815261
2.2520218	0.56825739
2.2530005	0.56836212
2.2539799	0.56830972
2.2549605	0.56768107
2.2559416	0.56705242
2.2569239	0.56715721
2.2579067	0.56715721
2.2588909	0.56705242
2.2598755	0.56710482
2.2608612	0.56673807
2.2618475	0.56616181
2.2628348	0.56563801
2.263823	0.56521887
2.264812	0.56474733
2.2658017	0.56443304
2.2667923	0.56348997
2.2677839	0.56291378
2.2687764	0.56291378
2.2697697	0.56286132
2.2707639	0.56212789
2.271759	0.56170881
2.2727549	0.56144685
2.2737517	0.56134212
2.2747495	0.5608182
2.275748	0.56060869
2.2767475	0.56055629
2.2777479	0.56045145
2.278749	0.56039912
2.2797511	0.56039912
2.2807541	0.56008482
2.2817578	0.55914181
2.282763	0.55867028
2.2837684	0.55793685
2.284775	0.55694145
2.2857823	0.55662709
2.2867908	0.55615568
2.2877998	0.55510789
2.28881	0.55411249
2.2898209	0.55353624
2.2908323	0.5531171
2.2918451	0.55233127
2.2928588	0.55206937
2.2938731	0.55201697
2.2948887	0.55154544
2.2959049	0.55128354
2.2969222	0.55081201
2.2979403	0.55007857
2.2989597	0.54971182
2.2999794	0.54939753
2.3010006	0.54913557
2.3020222	0.54882127
2.303045	0.54850692
2.3040683	0.54761636
2.3050931	0.54630661
2.3061182	0.54525882
2.3071454	0.54415864
2.3081722	0.54279661
2.3092005	0.54148692
2.3102295	0.54022962
2.3112597	0.53902459
2.3122904	0.53787208
2.3133223	0.53666711
2.3143549	0.53614324
2.3153882	0.53582895
2.3164227	0.53540981
2.3174584	0.53535742
2.3184946	0.53535742
2.3195322	0.53582895
2.3205702	0.53614324
2.3216095	0.53650993
2.3226497	0.53708625
2.3236911	0.53755778
2.324733	0.53792447
2.3257761	0.53865784
2.3268199	0.53918177
2.3278646	0.54022962
2.3289104	0.54106778
2.3299572	0.54159164
2.3310046	0.54237747
2.3320534	0.54253471
2.3331029	0.542849
2.3341534	0.54305851
2.3352048	0.54300612
2.3362572	0.54321569
2.3373103	0.54400152
2.3383648	0.54483968
2.3394198	0.54599226
2.340476	0.54719722
2.3415329	0.5483498
2.342591	0.54955471
2.3436501	0.5506025
2.3447101	0.55165017
2.3457711	0.55275041
2.346833	0.55385059
2.3478959	0.55484593
2.3489597	0.55578893
2.3500245	0.55673194
2.3510904	0.55741298
2.3521569	0.557832
2.3532248	0.55809402
2.3542933	0.55872267
2.3553631	0.55914181
2.3564336	0.55940378
2.3575051	0.55961329
2.3585775	0.55987519
2.3596511	0.56013715
2.3607256	0.56024194
2.3618011	0.5598228
2.3628776	0.55940378
2.363955	0.55961329
2.3650334	0.55929893
2.3661137	0.55877513
2.3671939	0.55798924
2.3682754	0.55715102
2.3693576	0.55667949
2.3704412	0.55610323
2.3715253	0.55568415
2.3726108	0.55536979
2.373697	0.55516028
2.3747847	0.55463636
2.3758729	0.55390298
2.3769624	0.55343145
2.3780525	0.55364096
2.379144	0.55358863
2.3802361	0.55327433
2.3813298	0.55285513
2.3824239	0.55275041
2.3835192	0.5528028
2.3846154	0.55285513
2.3857129	0.55290759
2.3868113	0.55295992
2.3879108	0.55269802
2.3890109	0.55259329
2.3901126	0.55285513
2.3912148	0.5528028
2.3923185	0.55275041
2.3934228	0.5531171
2.3945284	0.55374575
2.3956349	0.55447924
2.3967426	0.55468875
2.397851	0.55489832
2.3989608	0.55526501
2.4000711	0.5553174
2.4011834	0.55552703
2.4022958	0.55610323
2.4034097	0.55641758
2.4045243	0.55678433
2.4056404	0.55688906
2.4067569	0.55725574
2.4078751	0.55777967
2.4089937	0.5578844
2.4101133	0.55751771
2.4112341	0.55751771
2.4123564	0.55762249
2.4134791	0.55777967
2.4146035	0.55762249
2.4157286	0.55715102
2.4168549	0.55694145
2.4179819	0.55678433
2.4191108	0.55615568
2.4202399	0.55605084
2.4213705	0.55578893
2.4225018	0.55589366
2.4236345	0.55594605
2.424768	0.55552703
2.4259028	0.55500311
2.4270384	0.55474114
2.4281759	0.55421728
2.4293137	0.55364096
2.4304526	0.55301231
2.4315925	0.55275041
2.4327338	0.55233127
2.4338756	0.55227894
2.435019	0.55238366
2.4361632	0.55275041
2.4373078	0.55269802
2.4384544	0.55269802
2.4396017	0.55275041
2.4407504	0.5531171
2.4419	0.55316955
2.4430506	0.55327433
2.4442027	0.5530647
2.4453554	0.55322194
2.4465098	0.55374575
2.447665	0.55400771
2.4488211	0.55400771
2.4499784	0.55411249
2.4511368	0.55411249
2.4522963	0.55416489
2.4534569	0.55395532
2.4546185	0.55400771
2.4557815	0.55400771
2.4569452	0.55395532
2.4581103	0.55364096
2.4592764	0.55332667
2.4604435	0.5531171
2.4616117	0.55275041
2.4627812	0.55259329
2.4639518	0.55254084
2.4651229	0.55222648
2.4662957	0.55201697
2.4674697	0.5518074
2.4686446	0.55138826
2.4698207	0.5506025
2.4709978	0.55007857
2.4721763	0.55013096
2.4733558	0.55013096
2.4745364	0.54939753
2.4757183	0.54897845
2.4769011	0.5486117
2.478085	0.54824501
2.4792702	0.54798305
2.4804564	0.54787827
2.4816439	0.54772115
2.4828324	0.5473544
2.4840217	0.54745913
2.4852126	0.54777348
2.4864044	0.54740679
2.4875975	0.54740679
2.4887917	0.5473544
2.4899871	0.54714483
2.4911838	0.54677808
2.4923813	0.54667336
2.4935806	0.54604465
2.4947805	0.54531121
2.4959817	0.5451017
2.497184	0.54494452
2.4983873	0.54463017
2.4995921	0.54431587
2.5007977	0.54352999
2.5020049	0.54332048
2.5032129	0.54274422
2.5044224	0.54258704
2.5056329	0.54279661
2.5068443	0.54311097
2.5080571	0.54332048
2.5092711	0.54321569
2.5104864	0.54321569
2.5117025	0.54363477
2.5129199	0.54389673
2.5141385	0.54426342
2.5153584	0.54473495
2.5165794	0.54499692
2.5178018	0.54520643
2.5190251	0.54552078
2.5202496	0.5457828
2.5214756	0.54614943
2.5227027	0.54625422
2.5239308	0.54630661
2.5251603	0.54641145
2.5263908	0.54656857
2.5276225	0.54667336
2.5288556	0.54688287
2.5300899	0.54651618
2.5313251	0.54604465
2.532562	0.54593986
2.5337996	0.54630661
2.5350387	0.54593986
2.536279	0.54562557
2.5375204	0.54625422
2.538763	0.54651618
2.5400069	0.54667336
2.5412521	0.54593986
2.5424979	0.54494452
2.5437455	0.54525882
2.5449944	0.54562557
2.5462441	0.54546833
2.5474954	0.54504931
2.548748	0.54546833
2.5500016	0.54499692
2.5512564	0.54421103
2.5525131	0.54384434
2.5537705	0.54499692
2.5550292	0.54552078
2.556289	0.545416
2.5575502	0.54546833
2.5588126	0.54442066
2.5600762	0.54216796
2.561341	0.54054391
2.5626073	0.54033434
2.5638747	0.54143453
2.5651433	0.54400152
2.5664132	0.54557317
2.5676842	0.54489213
2.5689566	0.54342526
2.5702302	0.54436827
2.5715053	0.54483968
2.5727808	0.54253471
2.5740583	0.54379201
2.5753372	0.54415864
2.576617	0.54342526
2.5778983	0.54520643
2.579181	0.54562557
2.5804646	0.54394913
2.5817497	0.54342526
2.5830364	0.54112017
2.5843241	0.54237747
2.585613	0.54394913
2.5869033	0.54279661
2.5881948	0.54358238
2.5894876	0.5451017
2.5907817	0.54604465
2.592077	0.54421103
2.5933733	0.53802925
2.5946712	0.53457159
2.5959706	0.54049152
2.5972712	0.54489213
2.598573	0.54620183
2.5998762	0.54536361
2.6011808	0.54394913
2.6024866	0.54311097
2.6037939	0.54101539
2.6051023	0.53986287
2.6064122	0.54132968
2.6077232	0.54258704
2.6090355	0.54342526
2.6103492	0.54442066
2.6116643	0.54463017
2.6129806	0.54389673
2.6142986	0.54347765
2.6156178	0.54007238
2.6169381	0.53923416
2.6182597	0.54169643
2.6195827	0.5399676
2.6209071	0.54180121
2.6222329	0.54478735
2.62356	0.54520643
2.6248877	0.54305851
2.6262174	0.54033434
2.6275485	0.54143453
2.628881	0.53949612
2.6302147	0.53729582
2.6315498	0.54007238
2.6328864	0.54012477
2.6342242	0.54017723
2.6355639	0.54117256
2.6369042	0.54127729
2.6382463	0.54096299
2.6395895	0.54012477
2.6409342	0.53886747
2.6422803	0.53802925
2.6436276	0.53745294
2.6449764	0.53572416
2.6463268	0.53514791
2.6476784	0.53530502
2.6490314	0.53472877
2.6503856	0.53268564
2.6517413	0.52975184
2.6530983	0.52954233
2.6544569	0.52948993
2.6558168	0.52891362
2.6571774	0.52854693
2.65854	0.52582276
2.6599042	0.52409393
2.6612697	0.52294135
2.6626365	0.52058387
2.6640048	0.51476878
2.6653745	0.50937277
2.6667454	0.50659615
2.6681182	0.50366241
2.6694922	0.49391815
2.6708674	0.48689812
2.6722443	0.48234037
2.6736224	0.4729104
2.6750021	0.4607563
2.676383	0.4476068
2.6777654	0.43691954
2.6791496	0.42633706
2.6805348	0.41622612
2.6819217	0.40281469
2.6833098	0.38720295
2.6846995	0.37070057
2.6860905	0.35325521
2.6874828	0.33528596
2.6888769	0.31778824
2.6902716	0.30008098
2.6916685	0.28258324
2.6930668	0.26377577
2.6944666	0.24596371
2.6958678	0.22888507
2.6972704	0.21096824
2.6986744	0.19336572
2.7000799	0.18178788
2.7014871	0.1758156
2.7028956	0.16968614
2.7043056	0.16046579
2.7057171	0.1504072
2.70713	0.14165832
2.7085443	0.13689099
2.7099602	0.1368386
2.7113776	0.14102967
2.7127967	0.1463733
2.7142169	0.15119302
2.7156389	0.15538411
2.7170622	0.1585274
2.718487	0.16093728
2.7199132	0.16308519
2.7213409	0.16738106
2.7227702	0.17083868
2.7242005	0.17345811
2.7256327	0.17696813
2.7270665	0.18063532
2.7285018	0.1839882
2.7299387	0.18702672
2.7313771	0.18964612
2.7328169	0.19142734
2.7342582	0.19284184
2.7357013	0.19525169
2.7371457	0.19645664
2.7385917	0.19650903
2.7400391	0.19787112
2.741488	0.20070009
2.7429385	0.20358147
2.7443907	0.20536268
2.7458441	0.20677716
2.747299	0.20787732
2.7487557	0.20897748
2.7502139	0.21013002
2.7516737	0.2111778
2.753135	0.21170168
2.7545979	0.21091583
2.7560623	0.21274945
2.7575283	0.21542126
2.7589962	0.21678334
2.7604654	0.21720247
2.7619359	0.21725485
2.7634082	0.21825023
2.7648821	0.21935037
2.7663574	0.21966471
2.7678344	0.2200838
2.7693131	0.22034577
2.7707932	0.22050293
2.772275	0.22139353
2.7737584	0.22223175
2.7752433	0.22202219
2.7767296	0.22155069
2.7782178	0.22165547
2.7797074	0.22165547
2.7811987	0.22176026
2.782691	0.22233652
2.7841854	0.2228604
2.7856815	0.22275563
2.7871792	0.22322711
2.7886784	0.22490355
2.7901793	0.22647521
2.7916818	0.22726104
2.7931859	0.22768015
2.794692	0.22815163
2.7961996	0.22836119
2.7977085	0.22862314
2.7992191	0.22904226
2.8007314	0.22851835
2.8022454	0.22783731
2.803761	0.22851835
2.8052781	0.22993286
2.806797	0.23098062
2.8083177	0.23171405
2.8098397	0.23249988
2.8113635	0.23339048
2.8128889	0.23417631
2.8144159	0.23501451
2.8159447	0.2361147
2.8174751	0.23679572
2.8190067	0.23721483
2.8205404	0.23831502
2.8220758	0.23962469
2.8236129	0.24072486
2.8251517	0.24151069
2.8266921	0.24224412
2.8282342	0.24313472
2.829778	0.24402532
2.8313241	0.24470639
2.8328712	0.24507311
2.83442	0.24570177
2.8359706	0.24659237
2.8375227	0.24722104
2.8390768	0.2478497
2.8406324	0.24847835
2.8421898	0.24931657
2.843749	0.25020716
2.84531	0.25088823
2.8468723	0.25135973
2.8484366	0.2518312
2.8500025	0.25261703
2.8515701	0.25329807
2.8531396	0.25371721
2.8547106	0.25445065
2.8562829	0.25518408
2.8578575	0.25570795
2.8594339	0.25623184
2.861012	0.25675574
2.8625917	0.25722724
2.8641732	0.25775111
2.8657565	0.25843215
2.8673415	0.25890365
2.8689287	0.25937513
2.870517	0.25958472
2.8721075	0.25995141
2.8736994	0.26042292
2.8752933	0.26073724
2.876889	0.26105157
2.8784864	0.26147068
2.8800855	0.26173264
2.8816857	0.26199457
2.8832886	0.26236129
2.8848929	0.26267561
2.8864994	0.2627804
2.8881073	0.26298997
2.8897173	0.26335669
2.8913291	0.26377577
2.8929424	0.26393294
2.8945582	0.26414248
2.8961751	0.26440445
2.897794	0.26471877
2.8994148	0.26487592
2.9010372	0.2650331
2.9026616	0.26534745
2.9042876	0.26545221
2.9059157	0.26571417
2.9075458	0.26592371
2.9091775	0.26602849
2.9108109	0.26634282
2.9124463	0.2664476
2.9140832	0.2664476
2.9157224	0.26655236
2.9173632	0.26676193
2.9190059	0.26681429
2.9206498	0.26697147
2.922296	0.26691908
2.9239442	0.26686671
2.9255943	0.26707625
2.9272463	0.26739058
2.9289	0.26749536
2.9305558	0.26754773
2.9322133	0.26760015
2.9338732	0.26786208
2.9355345	0.26812401
2.9371977	0.2682288
2.9388628	0.26833355
2.9405298	0.26859549
2.9421985	0.26885745
2.9438694	0.26932892
2.9455421	0.26974806
2.9472167	0.27011481
2.9488933	0.27042913
2.9505715	0.27084821
2.9522519	0.27116254
2.953934	0.27147686
2.9556181	0.27184358
2.9573042	0.27215794
2.9589922	0.27247226
2.9606814	0.27283898
2.9623733	0.27336287
2.964067	0.27388674
2.9657626	0.27420107
2.9674604	0.27456778
2.9691598	0.27498692
2.9708614	0.27524886
2.9725649	0.27572033
2.9742706	0.27613947
2.9759779	0.27634901
2.9776874	0.27666333
2.9793985	0.27723962
2.9811118	0.27760634
2.9828272	0.27781588
2.9845443	0.27823499
2.9862635	0.27870649
2.9879854	0.27928275
2.9897087	0.27985904
2.9914336	0.28022572
2.993161	0.28043529
2.99489	0.28074962
2.9966211	0.28122112
2.9983544	0.28169259
3.0000894	0.28216413
3.001826	0.28258324
3.0035653	0.28274038
3.0053065	0.28305471
3.0070496	0.2835786
3.0087948	0.28399771
3.0105422	0.28436443
3.0122914	0.2848359
3.0140429	0.28530744
3.0157964	0.28572655
3.0175517	0.28619805
3.0193093	0.28651237
3.0210688	0.28672192
3.0228302	0.28714103
3.0245938	0.2876125
3.0263596	0.28803164
3.0281272	0.28850314
3.0298975	0.28886983
3.0316694	0.28949851
3.0334435	0.29002237
3.0352194	0.29023194
3.0369976	0.29038909
3.0387776	0.29086059
3.04056	0.29143688
3.0423443	0.29190838
3.0441301	0.29206553
3.0459187	0.29248464
3.0477092	0.29279897
3.0495021	0.29311329
3.0512969	0.29332286
3.0530939	0.29368958
3.054893	0.2940563
3.0566943	0.29437065
3.0584979	0.29478973
3.0603034	0.29515645
3.0621109	0.29557556
3.0639207	0.29594228
3.0657327	0.2962566
3.0675466	0.29651853
3.0693629	0.29688525
3.0711813	0.29725197
3.0730011	0.29735675
3.0748239	0.29777589
3.0766487	0.29814258
3.0784757	0.29840454
3.0803049	0.29871887
3.0821362	0.29913795
3.0839698	0.29966184
3.0858054	0.29997617
3.0876439	0.3002905
3.0894837	0.30070964
3.0913262	0.30123353
3.0931706	0.30160022
3.0950172	0.30207172
3.0968661	0.30275276
3.0987172	0.30327666
3.1005704	0.30359098
3.1024263	0.30416724
3.104284	0.30469114
3.106144	0.30516264
3.1080062	0.30584368
3.1098707	0.30647236
3.1117373	0.30699623
3.1136062	0.30757251
3.1154773	0.30825356
3.1173501	0.30909178
3.1192257	0.30977282
3.1211035	0.31029671
3.1229837	0.31082061
3.1248662	0.31150162
3.1267509	0.31228748
3.128638	0.31296852
3.1305273	0.31349239
3.1324193	0.31417346
3.1343131	0.31501168
3.1362092	0.31579751
3.1381078	0.31647855
3.1400084	0.31705481
3.1419115	0.31778824
3.1438167	0.31852168
3.1457245	0.31920275
3.1476347	0.32009336
3.1495469	0.32082677
3.1514616	0.32150784
3.1533785	0.32224125
3.1552978	0.32307947
3.1572194	0.32391769
3.1591434	0.32454634
3.1610696	0.32491308
3.162998	0.3257513
3.1649289	0.32674667
3.1668622	0.32748011
3.168798	0.32810876
3.1707361	0.32868505
3.1726766	0.3292613
3.1746194	0.33004716
3.1765647	0.33083296
3.1785126	0.33156642
3.1804626	0.33224747
3.182415	0.33287612
3.1843698	0.33360958
3.186327	0.33418584
3.1882865	0.33465731
3.1902485	0.33544314
3.1922131	0.33612418
3.19418	0.33680528
3.1961493	0.33743393
3.1981211	0.33801022
3.2000952	0.33853406
3.2020719	0.33921513
3.2040508	0.33984378
3.2060323	0.34047246
3.2080164	0.34099633
3.2100022	0.34141544
3.2119911	0.34204409
3.2139823	0.34277755
3.215976	0.34335384
3.2179723	0.34408724
3.2199712	0.34461114
3.2219722	0.34513503
3.2239761	0.34544936
3.2259824	0.34586844
3.2279911	0.34649712
3.2300024	0.34702098
3.2320161	0.34764963
3.2340324	0.34822592
3.2360511	0.34890696
3.2380724	0.34948325
3.2400961	0.34990239
3.2421229	0.35037386
3.2441516	0.35084537
3.2461832	0.35142162
3.2482171	0.35199791
3.2502534	0.35241699
3.2522926	0.35294089
3.2543342	0.35356954
3.2563784	0.35414582
3.2584248	0.35456496
3.2604742	0.3550888
3.262526	0.35582227
3.2645805	0.35650331
3.2666376	0.35687003
3.2686973	0.35723677
3.2707596	0.35786542
3.2728245	0.35844168
3.2748921	0.35896555
3.2769623	0.35943705
3.2790351	0.35990855
3.2811103	0.3605372
3.2831883	0.36100867
3.2852688	0.36148024
3.2873521	0.36189932
3.289438	0.36237082
3.2915258	0.36294711
3.293617	0.36341861
3.2957108	0.36383769
3.2978072	0.3642568
3.2999065	0.3647283
3.3020084	0.36535695
3.3041129	0.3659856
3.3062201	0.3665095
3.3083303	0.36682382
3.3104429	0.36713815
3.3125582	0.36755729
3.314676	0.36787161
3.3167968	0.36813357
3.3189204	0.3684479
3.3210464	0.3687098
3.3231752	0.36897177
3.3253074	0.36902416
3.3274417	0.36897177
3.3295789	0.36886698
3.3317187	0.36860505
3.3338614	0.36834309
3.3360066	0.3679764
3.3381548	0.36729535
3.3403056	0.36640471
3.3424585	0.36540931
3.344615	0.36404726
3.3467741	0.36237082
3.3489361	0.36095631
3.3511009	0.35938466
3.3532684	0.35797018
3.3554389	0.35723677
3.3576121	0.3570796
3.3597887	0.35734153
3.3619676	0.35786542
3.3641491	0.35859883
3.3663337	0.35922748
3.368521	0.35959423
3.3707113	0.35948944
3.3729043	0.35917512
3.3751001	0.35886079
3.3772995	0.35870364
3.3795011	0.35859883
3.3817058	0.35865122
3.383913	0.35886079
3.3861232	0.35912272
3.3883364	0.35938466
3.3905525	0.35938466
3.3927715	0.35901797
3.3949924	0.35823214
3.3972173	0.35739392
3.3994448	0.35645095
3.4016755	0.35519361
3.403909	0.3538315
3.4061456	0.35278374
3.408385	0.35205027
3.4106274	0.35173595
3.4128728	0.35178834
3.4151211	0.35241699
3.4173725	0.35356954
3.4196265	0.35540313
3.4218838	0.35781303
3.424144	0.36022288
3.4264071	0.362528
3.4286733	0.36462352
3.4309425	0.3664571
3.4332149	0.3679764
3.4354899	0.36912894
3.4377682	0.37007192
3.4400494	0.3709625
3.4423335	0.37174836
3.4446208	0.37237701
3.4469111	0.37321526
3.449204	0.37405345
3.4515004	0.37478688
3.4537997	0.37552029
3.4561024	0.37620136
3.4584079	0.3768824
3.4607165	0.37745866
3.4630284	0.37798256
3.4653432	0.37845403
3.4676619	0.37887317
3.4699829	0.37918752
3.472307	0.37939709
3.4746342	0.37955424
3.4769647	0.37971142
3.4792981	0.38034007
3.4816349	0.38123065
3.4839747	0.38217366
3.4863167	0.38306424
3.488663	0.38374528
3.4910121	0.38421679
3.4933646	0.38437393
3.4957201	0.38426918
3.4980791	0.38405961
3.5004408	0.38421679
3.5028062	0.38521215
3.5051751	0.38725531
3.5075467	0.38987473
3.5099213	0.39259896
3.5122993	0.39511359
3.5146806	0.3974711
3.517065	0.39956662
3.5194528	0.40150496
3.5218437	0.40339097
3.5242381	0.40496263
3.5266356	0.40637711
3.5290363	0.4076868
3.5314403	0.40873456
3.5338476	0.40978232
3.536258	0.41046342
3.538672	0.41130164
3.5410891	0.41224462
3.5435085	0.41282088
3.5459323	0.41344956
3.5483594	0.41428775
3.5507898	0.41517836
3.5532234	0.41585943
3.5556605	0.41654047
3.5581009	0.41722152
3.5605447	0.4178502
3.5629921	0.4185836
3.5654426	0.41942182
3.5678964	0.41994572
3.5703535	0.42046958
3.5728142	0.42104587
3.5752783	0.4216221
3.5777457	0.42214602
3.5802164	0.42266992
3.5826914	0.42314142
3.5851691	0.42366529
3.5876501	0.42418918
3.5901346	0.42476544
3.5926225	0.42539409
3.595114	0.42597038
3.5976088	0.42633706
3.6001072	0.42670381
3.6026084	0.42712292
3.6051137	0.42759445
3.6076224	0.42790878
3.6101346	0.4282231
3.6126504	0.42858982
3.6151698	0.4290089
3.6176925	0.4294804
3.620219	0.42984712
3.6227491	0.43026623
3.6252825	0.43068534
3.6278193	0.43094727
3.6303599	0.4312616
3.6329038	0.4317331
3.6354516	0.43209982
3.6380026	0.43246654
3.6405575	0.43278086
3.6431165	0.43304279
3.6456785	0.43340951
3.6482441	0.43388104
3.6508133	0.43430009
3.6533861	0.43456209
3.6559625	0.4349812
3.6585426	0.43545267
3.6611264	0.43571463
3.6637127	0.43597656
3.6663036	0.43639567
3.6688983	0.43681479
3.6714969	0.4371815
3.6740987	0.43754822
3.6767046	0.43791494
3.6793139	0.43828166
3.6819272	0.43875313
3.6845443	0.43922463
3.687165	0.43948659
3.6897893	0.43969616
3.6924174	0.44001052
3.695049	0.44037721
3.6976848	0.44084871
3.7003241	0.44132018
3.7029672	0.4416869
3.7056146	0.44221079
3.7082653	0.44278705
3.7109196	0.44304901
3.713578	0.44336334
3.7162399	0.44383484
3.7189059	0.44425392
3.7215757	0.44456825
3.7242491	0.44493496
3.7269256	0.44519693
3.7296069	0.44551125
3.7322919	0.445878
3.7349808	0.44619235
3.7376738	0.44645423
3.7403705	0.44676861
3.7430711	0.44703051
3.7457757	0.44729248
3.7484846	0.4476068
3.7511971	0.44802591
3.7539134	0.44834024
3.7566335	0.44865456
3.7593577	0.44896889
3.7620859	0.44928324
3.764818	0.44959757
3.767554	0.44975474
3.770293	0.45001668
3.7730372	0.45048815
3.7757852	0.45075008
3.778537	0.45080248
3.7812932	0.45101205
3.7840533	0.45127398
3.7868173	0.4515883
3.7895856	0.4518503
3.7923579	0.45211223
3.7951343	0.45237419
3.7979145	0.45242655
3.800699	0.45263606
3.8034875	0.45284566
3.8062801	0.45289803
3.8090768	0.4530552
3.8118775	0.45331717
3.8146832	0.4535791
3.8174922	0.45368388
3.8203053	0.45384103
3.8231227	0.45405057
3.8259442	0.45415539
3.8287699	0.45426014
3.8315997	0.45431253
3.8344338	0.45452207
3.837271	0.45473161
3.8401134	0.4548364
3.8429599	0.45504597
3.8458109	0.45515072
3.848666	0.45520312
3.8515253	0.45536029
3.8543887	0.45546508
3.8572567	0.45546508
3.8601296	0.45556983
3.8630059	0.45572701
3.8658867	0.45593658
3.8687716	0.45609373
3.8716609	0.45619848
3.8745544	0.45630327
3.8774524	0.45640805
3.8803546	0.45656523
3.8832617	0.45677474
3.8861728	0.45687956
3.8890882	0.45687956
3.8920078	0.4570367
3.894932	0.4570891
3.8978605	0.45698431
3.9007933	0.45719388
3.9037306	0.45740345
3.9066718	0.45745581
3.9096179	0.4575606
3.9125686	0.45761296
3.9155238	0.45771781
3.9184833	0.45777014
3.9214473	0.45777014
3.9244158	0.45782253
3.9273889	0.45787492
3.9303668	0.45787492
3.9333489	0.45803213
3.9363356	0.45813686
3.9393268	0.45818925
3.9423223	0.45808452
3.9453225	0.45797968
3.9483273	0.45792729
3.9513369	0.45787492
3.9543512	0.45782253
3.9573698	0.45766535
3.960393	0.45766535
3.9634209	0.45761296
3.9664533	0.45750821
3.9694903	0.45750821
3.972532	0.45761296
3.9755785	0.45771781
3.9786289	0.45787492
3.9816847	0.45803213
3.984745	0.45803213
3.9878104	0.45813686
3.9908803	0.45829406
3.9939549	0.45845121
3.9970343	0.45860839
4.0001183	0.45876554
4.0032082	0.45892271
4.0063019	0.45918468
4.0094004	0.45944658
4.0125036	0.45955139
4.0156116	0.45960376
4.0187244	0.45976093
4.021842	0.45986572
4.0249648	0.45991808
4.028091	0.45991808
4.0312233	0.46002287
4.0343604	0.46007526
4.0375023	0.46012765
4.0406489	0.46007526
4.0438008	0.46007526
4.046958	0.46002287
4.0501194	0.45997047
4.0532866	0.45991808
4.056458	0.45986572
4.0596347	0.45986572
4.0628161	0.45976093
4.0660028	0.45955139
4.0691943	0.45939419
4.0723906	0.45928943
4.0755925	0.45923704
4.0787992	0.45913225
4.0820107	0.45892271
4.0852275	0.45881793
4.0884495	0.45860839
4.0916762	0.45845121
4.0949082	0.45829406
4.0981455	0.45834646
4.1013875	0.45834646
4.1046343	0.45813686
4.1078868	0.45803213
4.1111441	0.45782253
4.1144071	0.45766535
4.1176748	0.4575606
4.1209483	0.45745581
4.1242266	0.45735103
4.1275101	0.45724627
4.1307993	0.4570891
4.1340938	0.45698431
4.137393	0.45682716
4.1406975	0.45656523
4.1440077	0.45646042
4.1473227	0.45635566
4.1506433	0.45619848
4.1539693	0.45604134
4.1573014	0.4557794
4.1606379	0.45556983
4.16398	0.45525551
4.1673269	0.45509836
4.1706796	0.45499355
4.1740379	0.4548364
4.1774011	0.45467922
4.1807699	0.45452207
4.1841431	0.45431253
4.1875229	0.45410296
4.190908	0.45389342
4.1942987	0.4535791
4.1976953	0.45326477
4.2010965	0.45284566
4.204504	0.45247895
4.2079167	0.45200741
4.2113357	0.45132637
4.2147593	0.45075008
4.2181888	0.45027858
4.2216239	0.44975474
4.2250643	0.44928324
4.2285104	0.44881171
4.2319622	0.4486022
4.2354198	0.44844502
4.2388835	0.44828787
4.242352	0.44839263
4.2458267	0.44854981
4.2493072	0.44881171
4.2527928	0.44917846
4.2562842	0.4493356
4.2597818	0.44881171
4.2632847	0.4481307
4.2667923	0.44765922
4.2703071	0.44724008
4.2738276	0.44697815
4.2773538	0.446821
4.2808857	0.44666383
4.2844238	0.44666383
4.2879677	0.44645423
4.2915173	0.4463495
4.2950735	0.44624472
4.298635	0.44624472
4.3022022	0.44624472
4.3057756	0.44619235
4.3093548	0.4461399
4.3129401	0.4461399
4.3165312	0.44608751
4.3201284	0.44608751
4.3237324	0.44593039
4.3273416	0.445878
4.3309565	0.44577318
4.3345776	0.44572079
4.3382049	0.44561607
4.3418384	0.44556361
4.3454776	0.44551125
4.3491235	0.44551125
4.3527737	0.44540647
4.3564315	0.44524929
4.3600955	0.44498739
4.3637652	0.44483021
4.3674417	0.44472545
4.3711243	0.44462064
4.3748131	0.44451588
4.3785081	0.44435871
4.3822103	0.44420156
4.3859177	0.44409677
4.3896313	0.44388723
4.3933511	0.44378242
4.3970776	0.44362527
4.4008102	0.44336334
4.4045491	0.44320619
4.4082947	0.44315377
4.412045	0.44289184
4.415803	0.4426299
4.4195676	0.44236797
4.4233384	0.4421584
4.4271159	0.44194886
4.4308996	0.44179171
4.43469	0.44147736
4.4384871	0.44126782
4.4422908	0.44116303
4.4461007	0.44100586
4.4499168	0.44069153
4.4537401	0.4404296
4.4575696	0.44001052
4.4614058	0.43974856
4.4652486	0.43948659
4.4690976	0.43917227
4.4729543	0.43891031
4.4768167	0.43854359
4.4806862	0.43807209
4.4845624	0.43765301
4.4884448	0.43707672
4.4923344	0.43655285
4.4962306	0.43608135
4.5001335	0.43555748
4.5040426	0.43482402
4.5079594	0.43403816
4.5118828	0.43314758
4.5158129	0.43220457
4.5197501	0.43110445
4.523694	0.42984712
4.5276446	0.42853743
4.5316024	0.42707053
4.5355678	0.42565605
4.5395393	0.42424154
4.5435181	0.42266992
4.5475035	0.42109826
4.551496	0.41952658
4.5554957	0.41800734
4.5595021	0.41633093
4.5635157	0.41475922
4.5675368	0.41303042
4.5715647	0.41135401
4.5755997	0.4096252
4.5796418	0.40784398
4.5836911	0.40601039
4.5877471	0.40401962
4.5918107	0.40181929
4.5958815	0.39967138
4.5999584	0.39741871
4.604044	0.39506119
4.6081362	0.3928085
4.612236	0.39039862
4.616343	0.38804117
4.6204576	0.3858408
4.6245794	0.38364053
4.6287084	0.38154498
4.6328454	0.37950185
4.6369891	0.37756345
4.6411405	0.37572986
4.6452994	0.37394866
4.6494656	0.37216744
4.6536388	0.37064818
4.6578202	0.36933848
4.6620088	0.36818594
4.6662059	0.36703342
4.6704097	0.3659856
4.6746206	0.36514738
4.6788397	0.3642568
4.6830664	0.36320904
4.6873007	0.36216125
4.6915426	0.36116591
4.6957922	0.35996094
4.7000484	0.35870364
4.7043133	0.35749871
4.7085862	0.35613659
4.7128668	0.35477448
4.717155	0.3533076
4.7214513	0.35173595
4.7257552	0.35011193
4.7300668	0.34843549
4.7343879	0.3466543
4.7387152	0.34482071
4.7430506	0.34288231
4.7473941	0.34099633
4.7517457	0.33905795
4.7561049	0.33711961
4.7604723	0.33518121
4.7648478	0.33334762
4.7692318	0.33146164
4.7736235	0.32952327
4.7780232	0.32748011
4.7824311	0.32538459
4.7868466	0.32334143
4.7912707	0.32145542
4.7957029	0.31946471
4.8001437	0.31747392
4.8045907	0.31564033
4.8090477	0.31401628
4.8135128	0.31249702
4.8179865	0.3111873
4.8224683	0.3098776
4.8269582	0.30888224
4.8314571	0.30809638
4.8359637	0.30752012
4.8404803	0.30689147
4.8450041	0.30652472
4.8495364	0.30641997
4.8540773	0.30631518
4.8586264	0.30636758
4.8631845	0.30647236
4.8677506	0.30662951
4.8723259	0.30694383
4.8769083	0.3072058
4.8815002	0.30736297
4.8861008	0.30746773
4.8907104	0.30762491
4.8953285	0.30752012
4.8999557	0.30752012
4.9045911	0.30746773
4.909236	0.30736297
4.9138899	0.3072058
4.9185519	0.30699623
4.923223	0.30678669
4.9279027	0.30657712
4.9325914	0.30631518
4.9372892	0.30600086
4.9419956	0.30573893
4.9467115	0.3054246
4.951437	0.30484831
4.9561706	0.30421966
4.9609137	0.30374816
4.9656653	0.30311948
4.9704261	0.30217651
4.9751964	0.30123353
4.9799757	0.30013335
4.9847641	0.29903319
4.9895606	0.29782826
4.9943671	0.29651853
4.9991837	0.29510406
5.0040088	0.29379433
5.0088439	0.29222271
5.0136881	0.29059866
5.0185413	0.28892222
5.0234041	0.28766492
5.0282774	0.2863028
5.0331593	0.28473115
5.0380507	0.28310713
5.0429511	0.28153545
5.0478616	0.2799114
5.0527816	0.27823499
5.0577111	0.27645379
5.0626502	0.27488211
5.0675998	0.27336287
5.0725584	0.27184358
5.0775266	0.27016717
5.0825043	0.26838595
5.087492	0.26697147
5.0924897	0.26560935
5.097497	0.26409012
5.1025143	0.2627804
5.1075401	0.26147068
5.112577	0.26026577
5.1176243	0.25921798
5.1226811	0.25837976
5.127748	0.25754157
5.1328249	0.25680813
5.1379123	0.25628421
5.1430092	0.25602227
5.1481171	0.25612706
5.1532345	0.257332
5.1583619	0.25853693
5.1634998	0.25995141
5.1686478	0.26157546
5.1738062	0.26340905
5.1789751	0.26534745
5.184154	0.26749536
5.1893444	0.26938134
5.1945438	0.27105778
5.1997542	0.27273417
5.2049747	0.2746726
5.210206	0.27582508
5.2154474	0.27734438
5.2206998	0.27923036
5.2259626	0.28043529
5.2312346	0.28132591
5.2365189	0.28205934
5.2418137	0.28289756
5.2471189	0.283631
5.2524352	0.2841025
5.2577624	0.28462636
5.2631001	0.28515026
5.2684488	0.28567415
5.273809	0.28614563
5.2791796	0.28687909
5.2845607	0.28750774
5.2899532	0.28782207
5.2953568	0.28871268
5.3007712	0.28970805
5.3061967	0.29017955
5.3116336	0.29070342
5.3170795	0.29091299
5.3225384	0.29112256
5.3280087	0.29122734
5.3334904	0.29127973
5.3389831	0.29101774
5.3444872	0.28991762
5.3500028	0.2886079
5.3555293	0.28876507
5.3610692	0.28881747
5.3666191	0.28824115
5.37218	0.28729817
5.3777528	0.28625044
5.3833375	0.28499308
5.3889332	0.28368339
5.3945408	0.28216413
5.4001603	0.28059247
5.4057918	0.2786541
5.4114347	0.27671573
5.417089	0.27409631
5.4227557	0.27205315
5.4284339	0.27194837
5.434124	0.27126735
5.439826	0.27011481
5.44554	0.2692242
5.4512644	0.2687003
5.4570026	0.26780969
5.4627528	0.26639521
5.4685154	0.26655236
5.4742899	0.26670954
5.4800768	0.26665714
5.4858756	0.26754773
5.4916868	0.26807162
5.4975119	0.26828116
5.5033479	0.26838595
5.5091963	0.26864791
5.5150576	0.26859549
5.5209308	0.26828116
5.5268164	0.26838595
5.5327148	0.26817641
5.5386262	0.26739058
5.5445509	0.26587132
5.550487	0.26382816
5.5564361	0.26204696
5.562398	0.26063249
5.5683727	0.25874647
5.5743604	0.25586513
5.5803604	0.253822
5.5863738	0.25376958
5.5923977	0.25319329
5.5984373	0.25156927
5.6044893	0.25036433
5.6105552	0.24931657
5.6166334	0.24805926
5.6227255	0.24727342
5.6288304	0.24591132
5.6349487	0.24365862
5.6410818	0.24119635
5.6472268	0.2409344
5.6533852	0.24046291
5.6595569	0.2400438
5.6657424	0.23941515
5.6719413	0.23747678
5.6781535	0.2364814
5.6843796	0.23616707
5.6906204	0.23501451
5.6968741	0.23454303
5.7031412	0.23339048
5.7094221	0.23134732
5.7157168	0.23066629
5.7220259	0.23056151
5.7283483	0.23024718
5.7346849	0.22930419
5.7410331	0.22820403
5.7473979	0.2269991
5.7537766	0.22689432
5.76017	0.22479878
5.7665772	0.22265086
5.7729988	0.22411774
5.7794347	0.22464162
5.7858849	0.22464162
5.7923512	0.22422251
5.7988305	0.22338431
5.8053241	0.22270323
5.811832	0.2210792
5.8183551	0.21814544
5.8248925	0.21725485
5.8314447	0.21772633
5.8380117	0.21804067
5.8445945	0.21777874
5.851191	0.21688814
5.8578029	0.21536885
5.864429	0.21416393
5.8710709	0.21311615
5.877727	0.20934419
5.8843989	0.20824404
5.8910856	0.20787732
5.8977852	0.20609611
5.9045024	0.20604372
5.9112349	0.20400056
5.9179831	0.20085727
5.9247465	0.19745201
5.9315252	0.1924751
5.9383197	0.1880745
5.9451299	0.18692195
5.9519572	0.18456447
5.9587984	0.18147355
5.9656553	0.17707291
5.9725285	0.17403439
5.9794173	0.17151976
5.9863219	0.16806209
5.9932423	0.16565225
6.0001788	0.16449969
6.0071297	0.1621422
6.0140982	0.15973236
6.0210834	0.15863219
6.0280848	0.15753204
6.0351024	0.15559365
6.0421362	0.15197887
6.0491862	0.14909749
6.0562534	0.1504072
6.0633373	0.14983092
6.0704374	0.14773539
6.0775537	0.14715913
6.0846872	0.14710674
6.0918374	0.14600657
6.0990043	0.14459208
6.1061878	0.14207743
6.1133885	0.13982473
6.1206079	0.13971996
6.1278424	0.13951041
6.1350942	0.13793875
6.1423635	0.13641949
6.1496496	0.13526694
6.1569533	0.13395724
6.1642742	0.13338096
6.1716127	0.13327618
6.1789665	0.13201886
6.1863399	0.13154736
6.1937308	0.13269991
6.2011395	0.13327618
6.2085662	0.13359052
6.2160106	0.13416678
6.2234726	0.13484783
6.2309527	0.13558127
6.238452	0.13626233
6.2459679	0.1368386
6.2535024	0.13741487
6.261055	0.13778159
6.2686257	0.13809592
6.2762151	0.13835786
6.2838225	0.1385674
6.2914486	0.13877697
6.2990947	0.13914368
6.3067579	0.13961518
6.3144398	0.14013907
6.3221402	0.14071533
6.3298597	0.14150116
6.3375978	0.1413964
6.345355	0.14197266
6.3531313	0.14448731
6.3609242	0.14600657
6.3687387	0.14663522
6.3765721	0.14867838
6.3844252	0.15056437
6.3922973	0.15208362
6.4001889	0.15286946
6.4081001	0.15150736
6.4160309	0.15197887
6.4239826	0.15543649
6.431953	0.15747963
6.4399428	0.15920846
6.4479527	0.16020384
6.4559822	0.16119923
6.4640322	0.16177548
6.4721022	0.161304
6.4801922	0.16078012
6.4883046	0.15978473
6.4964356	0.16072771
6.5045867	0.16334714
6.5127583	0.16371387
6.5209503	0.1631376
6.5291634	0.16413298
6.5373969	0.16423774
6.545651	0.16329476
6.5539231	0.16240416
6.5622191	0.161304
6.5705361	0.15936562
6.5788746	0.15899891
6.587234	0.15837024
6.5956144	0.15742725
6.6040168	0.15690336
6.6124401	0.15575081
6.6208863	0.15423155
6.629353	0.15155974
6.6378412	0.14972614
6.6463513	0.15103586
6.6548829	0.1517169
6.6634369	0.15093109
6.6720128	0.1498833
6.6806107	0.14925465
6.6892328	0.14977854
6.6978755	0.14972614
6.7065401	0.14836405
6.7152276	0.14778778
6.723937	0.14804973
6.7326698	0.14862598
6.7414246	0.14862598
6.7502027	0.1481545
6.7590008	0.14763062
6.7678242	0.14663522
6.7766714	0.14532551
6.7855411	0.14364909
6.7944345	0.14302044
6.8033509	0.14349192
6.8122911	0.14312522
6.8212547	0.14192027
6.8302436	0.14129162
6.8392544	0.14108206
6.848289	0.13961518
6.8573475	0.13725771
6.8664303	0.13631471
6.8755369	0.13715293
6.8846679	0.1368386
6.8938227	0.13605276
6.9029989	0.1350574
6.9122028	0.13510977
6.9214315	0.13547648
6.9306846	0.13547648
6.9399629	0.1350574
6.9492655	0.13374768
6.9585934	0.13191408
6.9679465	0.13159975
6.9773269	0.13112827
6.9867301	0.12987094
6.9961591	0.12882316
7.0056133	0.1282469
7.0150933	0.12735629
7.0245986	0.12646568
7.0341301	0.12562747
7.0436873	0.12431776
7.0532722	0.12437015
7.0628819	0.12489403
7.0725174	0.12499881
7.0821791	0.12531315
7.0918674	0.12578464
7.1015825	0.12651807
7.1113243	0.12719913
7.1210923	0.12835167
7.1308832	0.12950422
7.1407056	0.12971376
7.1505547	0.12976615
7.1604309	0.12992333
7.1703348	0.12981854
7.1802659	0.13023765
7.1902246	0.13018526
7.200211	0.12950422
7.210228	0.12887555
7.2202702	0.12856123
7.23034	0.12782778
7.2404385	0.12693718
7.2505651	0.12588942
7.2607198	0.12510358
7.2709031	0.1241606
7.2811151	0.12342715
7.2913575	0.12279849
7.3016272	0.12180311
7.3119259	0.12070297
7.3222532	0.11949802
7.3326101	0.11776921
7.3429961	0.11635472
7.3534117	0.11504501
7.3638568	0.11357813
7.3743277	0.11232081
7.3848329	0.11158738
7.3953671	0.11106348
7.4059319	0.11033005
7.4165273	0.10949183
7.4271526	0.10865362
7.4378085	0.10765824
7.4484949	0.10666285
7.4592152	0.10535315
7.4699631	0.1042006
7.4807425	0.10315283
7.4915524	0.10189551
7.5023942	0.10048102
7.513267	0.099066533
7.5241718	0.097599655
7.5351081	0.096132778
7.5460782	0.094508737
7.5570784	0.09304186
7.5681105	0.091522597
7.579175	0.089950942
7.5902719	0.088326901
7.6014013	0.087017193
7.6125636	0.085759878
7.6237588	0.084712103
7.6349821	0.083664328
7.6462431	0.08251179
7.6575375	0.08125446
7.6688652	0.0801543
7.6802268	0.078896977
7.6916218	0.077639662
7.7030506	0.076277569
7.7145133	0.074863069
7.7260127	0.073500976
7.7375441	0.072191268
7.7491097	0.070881553
7.7607102	0.06951946
7.7723455	0.06800019
7.7840157	0.066480927
7.7957211	0.064909272
7.8074613	0.063547172
7.8192339	0.062027909
7.8310452	0.060456257
7.8428926	0.058779825
7.8547754	0.057103395
7.8666949	0.05553174
7.8786502	0.053855315
7.8906422	0.05202172
7.9026704	0.050397675
7.9147372	0.048826024
7.9268394	0.047254369
7.9389782	0.045630328
7.9511547	0.043953899
7.9633684	0.042382244
7.9756198	0.040862981
7.9879088	0.039238941
8.0002356	0.037667286
8.0126038	0.036043245
8.0250072	0.034314428
8.0374498	0.032742772
8.0499296	0.031328287
8.0624495	0.029756632
8.0750074	0.02844692
8.0876055	0.027032431
8.1002417	0.025722722
8.1129141	0.024255846
8.1256304	0.022893745
8.1383867	0.021584036
8.1511831	0.020221936
8.1640196	0.018859837
8.1768961	0.017602514
8.1898146	0.016397581
8.2027731	0.015349812
8.2157736	0.014249654
8.2288151	0.01341144
8.2418976	0.012520837
8.2550211	0.011682622
8.2681875	0.010896795
8.281395	0.010320521
8.2946453	0.0094299186
8.3079386	0.0088012572
8.3212767	0.0082773725
8.3346548	0.0078058769
8.3480768	0.0073343809
8.3615408	0.0069676624
8.3750496	0.0066533317
8.3886013	0.0065485546
8.4021969	0.0064961663
8.4158373	0.0064961663
8.4295158	0.0066009429
8.4432449	0.0068628849
8.4570189	0.0072819931
8.4708366	0.0080154315
8.4847012	0.0087488685
8.4986105	0.0096918615
8.5125656	0.011106348
8.5265665	0.012887555
8.540616	0.014721151
8.5547094	0.0167643
8.5688496	0.019331332
8.5830364	0.02216031
8.59727	0.025198838
8.6115513	0.028761253
8.6258802	0.03242844
8.6402569	0.036357574
8.6546841	0.040391486
8.6691561	0.044373002
8.6836777	0.047830645
8.6982479	0.050502453
8.7128668	0.051497836
8.7275343	0.051393058
8.7422523	0.052597988
8.75702	0.05595085
8.7718325	0.060037147
8.7866993	0.064123452
8.8016176	0.067476302
8.8165865	0.069467068
8.8316059	0.07030528
8.8466768	0.07004334
8.8617992	0.069309905
8.8769741	0.06910035
8.8922033	0.06951946
8.9074821	0.070514835
8.9228134	0.071876936
8.9381971	0.073134258
8.9536343	0.074129634
8.9691257	0.074758299
8.9846697	0.075072624
9.000268	0.075177409
9.0159235	0.075125016
9.0316315	0.074758299
9.0473928	0.074286804
9.0632105	0.074129634
9.0790825	0.073972471
9.0950108	0.073710531
9.1109953	0.073867694
9.1270351	0.074129634
9.1431274	0.074286804
9.1592817	0.074601136
9.1754923	0.074915461
9.191761	0.075334571
9.2080879	0.075491734
9.224472	0.075544126
9.2409153	0.075544126
9.2574167	0.075963229
9.2739801	0.076329947
9.2906008	0.076696672
9.3072805	0.076853842
9.3240204	0.076749057
9.3408203	0.076644279
9.3576803	0.076329947
9.3746023	0.075701289
9.3915854	0.074915461
9.4086237	0.074077249
9.4257298	0.073186651
9.4428988	0.072243653
9.4601307	0.071510218
9.4774246	0.070881553
9.4947834	0.07004334
9.5122042	0.069152743
9.5296898	0.068314523
9.5472441	0.06731914
9.5648584	0.065799877
9.5825386	0.063547172
9.6002836	0.060875364
9.6180954	0.057836831
9.635973	0.054641139
9.6539164	0.051812161
9.6719275	0.049769014
9.6900091	0.048406914
9.7081556	0.047935415
9.7263699	0.048197366
9.7446527	0.049559459
9.7630043	0.051497836
9.7814245	0.053540982
9.7999153	0.055217415
9.8184757	0.056684289
9.837101	0.057941608
9.8558025	0.058622662
9.8745756	0.058884606
9.8934202	0.058675047
9.9123363	0.057679668
9.9313259	0.056317568
9.950388	0.054798301
9.9695234	0.053331424
9.9887362	0.052074105
10.008019	0.051550221
10.027377	0.051497836
10.04681	0.051916938
10.066319	0.052597988
10.085902	0.053698145
10.105563	0.055165023
10.1253	0.057103395
10.145119	0.059146546
10.165011	0.061242085
10.184982	0.063023292
10.205031	0.064018667
10.22516	0.064175837
10.245367	0.063442394
10.265656	0.06197552
10.286023	0.060875364
10.306466	0.060403869
10.326997	0.060822971
10.34761	0.061713576
10.368304	0.062970899
10.389083	0.063966282
10.409945	0.064647332
10.43089	0.065066442
10.45192	0.065275989
10.473039	0.065066442
10.49424	0.064647332
10.515526	0.063809112
10.536899	0.063023292
10.558359	0.062080298
10.579906	0.061189692
10.601542	0.060508646
10.623267	0.059827592
10.645084	0.059303708
10.666988	0.059041768
10.688982	0.058989383
10.711066	0.059198931
10.733243	0.059356101
10.755511	0.059618045
10.777872	0.059565648
10.800325	0.059251323
10.822865	0.058255944
10.845508	0.056946229
10.868244	0.055636518
10.891077	0.054064862
10.914005	0.052178882
10.937031	0.050397675
10.960154	0.04898319
10.983374	0.04814497
11.006698	0.047725867
11.030116	0.04788303
11.053635	0.048616469
11.077253	0.049402293
11.100973	0.049559459
11.124795	0.049611848
11.14872	0.049402293
11.172747	0.049192742
11.196871	0.04924513
11.221107	0.049611848
11.245447	0.05018812
11.269894	0.051602609
11.294447	0.054012477
11.319107	0.057208169
11.343875	0.060246702
11.368752	0.063075677
11.393744	0.065852262
11.418839	0.068157353
11.444047	0.069833785
11.469365	0.071091108
11.494797	0.071824543
11.52034	0.071929328
11.545999	0.071510218
11.571771	0.071143501
11.597663	0.070567228
11.623667	0.069729
11.649787	0.068524078
11.676025	0.067738242
11.702382	0.067109585
11.728858	0.066114202
11.755454	0.065223604
11.782171	0.064490169
11.809002	0.063442394
11.835962	0.062604174
11.863048	0.062080298
11.890256	0.061870746
11.91759	0.061923131
11.94505	0.062394626
11.972636	0.062970899
12.000351	0.063494787
12.028198	0.064437777
12.056171	0.065590322
12.084274	0.066585705
12.112508	0.067371525
12.140875	0.06810496
12.169374	0.069152743
12.198009	0.070200503
12.226777	0.071300663
12.255688	0.072138876
12.28473	0.072872311
12.31391	0.073134258
12.343228	0.073029488
12.372687	0.072767541
12.402287	0.072191268
12.432029	0.071143501
12.461913	0.070252895
12.491931	0.069833785
12.522105	0.06951946
12.552425	0.068995573
12.582892	0.069047958
12.613507	0.06910035
12.644272	0.069309905
12.675187	0.069676623
12.706254	0.069886178
12.737479	0.06962423
12.768852	0.06894318
12.80038	0.068052582
12.832064	0.06731914
12.863906	0.065852262
12.895905	0.063704334
12.928064	0.061084915
12.960384	0.058255944
12.992874	0.05553174
13.025519	0.052807543
13.05833	0.049873792
13.091305	0.047463927
13.124448	0.045682713
13.157759	0.044582561
13.191238	0.0434824
13.22489	0.042277467
13.258701	0.040810589
13.292698	0.039081775
13.326869	0.037143402
13.361217	0.035362195
13.395742	0.03379054
13.430446	0.033214271
13.46533	0.033004716
13.500397	0.032690383
13.535651	0.031904556
13.571085	0.030909177
13.606705	0.029599465
13.642511	0.028237369
13.678508	0.026927657
13.714694	0.026613327
13.751073	0.026980046
13.787644	0.027294377
13.82442	0.028080203
13.861383	0.028761253
13.898545	0.028761253
13.935907	0.028394533
13.97347	0.027713483
14.011236	0.027294377
14.049208	0.026508549
14.087384	0.025932277
14.125755	0.025408391
14.16435	0.025146449
14.203156	0.025041673
14.242176	0.025251226
14.281411	0.025932277
14.320862	0.027241988
14.360532	0.028708864
14.400422	0.029599465
14.440542	0.029704243
14.48088	0.028761253
14.521442	0.027241988
14.562233	0.02614183
14.603253	0.02509406
14.644506	0.024203457
14.685991	0.023260465
14.727713	0.022317475
14.76966	0.021531649
14.811859	0.021374481
14.8543	0.020693433
14.896984	0.020064771
14.939916	0.019383723
14.983094	0.018440729
15.026524	0.01770729
15.070205	0.017288186
15.11415	0.0167643
15.158343	0.01702624
15.202796	0.017550126
15.24751	0.018597895
15.292488	0.01943611
15.337732	0.020064771
15.383245	0.02011716
15.429028	0.020012382
15.475092	0.020588655
15.521424	0.020588655
15.568036	0.020379102
15.614927	0.02079821
15.662103	0.020588655
15.709563	0.020483879
15.757313	0.020745821
15.805353	0.020902988
15.853672	0.021164929
15.902304	0.021636425
15.951234	0.02210792
16.000465	0.022579415
16.050003	0.023417633
16.099848	0.025251226
16.150003	0.027294377
16.200472	0.029809022
16.251265	0.032899939
16.30237	0.03583369
16.353796	0.038086392
16.405548	0.040862981
16.45763	0.043430012
16.510042	0.045263611
16.56279	0.046678092
16.615877	0.048406914
16.669313	0.049873792
16.723085	0.050816782
16.777206	0.05202172
16.831676	0.053279039
16.886503	0.054483976
16.941689	0.056055628
16.997234	0.057574891
17.053146	0.059565648
17.109409	0.061923131
17.166063	0.063809112
17.223093	0.065171212
17.280504	0.067109585
17.338299	0.0684193
17.396481	0.069047958
17.455055	0.069152743
17.514025	0.069414675
17.573404	0.068471685
17.633179	0.067109585
17.693359	0.0656951
17.753954	0.065118827
17.814964	0.066323757
17.876394	0.068838403
17.938251	0.072138876
18.000536	0.076591894
18.063269	0.080416255
18.126427	0.083507165
18.190027	0.086074203
18.254078	0.087279126
18.318579	0.086545698
18.383539	0.084816881
18.448961	0.084031045
18.514851	0.084659718
18.58119	0.08439777
18.648029	0.08319284
18.715351	0.081411637
18.783159	0.079839975
18.851461	0.08073058
18.920263	0.084345371
18.989569	0.089322284
19.059383	0.094456345
19.129725	0.099380866
19.200575	0.1046721
19.271952	0.10949183
19.343863	0.11253036
19.416311	0.11410201
19.489305	0.11530694
19.562849	0.11577845
19.636951	0.11499262
19.711594	0.11420679
19.786827	0.11331619
19.862638	0.11169215
19.939034	0.109649
20.016018	0.10640091
20.093599	0.10378148
20.171785	0.10090014
20.250582	0.098699816
20.330009	0.09698189
20.410049	0.094379514
20.490723	0.091950633
20.572035	0.090157889
20.653994	0.089406081
20.73661	0.086225398
20.819889	0.08252424
20.903841	0.080326684
20.988487	0.076625526
21.073807	0.072866537
21.159821	0.072403885
21.246542	0.073213525
21.333977	0.074427962
21.422132	0.074948445
21.511023	0.076914676
21.600651	0.079054408
21.691	0.082003772
21.782139	0.082292922
21.874046	0.081656784
21.966734	0.080847159
22.060209	0.081020653
22.154484	0.079401396
22.249567	0.078418277
22.34547	0.078649588
22.442221	0.077782132
22.539797	0.075526744
22.638224	0.07332918
22.737514	0.071652092
22.837679	0.072866537
22.93873	0.072750874
23.04068	0.071015954
23.143541	0.069165379
23.247343	0.067719616
23.35206	0.065232895
23.457727	0.06407629
23.564352	0.06338232
23.671953	0.062514864
23.78054	0.059796825
23.890127	0.056558311
24.000731	0.053840272
24.112324	0.052568004
24.224998	0.052683666
24.338732	0.055401698
24.453537	0.057541434
24.569429	0.060085975
24.686426	0.062167879
24.804543	0.064770252
24.923796	0.066736497
25.044222	0.06615819
25.165796	0.064134121
25.288555	0.06378714
25.412519	0.063150994
25.537704	0.063035339
25.664127	0.062110048
25.791811	0.062052216
25.920769	0.061589573
26.051052	0.061936557
26.182623	0.058929365
26.315529	0.05563302
26.449793	0.058524553
26.585432	0.061763059
26.722471	0.063960627
26.860929	0.065001577
27.00083	0.064596765
27.142149	0.064018458
27.285002	0.06378714
27.429367	0.064596765
27.575268	0.064943746
27.722729	0.067314804
27.871777	0.070726804
28.022434	0.073733993
28.17473	0.075121924
28.328716	0.076567695
28.484369	0.078476109
28.641743	0.079979695
28.800863	0.080095358
28.961761	0.081020653
29.124468	0.080326684
29.289013	0.08148329
29.455427	0.085068792
29.623777	0.088075981
29.794029	0.089753069
29.966249	0.091950633
30.140471	0.091661483
30.316732	0.090794019
30.495066	0.087613329
30.67551	0.08425916
30.858103	0.080615833
31.04282	0.079979695
31.229824	0.081598952
31.419096	0.082697742
31.610676	0.082986891
31.804607	0.083160378
32.000931	0.083565198
32.199696	0.084374823
32.400944	0.082061604
32.604759	0.079979695
32.811115	0.077146001
33.020103	0.074601457
33.231773	0.07402315
33.446171	0.074601457
33.663353	0.074774943
33.883377	0.074427962
34.106293	0.072982199
34.332088	0.073387004
34.560966	0.07535325
34.792919	0.076972507
35.028008	0.075931557
35.266293	0.074717119
35.507843	0.072172575
35.752724	0.072056912
36.001007	0.073733993
36.252811	0.077666476
36.508114	0.080962822
36.767036	0.084606141
37.029659	0.087613329
37.296059	0.090042226
37.566319	0.091140993
37.840527	0.093280733
38.118767	0.093454227
38.40118	0.093454227
38.687756	0.092991576
38.978642	0.092702433
39.273933	0.091083176
39.573734	0.089637406
39.878147	0.08703503
40.187283	0.082292922
40.501244	0.0763942
40.820042	0.071709923
41.144012	0.066273853
41.473164	0.062514864
41.807625	0.059738994
42.147522	0.060432959
42.492992	0.059912488
42.844173	0.059854656
43.20121	0.062457029
43.564312	0.067603961
43.933502	0.072808705
44.309002	0.080326684
44.690975	0.084374823
45.079594	0.087497674
45.475029	0.091777138
45.87746	0.094784334
46.287083	0.094726488
46.704159	0.094842158
47.128742	0.09565179
47.561119	0.095825277
48.001499	0.094321683
48.450111	0.094437346
48.907188	0.091950633
49.372971	0.089290425
49.847713	0.087844655
50.331509	0.086688042
50.824955	0.082986891
51.328171	0.079921871
51.841454	0.078244783
52.365105	0.081888109
52.899441	0.085878417
53.444794	0.090620525
54.001511	0.093743376
54.570061	0.097733684
55.150593	0.10137702
55.74361	0.10415288
56.349518	0.10716008
56.968742	0.11022509
57.60173	0.10843234
58.24894	0.11045641
58.910862	0.11149737
59.588123	0.11490937
60.28101	0.11167086
60.9902	0.10843234
61.716274	0.10675526
62.459846	0.10340109
63.221554	0.092760257
64.002068	0.10212881
64.802094	0.11768524
65.622093	0.11224917
66.463402	0.10687092
67.326561	0.10409505
68.21244	0.098543316
69.121933	0.089174762
70.056015	0.084027834
71.015686	0.088018149
72.002014	0.087382019
73.016319	0.090215713
74.05941	0.097213216
75.132736	0.11039858
76.237625	0.12456708
77.375504	0.13266335
78.547859	0.14041266
79.756294	0.1522101
81.002487	0.15799315
82.28849	0.16499066
83.61573	0.17343391
84.986481	0.18025793
86.402931	0.18135671
87.867393	0.18251333
89.382355	0.18459523
90.95047	0.19153489
92.574593	0.19922636
94.25721	0.19737579
96.002708	0.19089875
97.814079	0.19274935
99.695114	0.18910602
101.64992	0.18979996
103.68291	0.18881685
105.79889	0.19043609
108.00303	0.18945298
110.30139	0.18517353
112.69925	0.17331827
115.20368	0.16585812
117.82195	0.15874495
120.562	0.16273525
123.43254	0.16950144
126.44309	0.1584558
129.60419	0.14775714
132.92625	0.15556426
136.42429	0.14943424
140.11142	0.1612895
144.00337	0.15608476
148.11772	0.15729918
152.47411	0.13671151
157.0945	0.14509694
162.00366	0.14000785
167.23055	0.13989219
172.80489	0.11010943
178.76367	0.12849955
185.14809	0.11832138
