# Epsomite, Chemical Formula: MgSO4*7H2O
# Sample ID: GDS149
# wavelengths (microns), reflectance
1.4782305	0.073769517
1.478652	0.073750027
1.4790739	0.073633045
1.479496	0.073613562
1.4799184	0.073516086
1.480341	0.073262647
1.4807638	0.073028706
1.4811869	0.072892234
1.4816102	0.072872743
1.4820337	0.072599806
1.4824575	0.072677791
1.4828815	0.072755769
1.4833061	0.072658293
1.4837304	0.072346374
1.4841553	0.072209902
1.4845803	0.072248898
1.4850056	0.072151423
1.4854311	0.072248898
1.4858568	0.072190411
1.4862827	0.072112426
1.4867089	0.071975969
1.4871353	0.071956463
1.4875621	0.071995459
1.4879889	0.071995459
1.4884162	0.071839496
1.4888437	0.071683533
1.4892714	0.071625046
1.4896992	0.071449593
1.4901278	0.071332626
1.4905561	0.071371615
1.4909849	0.071196169
1.4914138	0.071215652
1.491843	0.071508087
1.4922724	0.071566567
1.4927021	0.071644545
1.493132	0.071410604
1.4935622	0.071040206
1.4939926	0.070767269
1.4944233	0.070884243
1.4948542	0.071137674
1.4952854	0.07107918
1.4957168	0.071098685
1.4961485	0.071157172
1.4965804	0.070942722
1.4970125	0.070669793
1.4974447	0.070689291
1.4978775	0.07074777
1.4983103	0.07074777
1.4987437	0.070689291
1.499177	0.07074777
1.4996107	0.0710207
1.5000446	0.07107918
1.5004789	0.070845254
1.5009133	0.07072828
1.5013479	0.070825756
1.5017828	0.070767269
1.502218	0.070669793
1.5026534	0.07051383
1.5030892	0.070416346
1.503525	0.070650302
1.5039612	0.07074777
1.5043976	0.070669793
1.5048344	0.070708781
1.5052713	0.070611313
1.5057086	0.070552826
1.506146	0.070416346
1.5065837	0.07045535
1.5070215	0.070494339
1.5074598	0.070474841
1.5078982	0.07045535
1.5083369	0.07045535
1.5087758	0.070299387
1.5092151	0.070260398
1.5096546	0.070494339
1.5100944	0.070572317
1.5105344	0.070435852
1.5109746	0.070552826
1.5114151	0.070435852
1.511856	0.070572317
1.5122969	0.070611313
1.5127382	0.070474841
1.5131798	0.070435852
1.5136217	0.070533335
1.5140636	0.070552826
1.514506	0.070650302
1.5149485	0.070572317
1.5153915	0.070416346
1.5158345	0.070474841
1.5162779	0.070474841
1.5167215	0.070494339
1.5171654	0.070689291
1.5176095	0.070689291
1.518054	0.070669793
1.5184987	0.070591815
1.5189435	0.070396863
1.5193887	0.070416346
1.5198342	0.070650302
1.5202799	0.070767269
1.5207258	0.070630804
1.521172	0.070338376
1.5216186	0.07045535
1.5220653	0.070630804
1.5225123	0.070650302
1.5229596	0.070552826
1.5234071	0.070494339
1.5238549	0.070630804
1.524303	0.070689291
1.5247513	0.070611313
1.5251998	0.070552826
1.5256486	0.070591815
1.5260978	0.070708781
1.5265471	0.070708781
1.5269967	0.07074777
1.5274466	0.070611313
1.5278969	0.070416346
1.5283473	0.07051383
1.528798	0.070669793
1.529249	0.07072828
1.5297003	0.070825756
1.5301517	0.070767269
1.5306035	0.070767269
1.5310555	0.070786767
1.5315078	0.070825756
1.5319604	0.07074777
1.5324134	0.070591815
1.5328665	0.070650302
1.5333198	0.070572317
1.5337734	0.070474841
1.5342274	0.070591815
1.5346816	0.070650302
1.5351361	0.070845254
1.5355908	0.070981711
1.5360456	0.070981711
1.5365007	0.07096222
1.5369563	0.070903733
1.537412	0.070767269
1.5378683	0.070689291
1.5383245	0.070884243
1.5387812	0.070981711
1.539238	0.0710207
1.5396953	0.071040206
1.5401527	0.071059689
1.5406104	0.07107918
1.5410683	0.071040206
1.5415267	0.0710207
1.5419852	0.071098685
1.542444	0.07107918
1.5429029	0.0710207
1.5433626	0.071059689
1.5438222	0.071176663
1.5442821	0.071118183
1.5447421	0.07096222
1.5452026	0.071040206
1.5456632	0.071215652
1.5461243	0.071215652
1.5465856	0.071215652
1.5470469	0.071118183
1.5475086	0.071196169
1.5479708	0.07129363
1.5484331	0.071157172
1.5488957	0.071157172
1.5493586	0.071332626
1.5498219	0.071449593
1.5502852	0.071371615
1.5507492	0.071410604
1.5512131	0.071605556
1.5516775	0.071547076
1.552142	0.071508087
1.5526069	0.071547076
1.553072	0.071625046
1.5535375	0.071586065
1.5540031	0.071527578
1.5544689	0.071547076
1.5549351	0.071722522
1.5554017	0.071722522
1.5558684	0.071625046
1.5563356	0.071683533
1.5568029	0.071761519
1.5572705	0.071820006
1.5577384	0.071800508
1.5582068	0.071781017
1.5586753	0.071917482
1.5591441	0.071936972
1.5596131	0.071897984
1.5600824	0.071917482
1.560552	0.071878485
1.561022	0.071936972
1.5614921	0.072034448
1.5619628	0.071956463
1.5624335	0.072034448
1.5629046	0.072190411
1.5633758	0.072190411
1.5638475	0.072209902
1.5643194	0.07228788
1.5647916	0.072346374
1.565264	0.07228788
1.5657365	0.072385363
1.5662096	0.072346374
1.5666829	0.072307393
1.5671564	0.072443843
1.5676304	0.072482839
1.5681045	0.072443843
1.5685791	0.07250233
1.5690538	0.072580315
1.5695291	0.072599806
1.5700043	0.072677791
1.57048	0.072775267
1.5709559	0.072736278
1.5714321	0.072814256
1.5719085	0.072853245
1.5723853	0.072794765
1.5728624	0.072814256
1.5733397	0.072814256
1.5738174	0.072892234
1.5742953	0.073028706
1.5747734	0.073009208
1.5752521	0.072970219
1.5757308	0.073009208
1.5762099	0.073009208
1.5766892	0.072970219
1.5771688	0.07298971
1.5776488	0.073106684
1.5781291	0.073184669
1.5786096	0.073243149
1.5790905	0.07320416
1.5795716	0.073243149
1.5800531	0.073360115
1.5805347	0.073340625
1.5810168	0.073438101
1.5814991	0.073516086
1.5819818	0.073477089
1.5824646	0.073477089
1.5829479	0.073516086
1.5834312	0.073516086
1.5839151	0.073555067
1.5843991	0.073633045
1.5848837	0.073652543
1.5853683	0.073652543
1.5858533	0.073730528
1.5863385	0.073691539
1.5868242	0.073594056
1.58731	0.073633045
1.5877962	0.073808506
1.5882826	0.073886491
1.5887693	0.07392548
1.5892563	0.074003458
1.5897436	0.074022949
1.5902313	0.074003458
1.5907192	0.07392548
1.5912075	0.07398396
1.591696	0.074100927
1.5921849	0.074022949
1.592674	0.07398396
1.5931635	0.074061938
1.5936533	0.074120432
1.5941433	0.074217901
1.5946337	0.074315384
1.5951242	0.074295878
1.5956153	0.074295878
1.5961065	0.074315384
1.5965984	0.074354373
1.5970901	0.074451841
1.5975825	0.074607804
1.5980748	0.07476376
1.5985676	0.074841745
1.5990607	0.074822254
1.5995542	0.074861236
1.6000477	0.074802756
1.6005416	0.07476376
1.6010358	0.074802756
1.6015304	0.074861236
1.6020253	0.074997708
1.6025206	0.075134173
1.603016	0.075212158
1.6035119	0.075212158
1.604008	0.075153671
1.6045047	0.075173162
1.6050013	0.075212158
1.6054984	0.075212158
1.6059958	0.075173162
1.6064935	0.075290136
1.6069914	0.075426601
1.6074898	0.075446099
1.6079884	0.075485088
1.608487	0.075524077
1.6089861	0.075621553
1.6094857	0.075719029
1.6099856	0.075719029
1.6104858	0.075758025
1.6109861	0.075777516
1.611487	0.075660542
1.6119881	0.07568004
1.6124896	0.075797006
1.6129912	0.075874992
1.6134933	0.075952969
1.6139956	0.076108932
1.6144984	0.076206408
1.6150012	0.076128423
1.6155045	0.076089442
1.616008	0.076225899
1.6165122	0.076284379
1.6170163	0.076284379
1.6175209	0.076420859
1.6180257	0.076498836
1.6185309	0.07651832
1.6190363	0.076537825
1.6195421	0.076635294
1.6200482	0.076635294
1.6205544	0.076576814
1.6210611	0.076713271
1.6215682	0.076752275
1.6220756	0.076752275
1.6225833	0.076732777
1.6230912	0.076791264
1.6235996	0.076947212
1.6241082	0.077044696
1.6246173	0.077044696
1.6251266	0.077083685
1.6256363	0.077259138
1.6261462	0.077337116
1.6266564	0.077259138
1.627167	0.077317625
1.6276779	0.077317625
1.6281891	0.077356614
1.6287007	0.077473588
1.6292125	0.077493079
1.6297247	0.077493079
1.6302372	0.077590555
1.6307501	0.077668533
1.6312631	0.077610061
1.6317767	0.077629551
1.6322904	0.077766016
1.6328044	0.077843994
1.6333188	0.077863492
1.6338336	0.077921979
1.6343486	0.077882983
1.6348641	0.077921979
1.6353798	0.078038946
1.6358958	0.078175418
1.6364123	0.0782144
1.6369292	0.078233898
1.637446	0.078272887
1.6379635	0.078389853
1.6384811	0.07842885
1.6389992	0.078409359
1.6395175	0.078506835
1.6400362	0.078565322
1.6405551	0.078526326
1.6410745	0.0786433
1.6415942	0.078701772
1.6421142	0.07866279
1.6426344	0.078701772
1.6431552	0.078740776
1.643676	0.078838252
1.6441975	0.079033196
1.644719	0.079072192
1.6452409	0.079072192
1.6457632	0.07915017
1.6462859	0.079189159
1.6468087	0.079228148
1.6473321	0.079286635
1.6478556	0.079286635
1.6483797	0.079325616
1.648904	0.07936462
1.6494286	0.079345122
1.6499535	0.079384111
1.6504788	0.079442598
1.6510044	0.079540066
1.6515305	0.079520568
1.6520567	0.079520568
1.6525834	0.079715535
1.6531103	0.079871491
1.6536378	0.079871491
1.6541654	0.079774022
1.6546935	0.079851992
1.6552217	0.080105431
1.6557504	0.080124922
1.6562793	0.080085926
1.6568087	0.080105431
1.6573384	0.080105431
1.6578683	0.080183409
1.6583985	0.080241889
1.6589293	0.0802029
1.6594603	0.080280885
1.6599917	0.080319874
1.6605233	0.080300383
1.6610554	0.08041735
1.6615878	0.08047583
1.6621207	0.080495335
1.6626537	0.080553815
1.6631873	0.080651291
1.6637208	0.080651291
1.664255	0.080670789
1.6647894	0.080768265
1.6653243	0.080748767
1.6658593	0.080768265
1.6663947	0.080826752
1.6669306	0.080846243
1.6674668	0.08090473
1.6680032	0.080846243
1.6685401	0.080865733
1.6690773	0.080982715
1.6696149	0.081099682
1.6701527	0.081177659
1.670691	0.08113867
1.6712295	0.081099682
1.6717685	0.08113867
1.6723077	0.081294633
1.6728474	0.081333622
1.6733873	0.081314132
1.6739277	0.081275135
1.6744683	0.081294633
1.6750095	0.081314132
1.6755508	0.081333622
1.6760926	0.081392109
1.6766347	0.081353113
1.6771772	0.081372611
1.6777198	0.081392109
1.6782631	0.081450589
1.6788064	0.081606552
1.6793501	0.081645548
1.6798942	0.081567563
1.6804388	0.081606552
1.6809837	0.08162605
1.6815289	0.081665039
1.6820744	0.081704035
1.6826205	0.081782013
1.6831667	0.081801504
1.6837136	0.081782013
1.6842605	0.081743017
1.684808	0.081801504
1.6853557	0.081918471
1.6859038	0.081937976
1.6864522	0.081918471
1.687001	0.081859991
1.6875501	0.081801504
1.6881	0.081879482
1.6886498	0.08189898
1.6892	0.081918471
1.6897506	0.081918471
1.6903015	0.081918471
1.6908529	0.08189898
1.6914046	0.081840493
1.6919565	0.081859991
1.6925087	0.081918471
1.6930614	0.081976965
1.6936146	0.081918471
1.694168	0.081918471
1.6947218	0.081937976
1.695276	0.081957459
1.6958306	0.081996456
1.6963854	0.082035452
1.6969409	0.082035452
1.6974965	0.082035452
1.6980526	0.081957459
1.6986089	0.081976965
1.6991657	0.081976965
1.6997228	0.081918471
1.7002803	0.081859991
1.7008381	0.081840493
1.7013963	0.081918471
1.7019548	0.082054943
1.7025138	0.082035452
1.703073	0.081918471
1.7036328	0.081918471
1.7041928	0.081976965
1.7047533	0.081957459
1.7053139	0.08189898
1.705875	0.081937976
1.7064364	0.08189898
1.7069983	0.081840493
1.7075605	0.081801504
1.7081233	0.08189898
1.7086862	0.081937976
1.7092496	0.081996456
1.7098132	0.081996456
1.7103775	0.081976965
1.7109419	0.081937976
1.7115068	0.081879482
1.712072	0.081821002
1.7126377	0.081840493
1.7132035	0.081937976
1.7137699	0.081996456
1.7143366	0.081996456
1.7149036	0.081996456
1.715471	0.081976965
1.7160389	0.081879482
1.7166071	0.081879482
1.7171758	0.081918471
1.7177447	0.081937976
1.7183142	0.081937976
1.7188838	0.081957459
1.7194541	0.081976965
1.7200245	0.081918471
1.7205955	0.081976965
1.7211666	0.082054943
1.7217383	0.082113422
1.7223103	0.082093932
1.7228827	0.081996456
1.7234554	0.082035452
1.7240288	0.082113422
1.7246022	0.082093932
1.7251762	0.082054943
1.7257504	0.082074434
1.7263252	0.082035452
1.7269002	0.082054943
1.7274756	0.082074434
1.7280514	0.082074434
1.7286276	0.08217191
1.7292041	0.082269385
1.7297812	0.082230389
1.7303585	0.082230389
1.7309363	0.082230389
1.7315143	0.082230389
1.732093	0.082249895
1.7326717	0.082210906
1.7332511	0.082230389
1.7338307	0.082327873
1.7344109	0.082386352
1.7349913	0.082405843
1.7355722	0.082405843
1.7361534	0.082366869
1.7367351	0.082327873
1.737317	0.082366869
1.7378997	0.082366869
1.7384824	0.082386352
1.7390656	0.082425356
1.7396491	0.082444847
1.7402332	0.082464345
1.7408174	0.082483836
1.7414023	0.082503326
1.7419873	0.082464345
1.7425728	0.082483836
1.7431587	0.082483836
1.7437451	0.082503326
1.7443317	0.082620293
1.7449189	0.082620293
1.7455064	0.082620293
1.7460943	0.082561813
1.7466825	0.082561813
1.7472714	0.082581304
1.7478604	0.08260081
1.7484499	0.082639799
1.7490398	0.082678787
1.7496301	0.082678787
1.7502208	0.082717776
1.7508119	0.082756765
1.7514033	0.082776256
1.7519954	0.082737267
1.7525877	0.082698278
1.7531804	0.082776256
1.7537735	0.082756765
1.754367	0.082698278
1.7549609	0.082756765
1.7555553	0.082795754
1.7561499	0.082717776
1.7567449	0.082737267
1.7573403	0.082873739
1.7579362	0.082912728
1.7585325	0.082893223
1.7591293	0.082815245
1.7597264	0.082756765
1.760324	0.082815245
1.7609218	0.082893223
1.7615204	0.082912728
1.7621191	0.082932219
1.7627183	0.082951717
1.7633178	0.082990706
1.7639178	0.082990706
1.7645181	0.082951717
1.7651191	0.082912728
1.7657201	0.082912728
1.7663218	0.082893223
1.7669238	0.082971208
1.7675263	0.083068684
1.768129	0.083088182
1.7687324	0.083088182
1.769336	0.083010197
1.7699401	0.082990706
1.7705445	0.083049186
1.7711494	0.083029695
1.7717546	0.082971208
1.7723604	0.083049186
1.7729665	0.083146669
1.773573	0.083146669
1.7741799	0.083029695
1.7747874	0.082912728
1.7753952	0.082951717
1.7760036	0.083010197
1.7766122	0.083088182
1.7772213	0.083146669
1.7778307	0.083107673
1.7784407	0.083107673
1.7790509	0.083146669
1.7796618	0.083146669
1.7802728	0.083068684
1.7808841	0.083049186
1.781496	0.083146669
1.7821085	0.083185658
1.7827213	0.083127171
1.7833346	0.083127171
1.7839482	0.083146669
1.7845623	0.083146669
1.7851768	0.083205149
1.785792	0.083205149
1.7864072	0.083146669
1.7870232	0.083088182
1.7876393	0.083146669
1.788256	0.08316616
1.788873	0.083205149
1.7894906	0.083185658
1.7901084	0.08316616
1.790727	0.083146669
1.7913457	0.08316616
1.7919649	0.083205149
1.7925845	0.083205149
1.7932047	0.083127171
1.793825	0.083205149
1.794446	0.083283126
1.7950673	0.083283126
1.795689	0.08316616
1.7963111	0.083127171
1.7969339	0.083244152
1.7975569	0.083302625
1.7981805	0.083302625
1.7988043	0.083302625
1.7994287	0.083283126
1.8000535	0.083302625
1.800679	0.083283126
1.8013045	0.083263636
1.8019307	0.083302625
1.8025571	0.083322123
1.8031842	0.083283126
1.8038116	0.083322123
1.8044394	0.083341613
1.8050677	0.083341613
1.8056965	0.083361112
1.8063256	0.083361112
1.8069552	0.083322123
1.8075852	0.083341613
1.8082157	0.083361112
1.8088466	0.083380602
1.809478	0.083400108
1.8101097	0.083419599
1.8107419	0.083478093
1.8113745	0.083439089
1.8120078	0.083380602
1.8126413	0.083458588
1.8132753	0.083458588
1.8139096	0.083380602
1.8145447	0.083419599
1.8151799	0.083458588
1.8158158	0.083458588
1.8164519	0.083517075
1.8170887	0.083556063
1.8177258	0.083517075
1.8183634	0.083517075
1.8190013	0.083556063
1.8196399	0.083478093
1.8202788	0.083419599
1.8209183	0.083419599
1.8215581	0.083419599
1.8221985	0.083497576
1.8228391	0.083536565
1.8234804	0.083556063
1.8241218	0.083517075
1.824764	0.083478093
1.8254064	0.083419599
1.8260493	0.083400108
1.8266927	0.083497576
1.8273367	0.083497576
1.8279809	0.083439089
1.8286258	0.083380602
1.829271	0.083400108
1.8299167	0.083400108
1.8305628	0.083283126
1.8312097	0.083224647
1.8318566	0.083185658
1.8325043	0.083185658
1.8331522	0.083224647
1.8338007	0.083205149
1.8344495	0.083127171
1.835099	0.083068684
1.8357487	0.082971208
1.8363992	0.082951717
1.83705	0.082893223
1.8377012	0.082776256
1.8383528	0.082854249
1.839005	0.082756765
1.8396575	0.08260081
1.8403107	0.082561813
1.8409641	0.082444847
1.8416178	0.082327873
1.8422722	0.082405843
1.8429272	0.082366869
1.8435825	0.082230389
1.8442384	0.08217191
1.8448946	0.082093932
1.8455515	0.081976965
1.8462087	0.081801504
1.8468666	0.081567563
1.8475248	0.081470087
1.8481835	0.081392109
1.8488425	0.081333622
1.8495022	0.081158169
1.8501621	0.081060693
1.8508228	0.080982715
1.8514837	0.08090473
1.852145	0.080729268
1.8528068	0.08047583
1.8534694	0.080280885
1.8541322	0.0802029
1.8547956	0.080007948
1.8554593	0.079774022
1.8561238	0.079598546
1.8567885	0.079442598
1.8574541	0.079286635
1.8581197	0.079033196
1.858786	0.07866279
1.8594526	0.078311875
1.8601199	0.078233898
1.8607875	0.078058437
1.8614557	0.077824496
1.8621242	0.077571072
1.8627936	0.077220157
1.8634632	0.076869234
1.8641332	0.07651832
1.8648038	0.07624539
1.8654748	0.076011457
1.8661463	0.075699531
1.8668184	0.07525114
1.8674908	0.074783258
1.8681637	0.074510328
1.868837	0.074100927
1.869511	0.073691539
1.8701854	0.073145673
1.8708603	0.07271678
1.8715357	0.072482839
1.8722117	0.071936972
1.872888	0.071410604
1.8735651	0.071001202
1.8742423	0.070552826
1.8749202	0.070065446
1.8755985	0.069597565
1.8762774	0.068993211
1.8769567	0.06848634
1.8776366	0.067998953
1.8783168	0.067472599
1.8789977	0.066926725
1.8796788	0.06628339
1.8803607	0.065718032
1.881043	0.065152675
1.8817258	0.064509332
1.882409	0.063827008
1.8830929	0.063144676
1.883777	0.062442854
1.8844618	0.061780017
1.8851469	0.061117183
1.8858327	0.060493343
1.8865188	0.059772026
1.8872057	0.059089694
1.8878928	0.058368377
1.8885808	0.057569079
1.8892689	0.056789268
1.8899578	0.056067951
1.8906469	0.055366129
1.8913368	0.054566827
1.892027	0.053728536
1.8927178	0.052987725
1.893409	0.05224691
1.8941009	0.051525589
1.8947932	0.050745785
1.8954861	0.049887996
1.8961793	0.049030218
1.8968732	0.048269901
1.8975675	0.047529098
1.8982624	0.046690803
1.8989576	0.045755036
1.8996536	0.044955738
1.9003499	0.044234421
1.9010466	0.043474108
1.9017439	0.042616319
1.9024419	0.041719545
1.9031402	0.040959235
1.9038392	0.040237915
1.9045385	0.039497104
1.9052386	0.038736794
1.905939	0.038054466
1.9066402	0.037333146
1.9073416	0.036670312
1.9080436	0.035987984
1.9087461	0.035344645
1.9094492	0.034662317
1.9101527	0.034038473
1.9108568	0.03339513
1.9115614	0.032751791
1.9122664	0.03212795
1.912972	0.031504106
1.9136782	0.030977739
1.9143847	0.030509856
1.915092	0.029963991
1.9157996	0.029437624
1.916508	0.028891759
1.9172167	0.028384889
1.9179261	0.0279365
1.9186358	0.027429627
1.9193462	0.026942249
1.9200571	0.026532851
1.9207685	0.026123455
1.9214803	0.025753047
1.9221928	0.02538264
1.9229058	0.025012234
1.9236195	0.024641823
1.9243335	0.024349399
1.9250481	0.023978991
1.9257631	0.02362808
1.9264789	0.023355149
1.927195	0.023101712
1.9279118	0.022809286
1.9286289	0.02255585
1.9293463	0.022302411
1.9300646	0.022087967
1.9307835	0.021873521
1.9315028	0.021678569
1.9322227	0.021464121
1.9329431	0.021269172
1.9336642	0.021171696
1.9343857	0.021054724
1.9351079	0.020898763
1.9358305	0.020742802
1.9365537	0.020645326
1.9372772	0.02066482
1.9380015	0.020645326
1.9387262	0.020547854
1.9394516	0.020508863
1.9401773	0.020528356
1.940904	0.020606339
1.9416308	0.020684317
1.9423584	0.020723306
1.9430864	0.020820782
1.943815	0.020976745
1.9445441	0.021132704
1.9452738	0.021210687
1.9460039	0.021327658
1.9467345	0.021542104
1.9474658	0.021678569
1.9481977	0.021795539
1.94893	0.021970997
1.949663	0.022126954
1.9503965	0.022282917
1.9511306	0.022399887
1.9518652	0.022536354
1.9526006	0.022594839
1.9533362	0.022692315
1.9540726	0.022848275
1.9548093	0.022926256
1.9555469	0.02290676
1.9562846	0.022984741
1.9570233	0.023101712
1.9577622	0.023101712
1.9585019	0.023121208
1.959242	0.023257673
1.9599829	0.023335652
1.960724	0.023374643
1.961466	0.023394139
1.9622083	0.023413634
1.9629514	0.023491614
1.9636948	0.023608584
1.9644389	0.023647575
1.9651834	0.023667069
1.9659288	0.023706058
1.9666744	0.023823032
1.9674209	0.023901014
1.9681678	0.023959497
1.9689153	0.02401798
1.9696634	0.024056973
1.9704123	0.024134951
1.9711614	0.024251923
1.9719112	0.024368893
1.9726615	0.024446875
1.9734125	0.024524856
1.9741639	0.024622329
1.9749161	0.024680816
1.9756685	0.024817282
1.976422	0.024953747
1.9771756	0.02510971
1.9779301	0.025265669
1.9786849	0.025460619
1.9794405	0.02557759
1.9801965	0.025675066
1.9809532	0.025850523
1.9817104	0.026006484
1.9824681	0.026162444
1.9832264	0.026298912
1.9839855	0.026474368
1.984745	0.026708309
1.9855052	0.02690326
1.9862659	0.027117705
1.9870273	0.027332151
1.987789	0.027546598
1.9885516	0.027741551
1.9893147	0.027897509
1.9900783	0.028092459
1.9908425	0.028326403
1.9916074	0.028560342
1.9923728	0.028774792
1.9931389	0.028969742
1.9939053	0.029223178
1.9946727	0.029496107
1.9954402	0.029691061
1.9962088	0.029963991
1.9969776	0.030236924
1.9977473	0.030451372
1.9985173	0.030704807
1.9992882	0.030938746
2.0000594	0.031192185
2.0008314	0.03140663
2.0016038	0.031640574
2.002377	0.031913504
2.0031507	0.03212795
2.0039251	0.032439873
2.0046999	0.032751791
2.0054755	0.032966241
2.0062516	0.033200178
2.0070286	0.033414628
2.0078058	0.033668064
2.0085838	0.033960488
2.0093622	0.034213927
2.0101414	0.034467366
2.010921	0.034720801
2.0117013	0.034915753
2.0124824	0.035110705
2.0132637	0.035403132
2.0140457	0.035676062
2.0148287	0.035910003
2.0156119	0.03614394
2.016396	0.036397383
2.0171804	0.036572836
2.0179658	0.036826272
2.0187516	0.037216175
2.0195379	0.037450116
2.0203249	0.03762557
2.0211127	0.037859514
2.0219009	0.038151938
2.0226898	0.038424872
2.0234792	0.03861982
2.0242696	0.038814776
2.0250602	0.0391072
2.0258517	0.039380133
2.0266438	0.039614074
2.0274363	0.03982852
2.0282295	0.040062461
2.0290234	0.040296402
2.0298178	0.040510848
2.0306129	0.040744793
2.0314085	0.040920246
2.0322044	0.041154187
2.0330014	0.041407622
2.0337989	0.041563585
2.0345972	0.041719545
2.0353961	0.041914497
2.0361953	0.042167932
2.0369956	0.042401873
2.0377963	0.04257733
2.0385981	0.042791776
2.0393999	0.042967238
2.0402026	0.043162186
2.0410056	0.043376628
2.0418096	0.043552089
2.042614	0.043727539
2.0434194	0.043941993
2.044225	0.04415644
2.0450315	0.044312399
2.0458386	0.044487853
2.0466464	0.044702299
2.0474546	0.044877756
2.0482635	0.045014221
2.049073	0.045228668
2.0498834	0.045443118
2.0506942	0.045599077
2.0515053	0.045794025
2.0523174	0.046066955
2.0531304	0.046242416
2.0539436	0.046339888
2.0547578	0.04653484
2.0555725	0.046729792
2.0563879	0.046866257
2.057204	0.047061209
2.0580208	0.047236662
2.0588381	0.047353633
2.0596561	0.047509596
2.0604746	0.047704548
2.0612941	0.047860511
2.062114	0.047996975
2.0629346	0.048191927
2.0637558	0.048386879
2.0645773	0.04852334
2.0653996	0.048640307
2.0662231	0.048776783
2.0670469	0.048913244
2.0678713	0.049030218
2.0686965	0.049205672
2.0695224	0.049459107
2.0703487	0.04961507
2.0711763	0.049732044
2.0720038	0.049887996
2.0728326	0.050004974
2.0736616	0.05016093
2.0744915	0.050297398
2.0753219	0.050453361
2.076153	0.050589826
2.0769846	0.050726291
2.0778172	0.050843261
2.0786502	0.050999224
2.0794842	0.051194176
2.0803187	0.051369626
2.0811539	0.051447611
2.0819895	0.051525589
2.0828261	0.051701047
2.0836632	0.0518765
2.084501	0.051973976
2.0853395	0.052110441
2.0861788	0.052227415
2.0870185	0.052363876
2.0878592	0.05248085
2.0887003	0.052597824
2.0895422	0.052734286
2.0903847	0.05285126
2.0912282	0.052948736
2.092072	0.0530852
2.0929167	0.053221665
2.0937619	0.053319138
2.0946081	0.053416617
2.0954545	0.053494595
2.096302	0.053572573
2.0971498	0.053650558
2.0979986	0.053826015
2.0988479	0.053923488
2.0996981	0.053962477
2.1005487	0.054040462
2.1014004	0.054157432
2.1022525	0.05423541
2.1031053	0.054274403
2.1039588	0.054371875
2.1048129	0.054469351
2.1056678	0.054488845
2.1065235	0.05450834
2.1073797	0.054605819
2.1082368	0.054644808
2.1090944	0.054683797
2.1099529	0.054820266
2.1108119	0.054956734
2.1116717	0.055015218
2.1125321	0.055034712
2.1133935	0.055093195
2.1142552	0.055190668
2.115118	0.055268653
2.1159811	0.055288147
2.1168454	0.055366129
2.1177099	0.055463605
2.1185756	0.055522088
2.1194417	0.055561081
2.1203086	0.055619564
2.121176	0.055697549
2.1220446	0.05583401
2.1229134	0.055970471
2.1237831	0.056028962
2.1246536	0.056048457
2.1255245	0.056067951
2.1263962	0.056087453
2.1272688	0.05610694
2.1281419	0.056184918
2.1290162	0.056282401
2.1298907	0.056262903
2.1307662	0.056360375
2.1316423	0.056457855
2.1325192	0.056477349
2.1333966	0.056555327
2.1342752	0.056613814
2.135154	0.056633312
2.1360338	0.05671129
2.1369143	0.056808766
2.1377954	0.056886751
2.1386774	0.056886751
2.1395605	0.056886751
2.1404438	0.056945231
2.1413281	0.057003718
2.1422129	0.057042707
2.1430986	0.057062201
2.1439848	0.057062201
2.144872	0.057140179
2.1457596	0.057218164
2.1466477	0.057257153
2.1475368	0.057276648
2.148427	0.057315636
2.1493175	0.057393614
2.1502092	0.057491098
2.1511011	0.05753009
2.1519942	0.057569079
2.1528878	0.057627562
2.1537826	0.057666551
2.1546776	0.057744533
2.1555736	0.057744533
2.1564703	0.057764024
2.1573677	0.057803012
2.1582658	0.057861503
2.1591649	0.057919987
2.1600645	0.057958979
2.1609645	0.057958979
2.1618655	0.057997964
2.1627674	0.058036957
2.1636701	0.058056451
2.1645734	0.058134437
2.1654775	0.058192916
2.1663826	0.058231909
2.1672883	0.058212414
2.168195	0.058251403
2.169102	0.058309894
2.1700101	0.058353782
2.1709187	0.058463514
2.1718283	0.058573235
2.1727386	0.058529347
2.1736495	0.058485456
2.1745613	0.058485456
2.1754742	0.058485456
2.1763873	0.058485456
2.1773014	0.058507401
2.1782162	0.058639076
2.179132	0.058551297
2.1800482	0.058551297
2.1809654	0.058661021
2.1818831	0.058661021
2.1828015	0.058639076
2.1837208	0.058595188
2.1846411	0.058595188
2.1855621	0.058682971
2.1864841	0.058704916
2.1874065	0.058682971
2.1883299	0.058726862
2.189254	0.058858536
2.1901793	0.058946315
2.1911051	0.058814645
2.1920316	0.058682971
2.1929588	0.058880478
2.193887	0.058968265
2.1948156	0.058924373
2.1957452	0.05899021
2.1966755	0.05899021
2.197607	0.05899021
2.1985388	0.059012152
2.1994717	0.059012152
2.2004051	0.059121884
2.2013395	0.059297454
2.2022746	0.059297454
2.2032106	0.059187718
2.2041473	0.05914383
2.2050848	0.05914383
2.206023	0.059077993
2.2069621	0.059056051
2.207902	0.059056051
2.2088428	0.059187718
2.2097843	0.059231613
2.2107267	0.059297454
2.2116697	0.059407178
2.2126141	0.059473015
2.2135587	0.059451073
2.2145045	0.059319392
2.2154505	0.059209667
2.216398	0.059253559
2.2173457	0.059231613
2.2182946	0.059187718
2.2192442	0.059275504
2.2201948	0.059429128
2.2211459	0.059494961
2.2220981	0.059429128
2.2230508	0.059451073
2.2240045	0.059494961
2.2249589	0.059516907
2.2259145	0.059451073
2.2268705	0.059407178
2.2278273	0.059407178
2.228785	0.059429128
2.2297437	0.059494961
2.2307031	0.059538852
2.2316635	0.059429128
2.2326245	0.059319392
2.2335865	0.059429128
2.234549	0.059451073
2.2355127	0.059407178
2.2364771	0.059407178
2.2374425	0.059385236
2.2384083	0.059385236
2.2393754	0.059407178
2.2403431	0.059473015
2.2413118	0.059319392
2.2422812	0.059187718
2.243252	0.059165772
2.2442229	0.059165772
2.2451949	0.05914383
2.2461677	0.059165772
2.2471414	0.059099939
2.2481158	0.059012152
2.2490911	0.059121884
2.2500672	0.059077993
2.251044	0.058946315
2.2520218	0.058814645
2.2530005	0.058661021
2.2539799	0.05861713
2.2549605	0.058551297
2.2559416	0.058397673
2.2569239	0.058397673
2.2579067	0.058397673
2.2588909	0.058375727
2.2598755	0.058134325
2.2608612	0.057914864
2.2618475	0.057849031
2.2628348	0.05778319
2.263823	0.057761248
2.264812	0.057717357
2.2658017	0.057541788
2.2667923	0.057300385
2.2677839	0.05719066
2.2687764	0.05712482
2.2697697	0.056883417
2.2707639	0.056663956
2.271759	0.056576177
2.2727549	0.056378666
2.2737517	0.056312826
2.2747495	0.056268934
2.275748	0.055939745
2.2767475	0.055654455
2.2777479	0.055434994
2.278749	0.05530332
2.2797511	0.05530332
2.2807541	0.055171646
2.2817578	0.054930244
2.282763	0.054688837
2.2837684	0.054491326
2.284775	0.054227978
2.2857823	0.054030467
2.2867908	0.053898793
2.2877998	0.053701282
2.28881	0.053394042
2.2898209	0.053152639
2.2908323	0.052911229
2.2918451	0.052735671
2.2928588	0.052428428
2.2938731	0.052055348
2.2948887	0.051835891
2.2959049	0.051704217
2.2969222	0.051462814
2.2979403	0.051133625
2.2989597	0.050826386
2.2999794	0.050475255
2.3010006	0.050014392
2.3020222	0.049597424
2.303045	0.049356021
2.3040683	0.049114615
2.3050931	0.048763484
2.3061182	0.048434302
2.3071454	0.048061222
2.3081722	0.047753979
2.3092005	0.04749063
2.3102295	0.047161445
2.3112597	0.046766419
2.3122904	0.046459179
2.3133223	0.046042208
2.3143549	0.045603294
2.3153882	0.045318
2.3164227	0.045032706
2.3174584	0.044549897
2.3184946	0.044154871
2.3195322	0.043847635
2.3205702	0.043386776
2.3216095	0.042882018
2.3226497	0.042486995
2.3236911	0.042113919
2.324733	0.041806679
2.3257761	0.041433603
2.3268199	0.040906902
2.3278646	0.040424094
2.3289104	0.040051017
2.3299572	0.039590158
2.3310046	0.039217077
2.3320534	0.038822055
2.3331029	0.03833925
2.3341534	0.037900332
2.3352048	0.037395578
2.3362572	0.036956664
2.3373103	0.036605533
2.3383648	0.036210507
2.3394198	0.035771593
2.340476	0.035398517
2.3415329	0.035025436
2.342591	0.034608468
2.3436501	0.034257334
2.3447101	0.033928148
2.3457711	0.033423398
2.346833	0.033028372
2.3478959	0.032567512
2.3489597	0.032128599
2.3500245	0.031931084
2.3510904	0.031711627
2.3521569	0.031250764
2.3532248	0.03081185
2.3542933	0.030504609
2.3553631	0.030197367
2.3564336	0.029846234
2.3575051	0.029517049
2.3585775	0.029231757
2.3596511	0.028990353
2.3607256	0.028748948
2.3618011	0.028463652
2.3628776	0.028200304
2.363955	0.027849171
2.3650334	0.027629716
2.3661137	0.027498042
2.3671939	0.027278582
2.3682754	0.026949396
2.3693576	0.026532426
2.3704412	0.026334915
2.3715253	0.026225187
2.3726108	0.026027674
2.373697	0.025742378
2.3747847	0.025566813
2.3758729	0.025435138
2.3769624	0.02517179
2.3780525	0.024886495
2.379144	0.024623144
2.3802361	0.024447579
2.3813298	0.024184231
2.3824239	0.02398672
2.3835192	0.023811152
2.3846154	0.023591693
2.3857129	0.023416128
2.3868113	0.023218615
2.3879108	0.023021104
2.3890109	0.022757756
2.3901126	0.022604136
2.3912148	0.022450516
2.3923185	0.022296894
2.3934228	0.022033546
2.3945284	0.021836033
2.3956349	0.021682413
2.3967426	0.0214849
2.397851	0.021243498
2.3989608	0.021133771
2.4000711	0.02106793
2.4011834	0.020958202
2.4022958	0.020804582
2.4034097	0.020607069
2.4045243	0.020475397
2.4056404	0.020387612
2.4067569	0.020233992
2.4078751	0.020102318
2.4089937	0.020102318
2.4101133	0.019970644
2.4112341	0.019838968
2.4123564	0.019707294
2.4134791	0.019663403
2.4146035	0.019685348
2.4157286	0.019553673
2.4168549	0.019422
2.4179819	0.019378109
2.4191108	0.019334216
2.4202399	0.019290324
2.4213705	0.01926838
2.4225018	0.01926838
2.4236345	0.019202543
2.424768	0.019136705
2.4259028	0.019114759
2.4270384	0.019048922
2.4281759	0.018895302
2.4293137	0.018807517
2.4304526	0.018829465
2.4315925	0.018829465
2.4327338	0.018851411
2.4338756	0.018939193
2.435019	0.018895302
2.4361632	0.018829465
2.4373078	0.018807517
2.4384544	0.018741682
2.4396017	0.018697789
2.4407504	0.018763626
2.4419	0.018785574
2.4430506	0.018785574
2.4442027	0.018697789
2.4453554	0.018675845
2.4465098	0.018675845
2.447665	0.018610006
2.4488211	0.018500276
2.4499784	0.018478332
2.4511368	0.018500276
2.4522963	0.018588061
2.4534569	0.018566115
2.4546185	0.018390549
2.4557815	0.018302767
2.4569452	0.018346656
2.4581103	0.018390549
2.4592764	0.018456386
2.4604435	0.018368604
2.4616117	0.018236928
2.4627812	0.018149147
2.4639518	0.018149147
2.4651229	0.018083308
2.4662957	0.017995527
2.4674697	0.017907742
2.4686446	0.017929686
2.4698207	0.017907742
2.4709978	0.017776068
2.4721763	0.017666338
2.4733558	0.017578555
2.4745364	0.017512718
2.4757183	0.017381044
2.4769011	0.017337153
2.478085	0.017359098
2.4792702	0.017337153
2.4804564	0.017337153
2.4816439	0.01724937
2.4828324	0.017139642
2.4840217	0.017073803
2.4852126	0.017095748
2.4864044	0.017073803
2.4875975	0.016832398
2.4887917	0.016722672
2.4899871	0.016700724
2.4911838	0.016656835
2.4923813	0.016656835
2.4935806	0.016590998
2.4947805	0.016481267
2.4959817	0.016393485
2.497184	0.016283756
2.4983873	0.016283756
2.4995921	0.016217919
2.5007977	0.016064299
2.5020049	0.015888732
2.5032129	0.015866786
2.5044224	0.015888732
2.5056329	0.015866786
2.5068443	0.015888732
2.5080571	0.015866786
2.5092711	0.015800949
2.5104864	0.015691221
2.5117025	0.015625382
2.5129199	0.015471762
2.5141385	0.01538398
2.5153584	0.015427871
2.5165794	0.015405925
2.5178018	0.015318141
2.5190251	0.015252304
2.5202496	0.015252304
2.5214756	0.015208414
2.5227027	0.015186467
2.5239308	0.015186467
2.5251603	0.015164522
2.5263908	0.015076738
2.5276225	0.015054793
2.5288556	0.015076738
2.5300899	0.014967009
2.5313251	0.014901172
2.532562	0.014945064
2.5337996	0.014988956
2.5350387	0.014988956
2.536279	0.015010902
2.5375204	0.015076738
2.538763	0.014988956
2.5400069	0.014901172
2.5412521	0.014901172
2.5424979	0.014835335
2.5437455	0.014923117
2.5449944	0.014988956
2.5462441	0.015010902
2.5474954	0.015010902
2.548748	0.015010902
2.5500016	0.015054793
2.5512564	0.015054793
2.5525131	0.014967009
2.5537705	0.015010902
2.5550292	0.015142577
2.556289	0.015208414
2.5575502	0.015186467
2.5588126	0.015076738
2.5600762	0.014923117
2.561341	0.014791443
2.5626073	0.014725606
2.5638747	0.014747553
2.5651433	0.014901172
2.5664132	0.014967009
2.5676842	0.014901172
2.5689566	0.014835335
2.5702302	0.014901172
2.5715053	0.014923117
2.5727808	0.014681716
2.5740583	0.014725606
2.5753372	0.014769498
2.576617	0.014659769
2.5778983	0.014747553
2.579181	0.014879227
2.5804646	0.014791443
2.5817497	0.014747553
2.5830364	0.014528095
2.5843241	0.014440312
2.585613	0.014484204
2.5869033	0.014440312
2.5881948	0.014506149
2.5894876	0.014571986
2.5907817	0.014528095
2.592077	0.014352528
2.5933733	0.013891667
2.5946712	0.013584427
2.5959706	0.013957506
2.5972712	0.014220854
2.598573	0.014330584
2.5998762	0.0142428
2.6011808	0.01408918
2.6024866	0.014023341
2.6037939	0.01382583
2.6051023	0.013584427
2.6064122	0.013628319
2.6077232	0.013584427
2.6090355	0.01351859
2.6103492	0.013540535
2.6116643	0.01351859
2.6129806	0.013474698
2.6142986	0.013474698
2.6156178	0.013189402
2.6169381	0.012969945
2.6182597	0.013035784
2.6195827	0.012860217
2.6209071	0.012838271
2.6222329	0.013013837
2.62356	0.012969945
2.6248877	0.012706596
2.6262174	0.012465193
2.6275485	0.01248714
2.628881	0.012311572
2.6302147	0.012026278
2.6315498	0.012070169
2.6328864	0.012026278
2.6342242	0.011960441
2.6355639	0.011960441
2.6369042	0.011894602
2.6382463	0.011762928
2.6395895	0.011675145
2.6409342	0.011521526
2.6422803	0.011345959
2.6436276	0.011258177
2.6449764	0.011016773
2.6463268	0.010907043
2.6476784	0.010841207
2.6490314	0.010709532
2.6503856	0.010599803
2.6517413	0.010380345
2.6530983	0.01024867
2.6544569	0.010160889
2.6558168	0.0099194841
2.6571774	0.0098097557
2.65854	0.0097439177
2.6599042	0.0095683523
2.6612697	0.0093050031
2.6626365	0.0091733281
2.6640048	0.0089319255
2.6653745	0.0086905221
2.6667454	0.0086466298
2.6681182	0.0086685764
2.6694922	0.0082735522
2.6708674	0.0081199324
2.6722443	0.0082077151
2.6736224	0.0081199324
2.6750021	0.0079004746
2.676383	0.0075932336
2.6777654	0.0075273965
2.6791496	0.0074615586
2.6805348	0.0074615586
2.6819217	0.0073737763
2.6833098	0.0072421022
2.6846995	0.0070226439
2.6860905	0.0068251318
2.6874828	0.0066934577
2.6888769	0.0065837288
2.6902716	0.0065178918
2.6916685	0.0063642715
2.6930668	0.0061448133
2.6944666	0.0060131392
2.6958678	0.0058814641
2.6972704	0.0058595184
2.6986744	0.0057936814
2.7000799	0.0056400611
2.7014871	0.0055083865
2.7028956	0.0055083865
2.7043056	0.005376712
2.7057171	0.0051792003
2.70713	0.0050475257
2.7085443	0.004893905
2.7099602	0.0046963934
2.7113776	0.0046305559
2.7127967	0.004586664
2.7142169	0.0044769356
2.7156389	0.0043672072
2.7170622	0.0042574778
2.718487	0.0041696946
2.7199132	0.0039063455
2.7213409	0.0038185627
2.7227702	0.0037307793
2.7242005	0.0036429965
2.7256327	0.0036649422
2.7270665	0.0036429965
2.7285018	0.0035991047
2.7299387	0.0034674304
2.7313771	0.0033577019
2.7328169	0.0032699187
2.7342582	0.0031382442
2.7357013	0.0030065696
2.7371457	0.0029187864
2.7385917	0.0028529491
2.7400391	0.0028748948
2.741488	0.0028529491
2.7429385	0.0027651661
2.7443907	0.0026993286
2.7458441	0.0026115456
2.747299	0.0025457083
2.7487557	0.002479871
2.7502139	0.0024359794
2.7516737	0.0023920881
2.753135	0.0023262508
2.7545979	0.0021726305
2.7560623	0.0021726305
2.7575283	0.0022165221
2.7589962	0.0022165221
2.7604654	0.002194576
2.7619359	0.0021726305
2.7634082	0.002194576
2.7648821	0.002194576
2.7663574	0.0020848473
2.7678344	0.00201901
2.7693131	0.0020409559
2.7707932	0.0020848473
2.772275	0.0021287389
2.7737584	0.0021506848
2.7752433	0.0021726305
2.7767296	0.002194576
2.7782178	0.0022604135
2.7797074	0.0022604135
2.7811987	0.0023262508
2.782691	0.0023920881
2.7841854	0.0023701421
2.7856815	0.0023043049
2.7871792	0.0023920881
2.7886784	0.002479871
2.7901793	0.0025018167
2.7916818	0.0025237629
2.7931859	0.002567654
2.794692	0.0025896002
2.7961996	0.0026773829
2.7977085	0.0028090575
2.7992191	0.0028090575
2.8007314	0.0027871118
2.8022454	0.0028310034
2.803761	0.0028748948
2.8052781	0.0028529491
2.806797	0.0028529491
2.8083177	0.0029187864
2.8098397	0.0029407321
2.8113635	0.0028748948
2.8128889	0.0028310034
2.8144159	0.0028529491
2.8159447	0.0029187864
2.8174751	0.0029187864
2.8190067	0.0028748948
2.8205404	0.0028968407
2.8220758	0.0028748948
2.8236129	0.0028748948
2.8251517	0.0028968407
2.8266921	0.0029187864
2.8282342	0.0029407321
2.829778	0.0029846237
2.8313241	0.0030724066
2.8328712	0.0030724066
2.83442	0.0029846237
2.8359706	0.003028515
2.8375227	0.0031382442
2.8390768	0.0032040812
2.8406324	0.0032479728
2.8421898	0.0033138103
2.843749	0.0033357558
2.84531	0.0034015931
2.8468723	0.0034674304
2.8484366	0.0035332676
2.8500025	0.0036429965
2.8515701	0.0037088338
2.8531396	0.0037966168
2.8547106	0.0039282916
2.8562829	0.0040160748
2.8578575	0.0041038576
2.8594339	0.0041696946
2.861012	0.0042794235
2.8625917	0.0043891519
2.8641732	0.0044110981
2.8657565	0.0044330442
2.8673415	0.0045427727
2.8689287	0.0046305559
2.870517	0.0047402843
2.8721075	0.0048500132
2.8736994	0.0049377964
2.8752933	0.0050255796
2.876889	0.0050036334
2.8784864	0.0050036334
2.8800855	0.0050475257
2.8816857	0.0050475257
2.8832886	0.0050255796
2.8848929	0.0050255796
2.8864994	0.0050475257
2.8881073	0.0050914166
2.8897173	0.0051133628
2.8913291	0.005135308
2.8929424	0.0052230912
2.8945582	0.0052230912
2.8961751	0.0051792003
2.897794	0.0052011455
2.8994148	0.0052230912
2.9010372	0.0052011455
2.9026616	0.0052230912
2.9042876	0.0052889287
2.9059157	0.0053328201
2.9075458	0.005376712
2.9091775	0.0054206033
2.9108109	0.005442549
2.9124463	0.0054644947
2.9140832	0.0055522779
2.9157224	0.005618115
2.9173632	0.0056400611
2.9190059	0.0057497895
2.9206498	0.0058375727
2.922296	0.0059034103
2.9239442	0.005991193
2.9255943	0.0061009224
2.9272463	0.0061667594
2.9289	0.0062325965
2.9305558	0.0063203797
2.9322133	0.0064081624
2.9338732	0.0064301086
2.9355345	0.0065178918
2.9371977	0.0066056745
2.9388628	0.0066276207
2.9405298	0.0066934577
2.9421985	0.0067154039
2.9438694	0.0067154039
2.9455421	0.0067373491
2.9472167	0.0067592948
2.9488933	0.0068031861
2.9505715	0.0068251318
2.9522519	0.0068251318
2.953934	0.0067812409
2.9556181	0.0066934577
2.9573042	0.0066276207
2.9589922	0.0066276207
2.9606814	0.0065837288
2.9623733	0.0064959456
2.964067	0.0065178918
2.9657626	0.0065398375
2.9674604	0.0064959456
2.9691598	0.0064739999
2.9708614	0.0064739999
2.9725649	0.0064520547
2.9742706	0.0064739999
2.9759779	0.0064520547
2.9776874	0.0064301086
2.9793985	0.0064081624
2.9811118	0.0063862167
2.9828272	0.0063423254
2.9845443	0.0063642715
2.9862635	0.0064081624
2.9879854	0.0064081624
2.9897087	0.0064081624
2.9914336	0.0064520547
2.993161	0.0064739999
2.99489	0.0064520547
2.9966211	0.0064081624
2.9983544	0.0064301086
3.0000894	0.0063862167
3.001826	0.0063642715
3.0035653	0.0064081624
3.0053065	0.0064301086
3.0070496	0.0064301086
3.0087948	0.0064301086
3.0105422	0.0063862167
3.0122914	0.0063642715
3.0140429	0.0063862167
3.0157964	0.0064081624
3.0175517	0.0064301086
3.0193093	0.0064959456
3.0210688	0.0065398375
3.0228302	0.0065398375
3.0245938	0.0065398375
3.0263596	0.0065617827
3.0281272	0.0065617827
3.0298975	0.0065617827
3.0316694	0.0066056745
3.0334435	0.0066715116
3.0352194	0.0066495659
3.0369976	0.0066056745
3.0387776	0.0066056745
3.04056	0.0066056745
3.0423443	0.0066715116
3.0441301	0.0066934577
3.0459187	0.0066495659
3.0477092	0.0066715116
3.0495021	0.0066934577
3.0512969	0.0067592948
3.0530939	0.0067812409
3.054893	0.0067154039
3.0566943	0.0067592948
3.0584979	0.0068251318
3.0603034	0.0067812409
3.0621109	0.0067373491
3.0639207	0.0068031861
3.0657327	0.0068251318
3.0675466	0.0068690237
3.0693629	0.006912915
3.0711813	0.0068909698
3.0730011	0.006847078
3.0748239	0.0068909698
3.0766487	0.0069568069
3.0784757	0.0070006982
3.0803049	0.0069568069
3.0821362	0.0069568069
3.0839698	0.006978753
3.0858054	0.0070006982
3.0876439	0.006978753
3.0894837	0.0069568069
3.0913262	0.0069568069
3.0931706	0.0069348607
3.0950172	0.0069348607
3.0968661	0.0069348607
3.0987172	0.0069568069
3.1005704	0.006978753
3.1024263	0.0070006982
3.104284	0.0070226439
3.106144	0.0070445901
3.1080062	0.0070226439
3.1098707	0.006978753
3.1117373	0.006978753
3.1136062	0.006978753
3.1154773	0.0069568069
3.1173501	0.0069568069
3.1192257	0.0069568069
3.1211035	0.0069348607
3.1229837	0.0069348607
3.1248662	0.0069568069
3.1267509	0.006978753
3.128638	0.006978753
3.1305273	0.0069348607
3.1324193	0.0069348607
3.1343131	0.006978753
3.1362092	0.0070226439
3.1381078	0.0069568069
3.1400084	0.0069348607
3.1419115	0.0069348607
3.1438167	0.0068909698
3.1457245	0.0068909698
3.1476347	0.0069348607
3.1495469	0.0069568069
3.1514616	0.0069568069
3.1533785	0.006912915
3.1552978	0.0068909698
3.1572194	0.0069348607
3.1591434	0.0069568069
3.1610696	0.0069568069
3.162998	0.0070006982
3.1649289	0.0070006982
3.1668622	0.0069568069
3.168798	0.006912915
3.1707361	0.0068909698
3.1726766	0.0069348607
3.1746194	0.0070006982
3.1765647	0.0070445901
3.1785126	0.0070445901
3.1804626	0.0070226439
3.182415	0.0070006982
3.1843698	0.006978753
3.186327	0.006978753
3.1882865	0.0070006982
3.1902485	0.0070665353
3.1922131	0.0071104271
3.19418	0.0070665353
3.1961493	0.0070445901
3.1981211	0.0070445901
3.2000952	0.0070226439
3.2020719	0.0070445901
3.2040508	0.0070445901
3.2060323	0.0070665353
3.2080164	0.0071104271
3.2100022	0.0071323724
3.2119911	0.007088481
3.2139823	0.0070665353
3.215976	0.0071323724
3.2179723	0.0071323724
3.2199712	0.0071104271
3.2219722	0.0071323724
3.2239761	0.0071762642
3.2259824	0.0071762642
3.2279911	0.0071762642
3.2300024	0.0071982094
3.2320161	0.0071762642
3.2340324	0.0071543185
3.2360511	0.0071982094
3.2380724	0.0072421022
3.2400961	0.007220156
3.2421229	0.007220156
3.2441516	0.0072640474
3.2461832	0.0072640474
3.2482171	0.0072421022
3.2502534	0.0073079392
3.2522926	0.0073737763
3.2543342	0.0073737763
3.2563784	0.0073737763
3.2584248	0.0073737763
3.2604742	0.0074615586
3.262526	0.0074615586
3.2645805	0.0073957215
3.2666376	0.0074176677
3.2686973	0.0074615586
3.2707596	0.0074615586
3.2728245	0.0074396133
3.2748921	0.0074835047
3.2769623	0.0075273965
3.2790351	0.0075493418
3.2811103	0.0075712884
3.2831883	0.0075493418
3.2852688	0.0074835047
3.2873521	0.0075493418
3.289438	0.0076371254
3.2915258	0.0076371254
3.293617	0.0076371254
3.2957108	0.0076810168
3.2978072	0.0077468539
3.2999065	0.0077468539
3.3020084	0.0078126909
3.3041129	0.0078126909
3.3062201	0.0078346375
3.3083303	0.0078565832
3.3104429	0.0078785289
3.3125582	0.0078785289
3.314676	0.0079004746
3.3167968	0.0079663116
3.3189204	0.0080321496
3.3210464	0.0080760401
3.3231752	0.0080979867
3.3253074	0.0080979867
3.3274417	0.0081638237
3.3295789	0.0082296608
3.3317187	0.0082516065
3.3338614	0.0082516065
3.3360066	0.0082954988
3.3381548	0.0083393892
3.3403056	0.0083832815
3.3424585	0.0084491186
3.344615	0.00849301
3.3467741	0.0085149556
3.3489361	0.0085369013
3.3511009	0.0085369013
3.3532684	0.0086027393
3.3554389	0.0086905221
3.3576121	0.0087563591
3.3597887	0.0087783039
3.3619676	0.0088002505
3.3641491	0.0088441418
3.3663337	0.0088880342
3.368521	0.0089319255
3.3707113	0.0089977635
3.3729043	0.0090635996
3.3751001	0.0091294376
3.3772995	0.0091513833
3.3795011	0.0091952747
3.3817058	0.0092611117
3.383913	0.0092830574
3.3861232	0.0092830574
3.3883364	0.0093488945
3.3905525	0.0093927868
3.3927715	0.0094805686
3.3949924	0.0095464066
3.3972173	0.0095902979
3.3994448	0.0096122436
3.4016755	0.0096780816
3.403909	0.00978781
3.4061456	0.0098975394
3.408385	0.0099194841
3.4106274	0.0099194841
3.4128728	0.0099414308
3.4151211	0.010051159
3.4173725	0.010138942
3.4196265	0.010182833
3.4218838	0.010182833
3.424144	0.010270616
3.4264071	0.010380345
3.4286733	0.010424238
3.4309425	0.010446182
3.4332149	0.010533965
3.4354899	0.010599803
3.4377682	0.010643694
3.4400494	0.010709532
3.4423335	0.010775369
3.4446208	0.010841207
3.4469111	0.010907043
3.449204	0.010972881
3.4515004	0.011038718
3.4537997	0.011060664
3.4561024	0.011148447
3.4584079	0.011170392
3.4607165	0.011214284
3.4630284	0.011324014
3.4653432	0.011433743
3.4676619	0.011455688
3.4699829	0.011499579
3.472307	0.011565417
3.4746342	0.011609307
3.4769647	0.011697092
3.4792981	0.011828767
3.4816349	0.011894602
3.4839747	0.011916549
3.4863167	0.011960441
3.488663	0.012026278
3.4910121	0.012092115
3.4933646	0.01211406
3.4957201	0.012136006
3.4980791	0.012223789
3.5004408	0.012289627
3.5028062	0.012289627
3.5051751	0.012355465
3.5075467	0.012465193
3.5099213	0.01253103
3.5122993	0.012552977
3.5146806	0.012596867
3.517065	0.012684651
3.5194528	0.012750488
3.5218437	0.012794378
3.5242381	0.012838271
3.5266356	0.012904109
3.5290363	0.012991891
3.5314403	0.013035784
3.5338476	0.013101621
3.536258	0.013167458
3.538672	0.013233295
3.5410891	0.013277187
3.5435085	0.013321077
3.5459323	0.013364969
3.5483594	0.013430808
3.5507898	0.01351859
3.5532234	0.013584427
3.5556605	0.013584427
3.5581009	0.013606372
3.5605447	0.013672209
3.5629921	0.013738047
3.5654426	0.01378194
3.5678964	0.013847775
3.5703535	0.013869721
3.5728142	0.013913614
3.5752783	0.014023341
3.5777457	0.01408918
3.5802164	0.014133071
3.5826914	0.014176962
3.5851691	0.014286691
3.5876501	0.014374474
3.5901346	0.014418365
3.5926225	0.014440312
3.595114	0.014506149
3.5976088	0.014593932
3.6001072	0.014681716
3.6026084	0.014725606
3.6051137	0.014769498
3.6076224	0.01481339
3.6101346	0.014901172
3.6126504	0.014988956
3.6151698	0.015032848
3.6176925	0.015098684
3.620219	0.015208414
3.6227491	0.015296197
3.6252825	0.01538398
3.6278193	0.015449815
3.6303599	0.015515654
3.6329038	0.015581491
3.6354516	0.015647328
3.6380026	0.015713166
3.6405575	0.015822895
3.6431165	0.015932623
3.6456785	0.01599846
3.6482441	0.016108189
3.6508133	0.016217919
3.6533861	0.0163057
3.6559625	0.016393485
3.6585426	0.016459322
3.6611264	0.016503213
3.6637127	0.016590998
3.6663036	0.016678778
3.6688983	0.016766563
3.6714969	0.016854346
3.6740987	0.016898237
3.6767046	0.016964074
3.6793139	0.017073803
3.6819272	0.017161585
3.6845443	0.017227422
3.687165	0.01729326
3.6897893	0.017337153
3.6924174	0.017424935
3.695049	0.017490773
3.6976848	0.017578555
3.7003241	0.017622449
3.7029672	0.017688284
3.7056146	0.017754121
3.7082653	0.017798014
3.7109196	0.017819958
3.713578	0.017863851
3.7162399	0.017951634
3.7189059	0.017995527
3.7215757	0.018039417
3.7242491	0.018083308
3.7269256	0.018127199
3.7296069	0.018214982
3.7322919	0.018280819
3.7349808	0.018280819
3.7376738	0.018324712
3.7403705	0.018390549
3.7430711	0.018456386
3.7457757	0.018478332
3.7484846	0.018544169
3.7511971	0.018631952
3.7539134	0.018675845
3.7566335	0.018719736
3.7593577	0.018763626
3.7620859	0.018741682
3.764818	0.018785574
3.767554	0.018829465
3.770293	0.018851411
3.7730372	0.018917248
3.7757852	0.018983085
3.778537	0.019026974
3.7812932	0.019048922
3.7840533	0.019026974
3.7868173	0.019026974
3.7895856	0.019070867
3.7923579	0.019070867
3.7951343	0.019070867
3.7979145	0.019048922
3.800699	0.01900503
3.8034875	0.018983085
3.8062801	0.018983085
3.8090768	0.01900503
3.8118775	0.019048922
3.8146832	0.019048922
3.8174922	0.019048922
3.8203053	0.019048922
3.8231227	0.019048922
3.8259442	0.019048922
3.8287699	0.01900503
3.8315997	0.019026974
3.8344338	0.019048922
3.837271	0.019026974
3.8401134	0.018983085
3.8429599	0.018983085
3.8458109	0.018961137
3.848666	0.018983085
3.8515253	0.018983085
3.8543887	0.018895302
3.8572567	0.018829465
3.8601296	0.018807517
3.8630059	0.018785574
3.8658867	0.018741682
3.8687716	0.018675845
3.8716609	0.018610006
3.8745544	0.018566115
3.8774524	0.018522223
3.8803546	0.018478332
3.8832617	0.018434439
3.8861728	0.018346656
3.8890882	0.018280819
3.8920078	0.018214982
3.894932	0.018171091
3.8978605	0.018127199
3.9007933	0.018061362
3.9037306	0.017995527
3.9066718	0.017929686
3.9096179	0.017841905
3.9125686	0.017754121
3.9155238	0.017688284
3.9184833	0.017600501
3.9214473	0.017534664
3.9244158	0.017446881
3.9273889	0.017337153
3.9303668	0.01724937
3.9333489	0.017161585
3.9363356	0.017073803
3.9393268	0.01698602
3.9423223	0.016898237
3.9453225	0.016788509
3.9483273	0.016722672
3.9513369	0.016634887
3.9543512	0.016525159
3.9573698	0.01641543
3.960393	0.016283756
3.9634209	0.016174026
3.9664533	0.016064299
3.9694903	0.015954569
3.972532	0.015844841
3.9755785	0.015713166
3.9786289	0.015581491
3.9816847	0.015493708
3.984745	0.015405925
3.9878104	0.015296197
3.9908803	0.015186467
3.9939549	0.015054793
3.9970343	0.014901172
4.0001183	0.014769498
4.0032082	0.014637824
4.0063019	0.014506149
4.0094004	0.014308637
4.0125036	0.014155017
4.0156116	0.014023341
4.0187244	0.013847775
4.021842	0.013672209
4.0249648	0.013540535
4.028091	0.013386915
4.0312233	0.013233295
4.0343604	0.013035784
4.0375023	0.012860217
4.0406489	0.012750488
4.0438008	0.012574922
4.046958	0.012421301
4.0501194	0.012289627
4.0532866	0.01211406
4.056458	0.011938495
4.0596347	0.011740983
4.0628161	0.011565417
4.0660028	0.011411796
4.0691943	0.011280122
4.0723906	0.011104556
4.0755925	0.010950935
4.0787992	0.010819261
4.0820107	0.010709532
4.0852275	0.010643694
4.0884495	0.01051202
4.0916762	0.010380345
4.0949082	0.010226726
4.0981455	0.010095051
4.1013875	0.010007267
4.1046343	0.0098975394
4.1078868	0.0098317014
4.1111441	0.009721973
4.1144071	0.0096341902
4.1176748	0.0095683523
4.1209483	0.0094805686
4.1242266	0.0093708411
4.1275101	0.0093269488
4.1307993	0.0093050031
4.1340938	0.009239166
4.137393	0.0091733281
4.1406975	0.0091294376
4.1440077	0.009107491
4.1473227	0.0090416539
4.1506433	0.0090197083
4.1539693	0.0089758169
4.1573014	0.0089319255
4.1606379	0.0089099789
4.16398	0.0088880342
4.1673269	0.0088221962
4.1706796	0.0087783039
4.1740379	0.0087563591
4.1774011	0.0087563591
4.1807699	0.0087344144
4.1841431	0.0086905221
4.1875229	0.0086466298
4.190908	0.008624685
4.1942987	0.0086027393
4.1976953	0.008558847
4.2010965	0.0085149556
4.204504	0.0084710643
4.2079167	0.0084271729
4.2113357	0.0084052272
4.2147593	0.0083613358
4.2181888	0.0082954988
4.2216239	0.0082077151
4.2250643	0.0081418781
4.2285104	0.0081199324
4.2319622	0.0080979867
4.2354198	0.0080540944
4.2388835	0.0080540944
4.242352	0.0080540944
4.2458267	0.0080321496
4.2493072	0.0080321496
4.2527928	0.0080321496
4.2562842	0.0080321496
4.2597818	0.0079882573
4.2632847	0.0079004746
4.2667923	0.0078785289
4.2703071	0.0078785289
4.2738276	0.0078346375
4.2773538	0.0077688
4.2808857	0.0077468539
4.2844238	0.0077249077
4.2879677	0.0077029625
4.2915173	0.0076810168
4.2950735	0.0076590707
4.298635	0.0076371254
4.3022022	0.0076371254
4.3057756	0.0076590707
4.3093548	0.0076151798
4.3129401	0.0075712884
4.3165312	0.0075493418
4.3201284	0.0075054509
4.3237324	0.0075054509
4.3273416	0.0075054509
4.3309565	0.0074835047
4.3345776	0.0074615586
4.3382049	0.0074396133
4.3418384	0.0074615586
4.3454776	0.0074176677
4.3491235	0.0073957215
4.3527737	0.0073957215
4.3564315	0.0073737763
4.3600955	0.0073737763
4.3637652	0.0074176677
4.3674417	0.0074176677
4.3711243	0.0073957215
4.3748131	0.0073518306
4.3785081	0.0073298845
4.3822103	0.0073298845
4.3859177	0.0073518306
4.3896313	0.0073079392
4.3933511	0.0072859931
4.3970776	0.0072640474
4.4008102	0.0072421022
4.4045491	0.0072421022
4.4082947	0.007220156
4.412045	0.0071982094
4.415803	0.0071982094
4.4195676	0.007220156
4.4233384	0.0072421022
4.4271159	0.007220156
4.4308996	0.0071982094
4.43469	0.0071982094
4.4384871	0.007220156
4.4422908	0.007220156
4.4461007	0.0072421022
4.4499168	0.0072640474
4.4537401	0.0072640474
4.4575696	0.0072421022
4.4614058	0.007220156
4.4652486	0.0072421022
4.4690976	0.0072640474
4.4729543	0.0072859931
4.4768167	0.0072859931
4.4806862	0.0072640474
4.4845624	0.0073079392
4.4884448	0.0073298845
4.4923344	0.0073737763
4.4962306	0.0074176677
4.5001335	0.0074396133
4.5040426	0.0074396133
4.5079594	0.0074396133
4.5118828	0.0074396133
4.5158129	0.0074615586
4.5197501	0.0074835047
4.523694	0.0074835047
4.5276446	0.0074835047
4.5316024	0.0075054509
4.5355678	0.0075054509
4.5395393	0.0074835047
4.5435181	0.0075054509
4.5475035	0.0075493418
4.551496	0.0075712884
4.5554957	0.0075712884
4.5595021	0.0075712884
4.5635157	0.0075712884
4.5675368	0.0075273965
4.5715647	0.0074835047
4.5755997	0.0074835047
4.5796418	0.0074835047
4.5836911	0.0075054509
4.5877471	0.0074835047
4.5918107	0.0074615586
4.5958815	0.0074396133
4.5999584	0.0074176677
4.604044	0.0073957215
4.6081362	0.0073957215
4.612236	0.0073737763
4.616343	0.0073518306
4.6204576	0.0073518306
4.6245794	0.0073518306
4.6287084	0.0073298845
4.6328454	0.0073079392
4.6369891	0.0073079392
4.6411405	0.0072859931
4.6452994	0.0072859931
4.6494656	0.0073079392
4.6536388	0.0073518306
4.6578202	0.0073957215
4.6620088	0.0074176677
4.6662059	0.0074396133
4.6704097	0.0074396133
4.6746206	0.0073957215
4.6788397	0.0074176677
4.6830664	0.0074835047
4.6873007	0.0075273965
4.6915426	0.0075493418
4.6957922	0.0075712884
4.7000484	0.0076151798
4.7043133	0.0076590707
4.7085862	0.0076371254
4.7128668	0.0076371254
4.717155	0.0077249077
4.7214513	0.0077468539
4.7257552	0.0077249077
4.7300668	0.0077029625
4.7343879	0.0077029625
4.7387152	0.0077029625
4.7430506	0.0076590707
4.7473941	0.0076371254
4.7517457	0.0076371254
4.7561049	0.0076371254
4.7604723	0.0075932336
4.7648478	0.0075493418
4.7692318	0.0075493418
4.7736235	0.0076151798
4.7780232	0.0076371254
4.7824311	0.0076371254
4.7868466	0.0076590707
4.7912707	0.0077029625
4.7957029	0.0077688
4.8001437	0.0077688
4.8045907	0.0078126909
4.8090477	0.0078785289
4.8135128	0.0079882573
4.8179865	0.0080540944
4.8224683	0.0081638237
4.8269582	0.0082735522
4.8314571	0.0083393892
4.8359637	0.0084491186
4.8404803	0.0085807927
4.8450041	0.0086466298
4.8495364	0.0087344144
4.8540773	0.0088660885
4.8586264	0.0089538712
4.8631845	0.0090635996
4.8677506	0.0091294376
4.8723259	0.0091952747
4.8769083	0.009239166
4.8815002	0.0092830574
4.8861008	0.0093488945
4.8907104	0.0093927868
4.8953285	0.0094366772
4.8999557	0.0094805686
4.9045911	0.0095025152
4.909236	0.0095464066
4.9138899	0.0096122436
4.9185519	0.0097000264
4.923223	0.0097658643
4.9279027	0.0098097557
4.9325914	0.0098097557
4.9372892	0.0098317014
4.9419956	0.0098536471
4.9467115	0.0098755928
4.951437	0.0098975394
4.9561706	0.0099194841
4.9609137	0.0099414308
4.9656653	0.0099194841
4.9704261	0.0099414308
4.9751964	0.0099633774
4.9799757	0.0099633774
4.9847641	0.0099633774
4.9895606	0.0099853221
4.9943671	0.0099633774
4.9991837	0.0099194841
5.0040088	0.0099194841
5.0088439	0.0098975394
5.0136881	0.0098975394
5.0185413	0.0099633774
5.0234041	0.010029214
5.0282774	0.010073105
5.0331593	0.010138942
5.0380507	0.010160889
5.0429511	0.01020478
5.0478616	0.01024867
5.0527816	0.01024867
5.0577111	0.010270616
5.0626502	0.010314508
5.0675998	0.010358401
5.0725584	0.010402291
5.0775266	0.010402291
5.0825043	0.010402291
5.087492	0.010446182
5.0924897	0.010468129
5.097497	0.010490075
5.1025143	0.010490075
5.1075401	0.010533965
5.112577	0.010577857
5.1176243	0.010577857
5.1226811	0.010599803
5.127748	0.010621749
5.1328249	0.010599803
5.1379123	0.010577857
5.1430092	0.010599803
5.1481171	0.010599803
5.1532345	0.010621749
5.1583619	0.010621749
5.1634998	0.010599803
5.1686478	0.010577857
5.1738062	0.010555912
5.1789751	0.010533965
5.184154	0.010555912
5.1893444	0.010555912
5.1945438	0.010533965
5.1997542	0.010468129
5.2049747	0.010468129
5.210206	0.010424238
5.2154474	0.010402291
5.2206998	0.010446182
5.2259626	0.010424238
5.2312346	0.010402291
5.2365189	0.010402291
5.2418137	0.010380345
5.2471189	0.010358401
5.2524352	0.010380345
5.2577624	0.010402291
5.2631001	0.010358401
5.2684488	0.010292563
5.273809	0.01024867
5.2791796	0.010226726
5.2845607	0.01020478
5.2899532	0.010160889
5.2953568	0.010138942
5.3007712	0.010138942
5.3061967	0.010073105
5.3116336	0.010051159
5.3170795	0.010007267
5.3225384	0.0099853221
5.3280087	0.0099633774
5.3334904	0.0099194841
5.3389831	0.0098536471
5.3444872	0.0097658643
5.3500028	0.0096780816
5.3555293	0.0097000264
5.3610692	0.0097000264
5.3666191	0.0096561359
5.37218	0.0096122436
5.3777528	0.0095244609
5.3833375	0.0094586238
5.3889332	0.0094366772
5.3945408	0.0093927868
5.4001603	0.0093488945
5.4057918	0.0092830574
5.4114347	0.0092172194
5.417089	0.0090855453
5.4227557	0.0089538712
5.4284339	0.0089758169
5.434124	0.0089758169
5.439826	0.0089319255
5.44554	0.0088880342
5.4512644	0.0088221962
5.4570026	0.0087344144
5.4627528	0.008624685
5.4685154	0.0086027393
5.4742899	0.008558847
5.4800768	0.00849301
5.4858756	0.0085149556
5.4916868	0.00849301
5.4975119	0.0084271729
5.5033479	0.0083613358
5.5091963	0.0083174435
5.5150576	0.0082296608
5.5209308	0.0081418781
5.5268164	0.0080979867
5.5327148	0.0080540944
5.5386262	0.0079663116
5.5445509	0.0078346375
5.550487	0.0077468539
5.5564361	0.0077029625
5.562398	0.0076590707
5.5683727	0.0075932336
5.5743604	0.0074396133
5.5803604	0.0072859931
5.5863738	0.0072859931
5.5923977	0.0072421022
5.5984373	0.0071104271
5.6044893	0.0070006982
5.6105552	0.0069348607
5.6166334	0.0068251318
5.6227255	0.0067592948
5.6288304	0.0066715116
5.6349487	0.0065178918
5.6410818	0.0062984335
5.6472268	0.0062764883
5.6533852	0.0062325965
5.6595569	0.0062106503
5.6657424	0.0061448133
5.6719413	0.005991193
5.6781535	0.0059253559
5.6843796	0.0058595184
5.6906204	0.0057497895
5.6968741	0.0056839525
5.7031412	0.0055742236
5.7094221	0.0054206033
5.7157168	0.0053328201
5.7220259	0.0052889287
5.7283483	0.0052230912
5.7346849	0.0051133628
5.7410331	0.0050036334
5.7473979	0.0049158507
5.7537766	0.0048719589
5.76017	0.0046744472
5.7665772	0.004520827
5.7729988	0.0045427727
5.7794347	0.0044988818
5.7858849	0.0044330442
5.7923512	0.0043233149
5.7988305	0.0042135864
5.8053241	0.0041477494
5.811832	0.0040160748
5.8183551	0.0038185627
5.8248925	0.0037307793
5.8314447	0.0036868881
5.8380117	0.0036429965
5.8445945	0.0035991047
5.851191	0.0034893765
5.8578029	0.0033796474
5.864429	0.0032479728
5.8710709	0.0031382442
5.877727	0.002962678
5.8843989	0.0028529491
5.8910856	0.0027871118
5.8977852	0.0026773829
5.9045024	0.0026554372
5.9112349	0.0025896002
5.9179831	0.0025018167
5.9247465	0.002414034
5.9315252	0.0022823594
5.9383197	0.002194576
5.9451299	0.0022165221
5.9519572	0.0022165221
5.9587984	0.0022604135
5.9656553	0.0022823594
5.9725285	0.0023920881
5.9794173	0.002479871
5.9863219	0.0025237629
5.9932423	0.0026115456
6.0001788	0.0026993286
6.0071297	0.0027432202
6.0140982	0.0027212745
6.0210834	0.0026993286
6.0280848	0.0027212745
6.0351024	0.0026773829
6.0421362	0.002567654
6.0491862	0.0024579254
6.0562534	0.0025457083
6.0633373	0.0025896002
6.0704374	0.002567654
6.0775537	0.0026334913
6.0846872	0.0027871118
6.0918374	0.0029846237
6.0990043	0.0032260274
6.1061878	0.003423539
6.1133885	0.0037088338
6.1206079	0.0041696946
6.1278424	0.004520827
6.1350942	0.0047183386
6.1423635	0.0048500132
6.1496496	0.0049377964
6.1569533	0.004893905
6.1642742	0.0049158507
6.1716127	0.004893905
6.1789665	0.0047402843
6.1863399	0.0046525015
6.1937308	0.0046744472
6.2011395	0.0046963934
6.2085662	0.0047183386
6.2160106	0.0047622304
6.2234726	0.0047841761
6.2309527	0.0047841761
6.238452	0.0047402843
6.2459679	0.0047622304
6.2535024	0.0047622304
6.261055	0.0047183386
6.2686257	0.0047183386
6.2762151	0.0047183386
6.2838225	0.0046963934
6.2914486	0.0046963934
6.2990947	0.0046963934
6.3067579	0.0046525015
6.3144398	0.0046305559
6.3221402	0.0046086097
6.3298597	0.004586664
6.3375978	0.0044769356
6.345355	0.0044110981
6.3531313	0.0045427727
6.3609242	0.0045647188
6.3687387	0.004520827
6.3765721	0.0045427727
6.3844252	0.0045647188
6.3922973	0.004520827
6.4001889	0.0044549895
6.4081001	0.0042574778
6.4160309	0.0042135864
6.4239826	0.0043672072
6.431953	0.0044549895
6.4399428	0.0044769356
6.4479527	0.0044769356
6.4559822	0.0044330442
6.4640322	0.0043891519
6.4721022	0.004345261
6.4801922	0.0043013697
6.4883046	0.0042135864
6.4964356	0.0041916408
6.5045867	0.0043013697
6.5127583	0.0043233149
6.5209503	0.0043013697
6.5291634	0.0043672072
6.5373969	0.0043672072
6.545651	0.0042794235
6.5539231	0.0042574778
6.5622191	0.0042135864
6.5705361	0.0041258032
6.5788746	0.0041916408
6.587234	0.0042135864
6.5956144	0.0042135864
6.6040168	0.0042794235
6.6124401	0.0042574778
6.6208863	0.0042135864
6.629353	0.0040819119
6.6378412	0.0039941287
6.6463513	0.0041038576
6.6548829	0.0041696946
6.6634369	0.0041477494
6.6720128	0.0040819119
6.6806107	0.0040160748
6.6892328	0.0040599662
6.6978755	0.0040599662
6.7065401	0.0040160748
6.7152276	0.0039941287
6.723937	0.0040160748
6.7326698	0.0040819119
6.7414246	0.0040819119
6.7502027	0.00403802
6.7590008	0.0039941287
6.7678242	0.003972183
6.7766714	0.0039282916
6.7855411	0.0038624539
6.7944345	0.0038844
6.8033509	0.0039282916
6.8122911	0.0038844
6.8212547	0.0038405084
6.8302436	0.0038405084
6.8392544	0.0038405084
6.848289	0.0037966168
6.8573475	0.0036649422
6.8664303	0.0036429965
6.8755369	0.0037307793
6.8846679	0.0037088338
6.8938227	0.0036868881
6.9029989	0.0036429965
6.9122028	0.0036649422
6.9214315	0.0036868881
6.9306846	0.0036649422
6.9399629	0.0036429965
6.9492655	0.0035991047
6.9585934	0.0035332676
6.9679465	0.0035332676
6.9773269	0.0035552136
6.9867301	0.0035332676
6.9961591	0.003511322
7.0056133	0.0034674304
7.0150933	0.003423539
7.0245986	0.0033796474
7.0341301	0.0033357558
7.0436873	0.0032479728
7.0532722	0.0032479728
7.0628819	0.0032699187
7.0725174	0.0032699187
7.0821791	0.0032699187
7.0918674	0.0032260274
7.1015825	0.0032040812
7.1113243	0.0032040812
7.1210923	0.0031821358
7.1308832	0.0031821358
7.1407056	0.0031382442
7.1505547	0.0030943525
7.1604309	0.003028515
7.1703348	0.0029846237
7.1802659	0.0030065696
7.1902246	0.0029846237
7.200211	0.0029187864
7.210228	0.0028748948
7.2202702	0.0028748948
7.23034	0.0028090575
7.2404385	0.0027871118
7.2505651	0.0027871118
7.2607198	0.0027432202
7.2709031	0.0027212745
7.2811151	0.0026773829
7.2913575	0.0026334913
7.3016272	0.0026115456
7.3119259	0.0025457083
7.3222532	0.0025457083
7.3326101	0.0025237629
7.3429961	0.0025018167
7.3534117	0.002479871
7.3638568	0.0024579254
7.3743277	0.002414034
7.3848329	0.0023701421
7.3953671	0.0023481967
7.4059319	0.0023262508
7.4165273	0.0022823594
7.4271526	0.0022165221
7.4378085	0.002194576
7.4484949	0.002194576
7.4592152	0.0021726305
7.4699631	0.0021506848
7.4807425	0.0021067932
7.4915524	0.00201901
7.5023942	0.0019970643
7.513267	0.0019970643
7.5241718	0.0019531727
7.5351081	0.0019092814
7.5460782	0.0018873354
7.5570784	0.0018653896
7.5681105	0.0018214983
7.579175	0.0017337152
7.5902719	0.0017117695
7.6014013	0.0016898237
7.6125636	0.0016898237
7.6237588	0.0016459322
7.6349821	0.0016020406
7.6462431	0.0015800949
7.6575375	0.0015362033
7.6688652	0.0015142575
7.6802268	0.001470366
7.6916218	0.0014484203
7.7030506	0.0014045287
7.7145133	0.0013825831
7.7260127	0.0013386915
7.7375441	0.0012728542
7.7491097	0.0012289627
7.7607102	0.001207017
7.7723455	0.0011631254
7.7840157	0.0011411797
7.7957211	0.0011411797
7.8074613	0.001097288
7.8192339	0.0010753424
7.8310452	0.0010533966
7.8428926	0.001009505
7.8547754	0.00092172204
7.8666949	0.00087783049
7.8786502	0.00087783049
7.8906422	0.00089977618
7.9026704	0.00087783049
7.9147372	0.00087783049
7.9268394	0.00092172204
7.9389782	0.00092172204
7.9511547	0.00092172204
7.9633684	0.00089977618
7.9756198	0.00092172204
7.9879088	0.00096561346
8.0002356	0.00094366772
8.0126038	0.00094366772
8.0250072	0.00096561346
8.0374498	0.0010314508
8.0499296	0.001097288
8.0624495	0.0011631254
8.0750074	0.0011850711
8.0876055	0.0012509084
8.1002417	0.0013606373
8.1129141	0.0014264745
8.1256304	0.0014923118
8.1383867	0.0015800949
8.1511831	0.0016678779
8.1640196	0.0017995524
8.1768961	0.0019312269
8.1898146	0.0020629016
8.2027731	0.0022384678
8.2157736	0.0024359794
8.2288151	0.0026554372
8.2418976	0.0028968407
8.2550211	0.0031601898
8.2681875	0.0035552136
8.281395	0.00403802
8.2946453	0.0045427727
8.3079386	0.005135308
8.3212767	0.0058595184
8.3346548	0.0066715116
8.3480768	0.0076810168
8.3615408	0.0088221962
8.3750496	0.010182833
8.3886013	0.011697092
8.4021969	0.013343023
8.4158373	0.015098684
8.4295158	0.016876291
8.4432449	0.018566115
8.4570189	0.020190103
8.4708366	0.021704359
8.4847012	0.023021104
8.4986105	0.024162283
8.5125656	0.02521568
8.5265665	0.02615935
8.540616	0.026905505
8.5547094	0.027432201
8.5688496	0.027805282
8.5830364	0.02806863
8.59727	0.028266141
8.6115513	0.028375871
8.6258802	0.028353924
8.6402569	0.028331978
8.6546841	0.028375871
8.6691561	0.0284856
8.6836777	0.02863922
8.6982479	0.028792838
8.7128668	0.028968409
8.7275343	0.029034246
8.7422523	0.029012298
8.75702	0.028902568
8.7718325	0.028792838
8.7866993	0.028858678
8.8016176	0.029122027
8.8165865	0.029517049
8.8316059	0.030021803
8.8466768	0.030460719
8.8617992	0.030724067
8.8769741	0.030724067
8.8922033	0.030526554
8.9074821	0.03024126
8.9228134	0.029868182
8.9381971	0.029429268
8.9536343	0.02905619
8.9691257	0.028683111
8.9846697	0.028200304
9.000268	0.02769555
9.0159235	0.027278582
9.0316315	0.026839668
9.0473928	0.026356861
9.0632105	0.025830163
9.0790825	0.025281519
9.0950108	0.024732875
9.1109953	0.024118394
9.1270351	0.023438074
9.1431274	0.022801647
9.1592817	0.022187168
9.1754923	0.021550737
9.191761	0.020848475
9.2080879	0.020212047
9.224472	0.01957562
9.2409153	0.018873354
9.2574167	0.018149147
9.2739801	0.017446881
9.2906008	0.016832398
9.3072805	0.016217919
9.3240204	0.015647328
9.3408203	0.015054793
9.3576803	0.014506149
9.3746023	0.014067234
9.3915854	0.013606372
9.4086237	0.013101621
9.4257298	0.012684651
9.4428988	0.012245735
9.4601307	0.011872658
9.4774246	0.011543471
9.4947834	0.01123623
9.5122042	0.010994827
9.5296898	0.010753424
9.5472441	0.010424238
9.5648584	0.010160889
9.5825386	0.010007267
9.6002836	0.0098536471
9.6180954	0.0096122436
9.635973	0.0094366772
9.6539164	0.0092611117
9.6719275	0.0090855453
9.6900091	0.0089319255
9.7081556	0.0088221962
9.7263699	0.0086905221
9.7446527	0.0085149556
9.7630043	0.0084052272
9.7814245	0.0082954988
9.7999153	0.0082077151
9.8184757	0.0080760401
9.837101	0.0079004746
9.8558025	0.0077688
9.8745756	0.0076590707
9.8934202	0.0075273965
9.9123363	0.0073737763
9.9313259	0.0072640474
9.950388	0.0070445901
9.9695234	0.0068251318
9.9887362	0.006847078
10.008019	0.007220156
10.027377	0.0075273965
10.04681	0.0074835047
10.066319	0.0073079392
10.085902	0.0071762642
10.105563	0.0071104271
10.1253	0.0070445901
10.145119	0.0070006982
10.165011	0.0068690237
10.184982	0.0067592948
10.205031	0.0067154039
10.22516	0.0066276207
10.245367	0.0065617827
10.265656	0.0064959456
10.286023	0.0063862167
10.306466	0.0063642715
10.326997	0.0062984335
10.34761	0.0062106503
10.368304	0.0061667594
10.389083	0.0061228676
10.409945	0.0060570301
10.43089	0.0059473012
10.45192	0.0059473012
10.473039	0.0059473012
10.49424	0.0058595184
10.515526	0.0057497895
10.536899	0.0057058982
10.558359	0.0056839525
10.579906	0.0055961693
10.601542	0.005618115
10.623267	0.0055961693
10.645084	0.0054864404
10.666988	0.0053986572
10.688982	0.0053547658
10.711066	0.0053108744
10.733243	0.0052889287
10.755511	0.0052450374
10.777872	0.0051792003
10.800325	0.0051792003
10.822865	0.0051133628
10.845508	0.0050036334
10.868244	0.0049377964
10.891077	0.0049158507
10.914005	0.0049158507
10.937031	0.0048500132
10.960154	0.0048500132
10.983374	0.004828068
11.006698	0.0047841761
11.030116	0.0047841761
11.053635	0.0047841761
11.077253	0.0046963934
11.100973	0.0046305559
11.124795	0.0045647188
11.14872	0.0044988818
11.172747	0.0044549895
11.196871	0.0043891519
11.221107	0.0043013697
11.245447	0.0043013697
11.269894	0.0043013697
11.294447	0.0042355321
11.319107	0.0042355321
11.343875	0.0041916408
11.368752	0.0040819119
11.393744	0.0040160748
11.418839	0.003972183
11.444047	0.0039282916
11.469365	0.0039063455
11.494797	0.0038624539
11.52034	0.0038405084
11.545999	0.0037527254
11.571771	0.0036649422
11.597663	0.0036210511
11.623667	0.0035991047
11.649787	0.0035991047
11.676025	0.0035552136
11.702382	0.0035552136
11.728858	0.0035552136
11.755454	0.0034893765
11.782171	0.0033577019
11.809002	0.0033357558
11.835962	0.0032918644
11.863048	0.0031821358
11.890256	0.0031162982
11.91759	0.0030943525
11.94505	0.0030724066
11.972636	0.0030724066
12.000351	0.003028515
12.028198	0.0029187864
12.056171	0.0028529491
12.084274	0.0027651661
12.112508	0.0027651661
12.140875	0.0027651661
12.169374	0.0027212745
12.198009	0.0026773829
12.226777	0.0025896002
12.255688	0.0025457083
12.28473	0.002567654
12.31391	0.0025237629
12.343228	0.0024359794
12.372687	0.0023920881
12.402287	0.0022823594
12.432029	0.0022604135
12.461913	0.0023262508
12.491931	0.0023043049
12.522105	0.0023043049
12.552425	0.0022823594
12.582892	0.0022165221
12.613507	0.0022165221
12.644272	0.0022384678
12.675187	0.0022604135
12.706254	0.0022165221
12.737479	0.0021726305
12.768852	0.0021287389
12.80038	0.0021067932
12.832064	0.0021287389
12.863906	0.0021506848
12.895905	0.0021067932
12.928064	0.0021067932
12.960384	0.0021067932
12.992874	0.0021067932
13.025519	0.0021287389
13.05833	0.002194576
13.091305	0.0022604135
13.124448	0.0023043049
13.157759	0.0023262508
13.191238	0.0023043049
13.22489	0.0023481967
13.258701	0.0024579254
13.292698	0.0025457083
13.326869	0.002567654
13.361217	0.0026115456
13.395742	0.0026554372
13.430446	0.0027212745
13.46533	0.0029187864
13.500397	0.0029846237
13.535651	0.0030065696
13.571085	0.0031162982
13.606705	0.0032699187
13.642511	0.0032918644
13.678508	0.0033577019
13.714694	0.0034893765
13.751073	0.0035991047
13.787644	0.0036649422
13.82442	0.0037746709
13.861383	0.0038624539
13.898545	0.0039063455
13.935907	0.0040160748
13.97347	0.0041038576
14.011236	0.0041038576
14.049208	0.0041258032
14.087384	0.0042135864
14.125755	0.0042355321
14.16435	0.0043891519
14.203156	0.004520827
14.242176	0.0044988818
14.281411	0.004586664
14.320862	0.0047402843
14.360532	0.0048500132
14.400422	0.0049158507
14.440542	0.0050036334
14.48088	0.0050914166
14.521442	0.005135308
14.562233	0.0052889287
14.603253	0.0053986572
14.644506	0.0055961693
14.685991	0.0058595184
14.727713	0.0059253559
14.76966	0.0059473012
14.811859	0.0060570301
14.8543	0.0061887051
14.896984	0.0063642715
14.939916	0.0066495659
14.983094	0.0068251318
15.026524	0.0071104271
15.070205	0.0073957215
15.11415	0.0077907457
15.158343	0.0082516065
15.202796	0.008558847
15.24751	0.0090197083
15.292488	0.0095683523
15.337732	0.010007267
15.383245	0.010402291
15.429028	0.010775369
15.475092	0.011148447
15.521424	0.011587363
15.568036	0.012004332
15.614927	0.012355465
15.662103	0.012794378
15.709563	0.013255241
15.757313	0.013650264
15.805353	0.014023341
15.853672	0.014440312
15.902304	0.01481339
15.951234	0.015076738
16.000465	0.015318141
16.050003	0.015515654
16.099848	0.015625382
16.150003	0.015647328
16.200472	0.015515654
16.251265	0.015164522
16.30237	0.014879227
16.353796	0.014703661
16.405548	0.014352528
16.45763	0.013957506
16.510042	0.013738047
16.56279	0.013540535
16.615877	0.013123565
16.669313	0.012750488
16.723085	0.012509084
16.777206	0.012355465
16.831676	0.012245735
16.886503	0.011938495
16.941689	0.011631254
16.997234	0.011521526
17.053146	0.011324014
17.109409	0.01108261
17.166063	0.010928989
17.223093	0.010907043
17.280504	0.010819261
17.338299	0.010577857
17.396481	0.010490075
17.455055	0.01051202
17.514025	0.010380345
17.573404	0.010358401
17.633179	0.010380345
17.693359	0.01024867
17.753954	0.010116996
17.814964	0.0099633774
17.876394	0.0098536471
17.938251	0.010007267
18.000536	0.0099194841
18.063269	0.00978781
18.126427	0.0099633774
18.190027	0.0098536471
18.254078	0.0095464066
18.318579	0.0095683523
18.383539	0.0096341902
18.448961	0.0095683523
18.514851	0.0095464066
18.58119	0.0095464066
18.648029	0.0094805686
18.715351	0.0093269488
18.783159	0.009239166
18.851461	0.0093708411
18.920263	0.0094586238
18.989569	0.0093708411
19.059383	0.0091952747
19.129725	0.0093708411
19.200575	0.0093708411
19.271952	0.0093708411
19.343863	0.0093050031
19.416311	0.0094366772
19.489305	0.0096341902
19.562849	0.0098317014
19.636951	0.0099414308
19.711594	0.0098317014
19.786827	0.0098097557
19.862638	0.0098536471
19.939034	0.0098755928
20.016018	0.0098097557
20.093599	0.0098975394
20.171785	0.0099194841
20.250582	0.0097439177
20.330009	0.009721973
20.410049	0.0097000264
20.490723	0.009721973
20.572035	0.0095683523
20.653994	0.0095902979
20.73661	0.0094586238
20.819889	0.0093927868
20.903841	0.0093488945
20.988487	0.009107491
21.073807	0.0092172194
21.159821	0.0093050031
21.246542	0.0090635996
21.333977	0.0090635996
21.422132	0.009107491
21.511023	0.0090855453
21.600651	0.0091294376
21.691	0.0089758169
21.782139	0.0091685783
21.874046	0.0091160368
21.966734	0.0088270558
22.060209	0.0089846822
22.154484	0.0095889149
22.249567	0.0098778959
22.34547	0.010140606
22.442221	0.010849923
22.539797	0.011086362
22.638224	0.010823651
22.737514	0.010928736
22.837679	0.0113228
22.93873	0.011532969
23.04068	0.011795678
23.143541	0.011795678
23.247343	0.011638053
23.35206	0.01182195
23.457727	0.011953305
23.564352	0.012242287
23.671953	0.012189744
23.78054	0.011874492
23.890127	0.011690594
24.000731	0.011480426
24.112324	0.011217717
24.224998	0.010928736
24.338732	0.010981278
24.453537	0.010849923
24.569429	0.010324503
24.686426	0.010009252
24.804543	0.010166877
24.923796	0.010166877
25.044222	0.010009252
25.165796	0.0098778959
25.288555	0.0098778959
25.412519	0.010035522
25.537704	0.010009252
25.664127	0.0096939988
25.791811	0.0095626442
25.920769	0.0095626442
26.051052	0.0095363725
26.182623	0.0097202705
26.315529	0.0094312886
26.449793	0.0089584105
26.585432	0.0087745134
26.722471	0.0090634953
26.860929	0.0092999339
27.00083	0.0090634953
27.142149	0.0088270558
27.285002	0.0087219719
27.429367	0.0085380748
27.575268	0.008616888
27.722729	0.0084855333
27.871777	0.0080914684
28.022434	0.0080651967
28.17473	0.0078813005
28.328716	0.0074346932
28.484369	0.0071982541
28.641743	0.007408422
28.800863	0.007644861
28.961761	0.0075660483
29.124468	0.0072507961
29.289013	0.0069880863
29.455427	0.0068304604
29.623777	0.0066202916
29.794029	0.0066202916
29.966249	0.0065414784
30.140471	0.0066465633
30.316732	0.0067253755
30.495066	0.0064101238
30.67551	0.006094872
30.858103	0.0058321622
31.04282	0.0057270778
31.229824	0.0060160588
31.419096	0.0064363955
31.610676	0.0063050399
31.804607	0.0064626657
32.000931	0.0071194405
32.199696	0.007592319
32.400944	0.0075660483
32.604759	0.0076185903
32.811115	0.0077236742
33.020103	0.0075660483
33.231773	0.0075660483
33.446171	0.007408422
33.663353	0.0071982541
33.883377	0.0070931693
34.106293	0.0069355434
34.332088	0.0064363955
34.560966	0.0062262267
34.792919	0.0063575818
35.028008	0.0064101238
35.266293	0.0061211437
35.507843	0.0057008071
35.752724	0.0056745359
36.001007	0.0061736847
36.252811	0.0061999559
36.508114	0.0056745359
36.767036	0.005464368
37.029659	0.0058847037
37.296059	0.0063050399
37.566319	0.0065677497
37.840527	0.0070143566
38.118767	0.0073296083
38.40118	0.0079863844
38.687756	0.0086694304
38.978642	0.0088270558
39.273933	0.0091160368
39.573734	0.0098516243
39.878147	0.010009252
40.187283	0.010088064
40.501244	0.010324503
40.820042	0.01024569
41.144012	0.010350774
41.473164	0.010114335
41.807625	0.0098778959
42.147522	0.009483831
42.492992	0.0095101018
42.844173	0.0096677272
43.20121	0.0095889149
43.564312	0.0095626442
43.933502	0.0094050188
44.309002	0.0093524754
44.690975	0.010088064
45.079594	0.010271961
45.475029	0.010718568
45.87746	0.011060091
46.287083	0.010613484
46.704159	0.010718568
47.128742	0.011007548
47.561119	0.01127026
48.001499	0.011506697
48.450111	0.012163472
48.907188	0.012715164
49.372971	0.013608377
49.847713	0.013976173
50.331509	0.013240583
50.824955	0.012452453
51.328171	0.011900763
51.841454	0.011165175
52.365105	0.010534671
52.899441	0.010744839
53.444794	0.011743138
54.001511	0.012688893
54.570061	0.013345669
55.150593	0.013450751
55.74361	0.013056686
56.349518	0.012216015
56.968742	0.011611781
57.60173	0.011296529
58.24894	0.01048213
58.910862	0.010140606
59.588123	0.01048213
60.28101	0.010639755
60.9902	0.010981278
61.716274	0.010902465
62.459846	0.010876194
63.221554	0.010876194
64.002068	0.011848221
64.802094	0.012951602
65.622093	0.013135499
66.463402	0.013293127
67.326561	0.014475321
68.21244	0.014895657
69.121933	0.014921928
70.056015	0.014186339
71.015686	0.012767705
72.002014	0.011979575
73.016319	0.013188043
74.05941	0.014002443
75.132736	0.013529566
76.237625	0.013555835
77.375504	0.014133799
78.547859	0.014028713
79.756294	0.013766005
81.002487	0.014449051
82.28849	0.015421078
83.61573	0.015526161
84.986481	0.014790573
86.402931	0.014554133
87.867393	0.015027012
89.382355	0.016419375
90.95047	0.016603272
92.574593	0.015604974
94.25721	0.013949902
96.002708	0.015526161
97.814079	0.015683787
99.695114	0.014554133
101.64992	0.014816844
103.68291	0.01263635
105.79889	0.012373641
108.00303	0.012426183
110.30139	0.012373641
112.69925	0.01263635
115.20368	0.01261008
117.82195	0.013923629
120.562	0.013608377
123.43254	0.012557539
126.44309	0.012294828
129.60419	0.012793977
132.92625	0.014317696
136.42429	0.01342448
140.11142	0.015893955
144.00337	0.019519351
148.11772	0.020254942
152.47411	0.023617629
157.0945	0.022330349
162.00366	0.018888848
167.23055	0.020307481
172.80489	0.020333754
178.76367	0.016865982
185.14809	0.016340563
192.0054	0.024484575
199.39021	0.046762377
207.36581	0.065493599
216.00604	0.050230157
