# Graphite, Chemical Formula: C
# Sample ID: R050503
# wavelengths (microns), reflectance
2.500225020251823	0.5933319
2.5014314441439116	0.5930458
2.502638406540095	0.5883345
2.503847161163127	0.5853387
2.505056456457359	0.5897111
2.5062669204345465	0.5937368
2.507479183534688	0.5912518
2.5086919905743423	0.5845804
2.50990660135555	0.5797238
2.511121758267366	0.5791451
2.5123387235560646	0.5838831
2.51355623717615	0.5903026
2.514775563825255	0.5920081
2.5159954410162606	0.5885587
2.5172171359053084	0.5867735
2.5184393835565553	0.5879523
2.5196634535918307	0.5855079
2.5208880786194405	0.5813285
2.5221145307341093	0.5799646
2.5233415400811356	0.5811739
2.5245697438899732	0.581597
2.525799781871931	0.5801134
2.52703038046464	0.5848359
2.5282628179764544	0.5888594
2.529495818363988	0.5863789
2.5307306624339354	0.5859491
2.5319660716546397	0.5839246
2.533203329338472	0.5813269
2.5344411544582215	0.5828454
2.535680832839298	0.5833901
2.5369210809516294	0.5839552
2.538163187141056	0.5845289
2.5394058653673035	0.5806224
2.540650406504065	0.5772802
2.5418955219934967	0.5777751
2.54314185848738	0.5770769
2.5443900651745515	0.5788502
2.5456388497072644	0.5775121
2.5468895093111734	0.5764994
2.5481407491024175	0.5753779
2.549393868860709	0.5768998
2.5506475711586036	0.5777876
2.551903158337425	0.5797307
2.5531593304186466	0.5802398
2.5544173923127875	0.5770844
2.555676041482711	0.5721363
2.556936585415745	0.5711794
2.558197719008586	0.5747457
2.5594607523330124	0.5784031
2.560724377711967	0.5787028
2.5619892514302944	0.5804004
2.5632560323667466	0.5767274
2.564523408969677	0.5717419
2.565792697805298	0.5709416
2.5670625847291095	0.5700837
2.568334388918767	0.5713151
2.5696067936292253	0.5732598
2.570881120657364	0.5743777
2.572156050649868	0.5772792
2.5734329080306546	0.5790786
2.5747103708303856	0.5748914
2.575989766107857	0.5707879
2.577269769269924	0.5702499
2.578551710018137	0.5683252
2.5798342611277283	0.5704893
2.5811180887336778	0.5727564
2.5824038616234386	0.5689536
2.5836902486104267	0.5670568
2.5849785860373933	0.5702214
2.5862675400664568	0.5748585
2.5875584497109307	0.5739765
2.5888499784737125	0.5724142
2.590143468046695	0.5684129
2.591437579265597	0.5669733
2.5927336565089414	0.5693398
2.594030357937279	0.57144
2.5953290306238443	0.5699202
2.5966283300460016	0.5692967
2.5979296059798105	0.5670443
2.599231511211395	0.5660893
2.6005347219495274	0.5649386
2.6018399171157873	0.5666051
2.603145745444625	0.565799
2.604453563504521	0.5654088
2.6057620173184155	0.5682105
2.60707246618627	0.5681389
2.608383553411348	0.5674129
2.6096966410333566	0.5695241
2.611010369627683	0.5694194
2.612326103982073	0.5664144
2.61364248193581	0.5641972
2.6149608710330066	0.5671254
2.616279906368575	0.5673397
2.6176009582513586	0.5671299
2.6189226590236028	0.5673475
2.620245695198347	0.5674765
2.6215707560636274	0.567556
2.622896469817412	0.5672681
2.6242242137168197	0.5659018
2.6255526131862603	0.5660018
2.626883048277119	0.5659503
2.628214141631832	0.5648192
2.6295472761045677	0.5658039
2.630881071547337	0.5618988
2.6322169136256446	0.5603998
2.6335534193925922	0.5633236
2.6348919773336053	0.5630043
2.6362312016943585	0.5611156
2.63757248378882	0.5623676
2.6389144350466838	0.5610157
2.640257752522832	0.559145
2.641603136111243	0.5583895
2.6429491930018933	0.558373
2.644297321617686	0.5603158
2.645646126311083	0.559794
2.6469970083639813	0.5617064
2.6483485692826525	0.5607926
2.649702213216768	0.5610137
2.6510565388176976	0.5616282
2.6524129531117047	0.5600054
2.653770051886512	0.5558487
2.655129245053826	0.5522659
2.6564891255289402	0.5505841
2.657851106117895	0.5552464
2.659213776854735	0.5559608
2.660577845581126	0.5545709
2.661944023043917	0.5552062
2.6633108949390434	0.5592881
2.6646798813471344	0.5584893
2.666049565060674	0.5564498
2.6674213690860267	0.5562249
2.6687938733032808	0.5585111
2.6701685036535916	0.5588766
2.6715438370956686	0.5536143
2.672921302514551	0.5514976
2.6742994739385506	0.5502784
2.6756797832057213	0.5515494
2.6770608014049215	0.5535563
2.6784439633363877	0.5546306
2.6798278371404307	0.5550153
2.6812131416980924	0.5544614
2.6826005988637576	0.553501
2.683988772338168	0.5486484
2.6853791043669903	0.5467569
2.686770155679523	0.55024
2.688163371516006	0.5511943
2.689557309625065	0.5474623
2.6909534182508534	0.5435694
2.692350252152063	0.5435914
2.6937492625861394	0.544521
2.6951490013125374	0.5474887
2.6965509226114155	0.550698
2.6979535752336496	0.549785
2.6993584164915685	0.5473387
2.7007639921180906	0.5465928
2.7021710322941863	0.5481667
2.7035802702444767	0.5497974
2.7049902471576637	0.5449488
2.7064024279677463	0.5460589
2.707815350821849	0.5470991
2.7092304837195567	0.543063
2.7106463617569	0.5436179
2.712064456008687	0.5480356
2.7134832985102975	0.5474435
2.714904363421442	0.5432138
2.7163261797072504	0.5415595
2.717750224622056	0.541673
2.7191750240511032	0.5429821
2.720602058353105	0.5407916
2.722029850323745	0.5374252
2.723459141712745	0.5385898
2.7248906773860235	0.5412328
2.726322975487085	0.5419297
2.727757524178161	0.537254
2.729192838488824	0.5357696
2.7306304097201703	0.5400369
2.7320687497780196	0.5436057
2.7335093531122783	0.5439565
2.734950728495151	0.5416844
2.736394373535345	0.5421268
2.7378387938615463	0.5418513
2.739285490251294	0.5405638
2.74073296517981	0.5413344
2.742182722603538	0.5398814
2.7436332618342503	0.5364497
2.745085336467855	0.5351804
2.7465397032913157	0.5358713
2.747994856852826	0.5343693
2.749452309100027	0.5319353
2.750910551392511	0.5316574
2.7523710988924184	0.5337997
2.753832439760604	0.5359608
2.755296092383976	0.5354549
2.7567605417144736	0.5370728
2.758227309374084	0.5389411
2.7596948770956087	0.5369449
2.76116476974647	0.5315206
2.762635465830067	0.5299578
2.7641084934696556	0.5338773
2.7655823279289247	0.5367231
2.767057734936345	0.5338002
2.7685354834887312	0.5286354
2.770014043971203	0.530641
2.7714949526919668	0.5344896
2.7729766767704693	0.5338414
2.7744607558075014	0.5316571
2.775945653646371	0.5287965
2.7774329131910567	0.5288706
2.77892099499822	0.5309787
2.780411445285673	0.531023
2.78190272131288	0.5297734
2.783396372622179	0.5297824
2.7848908531652374	0.5318502
2.7863877158196604	0.5326363
2.787885411218674	0.5303122
2.7893847175190096	0.528463
2.790886416225544	0.5289134
2.7923889529742154	0.5316705
2.7938938890276526	0.5328894
2.7953996666765435	0.5292874
2.7969078505567384	0.5231048
2.798416879602871	0.5225868
2.799928321834961	0.5253506
2.8014406128207368	0.5244604
2.802955323975387	0.524036
2.8044708874888347	0.5256747
2.8059888781824824	0.5264053
2.807507724857505	0.5267726
2.8090290057526106	0.5269368
2.810551146269232	0.5258771
2.8120749372977594	0.525501
2.813601173159145	0.5228815
2.8151282741349393	0.5209782
2.8166578270555194	0.5239483
2.8181882487750043	0.5235819
2.8197211295802846	0.5211883
2.8212548828868886	0.5226994
2.8227911024495334	0.5244154
2.8243281982339474	0.5240342
2.825867767474036	0.5244678
2.8274082166744705	0.5263685
2.828951146559755	0.5242466
2.8304949601621985	0.5197383
2.832041261708367	0.5199742
2.833588450746849	0.5230507
2.8351373312171866	0.5215302
2.8366887105746366	0.5186998
2.8382409831212647	0.5177442
2.839795761888805	0.5150832
2.8413514376670004	0.5159971
2.8429096270301573	0.5199717
2.844468717244165	0.5189375
2.8460303284375916	0.5171316
2.8475928443408933	0.5172918
2.8491578886486413	0.5183684
2.8507238415442258	0.519309
2.852292330300015	0.5195062
2.853861731540652	0.5172204
2.8554336761281465	0.5147213
2.8570065371166575	0.5166153
2.858581131820896	0.5140479
2.8601582811592796	0.5134786
2.861736352808594	0.5146005
2.8633169866566566	0.5151715
2.864898546780212	0.5135323
2.866482676698592	0.514536
2.8680677368765823	0.5149518
2.8696553744771127	0.5138134
2.8712439463410444	0.5155738
2.8728351032870405	0.5149465
2.874427198520015	0.5146975
2.8760218865265563	0.5152423
2.877617516863558	0.5127955
2.879215747697779	0.5090663
2.8808149249259634	0.5122086
2.8824158795749706	0.5136912
2.884019446366323	0.5142636
2.88562396568416	0.5127929
2.8872311049491186	0.5095484
2.888839200854634	0.5101089
2.890449924544805	0.5091616
2.8920616090100446	0.5072582
2.893675929130404	0.5101064
2.895291214180905	0.5112647
2.8969091427901	0.5097864
2.89852804050519	0.508068
2.9001495897158374	0.5101414
2.901772112228938	0.5091302
2.9033972942079256	0.5080007
2.9050234537068533	0.5088843
2.906651435813143	0.5067191
2.9082820894029178	0.5036765
2.909913726877826	0.5053297
2.9115480438910044	0.5063952
2.9131833490596684	0.5015774
2.9148213418554936	0.5015035
2.9164603270985245	0.5068672
2.9181020080918967	0.5085223
2.919744685845691	0.5064517
2.921390067507482	0.5038665
2.9230364502645347	0.5040213
2.9246855451219025	0.5009711
2.9263356454311267	0.500236
2.9279884660678346	0.5019878
2.929642296534878	0.5023273
2.9312979963405676	0.502884
2.9329564288791796	0.5049139
2.934615877856592	0.5047971
2.936278067882051	0.5055076
2.9379412787800727	0.5042406
2.939607239076787	0.5000106
2.9412742247021737	0.4986612
2.9429439681126133	0.4993996
2.944614741330318	0.5001139
2.9462882807553457	0.4990667
2.9479628544888485	0.5001258
2.9496402028880517	0.4999194
2.9513185901196937	0.497782
2.952999760511719	0.4983947
2.954681974283039	0.4967474
2.9563661057356163	0.4931984
2.958053033158	0.4930465
2.959741010822589	0.4939955
2.9614317930433005	0.4946843
2.963123630110907	0.4986274
2.9648182803579606	0.4989032
2.966513990079977	0.4955375
2.9682125216419797	0.4923874
2.969912117330536	0.4925741
2.9716145435570347	0.4939359
2.973318038585343	0.4944214
2.975024372887175	0.4954575
2.976731780689881	0.4956434
2.9784420365395268	0.4954747
2.980153370613065	0.4939776
2.9818666723918508	0.4952683
2.9835828354479474	0.4936888
2.9853000838570796	0.4928351
2.987020202412437	0.4951624
2.9887414111043697	0.4948335
2.990465498850017	0.4913775
2.992190681540248	0.4885938
2.9939187522304698	0.4879858
2.9956479226979047	0.4910502
2.9973799901506095	0.4934121
2.999113162237926	0.4930834
3.000849240335015	0.4939188
3.0025864279490353	0.4938744
3.00432653063677	0.490988
3.006067747748831	0.4890999
3.007810984345246	0.4910924
3.009557149684538	0.4920554
3.011304436855957	0.4888698
3.01305466193376	0.4881
3.014806013814444	0.4880006
3.0165603128052383	0.4884618
3.0183157435952848	0.4890703
3.020074130739613	0.4899916
3.021833654705343	0.4892836
3.0235961443101966	0.4879191
3.0253597757845365	0.4878024
3.027126382223745	0.4872412
3.0288941356066195	0.4864894
3.0306648733212387	0.4861133
3.032436763079961	0.4863248
3.034210725934916	0.4869008
3.0359876872483356	0.4869993
3.037765808305434	0.4872973
3.039546937291715	0.4845806
3.0413292311884663	0.4820275
3.043114542527069	0.4826082
3.044901023969765	0.4821813
3.0466905324091704	0.4832317
3.04848121617329	0.4834783
3.0502749365314044	0.4831606
3.0520698374620205	0.4855615
3.0538677846265854	0.4869072
3.055666917638776	0.4853561
3.0574691065677797	0.4820422
3.0592724866470404	0.4798404
3.0610779953489984	0.4802526
3.0628865745717935	0.4814521
3.064696352950046	0.4820872
3.0665092116403465	0.4829024
3.068323274858251	0.4822801
3.070140428223187	0.4811928
3.071958791515987	0.4811797
3.073780254834826	0.4812593
3.075602933510078	0.480078
3.0774287221346524	0.4809295
3.079255731572656	0.4806592
3.081085860927795	0.4800549
3.0829172165820253	0.4801607
3.084751702165989	0.4811618
3.0865874195635317	0.481043
3.088425323111057	0.47841
3.0902663716904404	0.4788438
3.092108660408857	0.4802418
3.093954104284817	0.4789582
3.0958007938871557	0.4762562
3.0976506488184166	0.4739345
3.099501755092869	0.4753939
3.1013560369135798	0.4766091
3.1032115757239485	0.4761697
3.105070300344135	0.4750233
3.1069302876302856	0.4736341
3.108793471036304	0.4738805
3.1106579228146227	0.4727066
3.1125255810696197	0.4732075
3.114394513433474	0.4740115
3.1162656915663565	0.4743496
3.118140091798044	0.4747005
3.1200157747997572	0.4732687
3.1218946903751674	0.4721412
3.12377489453355	0.4721829
3.125658341788239	0.4723679
3.1275430834697464	0.4736654
3.129431078818164	0.4742604
3.131320374468341	0.4725845
3.133212934404307	0.4711051
3.135106800548267	0.4708591
3.1370039416454527	0.4714445
3.13890239488836	0.4716623
3.1408041338007684	0.4714028
3.1427071908283235	0.468931
3.144612555431658	0.4679228
3.146521221869707	0.4707631
3.1484312154361285	0.4715056
3.1503445216768906	0.4701459
3.152259161095574	0.4674967
3.1541771240780734	0.4664457
3.1560964263204556	0.4679887
3.1580190630662726	0.4690379
3.1599430451865533	0.4698042
3.1618703728003266	0.4688089
3.163799051935976	0.4650241
3.1657310876059097	0.4644414
3.167664480978175	0.4664876
3.1696012419765505	0.467637
3.1715393668909684	0.4668558
3.1734798634768966	0.4658149
3.175423744421574	0.4653136
3.17736899866487	0.4650259
3.179317648487646	0.4664439
3.1812676779068276	0.4669352
3.183221114178321	0.4658177
3.185175936378022	0.4664027
3.1871341767552743	0.46567
3.1890938094267702	0.4631934
3.191056871653778	0.4615438
3.193021332575523	0.4628144
3.1949892344837747	0.4635232
3.196958541521938	0.4618303
3.1989313010309517	0.4618752
3.200905472139959	0.4628286
3.2028820814121377	0.4621989
3.204862160480909	0.4598051
3.206843660919896	0.4598132
3.2088286427745842	0.4606699
3.2108150525578316	0.4622992
3.212804955430363	0.4633044
3.2147962928255067	0.4618539
3.2167911350383185	0.4603903
3.2187874184037386	0.4597165
3.2207872183703397	0.4598911
3.222788466155726	0.4600495
3.2247932423812644	0.4579341
3.226799473128182	0.4570882
3.2288092442100185	0.4568549
3.230820476552482	0.4570137
3.2328352611807607	0.4565477
3.2348515138458116	0.4546502
3.23687028307078	0.4542587
3.238892622612329	0.4545257
3.2409164404236916	0.4563402
3.242943840644334	0.4568177
3.244972726004238	0.4551934
3.247005205923447	0.4541804
3.249039177889119	0.4533563
3.251076756621793	0.4542859
3.253115834346137	0.4562389
3.2551585311032025	0.4555776
3.2572027338353986	0.454751
3.2592505679244113	0.4524105
3.261299915010524	0.4502273
3.2633529058362782	0.4520315
3.2654074167198655	0.4557859
3.267464516152221	0.4553059
3.269525278007735	0.4525058
3.271587570584502	0.4506482
3.2736535381156395	0.4526736
3.2757210435267985	0.4531555
3.277792236483532	0.4514736
3.279864974518729	0.45113
3.2819414127510647	0.4508935
3.2840194033002423	0.4503428
3.286101106758853	0.450949
3.288184369812889	0.4509108
3.2902713585497536	0.4511721
3.2923599142011004	0.4506339
3.294452208370149	0.4500199
3.2965460768134793	0.4494514
3.2986426085665745	0.4475434
3.3007428982040987	0.4463604
3.302844773231632	0.445605
3.304950419133812	0.4463217
3.307057657888854	0.4472332
3.3091686805715725	0.4475952
3.311281303611714	0.4472607
3.3133977236957635	0.4472046
3.315515751683785	0.4469806
3.3176375898955373	0.4459123
3.319761043600082	0.445117
3.3218883207721666	0.4448051
3.324017221068419	0.4452615
3.326149958140403	0.444484
3.3282843260107753	0.4426855
3.3304214348587884	0.4414015
3.3325624005646692	0.4436105
3.334705008660229	0.4459092
3.3368514870845494	0.4441309
3.338999615681144	0.4434752
3.3411516281431886	0.4442974
3.343305298603969	0.4429051
3.345462866533093	0.441734
3.3476221003315816	0.4414187
3.3497852452679258	0.4408571
3.3519500639887263	0.4417759
3.354118807583931	0.4427266
3.356289232923452	0.4420186
3.35846359694138	0.44078
3.3606396507085576	0.4427054
3.362818526170799	0.4438573
3.365001361143051	0.4432884
3.3671858979560847	0.4414287
3.36937440825362	0.4395256
3.3715646285108947	0.4393978
3.3737588362961124	0.4394302
3.3759547622061863	0.4388511
3.3781546897570296	0.4382439
3.3803563436443214	0.4381764
3.3825620133550314	0.4379853
3.384769417660576	0.4374638
3.386980852042451	0.4359593
3.3891940293246625	0.4354094
3.3914112510068253	0.4353165
3.3936302239422647	0.4344487
3.395852102490892	0.4342474
3.398078047056585	0.4341088
3.4003057554935343	0.4325621
3.4025375444498995	0.4322757
3.404771105750488	0.433288
3.4070087621451344	0.434042
3.4092481994055635	0.4339674
3.4114917464074437	0.4334467
3.413737082845596	0.4329363
3.4159865437458072	0.4331046
3.418237802702049	0.4327605
3.42049320091464	0.4318815
3.4227504058526295	0.4311691
3.425011764915413	0.4313014
3.4272749394229156	0.4308216
3.4295411068226604	0.4307833
3.4318114507879955	0.4314995
3.4340836233703125	0.4315009
3.4363599875741224	0.430907
3.4386381892406384	0.4310943
3.4409205976603805	0.4313918
3.443204852439734	0.4310097
3.445493329180365	0.4316162
3.4477836612290518	0.4307947
3.450078230523877	0.4289839
3.4523746641271003	0.4284357
3.454675350338627	0.4299109
3.456977909911156	0.430126
3.4592847375319593	0.4287985
3.461593447618995	0.4282703
3.463905241408216	0.4282392
3.4662213265506314	0.427396
3.4685393079154148	0.4269348
3.4708615962700735	0.4271584
3.4731857900855134	0.4273501
3.4755143066070917	0.4274548
3.4778447378817976	0.4266381
3.480179507659005	0.4264094
3.4825162015359985	0.4260457
3.484857249792477	0.4255284
3.487200231550095	0.4245553
3.489547583645328	0.4237117
3.491896878698137	0.4242038
3.4942505601283647	0.4243938
3.496606194028076	0.4244725
3.4989650061511806	0.424619
3.501328228863619	0.423054
3.5036934184170243	0.4216645
3.5060630348060897	0.4212307
3.508434627688426	0.421717
3.51081066373631	0.4219974
3.5131886859866284	0.4219644
3.515571167816493	0.4222207
3.51795564561522	0.4215292
3.520344599492155	0.4214413
3.522735559162054	0.4225149
3.525131011494042	0.4220856
3.5275284795011794	0.4216361
3.52993045684007	0.4220538
3.5323344597947925	0.4221713
3.5347417393969236	0.4206783
3.537153553495203	0.4197691
3.539567408229636	0.4199263
3.5419858143468135	0.4184191
3.5444062711889033	0.4181058
3.5468312963881194	0.4189426
3.549258382460985	0.4195945
3.5516900539537235	0.4202115
3.554123796529256	0.4193752
3.556562141676364	0.4185593
3.5590025681762536	0.418453
3.5614476144889657	0.4176731
3.563894752485728	0.4165166
3.5663465276267035	0.417434
3.568800404844718	0.4175714
3.5712576612404976	0.4165997
3.573719580945642	0.415695
3.5761836184326516	0.4147084
3.578652336788403	0.4153962
3.581123183475265	0.4145324
3.583598728682515	0.4141056
3.5860764128334197	0.4145013
3.588558813249246	0.4145674
3.5910433632850287	0.4131883
3.5935326474237783	0.4124212
3.596024091923006	0.4129696
3.598520288457386	0.4129278
3.6010186561574535	0.4116914
3.6035217939196333	0.4118412
3.6060271137178677	0.4126103
3.60853591954697	0.4128708
3.611049522655364	0.4130523
3.613565324227149	0.412029
3.6160859413449167	0.4106443
3.618608767961417	0.4095764
3.6211364284876253	0.4092199
3.6236663096147463	0.4092003
3.6262010431129923	0.4086819
3.628738008381659	0.4096906
3.631279844581223	0.4103715
3.6338239237885377	0.4093721
3.6363728925855447	0.4082579
3.638924115695953	0.4076825
3.6414802471545475	0.4075089
3.644038644301015	0.407354
3.646600638884432	0.4070828
3.6491675701397375	0.4065344
3.6517367842732846	0.4062586
3.6543109540894294	0.4056593
3.656887418332562	0.4056792
3.6594688573711034	0.406035
3.6620526024559923	0.4058255
3.664641341551902	0.4061109
3.6672323983846575	0.4060837
3.6698284685475517	0.4057703
3.6724268682094534	0.4058554
3.675030300624829	0.4048289
3.67763607437357	0.403432
3.6802469004040543	0.403923
3.682860079674995	0.4037878
3.6854769725870535	0.4023321
3.6880989472690366	0.402212
3.6907232931881055	0.4024571
3.693352740670868	0.4023636
3.6959845714820045	0.4022838
3.6986215237580953	0.4017132
3.7012608715284947	0.401973
3.7039053607733456	0.4020629
3.7065522577536436	0.4013382
3.7092043163268786	0.4010256
3.7118587949524655	0.4006168
3.7145184553992197	0.4011737
3.7171805482915654	0.4010076
3.719847843343816	0.4005696
3.722517583311805	0.4002205
3.7251911581842823	0.3989565
3.7278699659309966	0.3978425
3.7305512374424983	0.3984713
3.733237762446615	0.3982043
3.7359267638804625	0.3974125
3.738621039538535	0.3972979
3.741317804370233	0.3974079
3.744019864271792	0.3976333
3.7467244261704202	0.3965677
3.749434304099369	0.3959573
3.7521466969289805	0.3961209
3.7548644268650038	0.3960548
3.7575846846860386	0.3963489
3.7603103008060224	0.396677
3.7630384578767355	0.3962352
3.7657705764528626	0.3951839
3.768508085334097	0.3948072
3.7712481549168406	0.3954305
3.77399363629193	0.3952695
3.776741691640371	0.3945705
3.7794951803877455	0.3939174
3.7822512564638675	0.3938642
3.7850127876657034	0.3934081
3.7877769196358737	0.3935572
3.790546528579584	0.3934704
3.7933187518160514	0.3928649
3.7960964739957905	0.3922892
3.798876824078193	0.3911423
3.8016626951963715	0.3900803
3.8044512079132584	0.390856
3.807243814370975	0.3912469
3.810041975232441	0.3899442
3.8128427983978432	0.3909819
3.81564919837026	0.3919937
3.818458274560896	0.3903071
3.821272950087679	0.388591
3.824090315835443	0.3885201
3.8269133035752554	0.3879773
3.82973899562797	0.3874791
3.832570332456313	0.3868503
3.835404387779328	0.3855958
3.838244110790148	0.3850413
3.841086566567951	0.385554
3.843934713075259	0.3853515
3.8467856067131025	0.3836592
3.8496407322786603	0.3832857
3.852501583378151	0.3841071
3.8553652033242503	0.3837996
3.8582345721738722	0.3835316
3.86110672446486	0.3830478
3.863984649161786	0.3835922
3.866865371988582	0.3837966
3.869751890857518	0.3831213
3.8726412226393054	0.3813986
3.875536374234194	0.3813156
3.8784343536201304	0.3803285
3.881338176725866	0.3809632
3.8842448425968037	0.3812961
3.8871573762309652	0.3798076
3.8900727677011924	0.3793179
3.8929925355761124	0.3793831
3.8959182075347836	0.3794192
3.8988467601168253	0.3791016
3.90178124117222	0.3791807
3.904718618166938	0.3790803
3.9076619481648645	0.3792944
3.9106081895174585	0.3784166
3.9135604085443982	0.3771335
3.9165155544415247	0.3767763
3.9194767028264526	0.3786778
3.92244079369805	0.3786893
3.9254109120142697	0.3767978
3.928383988535404	0.374822
3.931363117602403	0.374954
3.934345220695128	0.3768661
3.937331851321624	0.3772654
3.940324572415679	0.3761637
3.943320291458689	0.37455
3.9463221264362143	0.3734266
3.9493269754434794	0.3721575
3.9523379660004077	0.3722353
3.9553519867733034	0.372043
3.958372174860299	0.371615
3.961395409455772	0.3718909
3.9644248372801822	0.3714997
3.9674573280127086	0.37048
3.970496038040528	0.3710588
3.9735378274840873	0.3719081
3.9765858624419423	0.3722066
3.979636993432007	0.3725983
3.9826928101243237	0.3723393
3.9857549119447095	0.3720588
3.9888201349258297	0.3694384
3.991891669640626	0.3687353
3.994966342408565	0.3695542
3.9980473536724666	0.3685346
4.001131519993854	0.3684726
4.004222051731346	0.3696065
4.007315755643503	0.3694027
4.010415852050946	0.3684793
4.013519137863981	0.3670368
4.016628843411724	0.3673713
4.019741755710646	0.3670989
4.0228611151451465	0.3659328
4.025983698792004	0.3665377
4.02911113376367	0.3669979
4.032245057274009	0.3667497
4.0353822314049586	0.3655991
4.038525921884409	0.365027
4.041672880738721	0.3642772
4.0448263839171235	0.3656896
4.047983173343545	0.3665175
4.05114653523667	0.365881
4.054313201370844	0.3652719
4.057486468282629	0.3657285
4.060663057549341	0.3642961
4.063846276074146	0.3632739
4.067032835189595	0.3647549
4.070226052214488	0.364442
4.073422628188573	0.361966
4.076624229008442	0.3617786
4.079832531034266	0.3616788
4.0830442197772046	0.3604684
4.086262638810341	0.3610683
4.089484463230628	0.361367
4.09271304720085	0.360802
4.09594505535465	0.3605932
4.099183852494968	0.3605229
4.102426092742727	0.3600539
4.105675151591791	0.360523
4.108927672600643	0.3602378
4.112187042005169	0.3590192
4.115449892751376	0.3584872
4.118719621868589	0.3569433
4.121992851639996	0.3559637
4.125271288153087	0.3571939
4.128556648338628	0.3587117
4.131845538391869	0.3579029
4.13514138255144	0.3579412
4.138440776222506	0.3582803
4.141747154619705	0.3572321
4.145057102306641	0.3558428
4.148374065526887	0.3560541
4.151694617950682	0.3561701
4.155022216903793	0.3560421
4.158353425110966	0.3560564
4.161691711033768	0.3553801
4.165033626398983	0.3547693
4.168382650857936	0.3544875
4.171735325086647	0.3546861
4.175093396839287	0.3539722
4.178458625111618	0.3535342
4.181827533905213	0.3533251
4.18520363108267	0.3530157
4.188583429461323	0.3528278
4.191970448285128	0.3529129
4.195361189133175	0.3532735
4.198759182686333	0.3532915
4.202160919231106	0.3524949
4.2055699409411815	0.3513726
4.208982726755788	0.3507246
4.21240283039771	0.3511513
4.215826719403848	0.3512551
4.219256178889712	0.3510662
4.222693005573532	0.3510654
4.226133649786221	0.3499957
4.2295816943704265	0.3488798
4.233033578115555	0.349207
4.236492895613238	0.3494715
4.239956074055073	0.3491628
4.243426719839633	0.3485798
4.246901248504029	0.3490456
4.250383278312122	0.3489998
4.253869213089496	0.3489517
4.257360870511092	0.3489341
4.2608600801723435	0.3486487
4.264363228225308	0.3479881
4.267873962853279	0.3475178
4.271388658352551	0.3475541
4.274910974978946	0.3474772
4.278437275114641	0.3472016
4.281971231148086	0.3476761
4.285509193488597	0.3473367
4.289054846717757	0.3463449
4.29260452921289	0.3459413
4.296161937809619	0.3457646
4.2997233987937555	0.3448972
4.303292621316274	0.3455225
4.3068659195115675	0.3456004
4.3104451569131355	0.345047
4.314032209427283	0.3443569
4.317623372849662	0.3439966
4.321222387388945	0.3443388
4.3248255365378565	0.3431778
4.328436573038255	0.3424833
4.332051768018628	0.3427444
4.335674886817207	0.3413602
4.3393021881365215	0.3406845
4.342937449974789	0.3400297
4.346576918546452	0.3393773
4.350224384573757	0.339174
4.353876081720513	0.3387305
4.357535813497467	0.3387589
4.361199800954841	0.3394513
4.364869955246989	0.339436
4.368548200376568	0.3388098
4.372230738356094	0.3379068
4.375921404950829	0.3381417
4.379616389400453	0.3373772
4.383319540487846	0.3360061
4.387027034615398	0.3342673
4.390742733650082	0.3332567
4.3944628010921125	0.3337043
4.398191111959473	0.3341568
4.401923816784888	0.3333284
4.405664803804733	0.3327938
4.409410210518471	0.3331188
4.4131639384487205	0.3320078
4.416922111995477	0.3307056
4.420686691787956	0.3307088
4.424459651803875	0.3306489
4.42823709667063	0.3300797
4.4320229614245585	0.3292742
4.43581333742611	0.328335
4.439612173238994	0.327868
4.44341554688892	0.3277762
4.44722742053694	0.3283589
4.451043858805766	0.3270598
4.454868837524251	0.3243975
4.458698407843386	0.3251649
4.462536559330762	0.3282278
4.466379329596463	0.327871
4.470230722018255	0.3267326
4.474086760595644	0.3285598
4.477949457384475	0.3266603
4.481820838315625	0.3257771
4.485696906842841	0.3249035
4.48958170118332	0.3233093
4.493471211003972	0.3211218
4.497369488586126	0.3211924
4.501272509738503	0.3218016
4.505184340880268	0.3222106
4.5091009438901	0.3210672
4.513026399399226	0.3220367
4.516956655283936	0.3230299
4.520895806462259	0.3207844
4.524839786735251	0.3202048
4.5287927053830135	0.3208145
4.532750482058013	0.3174592
4.536715182298827	0.3152059
4.540688886073661	0.3176141
4.544667491675305	0.3203402
4.548655144619941	0.3175952
4.552647728866154	0.3149894
4.556649404559839	0.3166337
4.560656041250222	0.3171733
4.564671813790604	0.3170938
4.56869257724517	0.3146446
4.572722521252872	0.3102432
4.576757486316639	0.308272
4.5808016769398785	0.3095431
4.584850918987518	0.3126705
4.588909431906779	0.3134392
4.5929730268473055	0.3100217
4.597043824997897	0.3078052
4.601123962561575	0.3081748
4.605209228470876	0.3099876
4.609303879881541	0.3101895
4.61340369081522	0.310162
4.617512933653727	0.3093686
4.621627367428619	0.3104582
4.625751279829735	0.3083387
4.629880414818766	0.3054656
4.634019075476122	0.306471
4.638162990613286	0.306457
4.642316478784381	0.3054734
4.646475253569771	0.3036984
4.650643649081033	0.3045249
4.654817363585923	0.3096655
4.658998576210035	0.3108816
4.663189481709805	0.3082202
4.667385755232023	0.3076378
4.6715917701502105	0.3084388
4.675803186092291	0.3076895
4.680024392287133	0.3086783
4.684251032760246	0.3110268
4.688487512682359	0.3088762
4.692729460392425	0.3072929
4.696981297090173	0.3088267
4.701238635343254	0.309313
4.705505912468179	0.3093945
4.7097787251759335	0.3102837
4.714061526988238	0.3112742
4.718349898673435	0.3111338
4.722646079707876	0.3103693
4.726952325849623	0.3101484
4.7312641937925815	0.3096007
4.735586177960488	0.3083764
4.739913818886945	0.3087778
4.7442516275155215	0.3085569
4.748595128131343	0.3074761
4.7529488482892	0.3066999
4.757308295936926	0.3061674
4.7616780153326035	0.3070045
4.766053497997304	0.3072506
4.770439304985157	0.3074055
4.774830911300353	0.3057504
4.7792328948865075	0.305386
4.783640714140155	0.3070867
4.7880566714387625	0.3080546
4.792483086129068	0.3079841
4.796915391526634	0.3070817
4.801358208209938	0.3046584
4.805806952657035	0.3033201
4.810266262668437	0.3027036
4.81473153779155	0.3024387
4.819207433145545	0.3025852
4.823689331253359	0.302032
4.828181904650167	0.3023724
4.832680518739927	0.3014011
4.837189863571898	0.2995073
4.841705287335842	0.2998318
4.846231497693921	0.2999697
4.850763825525786	0.2981775
4.855304638806605	0.2995748
4.85985632320766	0.3007884
4.8644141834643	0.2998424
4.8689829717058535	0.2976261
4.873557975114638	0.2973939
4.878143963784659	0.2981322
4.8827362072467615	0.298248
4.8873394936618535	0.2971057
4.891949074810132	0.2945587
4.896569757022415	0.2921843
4.901196774228331	0.2903778
4.905834951032409	0.2905084
4.910479503413029	0.2907901
4.9151352743530206	0.2909459
4.919797461778093	0.2908382
4.924470927154764	0.2900915
4.929150850253876	0.2909001
4.933842111131833	0.287837
4.938539871301651	0.2862621
4.943246585946746	0.2865613
4.947964728928227	0.2867112
4.952689434179995	0.2896613
4.957425628700719	0.2894741
4.962168427905647	0.2879865
4.966922777761497	0.2879975
4.971683775059151	0.2896419
4.976456384843306	0.2897826
4.981235685173949	0.287223
4.986026660284552	0.284651
4.990824369396864	0.2857158
4.995633816044776	0.2879347
5.000450040503646	0.2900539
5.005278065720302	0.287796
5.010112912914718	0.2859026
5.01495710957932	0.285799
5.0198132027111	0.2860356
5.024676184743274	0.2853826
5.02955112765051	0.2852832
5.034433004534514	0.2869718
5.0393269071836615	0.2868352
5.044227789256198	0.2864766
5.0491407624707465	0.2871158
5.05406076092928	0.2834435
5.058992916398118	0.2798193
5.063932143309279	0.28052
5.068883593595162	0.2832904
5.073842161903259	0.2837063
5.078813020451364	0.2821285
5.083791043986993	0.2833725
5.088778835565272	0.2813461
5.093779018622347	0.2802493
5.09878643783993	0.2815989
5.10380631667485	0.2799913
5.1088334796162655	0.2816215
5.11387317083149	0.2834918
5.118920194498491	0.2816214
5.123979815618711	0.2822015
5.129046817939354	0.2831708
5.13412648742062	0.2836745
5.139213587258451	0.2832665
5.144313424497426	0.2820343
5.149420741660771	0.2808338
5.154540867004083	0.2825933
5.159668522255457	0.2838539
5.16480638948528	0.2833937
5.1699571720747866	0.2832971
5.175115560330462	0.282519
5.18028693609339	0.2813568
5.185465968564668	0.2814606
5.190658061247689	0.2823695
5.195857862112324	0.281988
5.201070796455574	0.2810638
5.20629149088925	0.2822566
5.2115253926363225	0.2820917
5.216767106822696	0.2803742
5.222022102730752	0.2816245
5.22728496387162	0.2825259
5.232561181721618	0.2815874
5.2378453180472055	0.2809989
5.24314013760097	0.2816252
5.248448427433639	0.2826739
5.253764716451691	0.2816244
5.2590945522091355	0.2804087
5.264432441538478	0.2805241
5.2697839546672105	0.2801745
5.275143576220286	0.2806117
5.280516899238233	0.2814102
5.285898386003787	0.281671
5.2912936525112215	0.2810436
5.296697138565305	0.2803618
5.302114483255923	0.2806379
5.307540103773024	0.2803656
5.31297966244515	0.2805673
5.31842755370947	0.2805441
5.3238866288990145	0.2798636
5.329359762694269	0.2787968
5.334841315145081	0.2785689
5.340337007307183	0.2784824
5.345841176127825	0.277888
5.351359566411443	0.277664
5.356886491860746	0.2775525
5.362427721177353	0.2771173
5.367977544676336	0.276843
5.373541755106208	0.2770091
5.37911461925013	0.2777131
5.384701954054492	0.2774247
5.390298002625075	0.2763596
5.3959086062583905	0.2760232
5.401527984236181	0.2753842
5.407159078620093	0.2754748
5.412804855935493	0.2755941
5.418459499453549	0.2749253
5.424128912017374	0.2748038
5.429807252702144	0.2749988
5.435500449244112	0.2745211
5.441202636371502	0.2735177
5.446919766871834	0.2734654
5.45264595097417	0.2738727
5.458387166676765	0.2743399
5.464137499556039	0.2739701
5.469902952981808	0.272471
5.4756775877230925	0.2723404
5.481467432683469	0.272992
5.4872665236685005	0.2727419
5.493077897886978	0.2722287
5.498904618200054	0.271832
5.50474068267592	0.2720836
5.510592184767952	0.2718576
5.516453097185009	0.2714143
5.52232953949294	0.2715353
5.52821545888058	0.2711675
5.534117001194816	0.2711152
5.540028087942406	0.2713902
5.545954891421295	0.2713555
5.551891307292742	0.2712293
5.557843534477248	0.2712253
5.56380544262576	0.2714051
5.569783257454319	0.2721159
5.575770822437348	0.2729469
5.581771274642125	0.2733566
5.587787778055305	0.2733383
5.593814136575209	0.273715
5.599856643669922	0.2746489
5.605909076639504	0.2757134
5.611977756364965	0.2766268
5.618056433376873	0.2769084
5.624151456149053	0.2773706
5.6302565482698785	0.2784887
5.636378085987457	0.2794759
5.642509765773777	0.2802218
5.6486579918343	0.2802301
5.654816433348941	0.2799066
5.660991522665195	0.2789169
5.667176901493698	0.2773086
5.673375811789162	0.2752352
5.67959152377761	0.2723397
5.685817637633745	0.2701513
5.692060656875183	0.2691238
5.698314153757611	0.2675964
5.70458466060003	0.2663158
5.710865721556462	0.2653625
5.717163897939478	0.2644688
5.723472705617188	0.263582
5.729798735089632	0.2631432
5.736135473753165	0.2632544
5.742489541490922	0.2633999
5.74885439704003	0.2631703
5.755236689864107	0.2627627
5.761629849851927	0.2629537
5.768037229219492	0.2631712
5.774462209898237	0.2630702
5.780898178149939	0.2625784
5.787351858260808	0.2625116
5.79381660716417	0.2625399
5.800299179431675	0.2623966
5.806792902473171	0.2624099
5.813304561351291	0.2617425
5.819827453755652	0.2611175
5.826368395447275	0.2611455
5.832920654197049	0.2615535
5.839491076673686	0.2610749
5.8460729005290695	0.2602932
5.852673003550817	0.2601123
5.859284593069756	0.2599103
5.865911137312181	0.2598952
5.872556135764102	0.2599346
5.879212749895938	0.2600045
5.8858879362252265	0.2597232
5.892574825388277	0.2590426
5.8992804057761035	0.2585911
5.905997776982437	0.2584594
5.9127339594918595	0.2582763
5.919482021645178	0.2582825
5.9262490162426635	0.25834
5.933027980159954	0.2583366
5.939825998737193	0.2580463
5.946636077170686	0.257384
5.953465333566709	0.2566971
5.96030674122613	0.2564318
5.9671638905431195	0.2567123
5.974040404824874	0.2565793
5.980929209123788	0.2561349
5.9878375044609395	0.2562796
5.994758183444396	0.2564061
6.00169848067003	0.2562343
6.008651256078502	0.2556657
6.01562377807642	0.2549906
6.022608873711914	0.2546884
6.029613845440497	0.2545742
6.0366314871905695	0.2547562
6.043669135706964	0.2549774
6.050719551569073	0.2546357
6.057790106053731	0.2540364
6.064873526159922	0.2537991
6.071973531052984	0.2539654
6.07909387458343	0.2535842
6.086227232945478	0.2528329
6.093381064818341	0.2524524
6.1005480122279385	0.2520019
6.107735569253171	0.2516381
6.114936343512665	0.2519754
6.122157864738268	0.2519565
6.129392705900092	0.2511468
6.136648432638624	0.2504307
6.143917583031974	0.2500621
6.151207758887419	0.2500124
6.158511463145312	0.2500636
6.16583633404035	0.2499155
6.173174839127063	0.2495294
6.180530833432222	0.2496568
6.187908208569634	0.249665
6.195299378549519	0.2490428
6.2027120738271595	0.2484631
6.210138672396555	0.2479665
6.217586942072608	0.2476488
6.225049224576743	0.2479142
6.232533325355691	0.2478292
6.2400315495995144	0.2472468
6.2475517406616285	0.2472376
6.255086166939493	0.2473452
6.262642709970754	0.2471149
6.270213601096534	0.2464843
6.277806760318988	0.2454753
6.285414381656647	0.2445067
6.293040463620877	0.2437602
6.300689043353781	0.2430333
6.308352258390109	0.2431086
6.316038126132545	0.2433465
6.323738746116434	0.2434916
6.331462175211819	0.2435818
6.339200474679331	0.2433688
6.346961741149321	0.2427072
6.35473799732974	0.2421859
6.362537379907106	0.2423709
6.370351872756044	0.2423276
6.378189652918054	0.2419786
6.386042665151046	0.2418328
6.393919127153311	0.2416187
6.401810944279918	0.2413582
6.409722266734182	0.2415563
6.4176572855491685	0.2416068
6.425607846438254	0.241122
6.433582270076637	0.2407873
6.441572362047286	0.2404676
6.449586484762529	0.2407812
6.457616403378883	0.2405778
6.465670522361521	0.2398409
6.47374056614156	0.239582
6.481834981555939	0.2396886
6.489945452008476	0.2395309
6.498080467030039	0.2394654
6.506231668692274	0.2393161
6.514407589545418	0.2392288
6.522599830021048	0.2390976
6.530812700863308	0.2385966
6.53905055601547	0.2383726
6.547304932870483	0.2383672
6.555584472967064	0.2380518
6.563880671274949	0.2379993
6.572202213517706	0.238026
6.580540551923097	0.2381933
6.588904416740298	0.2383428
6.597285217133149	0.2384354
6.605691728220704	0.2388978
6.614115315777708	0.2400883
6.622564800140928	0.241897
6.63103150336757	0.2436423
6.639524291363572	0.2447004
6.648034442136838	0.2452253
6.656566436526976	0.2448626
6.6651248011293385	0.2433892
6.673700747254272	0.2418399
6.682303256286377	0.2405172
6.690923494642578	0.2392071
6.6995704905358515	0.2379686
6.708235365146022	0.2367373
6.71692719388276	0.2362455
6.725637052341598	0.2352434
6.7343740635011065	0.2341962
6.743129257021789	0.2336664
6.751911803827254	0.2333031
6.760712687288643	0.2329804
6.76954112665473	0.2329084
6.778388058649325	0.2326458
6.787258144540092	0.2322206
6.79615609411317	0.2317808
6.80507277344824	0.231363
6.814017524290269	0.2309678
6.822981165160494	0.2309615
6.8319730874916145	0.230876
6.840984061875332	0.2302647
6.850023529830826	0.2298009
6.859082213645321	0.2295595
6.868169605327502	0.2293957
6.877276378481277	0.2292202
6.886412076012217	0.2291807
6.8955673224581036	0.2289858
6.904751712033187	0.2288389
6.913955819822312	0.2285784
6.92318449871298	0.228167
6.932442653101263	0.2275425
6.941720783164938	0.2269543
6.951028613214183	0.2269375
6.960356592988972	0.2267826
6.969714499584954	0.2264941
6.979092731903037	0.2262195
6.988501120256729	0.2258563
6.997930012302361	0.2257809
7.007389292008423	0.2254688
7.016869255376852	0.2249534
7.026379840473072	0.2243438
7.03591129123044	0.2240427
7.045473600258146	0.2239749
7.055056959002359	0.2240283
7.06466642411312	0.2242524
7.074307106990406	0.2243198
7.083969119561814	0.2242452
7.093662592776239	0.2242665
7.1033775850078955	0.2241722
7.113124283352728	0.2236119
7.122892692197014	0.2230378
7.132693055253407	0.2225254
7.142515322480995	0.2218862
7.152369794684073	0.2217525
7.16224636695053	0.2215575
7.17215539765657	0.2209973
7.182086726570057	0.2206881
7.192050770124797	0.2206619
7.202037312314907	0.2207695
7.212051626750365	0.2205772
7.222099045310728	0.2200778
7.232169267475271	0.2193704
7.242272856975251	0.2188043
7.252399456360137	0.2182402
7.262559689162446	0.2179013
7.272743140530488	0.2176144
7.282960494309095	0.2171162
7.293201277768864	0.2173025
7.303476235583851	0.2173898
7.313774836665124	0.2173798
7.324107887038819	0.2177777
7.334464796769315	0.2178386
7.344851039076076	0.2171177
7.35527214874714	0.2162743
7.365717446659315	0.2156442
7.376197894538073	0.2151278
7.38670275317185	0.2146211
7.3972430475161906	0.2141474
7.407807977764724	0.2138838
7.418408632653757	0.2138151
7.429034151269994	0.213764
7.439695686687632	0.2135431
7.4503823163685645	0.2132938
7.4611052582885415	0.2128817
7.471853527760925	0.2124574
7.4826384082332975	0.2123234
7.4934488523408405	0.2121128
7.504290578138051	0.2120351
7.515169369372077	0.2115179
7.52607408366285	0.2111991
7.537016170668194	0.2109475
7.547984423979343	0.2106301
7.558990360775491	0.2104636
7.57002271006813	0.2103497
7.581093057159168	0.2098821
7.592190065922986	0.209654
7.603325390392743	0.2099338
7.61448762874195	0.2100258
7.625688504350837	0.210002
7.636916549121792	0.2098743
7.648183556405353	0.2097379
7.65947799125594	0.2094318
7.67080583349442	0.2088864
7.682173133135902	0.208622
7.693568253875442	0.2086367
7.705003166756302	0.2090621
7.71646616715409	0.2090179
7.727969298323572	0.2088569
7.739500786720255	0.2090394
7.751072748468388	0.2089992
7.762673340495694	0.208547
7.7743147524619305	0.2080193
7.785985071152225	0.2075952
7.797696560436047	0.2070667
7.809437236333876	0.2067223
7.821219437607395	0.2065086
7.833031108883049	0.2063903
7.84487851028895	0.2062405
7.856767977070808	0.206106
7.868687345577012	0.2060705
7.880649144831358	0.2065323
7.892641138181994	0.2067935
7.904675932000815	0.2070966
7.916741215979784	0.2075016
7.9288496745603645	0.2081763
7.940988923114551	0.2090103
7.953171724883885	0.2099895
7.9653856202486475	0.2112002
7.977643451990144	0.2125064
7.98993268481713	0.2136168
8.002266241799678	0.214565
8.014631511287005	0.2155501
8.02703505406208	0.2162039
8.039483511421292	0.2167105
8.051964155876364	0.2170672
8.064490114548018	0.2175187
8.07704858183181	0.2176811
8.089652767834247	0.2179429
8.10228978811702	0.2185679
8.114972936565257	0.2193503
8.127689249180323	0.2197297
8.140452104428975	0.2197831
8.153248458016884	0.2200168
8.16609177380579	0.2200757
8.178968926461256	0.2201839
8.191893466063853	0.2202258
8.204852185485453	0.2200449
8.21785196854535	0.2194154
8.230899785502752	0.2182663
8.24398230511638	0.2162104
8.257113296677256	0.2136564
8.270279345225445	0.2115103
8.28349430923941	0.2101643
8.296744689253725	0.209714
8.310044433807587	0.2107495
8.3233799581334	0.2122733
8.336765301715872	0.2138259
8.350186793678574	0.2155383
8.363658565348192	0.2172911
8.377166858922646	0.2185816
8.39072589847893	0.2195315
8.404321838462211	0.2203957
8.417961910405948	0.2209025
8.431653438807697	0.2208807
8.445382444921327	0.2195538
8.459163388740853	0.2171662
8.472982201653588	0.2146326
8.486853439679265	0.2121529
8.500762943474177	0.209766
8.514725366048044	0.2073488
8.528726456450617	0.205716
8.542780965658876	0.2058893
8.556874550229281	0.2076529
8.571022060096578	0.2102837
8.58520905842578	0.2130041
8.599450495113363	0.2154133
8.613731839023135	0.2171216
8.62806069668139	0.2180851
8.64244477477789	0.217885
8.6568693990055	0.2170351
8.671349773634415	0.2160379
8.685871127730078	0.2150491
8.700448769147513	0.213439
8.715067829372915	0.2114296
8.729743720913586	0.2095702
8.744461476712187	0.2079042
8.759236615010527	0.206181
8.774054069230797	0.2046969
8.788929464446582	0.2033823
8.803847633569776	0.2020438
8.818824309618337	0.2005113
8.833844223990955	0.1988624
8.848915388440838	0.197853
8.864045922849117	0.1967786
8.87922040444849	0.195735
8.89445484107388	0.1951204
8.909733705878999	0.1946874
8.925073118661524	0.1939402
8.940457447445755	0.1932296
8.955902925177012	0.1928156
8.971393813685681	0.1925457
8.986946460266463	0.1926173
9.002545019477006	0.1927592
9.0182059541803	0.1925
9.033913310567872	0.1922521
9.049683668307374	0.1924203
9.065500964116026	0.1925029
9.081373648578085	0.1918364
9.097310289239882	0.1909886
9.113294656510812	0.1900085
9.129343627581209	0.1887296
9.145440860549403	0.1875574
9.161603353879757	0.1867972
9.177814652197535	0.1869618
9.194091876560123	0.1873944
9.210418456941753	0.1883184
9.226811638331128	0.1904272
9.243254734857238	0.1930414
9.259765116798047	0.1948307
9.276325981226572	0.1938944
9.292954825088003	0.1910442
9.309634727171845	0.1884844
9.326374614354409	0.1866953
9.343183540300421	0.185281
9.360044404050653	0.1844519
9.376975025364718	0.1837773
9.393958181855758	0.1831006
9.411011824936358	0.1827157
9.428118609503356	0.1822969
9.445296620095057	0.1817083
9.462528387585163	0.1811454
9.479832131132621	0.1806734
9.497190256262686	0.1802421
9.51462111827245	0.1795461
9.532106995994608	0.1790782
9.549666382404931	0.1789556
9.56728142828031	0.1786188
9.584961578681513	0.1779696
9.602716416419876	0.1777558
9.620527897606799	0.177456
9.63841486629109	0.1772237
9.656359147034484	0.1770261
9.674379727143796	0.1766269
9.692458298198172	0.17633
9.710613992412126	0.1760581
9.7288283669286	0.1757145
9.747120700545059	0.1755567
9.765472414493523	0.1760169
9.783902935855753	0.1769727
9.802393548456662	0.178473
9.820963829390216	0.1814163
9.839594923556186	0.1855262
9.858306559815768	0.1882252
9.877079742603302	0.1871065
9.895924561387883	0.1843678
9.914851257401438	0.1826787
9.93384062146107	0.1820786
9.952912769686613	0.1815015
9.972048348479213	0.1801185
9.991267632089553	0.1780765
10.010554127216324	0.1762676
10.029916231142629	0.1751799
10.049354389276616	0.1745035
10.06886803671069	0.1739394
10.088456596281858	0.1732135
10.10812254359987	0.172583
10.127865312355013	0.1720189
10.147684323806518	0.1711316
10.167582087973987	0.1706058
10.187558037244694	0.170355
10.20761159139625	0.1695452
10.227745295595135	0.1687463
10.247958581030764	0.1686519
10.268250866101289	0.1688199
10.28862473187844	0.1683724
10.30907960846528	0.1677758
10.329614912989006	0.1675561
10.350233263207054	0.167356
10.370934088254367	0.1670067
10.391716804102318	0.166744
10.412584065997457	0.1662024
10.433535302231869	0.1657713
10.45456992774324	0.1654389
10.475690636094411	0.1650368
10.496896854867279	0.1647381
10.518187998095366	0.1642269
10.53956679850962	0.1640389
10.561032683122233	0.1642802
10.582585065199835	0.1641988
10.604226717518882	0.1638744
10.62595706667055	0.1634924
10.64777552530002	0.163147
10.669684907133197	0.1629593
10.69168463849757	0.1626927
10.713774131570933	0.1622678
10.73595624196011	0.1619318
10.758230395895348	0.1614701
10.78059600525015	0.1608879
10.803055968472362	0.1604439
10.825609711870985	0.160363
10.848256647187899	0.1604415
10.870999716701748	0.1601302
10.8938383469864	0.1596586
10.916771949834812	0.1592219
10.939803512377075	0.1589692
10.962932461648647	0.1586386
10.986158209686868	0.1584386
11.009483789525973	0.158151
11.032908628870938	0.1578118
11.056432140207942	0.1575602
11.080057403561398	0.1573058
11.103783847525506	0.1567856
11.12761088525152	0.1567291
11.151541644874696	0.1574732
11.17557555611061	0.158073
11.199712033004207	0.1582891
11.223952993186948	0.1586945
11.248300381812308	0.1592492
11.272753630474853	0.1595487
11.297312154789445	0.1593204
11.321979199712693	0.1585482
11.346754198554356	0.1574874
11.371636568408524	0.1566408
11.396629606346737	0.1561245
11.421732747672564	0.15536
11.446945411234376	0.1548715
11.47227094750633	0.155617
11.49770879408006	0.1563782
11.523258371848863	0.1543925
11.548923086020075	0.1527103
11.57470237678411	0.1525415
11.600595667386328	0.1523876
11.626606419142417	0.1520732
11.65273407516969	0.1520702
11.678978061390081	0.15213
11.705341896649323	0.1522668
11.731825027338086	0.1526087
11.75842688239774	0.1531353
11.78515103967424	0.1535663
11.811996949197427	0.1540286
11.838964043290355	0.1544667
11.866055960319908	0.1544509
11.893272154341371	0.1543787
11.920612061442172	0.1550483
11.948079382083568	0.1560436
11.97567357475413	0.1568824
12.00339407970998	0.1575758
12.031244661135181	0.1581804
12.059224782382245	0.158308
12.087333888303123	0.157945
12.115575808490547	0.1570424
12.143950011615688	0.1561245
12.172455947577616	0.1552281
12.201097513123502	0.1544195
12.229874182723371	0.1540733
12.258785411800185	0.1537722
12.287835166063948	0.1535538
12.317022926290624	0.152958
12.346348153930812	0.1515309
12.375814885531138	0.1501587
12.405422608709028	0.1490562
12.435170791474993	0.1481006
12.465063543154423	0.1468744
12.495100358771817	0.1458367
12.52528071346003	0.1450592
12.55560879133683	0.1449314
12.586084095431215	0.1445606
12.616706108592746	0.1441388
12.64747909181994	0.1440636
12.678402556777375	0.1436754
12.70947599465948	0.143406
12.740703745512088	0.1435995
12.772085330302092	0.1434659
12.803620249232711	0.1433752
12.835312923645548	0.143418
12.867162884514254	0.1436989
12.899169641752652	0.1436766
12.931337700332284	0.1439088
12.96366660197797	0.1443461
12.996155867056084	0.1443451
13.028810086592078	0.1439651
13.06162881384867	0.1436308
13.094611580429264	0.1432014
13.127763065931301	0.1429204
13.16108283598698	0.1427362
13.194570434266298	0.1422987
13.228230631555416	0.141568
13.26206300673514	0.1406171
13.296067116419433	0.1396177
13.33024782530337	0.1391501
13.36460472644592	0.1385548
13.399137390333086	0.137675
13.433850778397616	0.1368673
13.46874449885967	0.1366235
13.503818137059163	0.1361255
13.539076754109246	0.1359467
13.574519974431034	0.1359401
13.610149251618722	0.1355701
13.64596419244412	0.1352044
13.681969995713438	0.1349041
13.718166309171252	0.1346175
13.754552756962553	0.1344936
13.791134644916207	0.1342514
13.827911639644624	0.1339896
13.864883383852348	0.1333468
13.902055293756685	0.1329674
13.93942705609337	0.1329941
13.976998333382719	0.1328851
14.014774655737572	0.1326567
14.052755731346162	0.1324029
14.09094124387502	0.1323837
14.129336840988302	0.1328501
14.167942253734244	0.1326826
14.206757188335002	0.1322486
14.245787413818329	0.1317425
14.285032685583287	0.1312704
14.32449273390106	0.1309444
14.364173453140115	0.1303923
14.404074624629814	0.1293866
14.44419600427317	0.1289025
14.484543615930157	0.1289177
14.525117268534268	0.1284009
14.56591674529834	0.1274489
14.60694820390774	0.1269841
14.64821148267439	0.1271309
14.689706393900364	0.1272518
14.73143923362339	0.1271325
14.773409871415195	0.1267206
14.815618150554535	0.1260942
14.858070510162252	0.12586
14.900766853065326	0.125776
14.94370705552185	0.1254005
14.986897704681681	0.1249666
15.030338738744154	0.1249436
15.07403006907222	0.1245483
15.117978436017918	0.1241896
15.162183815399805	0.1240286
15.20664615594233	0.1236642
15.251372356613079	0.1230728
15.296362433235203	0.1222067
15.341616374291254	0.1222383
15.387141243031742	0.1227618
15.43293709781766	0.1223736
15.479003969435778	0.1214907
15.525349091355658	0.1217384
15.571972567167368	0.1215412
15.618874472667752	0.1207119
15.666062217766099	0.12087
15.713535954141616	0.1211262
15.76129580547787	0.121129
15.809349364645962	0.1203337
15.857696834454842	0.1195432
15.906338389534138	0.1194757
15.955281812558306	0.1197007
16.004527360699793	0.119693
16.05407526278916	0.1192485
16.103933498484537	0.1187036
16.15410238276241	0.1183654
16.204582202118456	0.1178491
16.25538114073438	0.1172965
16.306499575052623	0.1170767
16.35793785292251	0.1169663
16.409704370970907	0.1168409
16.461799571005503	0.116845
16.51422386615816	0.1165419
16.566985873828155	0.1164519
16.620086105342093	0.1161808
16.673525043301144	0.1159024
16.727311534635486	0.1161653
16.78144616461726	0.1162371
16.835929489780423	0.1156413
16.890770595803353	0.1152252
16.94597014662331	0.1149692
17.00152877746767	0.1146383
17.05745582246873	0.1150646
17.11375202926315	0.1154927
17.17041811685156	0.1156684
17.22746367804627	0.115562
17.28488954955578	0.1146582
17.342696539577076	0.1141918
17.400894510383203	0.1139942
17.459484393490687	0.1140313
17.51846709208512	0.1139881
17.57785274927285	0.1141579
17.637642397505896	0.1153769
17.69783704114818	0.1166663
17.758447116143618	0.1174908
17.819473762428636	0.11815
17.88091809216326	0.1187278
17.94279084680822	0.1185279
18.005093280787268	0.1186995
18.067826621135744	0.1189599
18.131001928232052	0.1179747
18.194620578479764	0.1168049
18.25868392136642	0.1159147
18.323203350361087	0.1150358
18.38818037186785	0.1135682
18.45361646594053	0.1117623
18.519523374138636	0.1110713
18.585902741457826	0.1109385
18.652756187212493	0.1100158
18.72009581693843	0.1092368
18.787923423430193	0.1083674
18.8562407745842	0.1069312
18.92506035674874	0.1068495
18.994384120390965	0.1065214
19.064213991989217	0.1056371
19.13456285656062	0.1064287
19.20543283283975	0.1063196
19.27682601662125	0.1052733
19.348755710543386	0.1046079
19.42122421298402	0.1043476
19.494233800584123	0.104368
19.567798213733973	0.1033288
19.64191994267702	0.1030153
19.716601457293446	0.1034748
19.7918569571247	0.1036488
19.867689137420435	0.1029263
19.944100674629148	0.1019967
20.02110625020897	0.1024366
20.09870877855323	0.1032717
20.176911157024794	0.1037197
20.255728573237118	0.1031162
20.335164175947973	0.1025545
20.415221098886022	0.1018671
20.49591506164864	0.1014556
20.57724946375688	0.1011025
20.659227691959344	0.099930137
20.74186602538348	0.099296853
20.825168131994914	0.099461377
20.90913766952606	0.099711522
20.99379150603792	0.099279672
21.07913359701924	0.099124938
21.165167890577774	0.099700958
21.251911875122065	0.098946467
21.339369814266394	0.097927727
21.427545967442985	0.098593868
21.51645847700052	0.097656853
21.606111936944725	0.09637747
21.696510940682607	0.095151618
21.78767432045878	0.094508827
21.87960702475415	0.095145583
21.97231400546056	0.095163971
22.065814823240686	0.094050527
22.160114807122795	0.093144752
22.255219294028834	0.09239535
22.351148614351718	0.092601329
22.447908505916594	0.093828328
22.545504719450506	0.095294423
22.643958399425387	0.094881982
22.743275723099707	0.094768777
22.843462886225847	0.095669366
22.94454189501266	0.094711937
23.046519399407707	0.094272867
23.149402074093828	0.093239278
23.253212838284835	0.092304781
23.357958850751054	0.092465878
23.463647301962126	0.094084717
23.57030207934848	0.092909537
23.677930889802436	0.088900067
23.78654147968463	0.089036517
23.896158764167136	0.091737509
24.00679104104969	0.09120661
24.11844665626679	0.09361288
24.231151616981094	0.098229349
24.344914858529265	0.097723991
24.45974537405066	0.094903551
24.575670332127896	0.093475617
24.692699356508253	0.092781648
24.810842139528237	0.093626447
24.930127086308847	0.093178488
25.05056456457359	0.094774127
