# Gypsum, Chemical Formula: CaSO4*2H20
# Sample ID: HS333.3B_(Selenite)
# wavelengths (microns), reflectance
1.4045392	0.37125307
1.4049199	0.37014467
1.4053007	0.36866677
1.4056817	0.36731213
1.406063	0.36601892
1.4064443	0.36503369
1.406826	0.36411002
1.4072078	0.36312479
1.40759	0.36164692
1.4079722	0.36053854
1.4083548	0.35955328
1.4087374	0.35807538
1.4091204	0.35721329
1.4095035	0.3563512
1.4098868	0.35511965
1.4102703	0.35413441
1.4106542	0.3529644
1.411038	0.35167131
1.4114223	0.35050133
1.4118066	0.34902346
1.4121914	0.34785348
1.4125761	0.34643719
1.4129611	0.34508249
1.4133463	0.34415877
1.4137318	0.34286568
1.4141173	0.34138778
1.4145032	0.34021783
1.4148892	0.33917099
1.4152753	0.3378163
1.4156618	0.3363384
1.4160485	0.33504525
1.4164354	0.33356741
1.4168226	0.33184323
1.4172099	0.33067325
1.4175974	0.32894906
1.4179851	0.32777908
1.4183733	0.32667068
1.4187614	0.32556227
1.4191499	0.3240844
1.4195384	0.32260653
1.4199272	0.32088235
1.4203162	0.31958923
1.4207056	0.31848082
1.4210949	0.31706452
1.4214847	0.31552508
1.4218745	0.31417039
1.4222647	0.31330827
1.422655	0.31226146
1.4230455	0.31047568
1.4234362	0.30912101
1.4238272	0.30801257
1.4242183	0.30690417
1.4246095	0.30573419
1.425001	0.30474895
1.425393	0.30357897
1.4257849	0.30216268
1.4261771	0.30111584
1.4265696	0.30068481
1.4269623	0.30013061
1.4273552	0.2990838
1.4277484	0.29797539
1.4281417	0.29717487
1.4285352	0.29606646
1.428929	0.29465017
1.429323	0.29397282
1.4297171	0.29304916
1.4301115	0.29187918
1.4305061	0.2907092
1.4309008	0.28947762
1.4312959	0.28830767
1.4316912	0.28670666
1.4320866	0.28553668
1.4324824	0.28424352
1.4328783	0.28276566
1.4332745	0.28128776
1.4336708	0.27980989
1.4340675	0.27777782
1.4344643	0.27605367
1.4348613	0.27389845
1.4352585	0.2720511
1.4356561	0.27045006
1.4360538	0.26829487
1.4364517	0.2662012
1.4368497	0.26447701
1.4372482	0.26238337
1.4376467	0.26022816
1.4380456	0.25875029
1.4384446	0.25684136
1.4388438	0.2544398
1.4392433	0.25240773
1.439643	0.25043726
1.4400429	0.24840519
1.4404429	0.24668102
1.4408432	0.24464892
1.4412439	0.24261688
1.4416445	0.24064638
1.4420457	0.23916851
1.4424468	0.23744431
1.4428483	0.23602805
1.4432499	0.23491962
1.443652	0.2336265
1.4440541	0.23208705
1.4444566	0.23085548
1.444859	0.23036288
1.445262	0.2296855
1.4456649	0.2291313
1.4460682	0.22845395
1.4464716	0.22820763
1.4468753	0.22870027
1.4472792	0.2293776
1.4476835	0.22974709
1.4480878	0.23036288
1.4484924	0.23116338
1.4488972	0.23214862
1.4493023	0.2333802
1.4497076	0.23418069
1.4501131	0.23498122
1.4505187	0.23633595
1.4509248	0.23775221
1.4513309	0.23959956
1.4517374	0.24095426
1.4521439	0.24181634
1.4525509	0.24267845
1.452958	0.2436021
1.4533653	0.24495682
1.4537728	0.24674256
1.4541807	0.24785098
1.4545887	0.24902096
1.4549969	0.24988307
1.4554054	0.250622
1.4558141	0.25179198
1.456223	0.25283879
1.4566324	0.25351614
1.4570416	0.25407037
1.4574513	0.25493246
1.4578612	0.25554821
1.4582713	0.2564103
1.4586816	0.25727242
1.4590921	0.25745714
1.4595029	0.25764185
1.4599138	0.25850394
1.460325	0.25905815
1.4607365	0.25967395
1.4611483	0.2603513
1.4615602	0.26065919
1.4619724	0.26115179
1.4623848	0.26133654
1.4627974	0.26158285
1.4632103	0.26226023
1.4636234	0.26330703
1.4640367	0.26386124
1.4644502	0.26373807
1.4648641	0.26373807
1.4652781	0.26423073
1.4656924	0.26453859
1.4661069	0.26472333
1.4665216	0.26478487
1.4669366	0.2648465
1.4673518	0.26552385
1.4677672	0.26601645
1.4681829	0.26644751
1.4685988	0.2666938
1.469015	0.2666938
1.4694314	0.26681694
1.469848	0.26706329
1.4702649	0.267248
1.470682	0.26730961
1.4710993	0.26730961
1.471517	0.26761749
1.4719347	0.2681101
1.4723527	0.26847959
1.472771	0.26872587
1.4731897	0.26928008
1.4736084	0.26952642
1.4740274	0.26946479
1.4744467	0.26958799
1.4748662	0.2700806
1.4752858	0.27057323
1.4757057	0.27069637
1.476126	0.27069637
1.4765463	0.27057323
1.476967	0.27106583
1.4773879	0.27143532
1.477809	0.27149686
1.4782305	0.27155846
1.478652	0.27131215
1.4790739	0.27100426
1.479496	0.27100426
1.4799184	0.27106583
1.480341	0.27112743
1.4807638	0.27100426
1.4811869	0.27057323
1.4816102	0.26995745
1.4820337	0.26971114
1.4824575	0.26971114
1.4828815	0.26928008
1.4833061	0.26847959
1.4837304	0.26786381
1.4841553	0.26774064
1.4845803	0.267248
1.4850056	0.26687855
1.4854311	0.26657069
1.4858568	0.2662012
1.4862827	0.26601645
1.4867089	0.26540068
1.4871353	0.26509279
1.4875621	0.26509279
1.4879889	0.26472333
1.4884162	0.26453859
1.4888437	0.26472333
1.4892714	0.2648465
1.4896992	0.26478487
1.4901278	0.2648465
1.4905561	0.2652775
1.4909849	0.26533911
1.4914138	0.26521596
1.491843	0.26583171
1.4922724	0.26657069
1.4927021	0.26718643
1.493132	0.26755592
1.4935622	0.26774064
1.4939926	0.26804852
1.4944233	0.26872587
1.4948542	0.26964957
1.4952854	0.27075794
1.4957168	0.27143532
1.4961485	0.27198952
1.4965804	0.2731595
1.4970125	0.27396002
1.4974447	0.27482209
1.4978775	0.27580735
1.4983103	0.27673101
1.4987437	0.27765468
1.499177	0.27857837
1.4996107	0.279502
1.5000446	0.28054884
1.5004789	0.28134936
1.5009133	0.28214985
1.5013479	0.2833814
1.5017828	0.28455141
1.502218	0.28522876
1.5026534	0.28565979
1.5030892	0.28639874
1.503525	0.28738397
1.5039612	0.28843081
1.5043976	0.28935447
1.5048344	0.28984711
1.5052713	0.29052445
1.5057086	0.2912018
1.506146	0.29169443
1.5065837	0.29181761
1.5070215	0.29218706
1.5074598	0.29292598
1.5078982	0.29354179
1.5083369	0.29409596
1.5087758	0.29477331
1.5092151	0.2951428
1.5096546	0.29545069
1.5100944	0.29563543
1.5105344	0.29618964
1.5109746	0.2965591
1.5114151	0.2970517
1.511856	0.2976675
1.5122969	0.29809853
1.5127382	0.29816011
1.5131798	0.29809853
1.5136217	0.29816011
1.5140636	0.29828328
1.514506	0.29877588
1.5149485	0.29945323
1.5153915	0.29945323
1.5158345	0.29933009
1.5162779	0.29976115
1.5167215	0.30006903
1.5171654	0.29988429
1.5176095	0.29994589
1.518054	0.30031535
1.5184987	0.30062324
1.5189435	0.30050009
1.5193887	0.30025378
1.5198342	0.30019218
1.5202799	0.30025378
1.5207258	0.30043849
1.521172	0.30068481
1.5216186	0.30074638
1.5220653	0.3009927
1.5225123	0.30111584
1.5229596	0.3009311
1.5234071	0.30056167
1.5238549	0.30050009
1.524303	0.3009311
1.5247513	0.30062324
1.5251998	0.30043849
1.5256486	0.30050009
1.5260978	0.30031535
1.5265471	0.30068481
1.5269967	0.3009311
1.5274466	0.30062324
1.5278969	0.30043849
1.5283473	0.30006903
1.528798	0.30019218
1.529249	0.30037689
1.5297003	0.30025378
1.5301517	0.30013061
1.5306035	0.30031535
1.5310555	0.30019218
1.5315078	0.29988429
1.5319604	0.29976115
1.5324134	0.29963797
1.5328665	0.29920694
1.5333198	0.29951483
1.5337734	0.29982275
1.5342274	0.29982275
1.5346816	0.29976115
1.5351361	0.29994589
1.5355908	0.30006903
1.5360456	0.30000746
1.5365007	0.30000746
1.5369563	0.29994589
1.537412	0.29988429
1.5378683	0.30025378
1.5383245	0.3009311
1.5387812	0.30123901
1.539238	0.3009927
1.5396953	0.30130059
1.5401527	0.30191639
1.5406104	0.30222425
1.5410683	0.30265531
1.5415267	0.3029632
1.5419852	0.30345583
1.542444	0.30394846
1.5429029	0.30437946
1.5433626	0.30518001
1.5438222	0.30591893
1.5442821	0.30628839
1.5447421	0.30671945
1.5452026	0.30770469
1.5456632	0.30844361
1.5461243	0.30918255
1.5465856	0.30961362
1.5470469	0.31022939
1.5475086	0.31115305
1.5479708	0.31207672
1.5484331	0.31300038
1.5488957	0.31373933
1.5493586	0.31429353
1.5498219	0.31497088
1.5502852	0.31589454
1.5507492	0.31687981
1.5512131	0.31755716
1.5516775	0.31860396
1.552142	0.31940448
1.5526069	0.31995869
1.553072	0.32106707
1.5535375	0.32236022
1.5540031	0.32303759
1.5544689	0.32346863
1.5549351	0.32433072
1.5554017	0.32500806
1.5558684	0.32574698
1.5563356	0.3266091
1.5568029	0.3274712
1.5572705	0.32814854
1.5577384	0.32907218
1.5582068	0.32987273
1.5586753	0.33024219
1.5591441	0.33098111
1.5596131	0.33165848
1.5600824	0.33196637
1.560552	0.33276689
1.561022	0.33362898
1.5614921	0.33455265
1.5619628	0.33529156
1.5624335	0.3357842
1.5629046	0.3363384
1.5633758	0.33707732
1.5638475	0.33750838
1.5643194	0.33812419
1.5647916	0.3388631
1.565264	0.33954048
1.5657365	0.34009469
1.5662096	0.34071043
1.5666829	0.34107989
1.5671564	0.34157252
1.5676304	0.34224987
1.5681045	0.34280407
1.5685791	0.34317353
1.5690538	0.34378934
1.5695291	0.34446669
1.5700043	0.34526721
1.57048	0.34588298
1.5709559	0.34600613
1.5714321	0.34649876
1.5719085	0.34717613
1.5723853	0.34779191
1.5728624	0.34809977
1.5733397	0.3485308
1.5738174	0.34890032
1.5742953	0.34926978
1.5747734	0.3500087
1.5752521	0.35068604
1.5757308	0.3510555
1.5762099	0.35124025
1.5766892	0.35167131
1.5771688	0.35210237
1.5776488	0.35265654
1.5781291	0.35327235
1.5786096	0.35370335
1.5790905	0.35413441
1.5795716	0.35468861
1.5800531	0.35524285
1.5805347	0.35567385
1.5810168	0.3559202
1.5814991	0.35616648
1.5819818	0.35684383
1.5824646	0.35752121
1.5829479	0.35789064
1.5834312	0.35826012
1.5839151	0.35862958
1.5843991	0.35912219
1.5848837	0.35973799
1.5853683	0.35992274
1.5858533	0.36023062
1.5863385	0.3608464
1.5868242	0.36109275
1.58731	0.36121586
1.5877962	0.36177009
1.5882826	0.36244744
1.5887693	0.36263219
1.5892563	0.3628169
1.5897436	0.36318639
1.5902313	0.36404848
1.5907192	0.36441791
1.5912075	0.36466423
1.591696	0.36540318
1.5921849	0.3662653
1.592674	0.36657313
1.5931635	0.36694261
1.5936533	0.36768156
1.5941433	0.36792785
1.5946337	0.36817417
1.5951242	0.36854362
1.5956153	0.36897466
1.5961065	0.36946729
1.5965984	0.36989838
1.5970901	0.37032941
1.5975825	0.37094519
1.5980748	0.37149942
1.5985676	0.37186885
1.5990607	0.37236148
1.5995542	0.37291569
1.6000477	0.37334672
1.6005416	0.37383935
1.6010358	0.37433195
1.6015304	0.37488616
1.6020253	0.37556356
1.6025206	0.37617928
1.603016	0.37667188
1.6035119	0.37691826
1.604008	0.377103
1.6045047	0.37771872
1.6050013	0.37851924
1.6054984	0.37907344
1.6059958	0.37938133
1.6064935	0.37981239
1.6069914	0.38042814
1.6074898	0.3809208
1.6079884	0.38129029
1.608487	0.38165975
1.6089861	0.38202918
1.6094857	0.38233709
1.6099856	0.3828297
1.6104858	0.38332236
1.6109861	0.38356864
1.611487	0.38430759
1.6119881	0.3848618
1.6124896	0.38529283
1.6129912	0.38566229
1.6134933	0.38578543
1.6139956	0.38627809
1.6144984	0.3868939
1.6150012	0.38738647
1.6155045	0.38769436
1.616008	0.38824859
1.6165122	0.38874117
1.6170163	0.38935697
1.6175209	0.38997272
1.6180257	0.39021906
1.6185309	0.39034224
1.6190363	0.39058852
1.6195421	0.39095798
1.6200482	0.39145061
1.6205544	0.3917585
1.6210611	0.39231271
1.6215682	0.39268214
1.6220756	0.39292848
1.6225833	0.39280531
1.6230912	0.39329794
1.6235996	0.39403686
1.6241082	0.39459112
1.6246173	0.39483741
1.6251266	0.39520693
1.6256363	0.39539158
1.6261462	0.39582258
1.6266564	0.39625373
1.627167	0.39674631
1.6276779	0.39742365
1.6281891	0.39803946
1.6287007	0.3981626
1.6292125	0.39834738
1.6297247	0.39865521
1.6302372	0.39890149
1.6307501	0.39927101
1.6312631	0.39970207
1.6317767	0.4001331
1.6322904	0.40087205
1.6328044	0.40111834
1.6333188	0.40093365
1.6338336	0.40117994
1.6343486	0.40161094
1.6348641	0.40216514
1.6353798	0.40265778
1.6358958	0.40290415
1.6364123	0.40327358
1.6369292	0.40376619
1.637446	0.40351981
1.6379635	0.40370458
1.6384811	0.40450513
1.6389992	0.40512088
1.6395175	0.40573668
1.6400362	0.40579823
1.6405551	0.40585983
1.6410745	0.40616772
1.6415942	0.40666035
1.6421142	0.40684506
1.6426344	0.40721452
1.6431552	0.40746087
1.643676	0.40776873
1.6441975	0.40801507
1.644719	0.40832293
1.6452409	0.40875399
1.6457632	0.40906188
1.6462859	0.40906188
1.6468087	0.40930817
1.6473321	0.40967768
1.6478556	0.41010872
1.6483797	0.41010872
1.648904	0.41053978
1.6494286	0.41090924
1.6499535	0.41103238
1.6504788	0.41090924
1.6510044	0.41152504
1.6515305	0.41183284
1.6520567	0.41183284
1.6525834	0.41195607
1.6531103	0.41214076
1.6536378	0.4123255
1.6541654	0.41275656
1.6546935	0.41324916
1.6552217	0.41355705
1.6557504	0.41368023
1.6562793	0.41368023
1.6568087	0.41368023
1.6573384	0.41392651
1.6578683	0.41435763
1.6583985	0.41441914
1.6589293	0.41448072
1.6594603	0.41485023
1.6599917	0.41528127
1.6605233	0.41558915
1.6610554	0.4156507
1.6615878	0.41577387
1.6621207	0.41577387
1.6626537	0.41614336
1.6631873	0.41645122
1.6637208	0.4168207
1.664255	0.4168207
1.6647894	0.4168207
1.6653243	0.41712859
1.6658593	0.4176828
1.6663947	0.4176212
1.6669306	0.4176828
1.6674668	0.41786757
1.6680032	0.41799065
1.6685401	0.41805223
1.6690773	0.418237
1.6696149	0.41854486
1.6701527	0.418668
1.670691	0.41842172
1.6712295	0.418668
1.6717685	0.41903749
1.6723077	0.41916066
1.6728474	0.41897595
1.6733873	0.41909903
1.6739277	0.4195917
1.6744683	0.41977644
1.6750095	0.4195917
1.6755508	0.41953018
1.6760926	0.4195917
1.6766347	0.41971484
1.6771772	0.4200843
1.6777198	0.42014587
1.6782631	0.42014587
1.6788064	0.4200843
1.6793501	0.4200843
1.6798942	0.42026907
1.6804388	0.42057699
1.6809837	0.42033064
1.6815289	0.42002276
1.6820744	0.4200843
1.6826205	0.42014587
1.6831667	0.42039222
1.6837136	0.42039222
1.6842605	0.42026907
1.684808	0.42014587
1.6853557	0.41996121
1.6859038	0.4202075
1.6864522	0.4200843
1.687001	0.4196533
1.6875501	0.41946855
1.6881	0.41940695
1.6886498	0.41971484
1.6892	0.4195917
1.6897506	0.41934541
1.6903015	0.41909903
1.6908529	0.41897595
1.6914046	0.41891438
1.6919565	0.4187296
1.6925087	0.41842172
1.6930614	0.41817543
1.6936146	0.41811386
1.694168	0.41786757
1.6947218	0.4176828
1.695276	0.41731331
1.6958306	0.41694388
1.6963854	0.41663596
1.6969409	0.41632807
1.6974965	0.41583547
1.6980526	0.41552755
1.6986089	0.41497335
1.6991657	0.41435763
1.6997228	0.41398811
1.7002803	0.4133108
1.7008381	0.41294131
1.7013963	0.41263342
1.7019548	0.41214076
1.7025138	0.41164818
1.703073	0.41127867
1.7036328	0.41072449
1.7041928	0.40992397
1.7047533	0.40930817
1.7053139	0.40856928
1.705875	0.40789193
1.7064364	0.40727612
1.7069983	0.40690663
1.7075605	0.40635249
1.7081233	0.40530565
1.7086862	0.40444353
1.7092496	0.40376619
1.7098132	0.40284255
1.7103775	0.40173408
1.7109419	0.40074891
1.7115068	0.39994833
1.712072	0.39927101
1.7126377	0.39847049
1.7132035	0.3975468
1.7137699	0.39656156
1.7143366	0.39557636
1.7149036	0.39446789
1.715471	0.39354429
1.7160389	0.39249742
1.7166071	0.39138907
1.7171758	0.39021906
1.7177447	0.3892338
1.7183142	0.38831013
1.7188838	0.38738647
1.7194541	0.38615492
1.7200245	0.38498491
1.7205955	0.38399968
1.7211666	0.38307601
1.7217383	0.38190603
1.7223103	0.38073605
1.7228827	0.37975085
1.7234554	0.37870401
1.7240288	0.37747243
1.7246022	0.37624085
1.7251762	0.3750709
1.7257504	0.37414721
1.7263252	0.37303883
1.7269002	0.37174571
1.7274756	0.37051409
1.7280514	0.36946729
1.7286276	0.36823577
1.7292041	0.36669633
1.7297812	0.36540318
1.7303585	0.36472583
1.7309363	0.36349428
1.7315143	0.36213955
1.732093	0.36115429
1.7326717	0.36023062
1.7332511	0.35912219
1.7338307	0.35801384
1.7344109	0.3569054
1.7349913	0.35585859
1.7355722	0.35468861
1.7361534	0.35351864
1.7367351	0.3525334
1.737317	0.35179445
1.7378997	0.35087076
1.7384824	0.34988555
1.7390656	0.34908503
1.7396491	0.34822297
1.7402332	0.34748402
1.7408174	0.34668347
1.7414023	0.34582141
1.7419873	0.34477457
1.7425728	0.34422037
1.7431587	0.34366617
1.7437451	0.34298882
1.7443317	0.34243461
1.7449189	0.34206513
1.7455064	0.34181884
1.7460943	0.34132621
1.7466825	0.34101832
1.7472714	0.34089518
1.7478604	0.34064883
1.7484499	0.34064883
1.7490398	0.34046414
1.7496301	0.34052569
1.7502208	0.34095675
1.7508119	0.34132621
1.7514033	0.34157252
1.7519954	0.34188041
1.7525877	0.34231147
1.7531804	0.34292722
1.7537735	0.34360462
1.754367	0.34422037
1.7549609	0.34471297
1.7555553	0.34532878
1.7561499	0.3460677
1.7567449	0.34680662
1.7573403	0.34748402
1.7579362	0.34809977
1.7585325	0.34877717
1.7591293	0.34970081
1.7597264	0.35050133
1.760324	0.3510555
1.7609218	0.35154817
1.7615204	0.3519792
1.7621191	0.35259497
1.7627183	0.35321075
1.7633178	0.35382655
1.7639178	0.3543807
1.7645181	0.3549965
1.7651191	0.35548913
1.7657201	0.35567385
1.7663218	0.3559202
1.7669238	0.35622805
1.7675263	0.3564128
1.768129	0.35665908
1.7687324	0.35715175
1.769336	0.35752121
1.7699401	0.35770592
1.7705445	0.35782909
1.7711494	0.35819855
1.7717546	0.35862958
1.7723604	0.35893747
1.7729665	0.35924539
1.773573	0.35967642
1.7741799	0.35998428
1.7747874	0.35998428
1.7753952	0.36010748
1.7760036	0.3604154
1.7766122	0.36047694
1.7772213	0.36072323
1.7778307	0.36127743
1.7784407	0.36170846
1.7790509	0.36226267
1.7796618	0.36257058
1.7802728	0.36287847
1.7808841	0.36343268
1.781496	0.36411002
1.7821085	0.36472583
1.7827213	0.36509529
1.7833346	0.36552632
1.7839482	0.3662653
1.7845623	0.36700419
1.7851768	0.36768156
1.785792	0.36854362
1.7864072	0.36940578
1.7870232	0.36995998
1.7876393	0.37082201
1.788256	0.3716841
1.788873	0.37248462
1.7894906	0.37340832
1.7901084	0.37427041
1.790727	0.37494776
1.7913457	0.37574825
1.7919649	0.37661037
1.7925845	0.37722614
1.7932047	0.37808821
1.793825	0.3789503
1.794446	0.37962765
1.7950673	0.38012028
1.795689	0.38061291
1.7963111	0.38122872
1.7969339	0.38202918
1.7975569	0.38258338
1.7981805	0.38301444
1.7988043	0.38381499
1.7994287	0.38461548
1.8000535	0.38523129
1.800679	0.38572386
1.8013045	0.38621649
1.8019307	0.38652438
1.8025571	0.38695544
1.8031842	0.38744807
1.8038116	0.3879407
1.8044394	0.38867962
1.8050677	0.38892591
1.8056965	0.38898754
1.8063256	0.38929543
1.8069552	0.389788
1.8075852	0.39046538
1.8082157	0.39077327
1.8088466	0.39089641
1.809478	0.39108118
1.8101097	0.39157379
1.8107419	0.3921895
1.8113745	0.39255902
1.8120078	0.39262062
1.8126413	0.39305165
1.8132753	0.39348271
1.8139096	0.39366743
1.8145447	0.39379054
1.8151799	0.39416006
1.8158158	0.39440635
1.8164519	0.39452952
1.8170887	0.39459112
1.8177258	0.39483741
1.8183634	0.39520693
1.8190013	0.39533001
1.8196399	0.3956995
1.8202788	0.3961921
1.8209183	0.39649999
1.8215581	0.39680785
1.8221985	0.39674631
1.8228391	0.39680785
1.8234804	0.39686945
1.8241218	0.39693105
1.824764	0.3971158
1.8254064	0.3975468
1.8260493	0.39797786
1.8266927	0.39779314
1.8273367	0.39773157
1.8279809	0.3981626
1.8286258	0.39828575
1.829271	0.398101
1.8299167	0.398101
1.8305628	0.39847049
1.8312097	0.39859363
1.8318566	0.39828575
1.8325043	0.3982242
1.8331522	0.3981626
1.8338007	0.3982242
1.8344495	0.39847049
1.835099	0.39859363
1.8357487	0.39871681
1.8363992	0.39871681
1.83705	0.39847049
1.8377012	0.39828575
1.8383528	0.39797786
1.839005	0.398101
1.8396575	0.3982242
1.8403107	0.3976084
1.8409641	0.39748523
1.8416178	0.39767
1.8422722	0.39717734
1.8429272	0.39662316
1.8435825	0.3961921
1.8442384	0.39576107
1.8448946	0.39563793
1.8455515	0.39563793
1.8462087	0.39545316
1.8468666	0.39533001
1.8475248	0.39502215
1.8481835	0.39465266
1.8488425	0.39372894
1.8495022	0.39274371
1.8501621	0.39231271
1.8508228	0.3917585
1.8514837	0.39101958
1.852145	0.39046538
1.8528068	0.39009586
1.8534694	0.38935697
1.8541322	0.38837174
1.8547956	0.38726333
1.8554593	0.38633963
1.8561238	0.38584703
1.8567885	0.3849234
1.8574541	0.38363022
1.8581197	0.38239864
1.858786	0.38122872
1.8594526	0.38030499
1.8601199	0.37913504
1.8607875	0.37741086
1.8614557	0.37574825
1.8621242	0.37427041
1.8627936	0.37285405
1.8634632	0.3716225
1.8641332	0.37002149
1.8648038	0.36817417
1.8654748	0.36644998
1.8661463	0.36454108
1.8668184	0.36287847
1.8674908	0.36152378
1.8681637	0.35973799
1.868837	0.35752121
1.869511	0.35555071
1.8701854	0.35382655
1.8708603	0.3519792
1.8715357	0.34945452
1.8722117	0.34711453
1.872888	0.34526721
1.8735651	0.34274247
1.8742423	0.33997148
1.8749202	0.33750838
1.8755985	0.33529156
1.8762774	0.33307475
1.8769567	0.33067325
1.8776366	0.32777908
1.8783168	0.32513124
1.8789977	0.32254496
1.8796788	0.31995869
1.8803607	0.31724924
1.881043	0.31478614
1.8817258	0.31213832
1.882409	0.30930573
1.8830929	0.30678102
1.883777	0.30425635
1.8844618	0.30130059
1.8851469	0.29840642
1.8858327	0.29563543
1.8865188	0.29311073
1.8872057	0.29027817
1.8878928	0.2873224
1.8885808	0.28473613
1.8892689	0.28221145
1.8899578	0.27968675
1.8906469	0.27679259
1.8913368	0.27389845
1.892027	0.27137372
1.8927178	0.26878744
1.893409	0.26595488
1.8941009	0.26306072
1.8947932	0.26041287
1.8954861	0.2578266
1.8961793	0.25511718
1.8968732	0.2525925
1.8975675	0.24982145
1.8982624	0.24705046
1.8989576	0.24446419
1.8996536	0.24193951
1.9003499	0.23923008
1.9010466	0.23639749
1.9017439	0.23368807
1.9024419	0.23097865
1.9031402	0.22820763
1.9038392	0.22531347
1.9045385	0.22285037
1.9052386	0.22069512
1.905939	0.21817043
1.9066402	0.21533787
1.9073416	0.21256687
1.9080436	0.20991899
1.9087461	0.20757905
1.9094492	0.20511594
1.9101527	0.20265283
1.9108568	0.20006655
1.9115614	0.19754185
1.9122664	0.19526346
1.912972	0.19304666
1.9136782	0.19058354
1.9143847	0.1879357
1.915092	0.18541101
1.9157996	0.18294787
1.916508	0.18060793
1.9172167	0.17808324
1.9179261	0.17549698
1.9186358	0.17309543
1.9193462	0.17081706
1.9200571	0.16847709
1.9207685	0.16576767
1.9214803	0.16311981
1.9221928	0.16077985
1.9229058	0.15819357
1.9236195	0.15573049
1.9243335	0.15332893
1.9250481	0.15080424
1.9257631	0.14840271
1.9264789	0.14606273
1.927195	0.14359963
1.9279118	0.14125967
1.9286289	0.13910444
1.9293463	0.13694923
1.9300646	0.13467084
1.9307835	0.13276193
1.9315028	0.13091458
1.9322227	0.12912883
1.9329431	0.12746623
1.9336642	0.12598836
1.9343857	0.12457205
1.9351079	0.12346367
1.9358305	0.12247841
1.9365537	0.12143158
1.9372772	0.12044635
1.9380015	0.11989214
1.9387262	0.11933795
1.9394516	0.11890689
1.9401773	0.11859901
1.940904	0.11816797
1.9416308	0.11773692
1.9423584	0.11773692
1.9430864	0.11779849
1.943815	0.11779849
1.9445441	0.11792164
1.9452738	0.11798322
1.9460039	0.11792164
1.9467345	0.11798322
1.9474658	0.11829112
1.9481977	0.11890689
1.94893	0.11952267
1.949663	0.12007688
1.9503965	0.12100054
1.9511306	0.12210895
1.9518652	0.12358681
1.9526006	0.125311
1.9533362	0.12715833
1.9540726	0.1291904
1.9548093	0.13159193
1.9555469	0.13436294
1.9562846	0.13719553
1.9570233	0.13978179
1.9577622	0.14230649
1.9585019	0.14476962
1.959242	0.14704798
1.9599829	0.14901848
1.960724	0.15098897
1.961466	0.15246683
1.9622083	0.15357524
1.9629514	0.15468365
1.9636948	0.15566888
1.9644389	0.15603836
1.9651834	0.15634625
1.9659288	0.15659256
1.9666744	0.15665413
1.9674209	0.15683888
1.9681678	0.1570852
1.9689153	0.15720834
1.9696634	0.15726992
1.9704123	0.15739307
1.9711614	0.15739307
1.9719112	0.1575778
1.9726615	0.15800884
1.9734125	0.1584399
1.9741639	0.15893252
1.9749161	0.15967144
1.9756685	0.16028723
1.976422	0.16108775
1.9771756	0.16207299
1.9779301	0.16311981
1.9786849	0.16398191
1.9794405	0.16478242
1.9801965	0.16552135
1.9809532	0.16638345
1.9817104	0.16749184
1.9824681	0.16878499
1.9832264	0.16977024
1.9839855	0.17050916
1.984745	0.17167914
1.9855052	0.17309543
1.9862659	0.17438859
1.9870273	0.17574328
1.987789	0.17740588
1.9885516	0.17919163
1.9893147	0.18116213
1.9900783	0.18319421
1.9908425	0.18547259
1.9916074	0.18812042
1.9923728	0.19113778
1.9931389	0.19415507
1.9939053	0.19760346
1.9946727	0.20111337
1.9954402	0.20462331
1.9962088	0.20837957
1.9969776	0.21225898
1.9977473	0.21626154
1.9985173	0.22007936
1.9992882	0.22408192
2.0000594	0.22802292
2.0008314	0.23177914
2.0016038	0.23535067
2.002377	0.23898377
2.0031507	0.2424937
2.0039251	0.24569574
2.0046999	0.24883623
2.0054755	0.25197673
2.0062516	0.25505558
2.0070286	0.25801134
2.0078058	0.26096708
2.0085838	0.26361492
2.0093622	0.2662012
2.0101414	0.26854116
2.010921	0.27100426
2.0117013	0.2730979
2.0124824	0.27531472
2.0132637	0.27759311
2.0140457	0.27962518
2.0148287	0.28153411
2.0156119	0.28331986
2.016396	0.28504401
2.0171804	0.2868298
2.0179658	0.28855395
2.0187516	0.29015496
2.0195379	0.29169443
2.0203249	0.29329544
2.0211127	0.29471174
2.0219009	0.29612803
2.0226898	0.29748279
2.0234792	0.29877588
2.0242696	0.30019218
2.0250602	0.3015469
2.0258517	0.30284002
2.0266438	0.30376369
2.0274363	0.30481052
2.0282295	0.30610365
2.0290234	0.30708891
2.0298178	0.30801257
2.0306129	0.30893624
2.0314085	0.31004465
2.0322044	0.31121466
2.0330014	0.31207672
2.0337989	0.31293881
2.0345972	0.31373933
2.0353961	0.31460139
2.0361953	0.31527877
2.0369956	0.3157714
2.0377963	0.31651032
2.0385981	0.31743398
2.0393999	0.31829607
2.0402026	0.31903502
2.0410056	0.31958923
2.0418096	0.32002026
2.042614	0.32069761
2.0434194	0.32137498
2.044225	0.32199076
2.0450315	0.32254496
2.0458386	0.32303759
2.0466464	0.32353023
2.0474546	0.32402283
2.0482635	0.32426915
2.049073	0.32451546
2.0498834	0.32494649
2.0506942	0.32525438
2.0515053	0.32537755
2.0523174	0.3255007
2.0531304	0.32580861
2.0539436	0.32593176
2.0547578	0.32599333
2.0555725	0.32611647
2.0563879	0.32599333
2.057204	0.32587019
2.0580208	0.32580861
2.0588381	0.32574698
2.0596561	0.32562387
2.0604746	0.3255007
2.0612941	0.32506964
2.062114	0.32476175
2.0629346	0.32445389
2.0637558	0.32457703
2.0645773	0.32457703
2.0653996	0.32445389
2.0662231	0.32445389
2.0670469	0.32457703
2.0678713	0.32457703
2.0686965	0.32451546
2.0695224	0.32463861
2.0703487	0.32476175
2.0711763	0.32494649
2.0720038	0.32483014
2.0728326	0.32506287
2.0736616	0.3257609
2.0744915	0.32593542
2.0753219	0.32564455
2.076153	0.32517922
2.0769846	0.32517922
2.0778172	0.32535371
2.0786502	0.3259936
2.0794842	0.32523736
2.0803187	0.32413211
2.0811539	0.32395759
2.0819895	0.32436478
2.0828261	0.32424846
2.0836632	0.32407394
2.084501	0.32395759
2.0853395	0.32360855
2.0861788	0.32320136
2.0870185	0.32238698
2.0878592	0.3222706
2.0887003	0.3222706
2.0895422	0.32139805
2.0903847	0.32058364
2.0912282	0.32035094
2.092072	0.32035094
2.0929167	0.3202346
2.0937619	0.31982741
2.0946081	0.31848946
2.0954545	0.31744236
2.096302	0.31715152
2.0971498	0.31639528
2.0979986	0.31569722
2.0988479	0.31540635
2.0996981	0.31534821
2.1005487	0.3145338
2.1014004	0.31342855
2.1022525	0.31243962
2.1031053	0.31191608
2.1039588	0.31145069
2.1048129	0.31051993
2.1056678	0.30988008
2.1065235	0.30935651
2.1073797	0.30883297
2.1082368	0.30766955
2.1090944	0.30662248
2.1099529	0.30598259
2.1108119	0.30522636
2.1116717	0.30429557
2.1125321	0.30359754
2.1133935	0.30284131
2.1142552	0.30243412
2.115118	0.30231774
2.1159811	0.30150336
2.1168454	0.30022359
2.1177099	0.29935101
2.1185756	0.29871112
2.1194417	0.29783854
2.1203086	0.29714048
2.121176	0.2963261
2.1220446	0.29562804
2.1229134	0.29452276
2.1237831	0.29347569
2.1246536	0.2930685
2.1255245	0.29254493
2.1263962	0.29173055
2.1272688	0.29109064
2.1281419	0.29021809
2.1290162	0.28922915
2.1298907	0.28882194
2.1307662	0.28858927
2.1316423	0.28818205
2.1325192	0.28760034
2.1333966	0.28713498
2.1342752	0.28701863
2.135154	0.28661144
2.1360338	0.28597155
2.1369143	0.28509897
2.1377954	0.28440091
2.1386774	0.28387737
2.1395605	0.28317931
2.1404438	0.28242308
2.1413281	0.28242308
2.1422129	0.28201589
2.1430986	0.28125966
2.1439848	0.28073609
2.144872	0.27986351
2.1457596	0.2792818
2.1466477	0.27881643
2.1475368	0.27817655
2.148427	0.27724582
2.1493175	0.27625686
2.1502092	0.27573335
2.1511011	0.27532616
2.1519942	0.27503529
2.1528878	0.27445358
2.1537826	0.27375549
2.1546776	0.27311563
2.1555736	0.27247572
2.1564703	0.27177769
2.1573677	0.27113777
2.1582658	0.27043974
2.1591649	0.26979983
2.1600645	0.26956716
2.1609645	0.2688109
2.1618655	0.26811287
2.1627674	0.26741481
2.1636701	0.26654223
2.1645734	0.26584417
2.1654775	0.26537877
2.1663826	0.26444808
2.1672883	0.26398268
2.168195	0.26351732
2.169102	0.2628774
2.1700101	0.26212117
2.1709187	0.26148129
2.1718283	0.26148129
2.1727386	0.2610741
2.1736495	0.26014337
2.1745613	0.25950345
2.1754742	0.25932893
2.1763873	0.25892177
2.1773014	0.25886357
2.1782162	0.25886357
2.179132	0.25874725
2.1800482	0.25886357
2.1809654	0.25845638
2.1818831	0.25787467
2.1828015	0.25752562
2.1837208	0.25746748
2.1846411	0.25758383
2.1855621	0.25799099
2.1864841	0.25787467
2.1874065	0.25700209
2.1883299	0.25665307
2.189254	0.25688574
2.1901793	0.25653672
2.1911051	0.25554779
2.1920316	0.25519878
2.1929588	0.25484973
2.193887	0.25420985
2.1948156	0.25403535
2.1957452	0.25386083
2.1966755	0.25293007
2.197607	0.25182483
2.1985388	0.25089407
2.1994717	0.25013784
2.2004051	0.24984699
2.2013395	0.24938162
2.2022746	0.2483927
2.2032106	0.24740379
2.2041473	0.24664754
2.2050848	0.24565864
2.206023	0.24466972
2.2069621	0.24356444
2.207902	0.2428664
2.2088428	0.24245919
2.2097843	0.24158661
2.2107267	0.2405977
2.2116697	0.24036503
2.2126141	0.23966695
2.2135587	0.23908524
2.2145045	0.2385617
2.2154505	0.2379218
2.216398	0.2377473
2.2173457	0.23757277
2.2182946	0.2375146
2.2192442	0.23768911
2.2201948	0.2383872
2.2211459	0.23925975
2.2220981	0.24036503
2.2230508	0.24158661
2.2240045	0.2428664
2.2249589	0.24420434
2.2259145	0.24513508
2.2268705	0.24664754
2.2278273	0.24833451
2.228785	0.24967246
2.2297437	0.25048685
2.2307031	0.25159213
2.2316635	0.25293007
2.2326245	0.25386083
2.2335865	0.25467521
2.234549	0.25543147
2.2355127	0.25560597
2.2364771	0.25612953
2.2374425	0.25624588
2.2384083	0.2563622
2.2393754	0.25682756
2.2403431	0.25764197
2.2413118	0.25793284
2.2422812	0.25787467
2.243252	0.25822371
2.2442229	0.25822371
2.2451949	0.25799099
2.2461677	0.25810733
2.2471414	0.25828186
2.2481158	0.25851455
2.2490911	0.25857273
2.2500672	0.2586309
2.251044	0.25851455
2.2520218	0.25787467
2.2530005	0.25752562
2.2539799	0.2574093
2.2549605	0.25723478
2.2559416	0.25653672
2.2569239	0.25572231
2.2579067	0.25525695
2.2588909	0.25473338
2.2598755	0.25403535
2.2608612	0.25322092
2.2618475	0.25275555
2.2628348	0.25199932
2.263823	0.25147578
2.264812	0.25095224
2.2658017	0.25037053
2.2667923	0.25031236
2.2677839	0.24978881
2.2687764	0.24949794
2.2697697	0.24932343
2.2707639	0.24984699
2.271759	0.25054505
2.2727549	0.25159213
2.2737517	0.25281376
2.2747495	0.25356996
2.275748	0.25461707
2.2767475	0.25642037
2.2777479	0.25752562
2.278749	0.25781649
2.2797511	0.25880542
2.2807541	0.25979432
2.2817578	0.26049238
2.282763	0.26136497
2.2837684	0.2628774
2.284775	0.26351732
2.2857823	0.264099
2.2867908	0.26473892
2.2877998	0.26497158
2.28881	0.2655533
2.2898209	0.26607686
2.2908323	0.26630953
2.2918451	0.26654223
2.2928588	0.26665857
2.2938731	0.26706576
2.2948887	0.26747298
2.2959049	0.26788017
2.2969222	0.26788017
2.2979403	0.26799652
2.2989597	0.26834556
2.2999794	0.26857823
2.3010006	0.26863641
2.3020222	0.26886907
2.303045	0.26892728
2.3040683	0.26915994
2.3050931	0.26921815
2.3061182	0.26904362
2.3071454	0.26904362
2.3081722	0.26939267
2.3092005	0.26921815
2.3102295	0.26892728
2.3112597	0.26915994
2.3122904	0.26904362
2.3133223	0.26857823
2.3143549	0.26817104
2.3153882	0.26805472
2.3164227	0.267822
2.3174584	0.26799652
2.3184946	0.26834556
2.3195322	0.26811287
2.3205702	0.26770565
2.3216095	0.26718211
2.3226497	0.26677492
2.3236911	0.26630953
2.324733	0.26613504
2.3257761	0.26578602
2.3268199	0.26572782
2.3278646	0.26549515
2.3289104	0.26491344
2.3299572	0.26450622
2.3310046	0.26404083
2.3320534	0.26340097
2.3331029	0.26264474
2.3341534	0.26171398
2.3352048	0.26084143
2.3362572	0.26014337
2.3373103	0.25932893
2.3383648	0.25822371
2.3394198	0.2573511
2.340476	0.25676939
2.3415329	0.25601315
2.342591	0.25531512
2.3436501	0.25426802
2.3447101	0.25333726
2.3457711	0.25258103
2.346833	0.2516503
2.3478959	0.25042871
2.3489597	0.24938162
2.3500245	0.24845086
2.3510904	0.24746194
2.3521569	0.24641487
2.3532248	0.24507691
2.3542933	0.24391349
2.3553631	0.24240102
2.3564336	0.24088857
2.3575051	0.23978329
2.3585775	0.23879437
2.3596511	0.23734009
2.3607256	0.23617665
2.3618011	0.23507141
2.3628776	0.23379163
2.363955	0.23204647
2.3650334	0.23024316
2.3661137	0.22861435
2.3671939	0.22704373
2.3682754	0.22518222
2.3693576	0.22314623
2.3704412	0.22163376
2.3715253	0.22000496
2.3726108	0.21820164
2.373697	0.21639833
2.3747847	0.21412964
2.3758729	0.21197727
2.3769624	0.20999946
2.3780525	0.20790528
2.379144	0.20592743
2.3802361	0.20383325
2.3813298	0.20162274
2.3824239	0.19976123
2.3835192	0.19749257
2.3846154	0.19522387
2.3857129	0.19272247
2.3868113	0.19051196
2.3879108	0.18847597
2.3890109	0.18638179
2.3901126	0.18422945
2.3912148	0.18166988
2.3923185	0.17922667
2.3934228	0.17684165
2.3945284	0.17434026
2.3956349	0.17166436
2.3967426	0.16910483
2.397851	0.16706881
2.3989608	0.1650328
2.4000711	0.16264777
2.4011834	0.16043724
2.4022958	0.15822671
2.4034097	0.15607437
2.4045243	0.15421289
2.4056404	0.15229322
2.4067569	0.15025721
2.4078751	0.14874476
2.4089937	0.14699961
2.4101133	0.1451963
2.4112341	0.14385834
2.4123564	0.14234589
2.4134791	0.1410661
2.4146035	0.14001903
2.4157286	0.13844839
2.4168549	0.13728495
2.4179819	0.13629603
2.4191108	0.13524894
2.4202399	0.13478358
2.4213705	0.1341437
2.4225018	0.13327111
2.4236345	0.13234037
2.424768	0.13164231
2.4259028	0.13094425
2.4270384	0.13030437
2.4281759	0.12966447
2.4293137	0.1291991
2.4304526	0.12867555
2.4315925	0.12797751
2.4327338	0.12745395
2.4338756	0.12687224
2.435019	0.12652321
2.4361632	0.12629052
2.4373078	0.12588333
2.4384544	0.12506892
2.4396017	0.12454538
2.4407504	0.12454538
2.4419	0.12437086
2.4430506	0.12419635
2.4442027	0.12390548
2.4453554	0.12402184
2.4465098	0.12413817
2.447665	0.12390548
2.4488211	0.12355646
2.4499784	0.12320744
2.4511368	0.12274206
2.4522963	0.12268388
2.4534569	0.12256754
2.4546185	0.12233486
2.4557815	0.12227668
2.4569452	0.12181132
2.4581103	0.12134594
2.4592764	0.12064787
2.4604435	0.11994983
2.4616117	0.11954262
2.4627812	0.11907724
2.4639518	0.11843736
2.4651229	0.11785564
2.4662957	0.1173321
2.4674697	0.11669221
2.4686446	0.11593599
2.4698207	0.11517975
2.4709978	0.11483072
2.4721763	0.11448169
2.4733558	0.11378364
2.4745364	0.11326008
2.4757183	0.11296923
2.4769011	0.11267836
2.478085	0.11238752
2.4792702	0.11203849
2.4804564	0.11174763
2.4816439	0.11163128
2.4828324	0.11145677
2.4840217	0.11139861
2.4852126	0.11163128
2.4864044	0.11134043
2.4875975	0.1109914
2.4887917	0.11104956
2.4899871	0.11128225
2.4911838	0.11104956
2.4923813	0.11104956
2.4935806	0.11139861
2.4947805	0.11168946
2.4959817	0.11168946
2.497184	0.11168946
2.4983873	0.11174763
2.4995921	0.11203849
2.5007977	0.11227117
2.5020049	0.11256203
2.5032129	0.11279472
2.5044224	0.11308558
2.5056329	0.11331826
2.5068443	0.11355095
2.5080571	0.1138418
2.5092711	0.11419084
2.5104864	0.11442353
2.5117025	0.1146562
2.5129199	0.11494707
2.5141385	0.11541244
2.5153584	0.11558695
2.5165794	0.11576147
2.5178018	0.11599416
2.5190251	0.11611049
2.5202496	0.1165177
2.5214756	0.11669221
2.5227027	0.11680856
2.5239308	0.11698308
2.5251603	0.1173321
2.5263908	0.11750661
2.5276225	0.11750661
2.5288556	0.11756479
2.5300899	0.11768112
2.5313251	0.11791381
2.532562	0.11756479
2.5337996	0.1173321
2.5350387	0.1177393
2.536279	0.11785564
2.5375204	0.11756479
2.538763	0.1173321
2.5400069	0.11680856
2.5412521	0.11634318
2.5424979	0.11628501
2.5437455	0.11611049
2.5449944	0.11564511
2.5462441	0.11535426
2.5474954	0.11535426
2.548748	0.11529609
2.5500016	0.11500524
2.5512564	0.11459804
2.5525131	0.11442353
2.5537705	0.11395815
2.5550292	0.11343461
2.556289	0.11302741
2.5575502	0.11256203
2.5588126	0.11238752
2.5600762	0.1126202
2.561341	0.11250386
2.5626073	0.11209665
2.5638747	0.1118058
2.5651433	0.1109914
2.5664132	0.11029333
2.5676842	0.11040968
2.5689566	0.11058419
2.5702302	0.11011882
2.5715053	0.10953711
2.5727808	0.10971162
2.5740583	0.10959528
2.5753372	0.10942077
2.576617	0.10965344
2.5778983	0.10924624
2.579181	0.10901357
2.5804646	0.10889722
2.5817497	0.1087227
2.5830364	0.10895539
2.5843241	0.10878088
2.585613	0.10831551
2.5869033	0.10814098
2.5881948	0.10790829
2.5894876	0.10790829
2.5907817	0.10761745
2.592077	0.10738476
2.5933733	0.10819916
2.5946712	0.10889722
2.5959706	0.10779196
2.5972712	0.10651218
2.598573	0.10598864
2.5998762	0.10581413
2.6011808	0.10558144
2.6024866	0.10552326
2.6037939	0.10540693
2.6051023	0.10540693
2.6064122	0.10517424
2.6077232	0.10482521
2.6090355	0.10453435
2.6103492	0.10412715
2.6116643	0.1036036
2.6129806	0.10337091
2.6142986	0.10302189
2.6156178	0.10284737
2.6169381	0.10255651
2.6182597	0.10174211
2.6195827	0.10180029
2.6209071	0.10145125
2.6222329	0.10034599
2.62356	0.1001133
2.6248877	0.10017148
2.6262174	0.10017148
2.6275485	0.099647924
2.628881	0.099473417
2.6302147	0.099357076
2.6315498	0.098309986
2.6328864	0.097786441
2.6342242	0.097379245
2.6355639	0.096564844
2.6369042	0.09615764
2.6382463	0.095634095
2.6395895	0.094877854
2.6409342	0.094354317
2.6422803	0.094005294
2.6436276	0.093365408
2.6449764	0.092667341
2.6463268	0.091852933
2.6476784	0.090922199
2.6490314	0.090049624
2.6503856	0.089409731
2.6517413	0.088886186
2.6530983	0.088071786
2.6544569	0.087082878
2.6558168	0.086268477
2.6571774	0.08522138
2.65854	0.084057949
2.6599042	0.08301086
2.6612697	0.082138285
2.6626365	0.081265718
2.6640048	0.08045131
2.6653745	0.07975325
2.6667454	0.07870616
2.6681182	0.077426389
2.6694922	0.077077359
2.6708674	0.076030269
2.6722443	0.074110605
2.6736224	0.07323803
2.6750021	0.072598152
2.676383	0.071841918
2.6777654	0.070911177
2.6791496	0.069805913
2.6805348	0.068526134
2.6819217	0.067653559
2.6833098	0.066955499
2.6846995	0.065850243
2.6860905	0.064919494
2.6874828	0.064221434
2.6888769	0.063290693
2.6902716	0.062127259
2.6916685	0.061487373
2.6930668	0.060847484
2.6944666	0.059800394
2.6958678	0.058404282
2.6972704	0.056949988
2.6986744	0.055553868
2.7000799	0.054506786
2.7014871	0.053634204
2.7028956	0.052528948
2.7043056	0.051132824
2.7057171	0.049794883
2.70713	0.048805967
2.7085443	0.048166078
2.7099602	0.047060817
2.7113776	0.045781042
2.7127967	0.044501267
2.7142169	0.043337837
2.7156389	0.042348921
2.7170622	0.041476343
2.718487	0.040487427
2.7199132	0.039614853
2.7213409	0.038684107
2.7227702	0.037927877
2.7242005	0.037171647
2.7256327	0.035891872
2.7270665	0.034670267
2.7285018	0.034088552
2.7299387	0.033448666
2.7313771	0.032459747
2.7328169	0.031645346
2.7342582	0.031005459
2.7357013	0.030191056
2.7371457	0.029260309
2.7385917	0.028620422
2.7400391	0.027747849
2.741488	0.026700761
2.7429385	0.025944531
2.7443907	0.025420984
2.7458441	0.024722926
2.747299	0.024141211
2.7487557	0.023268636
2.7502139	0.022279719
2.7516737	0.021872519
2.753135	0.021581659
2.7545979	0.020941772
2.7560623	0.020127369
2.7575283	0.019371141
2.7589962	0.018963939
2.7604654	0.018440394
2.7619359	0.018149538
2.7634082	0.017800508
2.7648821	0.017335134
2.7663574	0.017044276
2.7678344	0.016520733
2.7693131	0.015997188
2.7707932	0.015822673
2.772275	0.015531815
2.7737584	0.015066442
2.7752433	0.014775584
2.7767296	0.014659241
2.7782178	0.014775584
2.7797074	0.014542897
2.7811987	0.014193869
2.782691	0.013903011
2.7841854	0.013728497
2.7856815	0.013786666
2.7871792	0.013844838
2.7886784	0.013553981
2.7901793	0.013321294
2.7916818	0.013263123
2.7931859	0.013146779
2.794692	0.013204952
2.7961996	0.013263123
2.7977085	0.013263123
2.7992191	0.013146779
2.8007314	0.012914093
2.8022454	0.012855921
2.803761	0.012972265
2.8052781	0.012972265
2.806797	0.013030436
2.8083177	0.013146779
2.8098397	0.013030436
2.8113635	0.013030436
2.8128889	0.013030436
2.8144159	0.013088607
2.8159447	0.013030436
2.8174751	0.012797751
2.8190067	0.012739578
2.8205404	0.013088607
2.8220758	0.013146779
2.8236129	0.012681406
2.8251517	0.012506892
2.8266921	0.012739578
2.8282342	0.012797751
2.829778	0.012623235
2.8313241	0.012332377
2.8328712	0.012157861
2.83442	0.012157861
2.8359706	0.012216033
2.8375227	0.012041519
2.8390768	0.011808832
2.8406324	0.011634318
2.8421898	0.011576147
2.843749	0.011634318
2.84531	0.011459802
2.8468723	0.011343461
2.8484366	0.011110773
2.8500025	0.010819916
2.8515701	0.010761744
2.8531396	0.010761744
2.8547106	0.010703572
2.8562829	0.01058723
2.8578575	0.01058723
2.8594339	0.010470886
2.861012	0.01058723
2.8625917	0.010819916
2.8641732	0.010703572
2.8657565	0.010819916
2.8673415	0.011110773
2.8689287	0.011343461
2.870517	0.011285289
2.8721075	0.011343461
2.8736994	0.011634318
2.8752933	0.011634318
2.876889	0.011576147
2.8784864	0.011867005
2.8800855	0.012041519
2.8816857	0.012099692
2.8832886	0.012390548
2.8848929	0.012565064
2.8864994	0.012448721
2.8881073	0.012390548
2.8897173	0.012390548
2.8913291	0.012506892
2.8929424	0.012623235
2.8945582	0.012914093
2.8961751	0.013146779
2.897794	0.013321294
2.8994148	0.013437637
2.9010372	0.013728497
2.9026616	0.014077526
2.9042876	0.01460107
2.9059157	0.015066442
2.9075458	0.015648158
2.9091775	0.016229874
2.9108109	0.01675342
2.9124463	0.017509649
2.9140832	0.018207707
2.9157224	0.018847596
2.9173632	0.019371141
2.9190059	0.019894684
2.9206498	0.020476399
2.922296	0.021174461
2.9239442	0.021872519
2.9255943	0.022454234
2.9272463	0.022861438
2.9289	0.023094121
2.9305558	0.023559496
2.9322133	0.023908524
2.9338732	0.023966694
2.9355345	0.023850352
2.9371977	0.023559496
2.9388628	0.023384979
2.9405298	0.023384979
2.9421985	0.023268636
2.9438694	0.022977777
2.9455421	0.022628749
2.9472167	0.022396063
2.9488933	0.022337891
2.9505715	0.022337891
2.9522519	0.022163378
2.953934	0.021988861
2.9556181	0.021814346
2.9573042	0.021523489
2.9589922	0.021523489
2.9606814	0.021581659
2.9623733	0.021523489
2.964067	0.021581659
2.9657626	0.021581659
2.9674604	0.021581659
2.9691598	0.021523489
2.9708614	0.021523489
2.9725649	0.021523489
2.9742706	0.021465316
2.9759779	0.021465316
2.9776874	0.021348976
2.9793985	0.021290803
2.9811118	0.021523489
2.9828272	0.021698004
2.9845443	0.021756174
2.9862635	0.021639831
2.9879854	0.021639831
2.9897087	0.021523489
2.9914336	0.021523489
2.993161	0.021523489
2.99489	0.021523489
2.9966211	0.021639831
2.9983544	0.021756174
3.0000894	0.021756174
3.001826	0.021756174
3.0035653	0.021988861
3.0053065	0.022221547
3.0070496	0.022221547
3.0087948	0.022337891
3.0105422	0.022337891
3.0122914	0.022337891
3.0140429	0.022396063
3.0157964	0.022512406
3.0175517	0.022628749
3.0193093	0.022686921
3.0210688	0.022919605
3.0228302	0.023210466
3.0245938	0.023501324
3.0263596	0.023617664
3.0281272	0.023734011
3.0298975	0.023908524
3.0316694	0.024024867
3.0334435	0.024024867
3.0352194	0.024024867
3.0369976	0.024199383
3.0387776	0.024432067
3.04056	0.024606586
3.0423443	0.024722926
3.0441301	0.024897441
3.0459187	0.024955614
3.0477092	0.025013784
3.0495021	0.025130128
3.0512969	0.025246469
3.0530939	0.025304642
3.054893	0.025479157
3.0566943	0.025595501
3.0584979	0.025653673
3.0603034	0.025886359
3.0621109	0.025886359
3.0639207	0.025770014
3.0657327	0.025886359
3.0675466	0.025944531
3.0693629	0.025886359
3.0711813	0.025711842
3.0730011	0.025362812
3.0748239	0.025304642
3.0766487	0.025479157
3.0784757	0.025479157
3.0803049	0.025479157
3.0821362	0.025711842
3.0839698	0.025944531
3.0858054	0.026293559
3.0876439	0.026700761
3.0894837	0.027166132
3.0913262	0.027747849
3.0931706	0.028155051
3.0950172	0.028620422
3.0968661	0.029260309
3.0987172	0.029783856
3.1005704	0.030132884
3.1024263	0.030481914
3.104284	0.030889114
3.106144	0.031238144
3.1080062	0.031645346
3.1098707	0.031994376
3.1117373	0.032227062
3.1136062	0.032517921
3.1154773	0.032750607
3.1173501	0.033041466
3.1192257	0.033215977
3.1211035	0.033448666
3.1229837	0.033855867
3.1248662	0.034088552
3.1267509	0.034146726
3.128638	0.034379411
3.1305273	0.034786612
3.1324193	0.035193812
3.1343131	0.035601016
3.1362092	0.036008213
3.1381078	0.036357243
3.1400084	0.036706273
3.1419115	0.037171647
3.1438167	0.037695192
3.1457245	0.038102396
3.1476347	0.038567767
3.1495469	0.039033137
3.1514616	0.039556678
3.1533785	0.040080227
3.1552978	0.040661942
3.1572194	0.041243661
3.1591434	0.041825376
3.1610696	0.042407088
3.162998	0.042814288
3.1649289	0.043279663
3.1668622	0.043977723
3.168798	0.044675782
3.1707361	0.045199331
3.1726766	0.045781042
3.1746194	0.046188243
3.1765647	0.046537273
3.1785126	0.047177158
3.1804626	0.047700703
3.182415	0.048049733
3.1843698	0.048515111
3.186327	0.049213171
3.1882865	0.049794883
3.1902485	0.050434768
3.1922131	0.050841969
3.19418	0.051191002
3.1961493	0.051772717
3.1981211	0.052238084
3.2000952	0.052587118
3.2020719	0.053052492
3.2040508	0.053517867
3.2060323	0.053925063
3.2080164	0.054448608
3.2100022	0.054913986
3.2119911	0.055379353
3.2139823	0.055902902
3.215976	0.056310102
3.2179723	0.056775477
3.2199712	0.057357188
3.2219722	0.057822555
3.2239761	0.058287937
3.2259824	0.058811482
3.2279911	0.059276849
3.2300024	0.059742223
3.2320161	0.060149424
3.2340324	0.060731139
3.2360511	0.061312862
3.2380724	0.061661884
3.2400961	0.062185429
3.2421229	0.062708974
3.2441516	0.063232519
3.2461832	0.063697897
3.2482171	0.064337775
3.2502534	0.06486132
3.2522926	0.065326698
3.2543342	0.065966584
3.2563784	0.066606477
3.2584248	0.067188188
3.2604742	0.067828074
3.262526	0.068409793
3.2645805	0.068933338
3.2666376	0.069456883
3.2686973	0.070096768
3.2707596	0.070852995
3.2728245	0.071492888
3.2748921	0.072016425
3.2769623	0.072656319
3.2790351	0.073354378
3.2811103	0.074168779
3.2831883	0.07498318
3.2852688	0.075739413
3.2873521	0.076553814
3.289438	0.077484563
3.2915258	0.078357138
3.293617	0.079113357
3.2957108	0.079869598
3.2978072	0.08080034
3.2999065	0.081672914
3.3020084	0.082545489
3.3041129	0.083592579
3.3062201	0.084523328
3.3083303	0.085395902
3.3104429	0.086326636
3.3125582	0.087257385
3.314676	0.088304475
3.3167968	0.089235224
3.3189204	0.090107799
3.3210464	0.090980373
3.3231752	0.091794774
3.3253074	0.092667341
3.3274417	0.093598098
3.3295789	0.094354317
3.3317187	0.095168732
3.3338614	0.095983133
3.3360066	0.096739352
3.3381548	0.097553767
3.3403056	0.098368168
3.3424585	0.099240743
3.344615	0.099996969
3.3467741	0.1007532
3.3489361	0.1015676
3.3511009	0.10232382
3.3532684	0.10313822
3.3554389	0.10389446
3.3576121	0.10465068
3.3597887	0.10558144
3.3619676	0.10627949
3.3641491	0.10715207
3.3663337	0.10819916
3.368521	0.10901357
3.3707113	0.10994431
3.3729043	0.1109914
3.3751001	0.11209665
3.3772995	0.11302741
3.3795011	0.1138418
3.3817058	0.11483072
3.383913	0.1158778
3.3861232	0.11686672
3.3883364	0.11785564
3.3905525	0.11878639
3.3927715	0.11971714
3.3949924	0.12058971
3.3972173	0.12146228
3.3994448	0.12245119
3.4016755	0.12326559
3.403909	0.12419635
3.4061456	0.12524343
3.408385	0.12611601
3.4106274	0.12693042
3.4128728	0.12768665
3.4151211	0.12850104
3.4173725	0.1291991
3.4196265	0.13001351
3.4218838	0.13076973
3.424144	0.13158414
3.4264071	0.13251488
3.4286733	0.13327111
3.4309425	0.13402736
3.4332149	0.13472541
3.4354899	0.13542347
3.4377682	0.13612153
3.4400494	0.13699411
3.4423335	0.13792484
3.4446208	0.13868107
3.4469111	0.13949548
3.449204	0.14019354
3.4515004	0.1410661
3.4537997	0.14199686
3.4561024	0.14281127
3.4584079	0.14356749
3.4607165	0.14426555
3.4630284	0.14490543
3.4653432	0.14566165
3.4676619	0.14630155
3.4699829	0.14705777
3.472307	0.14787218
3.4746342	0.14868659
3.4769647	0.14932647
3.4792981	0.14996636
3.4816349	0.15066442
3.4839747	0.15142065
3.4863167	0.15211871
3.488663	0.15281677
3.4910121	0.15339848
3.4933646	0.15403837
3.4957201	0.15467826
3.4980791	0.15543449
3.5004408	0.15613255
3.5028062	0.15683061
3.5051751	0.15747049
3.5075467	0.15811038
3.5099213	0.15875027
3.5122993	0.15939017
3.5146806	0.16003004
3.517065	0.16055359
3.5194528	0.16107713
3.5218437	0.16160068
3.5242381	0.16212423
3.5266356	0.16258961
3.5290363	0.1629968
3.5314403	0.16352034
3.5338476	0.1642184
3.536258	0.16474195
3.538672	0.16509098
3.5410891	0.16561452
3.5435085	0.16619624
3.5459323	0.16671978
3.5483594	0.16735968
3.5507898	0.16794138
3.5532234	0.16846493
3.5556605	0.16910483
3.5581009	0.16968653
3.5605447	0.1701519
3.5629921	0.17073363
3.5654426	0.17143168
3.5678964	0.1720134
3.5703535	0.17276964
3.5728142	0.17352585
3.5752783	0.17416576
3.5777457	0.17480563
3.5802164	0.1755037
3.5826914	0.17625992
3.5851691	0.1771325
3.5876501	0.1779469
3.5901346	0.17887765
3.5926225	0.17980839
3.595114	0.18056463
3.5976088	0.18143719
3.6001072	0.18242612
3.6026084	0.18341503
3.6051137	0.18440394
3.6076224	0.18533468
3.6101346	0.18638179
3.6126504	0.18725434
3.6151698	0.18812691
3.6176925	0.18888316
3.620219	0.18958122
3.6227491	0.19039561
3.6252825	0.19132636
3.6278193	0.19208261
3.6303599	0.19278066
3.6329038	0.19353688
3.6354516	0.19423494
3.6380026	0.19487484
3.6405575	0.19568925
3.6431165	0.19644547
3.6456785	0.19714352
3.6482441	0.19795792
3.6508133	0.19871415
3.6533861	0.19952856
3.6559625	0.20028481
3.6585426	0.20104103
3.6611264	0.20173907
3.6637127	0.20243713
3.6663036	0.20307703
3.6688983	0.20365874
3.6714969	0.20429863
3.6740987	0.2049385
3.6767046	0.20552023
3.6793139	0.20604378
3.6819272	0.20645097
3.6845443	0.20685819
3.687165	0.2074399
3.6897893	0.20796342
3.6924174	0.2084288
3.695049	0.20883602
3.6976848	0.20924322
3.7003241	0.20965043
3.7029672	0.20988309
3.7056146	0.21017395
3.7082653	0.21040665
3.7109196	0.21058117
3.713578	0.21075566
3.7162399	0.21087202
3.7189059	0.21110469
3.7215757	0.21122104
3.7242491	0.2113374
3.7269256	0.2115119
3.7296069	0.21162826
3.7322919	0.21174459
3.7349808	0.21197727
3.7376738	0.21220997
3.7403705	0.21261717
3.7430711	0.21290801
3.7457757	0.21319887
3.7484846	0.21343157
3.7511971	0.21360609
3.7539134	0.21383877
3.7566335	0.21395512
3.7593577	0.21407147
3.7620859	0.21418779
3.764818	0.21436231
3.767554	0.2144205
3.770293	0.21436231
3.7730372	0.21430415
3.7757852	0.21447864
3.778537	0.21453682
3.7812932	0.2144205
3.7840533	0.21430415
3.7868173	0.21447864
3.7895856	0.21465316
3.7923579	0.21471134
3.7951343	0.21476951
3.7979145	0.21482769
3.800699	0.21488586
3.8034875	0.21494402
3.8062801	0.21500219
3.8090768	0.21500219
3.8118775	0.21500219
3.8146832	0.21494402
3.8174922	0.21494402
3.8203053	0.21488586
3.8231227	0.21471134
3.8259442	0.2144205
3.8287699	0.21418779
3.8315997	0.21395512
3.8344338	0.21366425
3.837271	0.21337339
3.8401134	0.2129662
3.8429599	0.21261717
3.8458109	0.2121518
3.848666	0.21145375
3.8515253	0.21052299
3.8543887	0.20941772
3.8572567	0.20807977
3.8601296	0.20639281
3.8630059	0.20435679
3.8658867	0.20237897
3.8687716	0.20098285
3.8716609	0.20063382
3.8745544	0.20144823
3.8774524	0.20278618
3.8803546	0.20418228
3.8832617	0.20528755
3.8861728	0.20616011
3.8890882	0.20656733
3.8920078	0.20662549
3.894932	0.20656733
3.8978605	0.20650914
3.9007933	0.2062183
3.9037306	0.2058111
3.9066718	0.20528755
3.9096179	0.20470582
3.9125686	0.20418228
3.9155238	0.2037169
3.9184833	0.20301884
3.9214473	0.20220445
3.9244158	0.20144823
3.9273889	0.20063382
3.9303668	0.19976123
3.9333489	0.19877233
3.9363356	0.19789976
3.9393268	0.19691083
3.9423223	0.19574741
3.9453225	0.19440946
3.9483273	0.19312969
3.9513369	0.19161724
3.9543512	0.18993023
3.9573698	0.18812691
3.960393	0.18609092
3.9634209	0.18393858
3.9664533	0.18190256
3.9694903	0.18004107
3.972532	0.17870313
3.9755785	0.17812142
3.9786289	0.17829593
3.9816847	0.17881946
3.984745	0.1794012
3.9878104	0.17980839
3.9908803	0.18004107
3.9939549	0.1799829
3.9970343	0.1795757
4.0001183	0.178994
4.0032082	0.17829593
4.0063019	0.17759788
4.0094004	0.17678347
4.0125036	0.17596908
4.0156116	0.17498015
4.0187244	0.17387488
4.021842	0.1728278
4.0249648	0.17178071
4.028091	0.17067546
4.0312233	0.16968653
4.0343604	0.16846493
4.0375023	0.16724332
4.0406489	0.16602172
4.0438008	0.16485828
4.046958	0.16369486
4.0501194	0.16241507
4.0532866	0.16107713
4.056458	0.15979736
4.0596347	0.15851758
4.0628161	0.15723781
4.0660028	0.15589987
4.0691943	0.15450375
4.0723906	0.1531658
4.0755925	0.15194421
4.0787992	0.15060626
4.0820107	0.1492683
4.0852275	0.14793035
4.0884495	0.14665058
4.0916762	0.14525446
4.0949082	0.14380017
4.0981455	0.14246222
4.1013875	0.14118245
4.1046343	0.13978633
4.1078868	0.13850655
4.1111441	0.13722679
4.1144071	0.13594702
4.1176748	0.13466723
4.1209483	0.13332929
4.1242266	0.13216586
4.1275101	0.13088608
4.1307993	0.12948996
4.1340938	0.12821019
4.137393	0.12698859
4.1406975	0.12576699
4.1440077	0.12448721
4.1473227	0.12314926
4.1506433	0.12186948
4.1539693	0.12064787
4.1573014	0.11925176
4.1606379	0.11791381
4.16398	0.11663404
4.1673269	0.11529609
4.1706796	0.11395815
4.1740379	0.11273655
4.1774011	0.11139861
4.1807699	0.11011882
4.1841431	0.1087227
4.1875229	0.10721025
4.190908	0.1058723
4.1942987	0.10453435
4.1976953	0.1031964
4.2010965	0.10185845
4.204504	0.10034599
4.2079167	0.098949879
4.2113357	0.097553767
4.2147593	0.096099466
4.2181888	0.094761521
4.2216239	0.093307234
4.2250643	0.091794774
4.2285104	0.090398662
4.2319622	0.089002535
4.2354198	0.087548248
4.2388835	0.085977614
4.242352	0.084406979
4.2458267	0.082778178
4.2493072	0.081323884
4.2527928	0.079811424
4.2562842	0.078357138
4.2597818	0.076902844
4.2632847	0.075332209
4.2667923	0.073819749
4.2703071	0.072365463
4.2738276	0.070852995
4.2773538	0.069282368
4.2808857	0.067711733
4.2844238	0.066082932
4.2879677	0.064512298
4.2915173	0.06299983
4.2950735	0.061429199
4.298635	0.059800394
4.3022022	0.058346104
4.3057756	0.056949988
4.3093548	0.055553868
4.3129401	0.054157753
4.3165312	0.052703463
4.3201284	0.051365513
4.3237324	0.050202083
4.3273416	0.049154993
4.3309565	0.048107911
4.3345776	0.047118992
4.3382049	0.046304587
4.3418384	0.045606531
4.3454776	0.044850301
4.3491235	0.044094067
4.3527737	0.043512348
4.3564315	0.042872462
4.3600955	0.042174403
4.3637652	0.041709032
4.3674417	0.041185487
4.3711243	0.040603768
4.3748131	0.040022053
4.3785081	0.039556678
4.3822103	0.039033137
4.3859177	0.038509592
4.3896313	0.037927877
4.3933511	0.037462503
4.3970776	0.036938962
4.4008102	0.036299076
4.4045491	0.035717357
4.4082947	0.035251986
4.412045	0.034670267
4.415803	0.034146726
4.4195676	0.033681352
4.4233384	0.033274151
4.4271159	0.032750607
4.4308996	0.032343406
4.43469	0.031936202
4.4384871	0.031470831
4.4422908	0.031063629
4.4461007	0.030830942
4.4499168	0.030540086
4.4537401	0.030307399
4.4575696	0.030074712
4.4614058	0.029783856
4.4652486	0.029609339
4.4690976	0.029609339
4.4729543	0.029609339
4.4768167	0.029492997
4.4806862	0.029434824
4.4845624	0.029551169
4.4884448	0.029667512
4.4923344	0.029725684
4.4962306	0.029667512
4.5001335	0.029609339
4.5040426	0.029667512
4.5079594	0.029725684
4.5118828	0.029725684
4.5158129	0.029667512
4.5197501	0.029725684
4.523694	0.029725684
4.5276446	0.029667512
4.5316024	0.029667512
4.5355678	0.029667512
4.5395393	0.029609339
4.5435181	0.029783856
4.5475035	0.029958369
4.551496	0.030249229
4.5554957	0.030598259
4.5595021	0.030947287
4.5635157	0.031529002
4.5675368	0.032168888
4.5715647	0.032750607
4.5755997	0.033390496
4.5796418	0.034030382
4.5836911	0.034670267
4.5877471	0.035193812
4.5918107	0.035775527
4.5958815	0.036357243
4.5999584	0.036880787
4.604044	0.037346162
4.6081362	0.037695192
4.612236	0.038102396
4.616343	0.038451422
4.6204576	0.038800452
4.6245794	0.039091308
4.6287084	0.039323997
4.6328454	0.039556678
4.6369891	0.039673023
4.6411405	0.039789367
4.6452994	0.039847542
4.6494656	0.039731197
4.6536388	0.039382167
4.6578202	0.038916793
4.6620088	0.038567767
4.6662059	0.038160563
4.6704097	0.037695192
4.6746206	0.037229817
4.6788397	0.036938962
4.6830664	0.036706273
4.6873007	0.036589932
4.6915426	0.036473587
4.6957922	0.036415413
4.7000484	0.036415413
4.7043133	0.036240902
4.7085862	0.036066387
4.7128668	0.035891872
4.717155	0.035601016
4.7214513	0.035368327
4.7257552	0.035135642
4.7300668	0.035135642
4.7343879	0.035542842
4.7387152	0.036357243
4.7430506	0.037695192
4.7473941	0.039498512
4.7517457	0.041534517
4.7561049	0.043861382
4.7604723	0.046420932
4.7648478	0.049154993
4.7692318	0.051947229
4.7736235	0.054855809
4.7780232	0.057706222
4.7824311	0.060265768
4.7868466	0.062650807
4.7912707	0.064977668
4.7957029	0.067130014
4.8001437	0.069166027
4.8045907	0.07102751
4.8090477	0.072598152
4.8135128	0.074226953
4.8179865	0.075855754
4.8224683	0.077310041
4.8269582	0.078647994
4.8314571	0.079811424
4.8359637	0.080974855
4.8404803	0.082080118
4.8450041	0.083069034
4.8495364	0.083941601
4.8540773	0.084814176
4.8586264	0.085628577
4.8631845	0.086501166
4.8677506	0.087315559
4.8723259	0.088188134
4.8769083	0.089002535
4.8815002	0.089816935
4.8861008	0.09068951
4.8907104	0.091445751
4.8953285	0.092260145
4.8999557	0.093074545
4.9045911	0.093830787
4.909236	0.094587006
4.9138899	0.095285065
4.9185519	0.095924951
4.923223	0.096448489
4.9279027	0.096972041
4.9325914	0.097437419
4.9372892	0.097728267
4.9419956	0.098077297
4.9467115	0.098309986
4.951437	0.098600842
4.9561706	0.098542675
4.9609137	0.098193645
4.9656653	0.097611934
4.9704261	0.096739352
4.9751964	0.096273981
4.9799757	0.096797533
4.9847641	0.097960956
4.9895606	0.099008054
4.9943671	0.09976428
4.9991837	0.10017148
5.0040088	0.10052051
5.0088439	0.10057868
5.0136881	0.10063685
5.0185413	0.1007532
5.0234041	0.1007532
5.0282774	0.10069502
5.0331593	0.10069502
5.0380507	0.10069502
5.0429511	0.10081137
5.0478616	0.10092771
5.0527816	0.10092771
5.0577111	0.10092771
5.0626502	0.10098588
5.0675998	0.10121857
5.0725584	0.10127673
5.0775266	0.10133491
5.0825043	0.1015676
5.087492	0.10180029
5.0924897	0.10203297
5.097497	0.10226565
5.1025143	0.10232382
5.1075401	0.10244018
5.112577	0.10267286
5.1176243	0.10296372
5.1226811	0.1031964
5.127748	0.10342909
5.1328249	0.1036036
5.1379123	0.10383629
5.1430092	0.10418532
5.1481171	0.10459252
5.1532345	0.10476704
5.1583619	0.1050579
5.1634998	0.10546509
5.1686478	0.10581413
5.1738062	0.10622133
5.1789751	0.10651218
5.184154	0.10680304
5.1893444	0.10709389
5.1945438	0.10744293
5.1997542	0.10761745
5.2049747	0.10779196
5.210206	0.10808282
5.2154474	0.10819916
5.2206998	0.10790829
5.2259626	0.10785013
5.2312346	0.10785013
5.2365189	0.10779196
5.2418137	0.10761745
5.2471189	0.10744293
5.2524352	0.10715207
5.2577624	0.10680304
5.2631001	0.10639585
5.2684488	0.10598864
5.273809	0.10558144
5.2791796	0.10517424
5.2845607	0.10488337
5.2899532	0.10459252
5.2953568	0.10418532
5.3007712	0.10383629
5.3061967	0.10348726
5.3116336	0.1031964
5.3170795	0.10284737
5.3225384	0.10261469
5.3280087	0.10226565
5.3334904	0.10191663
5.3389831	0.10150942
5.3444872	0.10121857
5.3500028	0.10104406
5.3555293	0.10052051
5.3610692	0.099880613
5.3666191	0.099531591
5.37218	0.099240743
5.3777528	0.098833531
5.3833375	0.098484501
5.3889332	0.098251812
5.3945408	0.097960956
5.4001603	0.097553767
5.4057918	0.09720473
5.4114347	0.096913867
5.417089	0.096797533
5.4227557	0.096564844
5.4284339	0.095750444
5.434124	0.09499421
5.439826	0.094296142
5.44554	0.093714431
5.4512644	0.092958197
5.4570026	0.092492819
5.4627528	0.092027463
5.4685154	0.091038547
5.4742899	0.090107799
5.4800768	0.089293398
5.4858756	0.088246301
5.4916868	0.087199219
5.4975119	0.086035788
5.5033479	0.08487235
5.5091963	0.083650753
5.5150576	0.082429141
5.5209308	0.081149369
5.5268164	0.079811424
5.5327148	0.078531645
5.5386262	0.077368215
5.5445509	0.076321125
5.550487	0.07544855
5.5564361	0.074401468
5.562398	0.073296204
5.5683727	0.072481804
5.5743604	0.072074607
5.5803604	0.071434714
5.5863738	0.070445791
5.5923977	0.069689572
5.5984373	0.069049679
5.6044893	0.068293452
5.6105552	0.067537211
5.6166334	0.06672281
5.6227255	0.065850243
5.6288304	0.065035842
5.6349487	0.064454123
5.6410818	0.063814238
5.6472268	0.062883496
5.6533852	0.06195274
5.6595569	0.061021995
5.6657424	0.060091257
5.6719413	0.059451368
5.6781535	0.058636963
5.6843796	0.057764389
5.6906204	0.056949988
5.6968741	0.055961069
5.7031412	0.05503032
5.7094221	0.054215923
5.7157168	0.053285178
5.7220259	0.052179918
5.7283483	0.051074658
5.7346849	0.049969394
5.7410331	0.048980478
5.7473979	0.048224244
5.7537766	0.047235329
5.76017	0.046479098
5.7665772	0.045722876
5.7729988	0.044501267
5.7794347	0.043396007
5.7858849	0.042348921
5.7923512	0.041360002
5.7988305	0.040429257
5.8053241	0.039440341
5.811832	0.038684107
5.8183551	0.037986051
5.8248925	0.036938962
5.8314447	0.035717357
5.8380117	0.034553926
5.8445945	0.033390496
5.851191	0.032110717
5.8578029	0.030947287
5.864429	0.029667512
5.8710709	0.028329566
5.877727	0.027166132
5.8843989	0.025479157
5.8910856	0.023850352
5.8977852	0.022221547
5.9045024	0.020476399
5.9112349	0.019080281
5.9179831	0.017684164
5.9247465	0.016695248
5.9315252	0.016346216
5.9383197	0.016346216
5.9451299	0.016520733
5.9519572	0.017044276
5.9587984	0.017800508
5.9656553	0.018614909
5.9725285	0.019312968
5.9794173	0.019836511
5.9863219	0.020301884
5.9932423	0.020592744
6.0001788	0.020650916
6.0071297	0.020767258
6.0140982	0.020825431
6.0210834	0.020592744
6.0280848	0.020418229
6.0351024	0.020127369
6.0421362	0.019836511
6.0491862	0.019487483
6.0562534	0.018673081
6.0633373	0.018033193
6.0704374	0.017509649
6.0775537	0.01675342
6.0846872	0.015939016
6.0918374	0.015240957
6.0990043	0.014659241
6.1061878	0.01425204
6.1133885	0.014077526
6.1206079	0.014193869
6.1278424	0.014891928
6.1350942	0.016346216
6.1423635	0.018324051
6.1496496	0.020360056
6.1569533	0.021814346
6.1642742	0.022512406
6.1716127	0.022570578
6.1789665	0.022454234
6.1863399	0.022512406
6.1937308	0.022628749
6.2011395	0.022977777
6.2085662	0.023559496
6.2160106	0.024083039
6.2234726	0.024781097
6.2309527	0.025420984
6.238452	0.026002703
6.2459679	0.026642589
6.2535024	0.027224304
6.261055	0.027747849
6.2686257	0.028329566
6.2762151	0.028853111
6.2838225	0.029260309
6.2914486	0.029725684
6.2990947	0.030307399
6.3067579	0.030714599
6.3144398	0.031063629
6.3221402	0.031470831
6.3298597	0.031761687
6.3375978	0.032285232
6.345355	0.032808777
6.3531313	0.032983292
6.3609242	0.033215977
6.3687387	0.033565007
6.3765721	0.033797696
6.3844252	0.033855867
6.3922973	0.034030382
6.4001889	0.034379411
6.4081001	0.035019297
6.4160309	0.035310157
6.4239826	0.035019297
6.431953	0.034902956
6.4399428	0.034728441
6.4479527	0.034612097
6.4559822	0.034612097
6.4640322	0.034670267
6.4721022	0.034844786
6.4801922	0.035019297
6.4883046	0.035310157
6.4964356	0.035310157
6.5045867	0.035019297
6.5127583	0.034902956
6.5209503	0.034961123
6.5291634	0.034961123
6.5373969	0.035135642
6.545651	0.035542842
6.5539231	0.035833701
6.5622191	0.036124557
6.5705361	0.036648102
6.5788746	0.036997132
6.587234	0.037287988
6.5956144	0.037637021
6.6040168	0.037869707
6.6124401	0.038218733
6.6208863	0.038509592
6.629353	0.039207652
6.6378412	0.039789367
6.6463513	0.039556678
6.6548829	0.039440341
6.6634369	0.039789367
6.6720128	0.040080227
6.6806107	0.040196571
6.6892328	0.040080227
6.6978755	0.040022053
6.7065401	0.040196571
6.7152276	0.040196571
6.723937	0.040080227
6.7326698	0.039847542
6.7414246	0.039673023
6.7502027	0.039556678
6.7590008	0.039440341
6.7678242	0.039382167
6.7766714	0.039323997
6.7855411	0.039265823
6.7944345	0.038858622
6.8033509	0.038335077
6.8122911	0.038102396
6.8212547	0.038044222
6.8302436	0.037869707
6.8392544	0.037637021
6.848289	0.037520677
6.8573475	0.037578847
6.8664303	0.037404332
6.8755369	0.036706273
6.8846679	0.036240902
6.8938227	0.036008213
6.9029989	0.035950042
6.9122028	0.035659183
6.9214315	0.035251986
6.9306846	0.034961123
6.9399629	0.034612097
6.9492655	0.034495752
6.9585934	0.034437582
6.9679465	0.033914037
6.9773269	0.033448666
6.9867301	0.033157807
6.9961591	0.032866947
7.0056133	0.032401577
7.0150933	0.031878032
7.0245986	0.031470831
7.0341301	0.031238144
7.0436873	0.030947287
7.0532722	0.03036557
7.0628819	0.029783856
7.0725174	0.029260309
7.0821791	0.028794939
7.0918674	0.028387738
7.1015825	0.027980534
7.1113243	0.02751516
7.1210923	0.027049791
7.1308832	0.026642589
7.1407056	0.026119042
7.1505547	0.025653673
7.1604309	0.025246469
7.1703348	0.024781097
7.1802659	0.024257556
7.1902246	0.023792183
7.200211	0.023443151
7.210228	0.022919605
7.2202702	0.022454234
7.23034	0.021988861
7.2404385	0.021465316
7.2505651	0.020999946
7.2607198	0.020592744
7.2709031	0.020127369
7.2811151	0.019603826
7.2913575	0.019196626
7.3016272	0.018731251
7.3119259	0.018265879
7.3222532	0.017742336
7.3326101	0.017276963
7.3429961	0.016811589
7.3534117	0.016288046
7.3638568	0.015822673
7.3743277	0.015299129
7.3848329	0.014833756
7.3953671	0.014426555
7.4059319	0.013844838
7.4165273	0.013379467
7.4271526	0.013088607
7.4378085	0.012681406
7.4484949	0.012274206
7.4592152	0.011808832
7.4699631	0.011343461
7.4807425	0.010936259
7.4915524	0.010645402
7.5023942	0.010354543
7.513267	0.0099473419
7.5241718	0.0094819693
7.5351081	0.0090165967
7.5460782	0.0087839104
7.5570784	0.0084930528
7.5681105	0.0082021942
7.579175	0.0079695079
7.5902719	0.0077368217
7.6014013	0.0075041349
7.6125636	0.0071551055
7.6237588	0.0068642483
7.6349821	0.0066315616
7.6462431	0.006340703
7.6575375	0.0061080167
7.6688652	0.0058753309
7.6802268	0.0057008164
7.6916218	0.0054099578
7.7030506	0.0051190997
7.7145133	0.0048864135
7.7260127	0.004711899
7.7375441	0.0044792127
7.7491097	0.0041883551
7.7607102	0.0040138396
7.7723455	0.0038974967
7.7840157	0.003722982
7.7957211	0.0036648102
7.8074613	0.0034902955
7.8192339	0.003257609
7.8310452	0.0031994376
7.8428926	0.0030830943
7.8547754	0.0029667513
7.8666949	0.0029085795
7.8786502	0.0027340648
7.8906422	0.0027340648
7.9026704	0.0027340648
7.9147372	0.002675893
7.9268394	0.002675893
7.9389782	0.002675893
7.9511547	0.0028504082
7.9633684	0.0030249229
7.9756198	0.0031994376
7.9879088	0.0034321242
8.0002356	0.003722982
8.0126038	0.0039556683
8.0250072	0.0043628695
8.0374498	0.0049445848
8.0499296	0.0055844728
8.0624495	0.0061661885
8.0750074	0.006980591
8.0876055	0.0079695079
8.1002417	0.0090165967
8.1129141	0.010180028
8.1256304	0.011634318
8.1383867	0.013263123
8.1511831	0.015066442
8.1640196	0.017160619
8.1768961	0.019545654
8.1898146	0.022105206
8.2027731	0.025130128
8.2157736	0.028678594
8.2288151	0.032517921
8.2418976	0.036706273
8.2550211	0.041301832
8.2681875	0.046188243
8.281395	0.051307347
8.2946453	0.056426443
8.3079386	0.061254684
8.3212767	0.065617554
8.3346548	0.069398709
8.3480768	0.072481804
8.3615408	0.074925005
8.3750496	0.076902844
8.3886013	0.078531645
8.4021969	0.079985939
8.4158373	0.081382059
8.4295158	0.082545489
8.4432449	0.083650753
8.4570189	0.084523328
8.4708366	0.085105039
8.4847012	0.08591944
8.4986105	0.086966529
8.5125656	0.088537164
8.5265665	0.090573169
8.540616	0.092783697
8.5547094	0.094528832
8.5688496	0.095634095
8.5830364	0.096332155
8.59727	0.096739352
8.6115513	0.096972041
8.6258802	0.097321071
8.6402569	0.09790279
8.6546841	0.098368168
8.6691561	0.09871719
8.6836777	0.099182568
8.6982479	0.099473417
8.7128668	0.099473417
8.7275343	0.099124387
8.7422523	0.09871719
8.75702	0.097960956
8.7718325	0.096855693
8.7866993	0.095343232
8.8016176	0.093598098
8.8165865	0.091852933
8.8316059	0.08999145
8.8466768	0.088188134
8.8617992	0.086501166
8.8769741	0.084639661
8.8922033	0.082603663
8.9074821	0.08056765
8.9228134	0.078822501
8.9381971	0.076902844
8.9536343	0.074692324
8.9691257	0.07219094
8.9846697	0.069224194
9.000268	0.065966584
9.0159235	0.062301774
9.0316315	0.058346104
9.0473928	0.054855809
9.0632105	0.051889062
9.0790825	0.049271338
9.0950108	0.047177158
9.1109953	0.045606531
9.1270351	0.044035893
9.1431274	0.042872462
9.1592817	0.041941721
9.1754923	0.040952798
9.191761	0.040138397
9.2080879	0.039440341
9.224472	0.038974967
9.2409153	0.038335077
9.2574167	0.037753362
9.2739801	0.037287988
9.2906008	0.036880787
9.3072805	0.036531758
9.3240204	0.036124557
9.3408203	0.035601016
9.3576803	0.035193812
9.3746023	0.034844786
9.3915854	0.034495752
9.4086237	0.034204897
9.4257298	0.034030382
9.4428988	0.033797696
9.4601307	0.033274151
9.4774246	0.032866947
9.4947834	0.032692432
9.5122042	0.032459747
9.5296898	0.031994376
9.5472441	0.031645346
9.5648584	0.031412657
9.5825386	0.031121802
9.6002836	0.030714599
9.6180954	0.030598259
9.635973	0.030714599
9.6539164	0.030540086
9.6719275	0.030132884
9.6900091	0.029842025
9.7081556	0.029842025
9.7263699	0.029667512
9.7446527	0.029318482
9.7630043	0.029085794
9.7814245	0.02896945
9.7999153	0.028678594
9.8184757	0.02856225
9.837101	0.028445911
9.8558025	0.028213222
9.8745756	0.027864192
9.8934202	0.027631504
9.9123363	0.027166132
9.9313259	0.026584418
9.950388	0.026293559
9.9695234	0.026409904
9.9887362	0.026700761
10.008019	0.026991619
10.027377	0.026991619
10.04681	0.026700761
10.066319	0.026293559
10.085902	0.026177214
10.105563	0.026119042
10.1253	0.025886359
10.145119	0.025886359
10.165011	0.025944531
10.184982	0.025653673
10.205031	0.025595501
10.22516	0.025653673
10.245367	0.025653673
10.265656	0.025537329
10.286023	0.025362812
10.306466	0.025362812
10.326997	0.025479157
10.34761	0.025013784
10.368304	0.024664754
10.389083	0.024606586
10.409945	0.024722926
10.43089	0.024839269
10.45192	0.024839269
10.473039	0.024606586
10.49424	0.024315722
10.515526	0.024315722
10.536899	0.024257556
10.558359	0.024315722
10.579906	0.024199383
10.601542	0.024083039
10.623267	0.024024867
10.645084	0.023850352
10.666988	0.023617664
10.688982	0.023501324
10.711066	0.023734011
10.733243	0.023675837
10.755511	0.023384979
10.777872	0.023268636
10.800325	0.023268636
10.822865	0.023210466
10.845508	0.023152294
10.868244	0.023094121
10.891077	0.023152294
10.914005	0.023210466
10.937031	0.022977777
10.960154	0.022861438
10.983374	0.022861438
11.006698	0.022861438
11.030116	0.022861438
11.053635	0.022745093
11.077253	0.022628749
11.100973	0.022512406
11.124795	0.022454234
11.14872	0.022337891
11.172747	0.022337891
11.196871	0.022454234
11.221107	0.022454234
11.245447	0.022396063
11.269894	0.022454234
11.294447	0.022454234
11.319107	0.022163378
11.343875	0.021814346
11.368752	0.021581659
11.393744	0.021698004
11.418839	0.021639831
11.444047	0.021465316
11.469365	0.021639831
11.494797	0.021698004
11.52034	0.021581659
11.545999	0.021348976
11.571771	0.021290803
11.597663	0.021407144
11.623667	0.021348976
11.649787	0.021348976
11.676025	0.021348976
11.702382	0.020883601
11.728858	0.020476399
11.755454	0.020301884
11.782171	0.020360056
11.809002	0.020476399
11.835962	0.020360056
11.863048	0.020011026
11.890256	0.019952856
11.91759	0.020127369
11.94505	0.020127369
11.972636	0.019894684
12.000351	0.019661998
12.028198	0.019545654
12.056171	0.019371141
12.084274	0.019138454
12.112508	0.019080281
12.140875	0.018963939
12.169374	0.018789424
12.198009	0.018556738
12.226777	0.018440394
12.255688	0.018556738
12.28473	0.018556738
12.31391	0.018440394
12.343228	0.018207707
12.372687	0.018207707
12.402287	0.018207707
12.432029	0.017975021
12.461913	0.017858678
12.491931	0.017684164
12.522105	0.017567821
12.552425	0.017451478
12.582892	0.017218791
12.613507	0.017335134
12.644272	0.017276963
12.675187	0.017160619
12.706254	0.017102448
12.737479	0.016869761
12.768852	0.016695248
12.80038	0.016637076
12.832064	0.016462561
12.863906	0.015939016
12.895905	0.015822673
12.928064	0.015764501
12.960384	0.015764501
12.992874	0.015648158
13.025519	0.015473643
13.05833	0.0153573
13.091305	0.015240957
13.124448	0.014950098
13.157759	0.01460107
13.191238	0.014193869
13.22489	0.013903011
13.258701	0.013670324
13.292698	0.013728497
13.326869	0.013553981
13.361217	0.013030436
13.395742	0.012623235
13.430446	0.012623235
13.46533	0.012681406
13.500397	0.012623235
13.535651	0.012506892
13.571085	0.012390548
13.606705	0.011925176
13.642511	0.011808832
13.678508	0.011750662
13.714694	0.011517975
13.751073	0.011343461
13.787644	0.011168946
13.82442	0.011052603
13.861383	0.010936259
13.898545	0.010819916
13.935907	0.010529058
13.97347	0.010296372
14.011236	0.010296372
14.049208	0.010180028
14.087384	0.010005513
14.125755	0.0099473419
14.16435	0.010354543
14.203156	0.010761744
14.242176	0.011168946
14.281411	0.012099692
14.320862	0.012972265
14.360532	0.014193869
14.400422	0.016288046
14.440542	0.018556738
14.48088	0.021814346
14.521442	0.026002703
14.562233	0.03036557
14.603253	0.034379411
14.644506	0.038276907
14.685991	0.041069143
14.727713	0.042174403
14.76966	0.042232577
14.811859	0.041592687
14.8543	0.039847542
14.896984	0.037404332
14.939916	0.034321237
14.983094	0.031121802
15.026524	0.027980534
15.070205	0.025071956
15.11415	0.022803266
15.158343	0.020825431
15.202796	0.019138454
15.24751	0.017567821
15.292488	0.015997188
15.337732	0.014368383
15.383245	0.013146779
15.429028	0.012506892
15.475092	0.011692489
15.521424	0.010761744
15.568036	0.0098891696
15.614927	0.009423798
15.662103	0.009249283
15.709563	0.0084348805
15.757313	0.0079113366
15.805353	0.0078531643
15.853672	0.007445964
15.902304	0.0076204785
15.951234	0.0077949935
16.000465	0.0079113366
16.050003	0.0085512241
16.099848	0.0097728269
16.150003	0.011110773
16.200472	0.013263123
16.251265	0.016346216
16.30237	0.019720171
16.353796	0.023384979
16.405548	0.026293559
16.45763	0.028155051
16.510042	0.028911278
16.56279	0.029260309
16.615877	0.029085794
16.669313	0.028155051
16.723085	0.026642589
16.777206	0.025188301
16.831676	0.023613298
16.886503	0.022578452
16.941689	0.021129666
16.997234	0.019643253
17.053146	0.018871821
17.109409	0.018401438
17.166063	0.018175654
17.223093	0.018194469
17.280504	0.017611193
17.338299	0.016444638
17.396481	0.015315715
17.455055	0.015503869
17.514025	0.016049517
17.573404	0.015767286
17.633179	0.015447423
17.693359	0.014657178
17.753954	0.014807701
17.814964	0.01522164
17.876394	0.015146377
17.938251	0.014845333
18.000536	0.014544286
18.063269	0.014111532
18.126427	0.013622331
18.190027	0.013791671
18.254078	0.014450208
18.318579	0.0150523
18.383539	0.014450208
18.448961	0.013848117
18.514851	0.014224425
18.58119	0.014807701
18.648029	0.014977041
18.715351	0.015127563
18.783159	0.0150523
18.851461	0.015334532
18.920263	0.01620004
18.989569	0.016820947
19.059383	0.017103177
19.129725	0.017253699
19.200575	0.01753593
19.271952	0.018175654
19.343863	0.018382622
19.416311	0.018871821
19.489305	0.020019561
19.562849	0.020602839
19.636951	0.020828621
19.711594	0.021167299
19.786827	0.021505976
19.862638	0.021712944
19.939034	0.021769391
20.016018	0.022032805
20.093599	0.022522004
20.171785	0.022935946
20.250582	0.02295476
20.330009	0.023011206
20.410049	0.023105282
20.490723	0.023707375
20.572035	0.023933159
20.653994	0.024234204
20.73661	0.024140129
20.819889	0.023632113
20.903841	0.023745004
20.988487	0.023745004
21.073807	0.023801452
21.159821	0.02351922
21.246542	0.023274621
21.333977	0.023011206
21.422132	0.022823052
21.511023	0.022597268
21.600651	0.022108067
21.691	0.021882283
21.782139	0.021788206
21.874046	0.021600051
21.966734	0.021505976
22.060209	0.020508761
22.154484	0.02026416
22.249567	0.020395868
22.34547	0.020132452
22.442221	0.020188898
22.539797	0.019944299
22.638224	0.019304575
22.737514	0.01904116
22.837679	0.018589592
22.93873	0.018476699
23.04068	0.018250914
23.143541	0.017630009
23.247343	0.017517114
23.35206	0.017855793
23.457727	0.017987501
23.564352	0.017648824
23.671953	0.017385406
23.78054	0.017046733
23.890127	0.01672687
24.000731	0.016689239
24.112324	0.016256485
24.224998	0.016143594
24.338732	0.016105963
24.453537	0.016350562
24.569429	0.016858578
24.686426	0.0165199
24.804543	0.016124777
24.923796	0.015880179
25.044222	0.0157861
25.165796	0.015880179
25.288555	0.016369378
25.412519	0.016425824
25.537704	0.01599307
25.664127	0.015823733
25.791811	0.01599307
25.920769	0.016105963
26.051052	0.015729653
26.182623	0.015597946
26.315529	0.01599307
26.449793	0.015880179
26.585432	0.015560317
26.722471	0.015353347
26.860929	0.0155415
27.00083	0.016237671
27.142149	0.015974255
27.285002	0.015673209
27.429367	0.01599307
27.575268	0.016087146
27.722729	0.015767286
27.871777	0.015804917
28.022434	0.015842548
28.17473	0.016049517
28.328716	0.015898993
28.484369	0.0157861
28.641743	0.015767286
28.800863	0.0155415
28.961761	0.015447423
29.124468	0.015767286
29.289013	0.015955439
29.455427	0.016011886
29.623777	0.015503869
29.794029	0.015353347
29.966249	0.015729653
30.140471	0.015880179
30.316732	0.015428609
30.495066	0.015071116
30.67551	0.015108748
30.858103	0.015315715
31.04282	0.015955439
31.229824	0.016369378
31.419096	0.016407007
31.610676	0.016933838
31.804607	0.017667638
32.000931	0.018382622
32.199696	0.019248132
32.400944	0.019925484
32.604759	0.020207714
32.811115	0.02026416
33.020103	0.020188898
33.231773	0.020734547
33.446171	0.020960329
33.663353	0.021411899
33.883377	0.021468343
34.106293	0.021411899
34.332088	0.021581236
34.560966	0.021054406
34.792919	0.020753359
35.028008	0.020941515
35.266293	0.02026416
35.507843	0.020132452
35.752724	0.020452313
36.001007	0.020734547
36.252811	0.020941515
36.508114	0.021148484
36.767036	0.021844652
37.029659	0.022352668
37.296059	0.022860684
37.566319	0.023443962
37.840527	0.024403544
38.118767	0.02592759
38.40118	0.027620973
38.687756	0.029314356
38.978642	0.030085789
39.273933	0.030405648
39.573734	0.032400079
39.878147	0.034338061
40.187283	0.034676738
40.501244	0.035617508
40.820042	0.036445383
41.144012	0.037273258
41.473164	0.038063504
41.807625	0.039455846
42.147522	0.040641211
42.492992	0.041732509
42.844173	0.042804979
43.20121	0.043933902
43.564312	0.044535998
43.933502	0.044686522
44.309002	0.045871891
44.690975	0.047076073
45.079594	0.047753423
45.475029	0.048562486
45.87746	0.048825901
46.287083	0.048280258
46.704159	0.047094889
47.128742	0.046605688
47.561119	0.045439132
48.001499	0.044009168
48.450111	0.042842612
48.907188	0.03975689
49.372971	0.03734852
49.847713	0.038326923
50.331509	0.037875351
50.824955	0.037555493
51.328171	0.037649568
51.841454	0.036953397
52.365105	0.036313675
52.899441	0.036896951
53.444794	0.037103921
54.001511	0.037950613
54.570061	0.038044691
55.150593	0.037875351
55.74361	0.03772483
56.349518	0.038383368
56.968742	0.039455846
57.60173	0.040340167
58.24894	0.040772919
58.910862	0.040772919
59.588123	0.04052832
60.28101	0.039154798
60.9902	0.038289294
61.716274	0.038703229
62.459846	0.03678406
63.221554	0.034300428
64.002068	0.036708798
64.802094	0.036238417
65.622093	0.034864895
66.463402	0.033792417
67.326561	0.033322033
68.21244	0.032381263
69.121933	0.031685095
70.056015	0.031026557
71.015686	0.029822374
72.002014	0.026717836
73.016319	0.024365911
74.05941	0.023669744
75.132736	0.025984036
76.237625	0.033434924
77.375504	0.041431461
78.547859	0.04538269
79.756294	0.048807088
81.002487	0.049616151
82.28849	0.048844717
83.61573	0.050801516
84.986481	0.050481658
86.402931	0.049315102
87.867393	0.048901167
89.382355	0.048186179
90.95047	0.047659349
92.574593	0.046718579
94.25721	0.046455164
96.002708	0.046568058
97.814079	0.04481823
99.695114	0.043519966
101.64992	0.042880245
103.68291	0.042240519
105.79889	0.040471874
108.00303	0.04032135
110.30139	0.040904626
112.69925	0.04032135
115.20368	0.039305322
117.82195	0.037969433
120.562	0.034356881
123.43254	0.034770813
126.44309	0.036633536
129.60419	0.040001489
132.92625	0.04032135
136.42429	0.04367049
140.11142	0.051121376
144.00337	0.048957612
148.11772	0.043689303
152.47411	0.044404291
157.0945	0.050782703
162.00366	0.050613362
167.23055	0.044630073
172.80489	0.0466245
178.76367	0.053793158
185.14809	0.057706758
192.0054	0.069184139
199.39021	0.035673954
207.36581	0.0062467046
216.00604	0.013622331
