# Halite, Chemical Formula: NaCl
# Sample ID: HS433.3B
# wavelengths (microns), reflectance
1.868837	0.87593067
1.869511	0.87656909
1.8701854	0.87771827
1.8708603	0.87848437
1.8715357	0.8770799
1.8722117	0.8770799
1.872888	0.87810135
1.8735651	0.8770799
1.8742423	0.87580305
1.8749202	0.87618601
1.8755985	0.87580305
1.8762774	0.87618601
1.8769567	0.87669683
1.8776366	0.87567538
1.8783168	0.87554759
1.8789977	0.87541997
1.8796788	0.87529224
1.8803607	0.87529224
1.881043	0.87580305
1.8817258	0.87567538
1.882409	0.87516457
1.8830929	0.87541997
1.883777	0.87644148
1.8844618	0.87593067
1.8851469	0.87567538
1.8858327	0.87567538
1.8865188	0.87593067
1.8872057	0.87554759
1.8878928	0.87529224
1.8885808	0.87567538
1.8892689	0.87644148
1.8899578	0.87695211
1.8906469	0.87593067
1.8913368	0.87580305
1.892027	0.87669683
1.8927178	0.87618601
1.893409	0.8760584
1.8941009	0.87618601
1.8947932	0.87618601
1.8954861	0.8760584
1.8961793	0.87567538
1.8968732	0.87593067
1.8975675	0.87618601
1.8982624	0.87554759
1.8989576	0.87656909
1.8996536	0.87746292
1.9003499	0.87669683
1.9010466	0.87554759
1.9017439	0.87529224
1.9024419	0.87631369
1.9031402	0.87669683
1.9038392	0.87567538
1.9045385	0.87631369
1.9052386	0.87720764
1.905939	0.8770799
1.9066402	0.87720764
1.9073416	0.87618601
1.9080436	0.87567538
1.9087461	0.87593067
1.9094492	0.87554759
1.9101527	0.87567538
1.9108568	0.87644148
1.9115614	0.87669683
1.9122664	0.87631369
1.912972	0.8770799
1.9136782	0.87759054
1.9143847	0.87656909
1.915092	0.87618601
1.9157996	0.87644148
1.916508	0.87618601
1.9172167	0.87644148
1.9179261	0.8768245
1.9186358	0.8770799
1.9193462	0.87784606
1.9200571	0.87912279
1.9207685	0.87861216
1.9214803	0.87695211
1.9221928	0.87669683
1.9229058	0.87695211
1.9236195	0.87797368
1.9243335	0.87771827
1.9250481	0.8768245
1.9257631	0.87733525
1.9264789	0.87759054
1.927195	0.87784606
1.9279118	0.87810135
1.9286289	0.87797368
1.9293463	0.87771827
1.9300646	0.87759054
1.9307835	0.87759054
1.9315028	0.87784606
1.9322227	0.87797368
1.9329431	0.87784606
1.9336642	0.8783567
1.9343857	0.87861216
1.9351079	0.8783567
1.9358305	0.87861216
1.9365537	0.87873977
1.9372772	0.87886751
1.9380015	0.87886751
1.9387262	0.87899518
1.9394516	0.87899518
1.9401773	0.87886751
1.940904	0.87912279
1.9416308	0.87925059
1.9423584	0.87925059
1.9430864	0.87899518
1.943815	0.87861216
1.9445441	0.87899518
1.9452738	0.87950593
1.9460039	0.8793782
1.9467345	0.8793782
1.9474658	0.87976122
1.9481977	0.87988895
1.94893	0.87988895
1.949663	0.87950593
1.9503965	0.87950593
1.9511306	0.87950593
1.9518652	0.87963361
1.9526006	0.87988895
1.9533362	0.88001674
1.9540726	0.87976122
1.9548093	0.87950593
1.9555469	0.87976122
1.9562846	0.88014436
1.9570233	0.88039976
1.9577622	0.88039976
1.9585019	0.88014436
1.959242	0.87976122
1.9599829	0.8793782
1.960724	0.87925059
1.961466	0.87963361
1.9622083	0.87976122
1.9629514	0.87950593
1.9636948	0.8793782
1.9644389	0.87976122
1.9651834	0.88001674
1.9659288	0.87963361
1.9666744	0.87976122
1.9674209	0.88001674
1.9681678	0.87976122
1.9689153	0.87963361
1.9696634	0.87963361
1.9704123	0.87963361
1.9711614	0.87988895
1.9719112	0.88027203
1.9726615	0.88014436
1.9734125	0.88001674
1.9741639	0.87988895
1.9749161	0.88014436
1.9756685	0.88027203
1.976422	0.88014436
1.9771756	0.88001674
1.9779301	0.88001674
1.9786849	0.87976122
1.9794405	0.87988895
1.9801965	0.88001674
1.9809532	0.88001674
1.9817104	0.88027203
1.9824681	0.88039976
1.9832264	0.88091046
1.9839855	0.88052738
1.984745	0.88014436
1.9855052	0.88027203
1.9862659	0.88039976
1.9870273	0.88027203
1.987789	0.88039976
1.9885516	0.88091046
1.9893147	0.88103819
1.9900783	0.8811658
1.9908425	0.88142127
1.9916074	0.88129348
1.9923728	0.8811658
1.9931389	0.8811658
1.9939053	0.88142127
1.9946727	0.88154888
1.9954402	0.88167661
1.9962088	0.88167661
1.9969776	0.88180429
1.9977473	0.88205963
1.9985173	0.8819319
1.9992882	0.88205963
2.0000594	0.88257033
2.0008314	0.88295346
2.0016038	0.88320887
2.002377	0.88308114
2.0031507	0.88282573
2.0039251	0.88295346
2.0046999	0.88308114
2.0054755	0.88308114
2.0062516	0.88333648
2.0070286	0.88346416
2.0078058	0.88359195
2.0085838	0.88371956
2.0093622	0.88423032
2.0101414	0.88448572
2.010921	0.88448572
2.0117013	0.88461339
2.0124824	0.88474101
2.0132637	0.88448572
2.0140457	0.88448572
2.0148287	0.88537955
2.0156119	0.88576257
2.016396	0.88550717
2.0171804	0.88550717
2.0179658	0.88537955
2.0187516	0.88525182
2.0195379	0.88550717
2.0203249	0.88627326
2.0211127	0.88627326
2.0219009	0.88601798
2.0226898	0.88614559
2.0234792	0.88652867
2.0242696	0.88716722
2.0250602	0.8874225
2.0258517	0.88755012
2.0266438	0.88703942
2.0274363	0.88703942
2.0282295	0.88703942
2.0290234	0.88755012
2.0298178	0.88767785
2.0306129	0.88806093
2.0314085	0.88793325
2.0322044	0.88806093
2.0330014	0.88806093
2.0337989	0.88793325
2.0345972	0.88844395
2.0353961	0.88882709
2.0361953	0.88844395
2.0369956	0.88857156
2.0377963	0.88908237
2.0385981	0.88908237
2.0393999	0.8889547
2.0402026	0.88908237
2.0410056	0.88959318
2.0418096	0.8897208
2.042614	0.88933778
2.0434194	0.88959318
2.044225	0.8899762
2.0450315	0.88984853
2.0458386	0.88984853
2.0466464	0.89010394
2.0474546	0.88984853
2.0482635	0.88984853
2.049073	0.8897208
2.0498834	0.8897208
2.0506942	0.89035922
2.0515053	0.89048696
2.0523174	0.89048696
2.0531304	0.89023161
2.0539436	0.8899762
2.0547578	0.89010394
2.0555725	0.89035922
2.0563879	0.8899762
2.057204	0.88984853
2.0580208	0.89087003
2.0588381	0.89099777
2.0596561	0.89035922
2.0604746	0.89023161
2.0612941	0.89035922
2.062114	0.89035922
2.0629346	0.89035922
2.0637558	0.89048696
2.0645773	0.89023161
2.0653996	0.89010394
2.0662231	0.89035922
2.0670469	0.89074224
2.0678713	0.89048696
2.0686965	0.89048696
2.0695224	0.89023161
2.0703487	0.8897208
2.0711763	0.8899762
2.0720038	0.89061463
2.0728326	0.89048696
2.0736616	0.89035922
2.0744915	0.89023161
2.0753219	0.8899762
2.076153	0.89010394
2.0769846	0.89023161
2.0778172	0.89023161
2.0786502	0.88984853
2.0794842	0.8899762
2.0803187	0.89035922
2.0811539	0.89010394
2.0819895	0.8899762
2.0828261	0.8897208
2.0836632	0.88959318
2.084501	0.88984853
2.0853395	0.89023161
2.0861788	0.89023161
2.0870185	0.8899762
2.0878592	0.88984853
2.0887003	0.8899762
2.0895422	0.88984853
2.0903847	0.88984853
2.0912282	0.8897208
2.092072	0.88959318
2.0929167	0.8897208
2.0937619	0.88984853
2.0946081	0.89010394
2.0954545	0.89010394
2.096302	0.8899762
2.0971498	0.89010394
2.0979986	0.89035922
2.0988479	0.89035922
2.0996981	0.89048696
2.1005487	0.89048696
2.1014004	0.89048696
2.1022525	0.89023161
2.1031053	0.89048696
2.1039588	0.89074224
2.1048129	0.89048696
2.1056678	0.89061463
2.1065235	0.89099777
2.1073797	0.89138079
2.1082368	0.89150846
2.1090944	0.89087003
2.1099529	0.89087003
2.1108119	0.89112538
2.1116717	0.89112538
2.1125321	0.89099777
2.1133935	0.89125305
2.1142552	0.89125305
2.115118	0.89150846
2.1159811	0.89201921
2.1168454	0.89150846
2.1177099	0.89112538
2.1185756	0.89176387
2.1194417	0.89201921
2.1203086	0.89214683
2.121176	0.89214683
2.1220446	0.89176387
2.1229134	0.89227462
2.1237831	0.89278531
2.1246536	0.89214683
2.1255245	0.89214683
2.1263962	0.8925299
2.1272688	0.89291292
2.1281419	0.89304072
2.1290162	0.89278531
2.1298907	0.89265764
2.1307662	0.89291292
2.1316423	0.89342374
2.1325192	0.89355135
2.1333966	0.89367914
2.1342752	0.89380687
2.135154	0.89355135
2.1360338	0.89342374
2.1369143	0.89355135
2.1377954	0.89406216
2.1386774	0.89393449
2.1395605	0.89393449
2.1404438	0.89431751
2.1413281	0.8944453
2.1422129	0.89457297
2.1430986	0.8944453
2.1439848	0.89470059
2.144872	0.89495593
2.1457596	0.89495593
2.1466477	0.89495593
2.1475368	0.89482832
2.148427	0.89457297
2.1493175	0.89482832
2.1502092	0.89495593
2.1511011	0.89508361
2.1519942	0.89495593
2.1528878	0.89482832
2.1537826	0.89495593
2.1546776	0.89482832
2.1555736	0.89470059
2.1564703	0.89482832
2.1573677	0.89495593
2.1582658	0.8952114
2.1591649	0.89533901
2.1600645	0.89584982
2.1609645	0.89584982
2.1618655	0.89559442
2.1627674	0.89546674
2.1636701	0.8952114
2.1645734	0.89533901
2.1654775	0.89559442
2.1663826	0.89572203
2.1672883	0.89533901
2.168195	0.89508361
2.169102	0.89508361
2.1700101	0.89495593
2.1709187	0.89508361
2.1718283	0.89546674
2.1727386	0.89559442
2.1736495	0.8952114
2.1745613	0.89457297
2.1754742	0.89457297
2.1763873	0.89470059
2.1773014	0.89482832
2.1782162	0.89470059
2.179132	0.8944453
2.1800482	0.89418989
2.1809654	0.89418989
2.1818831	0.8944453
2.1828015	0.89470059
2.1837208	0.89418989
2.1846411	0.89418989
2.1855621	0.89457297
2.1864841	0.8944453
2.1874065	0.89406216
2.1883299	0.89406216
2.189254	0.89393449
2.1901793	0.89367914
2.1911051	0.89367914
2.1920316	0.89367914
2.1929588	0.89355135
2.193887	0.89355135
2.1948156	0.89380687
2.1957452	0.89355135
2.1966755	0.89316845
2.197607	0.89304072
2.1985388	0.89304072
2.1994717	0.89291292
2.2004051	0.89316845
2.2013395	0.89316845
2.2022746	0.89304072
2.2032106	0.89291292
2.2041473	0.89278531
2.2050848	0.89278531
2.206023	0.89291292
2.2069621	0.89291292
2.207902	0.89304072
2.2088428	0.89278531
2.2097843	0.89291292
2.2107267	0.89265764
2.2116697	0.8925299
2.2126141	0.89227462
2.2135587	0.89201921
2.2145045	0.89214683
2.2154505	0.8925299
2.216398	0.89291292
2.2173457	0.89291292
2.2182946	0.89265764
2.2192442	0.89265764
2.2201948	0.89278531
2.2211459	0.8925299
2.2220981	0.89227462
2.2230508	0.89265764
2.2240045	0.89265764
2.2249589	0.89240229
2.2259145	0.89240229
2.2268705	0.89265764
2.2278273	0.89278531
2.228785	0.89278531
2.2297437	0.89291292
2.2307031	0.89291292
2.2316635	0.89278531
2.2326245	0.89291292
2.2335865	0.89316845
2.234549	0.89342374
2.2355127	0.89329606
2.2364771	0.89329606
2.2374425	0.89316845
2.2384083	0.89304072
2.2393754	0.89355135
2.2403431	0.89406216
2.2413118	0.89380687
2.2422812	0.89380687
2.243252	0.89367914
2.2442229	0.89380687
2.2451949	0.89380687
2.2461677	0.89393449
2.2471414	0.89393449
2.2481158	0.89431751
2.2490911	0.8944453
2.2500672	0.89431751
2.251044	0.89393449
2.2520218	0.89418989
2.2530005	0.89457297
2.2539799	0.89482832
2.2549605	0.8944453
2.2559416	0.8944453
2.2569239	0.89495593
2.2579067	0.8952114
2.2588909	0.89533901
2.2598755	0.89533901
2.2608612	0.89508361
2.2618475	0.89482832
2.2628348	0.89508361
2.263823	0.89572203
2.264812	0.89597756
2.2658017	0.89584982
2.2667923	0.89572203
2.2677839	0.89597756
2.2687764	0.89610517
2.2697697	0.89610517
2.2707639	0.89597756
2.271759	0.89584982
2.2727549	0.89546674
2.2737517	0.89584982
2.2747495	0.89584982
2.275748	0.89572203
2.2767475	0.89572203
2.2777479	0.89584982
2.278749	0.89610517
2.2797511	0.89623284
2.2807541	0.89610517
2.2817578	0.89623284
2.282763	0.89648819
2.2837684	0.89597756
2.284775	0.89572203
2.2857823	0.89584982
2.2867908	0.89597756
2.2877998	0.89584982
2.28881	0.89559442
2.2898209	0.89533901
2.2908323	0.89546674
2.2918451	0.89572203
2.2928588	0.89546674
2.2938731	0.89533901
2.2948887	0.89584982
2.2959049	0.89572203
2.2969222	0.8952114
2.2979403	0.89495593
2.2989597	0.89482832
2.2999794	0.89470059
2.3010006	0.89418989
2.3020222	0.89380687
2.303045	0.89393449
2.3040683	0.89431751
2.3050931	0.89431751
2.3061182	0.89418989
2.3071454	0.89418989
2.3081722	0.89367914
2.3092005	0.89367914
2.3102295	0.89393449
2.3112597	0.89393449
2.3122904	0.89406216
2.3133223	0.89380687
2.3143549	0.89355135
2.3153882	0.89329606
2.3164227	0.89316845
2.3174584	0.89278531
2.3184946	0.8925299
2.3195322	0.89265764
2.3205702	0.8925299
2.3216095	0.8925299
2.3226497	0.89214683
2.3236911	0.89214683
2.324733	0.89214683
2.3257761	0.89189148
2.3268199	0.89189148
2.3278646	0.89163619
2.3289104	0.89138079
2.3299572	0.89125305
2.3310046	0.89176387
2.3320534	0.89150846
2.3331029	0.89138079
2.3341534	0.89150846
2.3352048	0.89138079
2.3362572	0.89150846
2.3373103	0.89138079
2.3383648	0.89099777
2.3394198	0.89112538
2.340476	0.89112538
2.3415329	0.89099777
2.342591	0.89074224
2.3436501	0.89087003
2.3447101	0.89074224
2.3457711	0.89087003
2.346833	0.89099777
2.3478959	0.89061463
2.3489597	0.89048696
2.3500245	0.89061463
2.3510904	0.89035922
2.3521569	0.89023161
2.3532248	0.89010394
2.3542933	0.8899762
2.3553631	0.89010394
2.3564336	0.89010394
2.3575051	0.8899762
2.3585775	0.88984853
2.3596511	0.89035922
2.3607256	0.89048696
2.3618011	0.89023161
2.3628776	0.89010394
2.363955	0.8899762
2.3650334	0.89035922
2.3661137	0.89035922
2.3671939	0.89035922
2.3682754	0.89023161
2.3693576	0.8899762
2.3704412	0.89035922
2.3715253	0.89035922
2.3726108	0.89035922
2.373697	0.89035922
2.3747847	0.89048696
2.3758729	0.89061463
2.3769624	0.89061463
2.3780525	0.89061463
2.379144	0.89087003
2.3802361	0.89099777
2.3813298	0.89112538
2.3824239	0.89099777
2.3835192	0.89099777
2.3846154	0.89125305
2.3857129	0.89112538
2.3868113	0.89112538
2.3879108	0.89138079
2.3890109	0.89201921
2.3901126	0.89214683
2.3912148	0.89214683
2.3923185	0.89227462
2.3934228	0.89189148
2.3945284	0.89176387
2.3956349	0.89176387
2.3967426	0.89163619
2.397851	0.89163619
2.3989608	0.89163619
2.4000711	0.89189148
2.4011834	0.89201921
2.4022958	0.89201921
2.4034097	0.89189148
2.4045243	0.89201921
2.4056404	0.89189148
2.4067569	0.89201921
2.4078751	0.89227462
2.4089937	0.8925299
2.4101133	0.89214683
2.4112341	0.89163619
2.4123564	0.89163619
2.4134791	0.89201921
2.4146035	0.89189148
2.4157286	0.89176387
2.4168549	0.89163619
2.4179819	0.89163619
2.4191108	0.89138079
2.4202399	0.89125305
2.4213705	0.89138079
2.4225018	0.89125305
2.4236345	0.89099777
2.424768	0.89087003
2.4259028	0.89099777
2.4270384	0.89099777
2.4281759	0.89087003
2.4293137	0.89087003
2.4304526	0.89074224
2.4315925	0.89061463
2.4327338	0.89061463
2.4338756	0.89035922
2.435019	0.89023161
2.4361632	0.89010394
2.4373078	0.89010394
2.4384544	0.88984853
2.4396017	0.88946551
2.4407504	0.8892101
2.4419	0.88933778
2.4430506	0.88933778
2.4442027	0.88908237
2.4453554	0.8889547
2.4465098	0.88882709
2.447665	0.88831627
2.4488211	0.88818866
2.4499784	0.88831627
2.4511368	0.88806093
2.4522963	0.88806093
2.4534569	0.88793325
2.4546185	0.88780552
2.4557815	0.88755012
2.4569452	0.8874225
2.4581103	0.88767785
2.4592764	0.88729483
2.4604435	0.88703942
2.4616117	0.88703942
2.4627812	0.88691169
2.4639518	0.88678408
2.4651229	0.88691169
2.4662957	0.88678408
2.4674697	0.8866564
2.4686446	0.886401
2.4698207	0.88601798
2.4709978	0.88576257
2.4721763	0.88601798
2.4733558	0.88589025
2.4745364	0.88525182
2.4757183	0.88512415
2.4769011	0.88512415
2.478085	0.88525182
2.4792702	0.88499641
2.4804564	0.88461339
2.4816439	0.88461339
2.4828324	0.88448572
2.4840217	0.88423032
2.4852126	0.88423032
2.4864044	0.88435799
2.4875975	0.88410258
2.4887917	0.88371956
2.4899871	0.88371956
2.4911838	0.88410258
2.4923813	0.88410258
2.4935806	0.88410258
2.4947805	0.88435799
2.4959817	0.8838473
2.497184	0.88371956
2.4983873	0.88397491
2.4995921	0.88371956
2.5007977	0.88371956
2.5020049	0.88397491
2.5032129	0.88397491
2.5044224	0.88359195
2.5056329	0.88346416
2.5068443	0.88346416
2.5080571	0.88371956
2.5092711	0.88371956
2.5104864	0.8838473
2.5117025	0.88423032
2.5129199	0.88448572
2.5141385	0.88435799
2.5153584	0.88448572
2.5165794	0.88448572
2.5178018	0.88435799
2.5190251	0.88448572
2.5202496	0.88461339
2.5214756	0.88423032
2.5227027	0.88461339
2.5239308	0.88499641
2.5251603	0.88486874
2.5263908	0.88486874
2.5276225	0.88474101
2.5288556	0.88486874
2.5300899	0.88550717
2.5313251	0.886401
2.532562	0.88678408
2.5337996	0.88627326
2.5350387	0.88678408
2.536279	0.88755012
2.5375204	0.8866564
2.538763	0.88627326
2.5400069	0.88627326
2.5412521	0.8874225
2.5424979	0.8892101
2.5437455	0.88844395
2.5449944	0.88716722
2.5462441	0.8874225
2.5474954	0.88882709
2.548748	0.88844395
2.5500016	0.88869935
2.5512564	0.89035922
2.5525131	0.89150846
2.5537705	0.8892101
2.5550292	0.88691169
2.556289	0.88691169
2.5575502	0.88678408
2.5588126	0.88857156
2.5600762	0.89380687
2.561341	0.89789271
2.5626073	0.8977651
2.5638747	0.89661598
2.5651433	0.89189148
2.5664132	0.88793325
2.5676842	0.88959318
2.5689566	0.8944453
2.5702302	0.89316845
2.5715053	0.89074224
2.5727808	0.896999
2.5740583	0.89508361
2.5753372	0.89240229
2.576617	0.89418989
2.5778983	0.89061463
2.579181	0.88908237
2.5804646	0.89227462
2.5817497	0.89265764
2.5830364	0.89878666
2.5843241	0.89814824
2.585613	0.89265764
2.5869033	0.89546674
2.5881948	0.89367914
2.5894876	0.89099777
2.5907817	0.88844395
2.592077	0.89035922
2.5933733	0.90593714
2.5946712	0.91934419
2.5959706	0.90440476
2.5972712	0.89074224
2.598573	0.88652867
2.5998762	0.88780552
2.6011808	0.89048696
2.6024866	0.89163619
2.6037939	0.89572203
2.6051023	0.90185106
2.6064122	0.89750969
2.6077232	0.89240229
2.6090355	0.89112538
2.6103492	0.88857156
2.6116643	0.88691169
2.6129806	0.88767785
2.6142986	0.88691169
2.6156178	0.89431751
2.6169381	0.89750969
2.6182597	0.89125305
2.6195827	0.89610517
2.6209071	0.8944453
2.6222329	0.88499641
2.62356	0.88346416
2.6248877	0.88652867
2.6262174	0.89329606
2.6275485	0.88869935
2.628881	0.89074224
2.6302147	0.89789271
2.6315498	0.89023161
2.6328864	0.88678408
2.6342242	0.886401
2.6355639	0.88244271
2.6369042	0.8819319
2.6382463	0.88142127
2.6395895	0.88142127
2.6409342	0.8819319
2.6422803	0.88231504
2.6436276	0.88180429
2.6449764	0.88423032
2.6463268	0.88320887
2.6476784	0.88065505
2.6490314	0.88001674
2.6503856	0.88167661
2.6517413	0.88563484
2.6530983	0.88512415
2.6544569	0.88359195
2.6558168	0.88320887
2.6571774	0.88001674
2.65854	0.88295346
2.6599042	0.88435799
2.6612697	0.88308114
2.6626365	0.88295346
2.6640048	0.89240229
2.6653745	0.90095735
2.6667454	0.89904195
2.6681182	0.89074224
2.6694922	0.90082955
2.6708674	0.90082955
2.6722443	0.88410258
2.6736224	0.88142127
2.6750021	0.88716722
2.676383	0.8925299
2.6777654	0.89023161
2.6791496	0.88793325
2.6805348	0.88078284
2.6819217	0.87899518
2.6833098	0.8811658
2.6846995	0.88065505
2.6860905	0.88001674
2.6874828	0.87848437
2.6888769	0.8768245
2.6902716	0.87567538
2.6916685	0.87797368
2.6930668	0.88537955
2.6944666	0.88550717
2.6958678	0.87963361
2.6972704	0.87439853
2.6986744	0.87210011
2.7000799	0.87388766
2.7014871	0.87388766
2.7028956	0.87018472
2.7043056	0.8687802
2.7057171	0.86814177
2.70713	0.86916327
2.7085443	0.87375998
2.7099602	0.87976122
2.7113776	0.87720764
2.7127967	0.86622649
2.7142169	0.86328965
2.7156389	0.86290663
2.7170622	0.86392808
2.718487	0.86775875
2.7199132	0.87759054
2.7213409	0.8715893
2.7227702	0.86673719
2.7242005	0.87056774
2.7256327	0.86265123
2.7270665	0.85435164
2.7285018	0.85154253
2.7299387	0.85013795
2.7313771	0.84835041
2.7328169	0.84860569
2.7342582	0.85243624
2.7357013	0.8491165
2.7371457	0.84669042
2.7385917	0.85422391
2.7400391	0.85716075
2.741488	0.84962714
2.7429385	0.84017837
2.7443907	0.83596468
2.7458441	0.8340494
2.747299	0.83200645
2.7487557	0.8307296
2.7502139	0.82970816
2.7516737	0.82919735
2.753135	0.8304742
2.7545979	0.83915693
2.7560623	0.83558166
2.7575283	0.82357913
2.7589962	0.81911016
2.7604654	0.81911016
2.7619359	0.8226853
2.7634082	0.82128072
2.7648821	0.81668407
2.7663574	0.81579024
2.7678344	0.81515187
2.7693131	0.81400263
2.7707932	0.81336421
2.772275	0.80851203
2.7737584	0.80404305
2.7752433	0.80238318
2.7767296	0.80148935
2.7782178	0.79931867
2.7797074	0.79829711
2.7811987	0.79804182
2.782691	0.79561573
2.7841854	0.79331732
2.7856815	0.79510498
2.7871792	0.795488
2.7886784	0.79089135
2.7901793	0.78667766
2.7916818	0.78437936
2.7931859	0.78284705
2.794692	0.78144246
2.7961996	0.78029335
2.7977085	0.77825034
2.7992191	0.77620739
2.8007314	0.77659047
2.8022454	0.77863348
2.803761	0.77684581
2.8052781	0.77250451
2.806797	0.76969534
2.8083177	0.76778007
2.8098397	0.76573706
2.8113635	0.76394945
2.8128889	0.76280022
2.8144159	0.76190639
2.8159447	0.75999111
2.8174751	0.75858659
2.8190067	0.75807583
2.8205404	0.75628829
2.8220758	0.75373453
2.8236129	0.75156385
2.8251517	0.74977624
2.8266921	0.74849939
2.8282342	0.74722248
2.829778	0.7450518
2.8313241	0.7435196
2.8328712	0.74262577
2.83442	0.74109352
2.8359706	0.73930591
2.8375227	0.73828441
2.8390768	0.73598605
2.8406324	0.73317695
2.8421898	0.73126167
2.843749	0.72934639
2.84531	0.72755873
2.8468723	0.72577113
2.8484366	0.72436661
2.8500025	0.72232354
2.8515701	0.71989757
2.8531396	0.71862066
2.8547106	0.71721613
2.8562829	0.71491778
2.8578575	0.71287477
2.8594339	0.7112149
2.861012	0.70929956
2.8625917	0.70789498
2.8641732	0.7067458
2.8657565	0.70585203
2.8673415	0.7049582
2.8689287	0.7039367
2.870517	0.70329833
2.8721075	0.70278752
2.8736994	0.70202142
2.8752933	0.70151067
2.876889	0.70087224
2.8784864	0.70023382
2.8800855	0.69972306
2.8816857	0.69946766
2.8832886	0.69908458
2.8848929	0.69819075
2.8864994	0.69755238
2.8881073	0.69729704
2.8897173	0.69665855
2.8913291	0.69614786
2.8929424	0.6953817
2.8945582	0.69487095
2.8961751	0.69474328
2.897794	0.69448787
2.8994148	0.69410485
2.9010372	0.69346637
2.9026616	0.69282794
2.9042876	0.69244492
2.9059157	0.69155109
2.9075458	0.69091266
2.9091775	0.69040191
2.9108109	0.69014657
2.9124463	0.68950814
2.9140832	0.68861431
2.9157224	0.68784821
2.9173632	0.68746513
2.9190059	0.68695438
2.9206498	0.68669897
2.922296	0.68631595
2.9239442	0.6855498
2.9255943	0.6847837
2.9272463	0.68452835
2.9289	0.68414527
2.9305558	0.68350685
2.9322133	0.6832515
2.9338732	0.68274069
2.9355345	0.68248534
2.9371977	0.68210226
2.9388628	0.68159151
2.9405298	0.68108082
2.9421985	0.68069774
2.9438694	0.68031698
2.9455421	0.68010437
2.9472167	0.68010437
2.9488933	0.67965305
2.9505715	0.67897612
2.9522519	0.67886329
2.953934	0.67931455
2.9556181	0.67987871
2.9573042	0.67976588
2.9589922	0.67954022
2.9606814	0.67942744
2.9623733	0.67965305
2.964067	0.67999154
2.9657626	0.68010437
2.9674604	0.68055564
2.9691598	0.68044281
2.9708614	0.68055564
2.9725649	0.68100697
2.9742706	0.68157107
2.9759779	0.6816839
2.9776874	0.68179673
2.9793985	0.68190956
2.9811118	0.68213522
2.9828272	0.68303782
2.9845443	0.68371475
2.9862635	0.68394041
2.9879854	0.68427885
2.9897087	0.68461734
2.9914336	0.68506861
2.993161	0.6857456
2.99489	0.68642253
2.9966211	0.68664813
2.9983544	0.68777639
3.0000894	0.68856621
3.001826	0.6892432
3.0035653	0.6900329
3.0053065	0.69116116
3.0070496	0.69195092
3.0087948	0.69251502
3.0105422	0.69319195
3.0122914	0.69386888
3.0140429	0.69477147
3.0157964	0.69544846
3.0175517	0.69623828
3.0193093	0.69702798
3.0210688	0.69725364
3.0228302	0.69815624
3.0245938	0.6995101
3.0263596	0.70029986
3.0281272	0.70063835
3.0298975	0.70108968
3.0316694	0.70187944
3.0334435	0.70255637
3.0352194	0.70334619
3.0369976	0.70424879
3.0387776	0.70481288
3.04056	0.70526415
3.0423443	0.70605391
3.0441301	0.70673084
3.0459187	0.707295
3.0477092	0.70774627
3.0495021	0.70831043
3.0512969	0.70910019
3.0530939	0.70943874
3.054893	0.71034127
3.0566943	0.7110182
3.0584979	0.71124381
3.0603034	0.71192074
3.0621109	0.71271056
3.0639207	0.71316183
3.0657327	0.71350032
3.0675466	0.71372598
3.0693629	0.71395165
3.0711813	0.71440291
3.0730011	0.71462858
3.0748239	0.71507984
3.0766487	0.715644
3.0784757	0.7162081
3.0803049	0.71665943
3.0821362	0.71677226
3.0839698	0.71711075
3.0858054	0.71790051
3.0876439	0.71835184
3.0894837	0.71914154
3.0913262	0.71981847
3.0931706	0.72038263
3.0950172	0.7208339
3.0968661	0.72173655
3.0987172	0.72252625
3.1005704	0.72331601
3.1024263	0.72376734
3.104284	0.72421867
3.106144	0.72500837
3.1080062	0.72579813
3.1098707	0.72670078
3.1117373	0.72771621
3.1136062	0.72884446
3.1154773	0.72940856
3.1173501	0.7303111
3.1192257	0.73121375
3.1211035	0.73200351
3.1229837	0.73301893
3.1248662	0.73414713
3.1267509	0.73482406
3.128638	0.73527539
3.1305273	0.73617804
3.1324193	0.73730618
3.1343131	0.73820883
3.1362092	0.73877299
3.1381078	0.73978835
3.1400084	0.74069101
3.1419115	0.7415936
3.1438167	0.7423833
3.1457245	0.74317318
3.1476347	0.74430132
3.1495469	0.74542958
3.1514616	0.74633217
3.1533785	0.74746042
3.1552978	0.74858868
3.1572194	0.74949121
3.1591434	0.75016826
3.1610696	0.7510708
3.162998	0.75231183
3.1649289	0.75332725
3.1668622	0.7542299
3.168798	0.75513244
3.1707361	0.7564863
3.1726766	0.75772738
3.1746194	0.75840437
3.1765647	0.75919414
3.1785126	0.76032233
3.1804626	0.76167631
3.182415	0.76257885
3.1843698	0.76348138
3.186327	0.76449686
3.1882865	0.76573789
3.1902485	0.76652771
3.1922131	0.76765597
3.19418	0.76878422
3.1961493	0.77002531
3.1981211	0.77092785
3.2000952	0.7720561
3.2020719	0.77352279
3.2040508	0.77465105
3.2060323	0.77566653
3.2080164	0.77679467
3.2100022	0.7778101
3.2119911	0.77871269
3.2139823	0.77984095
3.215976	0.78119487
3.2179723	0.78209752
3.2199712	0.78266162
3.2219722	0.78356415
3.2239761	0.7850309
3.2259824	0.78661048
3.2279911	0.78785151
3.2300024	0.7890926
3.2320161	0.79010791
3.2340324	0.79101056
3.2360511	0.79236442
3.2380724	0.79349273
3.2400961	0.79462093
3.2421229	0.79574919
3.2441516	0.79676461
3.2461832	0.7980057
3.2482171	0.79935962
3.2502534	0.80048788
3.2522926	0.80139041
3.2543342	0.80263144
3.2563784	0.8039853
3.2584248	0.80511355
3.2604742	0.80624187
3.262526	0.80748296
3.2645805	0.80838549
3.2666376	0.80928802
3.2686973	0.81075484
3.2707596	0.8117702
3.2728245	0.81267285
3.2748921	0.81402671
3.2769623	0.8152678
3.2790351	0.81650883
3.2811103	0.81763709
3.2831883	0.81899101
3.2852688	0.8204577
3.2873521	0.82136023
3.289438	0.82226288
3.2915258	0.82327831
3.293617	0.82451934
3.2957108	0.82564759
3.2978072	0.82688868
3.2999065	0.82824254
3.3020084	0.82903224
3.3041129	0.83004773
3.3062201	0.83106315
3.3083303	0.8323043
3.3104429	0.83354527
3.3125582	0.83456069
3.314676	0.83546335
3.3167968	0.83659154
3.3189204	0.83738136
3.3210464	0.83862233
3.3231752	0.83952498
3.3253074	0.84065324
3.3274417	0.84166861
3.3295789	0.84290969
3.3317187	0.84392512
3.3338614	0.84527904
3.3360066	0.8466329
3.3381548	0.84764838
3.3403056	0.84866369
3.3424585	0.84956634
3.344615	0.85035616
3.3467741	0.85114586
3.3489361	0.85216135
3.3511009	0.85351521
3.3532684	0.85475624
3.3554389	0.85532039
3.3576121	0.85565883
3.3597887	0.85633576
3.3619676	0.85768962
3.3641491	0.85836661
3.3663337	0.85881788
3.368521	0.85972053
3.3707113	0.86073589
3.3729043	0.86175138
3.3751001	0.86254108
3.3772995	0.8633309
3.3795011	0.86423355
3.3817058	0.86502326
3.383913	0.86592579
3.3861232	0.86694127
3.3883364	0.8681823
3.3905525	0.86885923
3.3927715	0.86931056
3.3949924	0.87021315
3.3972173	0.87100291
3.3994448	0.87156701
3.4016755	0.87246966
3.403909	0.87303382
3.4061456	0.87359786
3.408385	0.87450051
3.4106274	0.87540311
3.4128728	0.87585437
3.4151211	0.87641853
3.4173725	0.87720829
3.4196265	0.87811095
3.4218838	0.87935185
3.424144	0.88036734
3.4264071	0.88104427
3.4286733	0.88205969
3.4309425	0.88318789
3.4332149	0.88409054
3.4354899	0.88499314
3.4377682	0.88589573
3.4400494	0.88645989
3.4423335	0.88713682
3.4446208	0.88781375
3.4469111	0.88860351
3.449204	0.88939327
3.4515004	0.8900702
3.4537997	0.89074713
3.4561024	0.89164978
3.4584079	0.89210099
3.4607165	0.89277804
3.4630284	0.89368057
3.4653432	0.8941319
3.4676619	0.89480883
3.4699829	0.89548576
3.472307	0.89593709
3.4746342	0.89638835
3.4769647	0.89717811
3.4792981	0.89774221
3.4816349	0.89796793
3.4839747	0.89819354
3.4863167	0.89853209
3.488663	0.89887053
3.4910121	0.89932179
3.4933646	0.89988595
3.4957201	0.90022439
3.4980791	0.90033722
3.5004408	0.90101415
3.5028062	0.90146548
3.5051751	0.90225524
3.5075467	0.90293223
3.5099213	0.90349627
3.5122993	0.90406042
3.5146806	0.90451175
3.517065	0.90518868
3.5194528	0.90609121
3.5218437	0.90688103
3.5242381	0.90721947
3.5266356	0.90721947
3.5290363	0.9076708
3.5314403	0.90823489
3.5338476	0.90857339
3.536258	0.90868622
3.538672	0.90879905
3.5410891	0.90936321
3.5435085	0.90981442
3.5459323	0.91037858
3.5483594	0.9108299
3.5507898	0.91094267
3.5532234	0.91128123
3.5556605	0.91161966
3.5581009	0.91195816
3.5605447	0.91218376
3.5629921	0.91240937
3.5654426	0.91274792
3.5678964	0.9130863
3.5703535	0.91331202
3.5728142	0.91319925
3.5752783	0.91353762
3.5777457	0.91387618
3.5802164	0.91432744
3.5826914	0.91477877
3.5851691	0.91477877
3.5876501	0.91466588
3.5901346	0.9151172
3.5926225	0.9154557
3.595114	0.91590703
3.5976088	0.91579419
3.6001072	0.91590703
3.6026084	0.91613263
3.6051137	0.91647112
3.6076224	0.91669673
3.6101346	0.91692233
3.6126504	0.91726089
3.6151698	0.91726089
3.6176925	0.91726089
3.620219	0.91726089
3.6227491	0.91759938
3.6252825	0.91782498
3.6278193	0.91816342
3.6303599	0.91850191
3.6329038	0.91850191
3.6354516	0.91861475
3.6380026	0.91850191
3.6405575	0.91884035
3.6431165	0.91906607
3.6456785	0.91906607
3.6482441	0.91895324
3.6508133	0.9195174
3.6533861	0.919743
3.6559625	0.91985577
3.6585426	0.91996861
3.6611264	0.92008144
3.6637127	0.92019433
3.6663036	0.92041993
3.6688983	0.92053276
3.6714969	0.92087126
3.6740987	0.92120969
3.6767046	0.92132252
3.6793139	0.92154819
3.6819272	0.92188662
3.6845443	0.92211229
3.687165	0.92245078
3.6897893	0.92256355
3.6924174	0.92256355
3.695049	0.9226765
3.6976848	0.9226765
3.7003241	0.92278928
3.7029672	0.92324048
3.7056146	0.92369181
3.7082653	0.92403036
3.7109196	0.92403036
3.713578	0.92436874
3.7162399	0.92448157
3.7189059	0.92448157
3.7215757	0.92448157
3.7242491	0.92470729
3.7269256	0.92504573
3.7296069	0.92504573
3.7322919	0.9251585
3.7349808	0.9251585
3.7376738	0.92538422
3.7403705	0.92560983
3.7430711	0.92527139
3.7457757	0.92538422
3.7484846	0.92549706
3.7511971	0.92572266
3.7539134	0.92594832
3.7566335	0.92606115
3.7593577	0.92606115
3.7620859	0.92617399
3.764818	0.92639965
3.767554	0.92639965
3.770293	0.92628676
3.7730372	0.92628676
3.7757852	0.92617399
3.778537	0.92639965
3.7812932	0.92651248
3.7840533	0.92639965
3.7868173	0.92628676
3.7895856	0.92617399
3.7923579	0.92606115
3.7951343	0.92594832
3.7979145	0.92606115
3.800699	0.92639965
3.8034875	0.92628676
3.8062801	0.92639965
3.8090768	0.92662531
3.8118775	0.92685091
3.8146832	0.92696375
3.8174922	0.92696375
3.8203053	0.92696375
3.8231227	0.92685091
3.8259442	0.92673808
3.8287699	0.92673808
3.8315997	0.92696375
3.8344338	0.92707658
3.837271	0.92662531
3.8401134	0.92639965
3.8429599	0.92606115
3.8458109	0.92560983
3.848666	0.92560983
3.8515253	0.92583543
3.8543887	0.92560983
3.8572567	0.92538422
3.8601296	0.92538422
3.8630059	0.92538422
3.8658867	0.9251585
3.8687716	0.92482007
3.8716609	0.92470729
3.8745544	0.92470729
3.8774524	0.92470729
3.8803546	0.92470729
3.8832617	0.92459446
3.8861728	0.92470729
3.8890882	0.92459446
3.8920078	0.92436874
3.894932	0.92448157
3.8978605	0.92436874
3.9007933	0.92403036
3.9037306	0.92403036
3.9066718	0.92403036
3.9096179	0.92380464
3.9125686	0.92357904
3.9155238	0.92357904
3.9184833	0.92346621
3.9214473	0.92357904
3.9244158	0.92380464
3.9273889	0.92380464
3.9303668	0.92380464
3.9333489	0.92380464
3.9363356	0.92380464
3.9393268	0.92380464
3.9423223	0.92391747
3.9453225	0.92403036
3.9483273	0.92414314
3.9513369	0.92403036
3.9543512	0.92414314
3.9573698	0.92425597
3.960393	0.92425597
3.9634209	0.92425597
3.9664533	0.92459446
3.9694903	0.92470729
3.972532	0.92470729
3.9755785	0.92504573
3.9786289	0.92538422
3.9816847	0.92560983
3.984745	0.92572266
3.9878104	0.92572266
3.9908803	0.92560983
3.9939549	0.92594832
3.9970343	0.92617399
4.0001183	0.92639965
4.0032082	0.92651248
4.0063019	0.92662531
4.0094004	0.92651248
4.0125036	0.92651248
4.0156116	0.92673808
4.0187244	0.92685091
4.021842	0.92673808
4.0249648	0.92673808
4.028091	0.92685091
4.0312233	0.92673808
4.0343604	0.92685091
4.0375023	0.92685091
4.0406489	0.92651248
4.0438008	0.92617399
4.046958	0.92606115
4.0501194	0.92606115
4.0532866	0.92606115
4.056458	0.92594832
4.0596347	0.92583543
4.0628161	0.92549706
4.0660028	0.92527139
4.0691943	0.92549706
4.0723906	0.92549706
4.0755925	0.92538422
4.0787992	0.92527139
4.0820107	0.92504573
4.0852275	0.92470729
4.0884495	0.92448157
4.0916762	0.92448157
4.0949082	0.92448157
4.0981455	0.92436874
4.1013875	0.92436874
4.1046343	0.92414314
4.1078868	0.92391747
4.1111441	0.92380464
4.1144071	0.92357904
4.1176748	0.92380464
4.1209483	0.92403036
4.1242266	0.92391747
4.1275101	0.92391747
4.1307993	0.92324048
4.1340938	0.92312771
4.137393	0.92324048
4.1406975	0.92312771
4.1440077	0.92290211
4.1473227	0.92290211
4.1506433	0.9226765
4.1539693	0.92245078
4.1573014	0.92245078
4.1606379	0.92245078
4.16398	0.92245078
4.1673269	0.92211229
4.1706796	0.92188662
4.1740379	0.92188662
4.1774011	0.92199945
4.1807699	0.92166102
4.1841431	0.92132252
4.1875229	0.92143536
4.190908	0.92098403
4.1942987	0.92053276
4.1976953	0.92064559
4.2010965	0.92087126
4.204504	0.92120969
4.2079167	0.92166102
4.2113357	0.92199945
4.2147593	0.92233795
4.2181888	0.9226765
4.2216239	0.92301488
4.2250643	0.92335343
4.2285104	0.92346621
4.2319622	0.92324048
4.2354198	0.92290211
4.2388835	0.92245078
4.242352	0.92177385
4.2458267	0.92098403
4.2493072	0.92019433
4.2527928	0.91917884
4.2562842	0.91872752
4.2597818	0.91929168
4.2632847	0.919743
4.2667923	0.919743
4.2703071	0.91963017
4.2738276	0.91963017
4.2773538	0.9195174
4.2808857	0.91917884
4.2844238	0.91906607
4.2879677	0.91872752
4.2915173	0.91838914
4.2950735	0.91805059
4.298635	0.91793782
4.3022022	0.91771221
4.3057756	0.91737366
4.3093548	0.91703528
4.3129401	0.91669673
4.3165312	0.91647112
4.3201284	0.9162454
4.3237324	0.9160198
4.3273416	0.91579419
4.3309565	0.91568136
4.3345776	0.91556847
4.3382049	0.9151172
4.3418384	0.91489154
4.3454776	0.91489154
4.3491235	0.91477877
4.3527737	0.91477877
4.3564315	0.91477877
4.3600955	0.91455311
4.3637652	0.91444027
4.3674417	0.91432744
4.3711243	0.91432744
4.3748131	0.91432744
4.3785081	0.91432744
4.3822103	0.91432744
4.3859177	0.91432744
4.3896313	0.91410178
4.3933511	0.91398895
4.3970776	0.91410178
4.4008102	0.91421461
4.4045491	0.91421461
4.4082947	0.91421461
4.412045	0.91421461
4.415803	0.91410178
4.4195676	0.91410178
4.4233384	0.91410178
4.4271159	0.91421461
4.4308996	0.91432744
4.43469	0.91410178
4.4384871	0.91387618
4.4422908	0.91376334
4.4461007	0.91376334
4.4499168	0.91376334
4.4537401	0.91387618
4.4575696	0.91410178
4.4614058	0.91421461
4.4652486	0.91421461
4.4690976	0.91421461
4.4729543	0.91432744
4.4768167	0.91444027
4.4806862	0.91455311
4.4845624	0.91455311
4.4884448	0.91455311
4.4923344	0.91466588
4.4962306	0.91477877
4.5001335	0.91500437
4.5040426	0.91500437
4.5079594	0.91489154
4.5118828	0.91489154
4.5158129	0.9151172
4.5197501	0.9152301
4.523694	0.9151172
4.5276446	0.91500437
4.5316024	0.91500437
4.5355678	0.9151172
4.5395393	0.9151172
4.5435181	0.9151172
4.5475035	0.9151172
4.551496	0.91500437
4.5554957	0.9151172
4.5595021	0.91500437
4.5635157	0.91489154
4.5675368	0.9151172
4.5715647	0.9151172
4.5755997	0.91489154
4.5796418	0.9151172
4.5836911	0.9152301
4.5877471	0.91534287
4.5918107	0.91534287
4.5958815	0.91534287
4.5999584	0.9154557
4.604044	0.9154557
4.6081362	0.91534287
4.612236	0.9152301
4.616343	0.91500437
4.6204576	0.91500437
4.6245794	0.9151172
4.6287084	0.9152301
4.6328454	0.9152301
4.6369891	0.9151172
4.6411405	0.91500437
4.6452994	0.91477877
4.6494656	0.91477877
4.6536388	0.91477877
4.6578202	0.91466588
4.6620088	0.91477877
4.6662059	0.91477877
4.6704097	0.91489154
4.6746206	0.91500437
4.6788397	0.9152301
4.6830664	0.91534287
4.6873007	0.9151172
4.6915426	0.91477877
4.6957922	0.91489154
4.7000484	0.91500437
4.7043133	0.91534287
4.7085862	0.91556847
4.7128668	0.9154557
4.717155	0.91556847
4.7214513	0.91556847
4.7257552	0.91568136
4.7300668	0.91579419
4.7343879	0.9160198
4.7387152	0.9162454
4.7430506	0.9162454
4.7473941	0.91613263
4.7517457	0.91613263
4.7561049	0.91635835
4.7604723	0.91647112
4.7648478	0.91658396
4.7692318	0.91669673
4.7736235	0.91680956
4.7780232	0.91669673
4.7824311	0.91692233
4.7868466	0.91714805
4.7912707	0.91726089
4.7957029	0.91737366
4.8001437	0.91748649
4.8045907	0.91771221
4.8090477	0.91759938
4.8135128	0.91748649
4.8179865	0.91748649
4.8224683	0.91771221
4.8269582	0.91782498
4.8314571	0.91771221
4.8359637	0.91782498
4.8404803	0.91816342
4.8450041	0.91793782
4.8495364	0.91782498
4.8540773	0.91782498
4.8586264	0.91793782
4.8631845	0.91793782
4.8677506	0.91782498
4.8723259	0.91793782
4.8769083	0.91816342
4.8815002	0.91827631
4.8861008	0.91838914
4.8907104	0.91850191
4.8953285	0.91861475
4.8999557	0.91861475
4.9045911	0.91850191
4.909236	0.91861475
4.9138899	0.91884035
4.9185519	0.91895324
4.923223	0.91895324
4.9279027	0.91906607
4.9325914	0.91906607
4.9372892	0.91906607
4.9419956	0.91895324
4.9467115	0.91929168
4.951437	0.9195174
4.9561706	0.91963017
4.9609137	0.91940445
4.9656653	0.9195174
4.9704261	0.9195174
4.9751964	0.9195174
4.9799757	0.91963017
4.9847641	0.9195174
4.9895606	0.9195174
4.9943671	0.91963017
4.9991837	0.919743
5.0040088	0.91996861
5.0088439	0.92019433
5.0136881	0.92053276
5.0185413	0.92064559
5.0234041	0.9203071
5.0282774	0.92019433
5.0331593	0.9203071
5.0380507	0.92019433
5.0429511	0.92019433
5.0478616	0.9203071
5.0527816	0.9203071
5.0577111	0.92019433
5.0626502	0.91996861
5.0675998	0.92019433
5.0725584	0.92041993
5.0775266	0.92053276
5.0825043	0.92087126
5.087492	0.92087126
5.0924897	0.92087126
5.097497	0.92075843
5.1025143	0.92087126
5.1075401	0.92109692
5.112577	0.92109692
5.1176243	0.92098403
5.1226811	0.92109692
5.127748	0.92109692
5.1328249	0.92132252
5.1379123	0.92143536
5.1430092	0.92177385
5.1481171	0.92188662
5.1532345	0.92143536
5.1583619	0.92132252
5.1634998	0.92132252
5.1686478	0.92143536
5.1738062	0.92143536
5.1789751	0.92143536
5.184154	0.92132252
5.1893444	0.92132252
5.1945438	0.92177385
5.1997542	0.92199945
5.2049747	0.92166102
5.210206	0.92222518
5.2154474	0.92199945
5.2206998	0.92120969
5.2259626	0.92120969
5.2312346	0.92132252
5.2365189	0.92154819
5.2418137	0.92109692
5.2471189	0.92098403
5.2524352	0.92098403
5.2577624	0.92109692
5.2631001	0.92120969
5.2684488	0.92120969
5.273809	0.92109692
5.2791796	0.92098403
5.2845607	0.92120969
5.2899532	0.92188662
5.2953568	0.92132252
5.3007712	0.92087126
5.3061967	0.92064559
5.3116336	0.92053276
5.3170795	0.92041993
5.3225384	0.92053276
5.3280087	0.9203071
5.3334904	0.92008144
5.3389831	0.92008144
5.3444872	0.92120969
5.3500028	0.92177385
5.3555293	0.9203071
5.3610692	0.91940445
5.3666191	0.91940445
5.37218	0.91940445
5.3777528	0.9195174
5.3833375	0.9195174
5.3889332	0.91929168
5.3945408	0.91906607
5.4001603	0.91884035
5.4057918	0.91895324
5.4114347	0.91929168
5.417089	0.92098403
5.4227557	0.92109692
5.4284339	0.91861475
5.434124	0.91838914
5.439826	0.91861475
5.44554	0.91827631
5.4512644	0.91782498
5.4570026	0.91861475
5.4627528	0.91940445
5.4685154	0.91793782
5.4742899	0.91737366
5.4800768	0.91726089
5.4858756	0.9160198
5.4916868	0.91635835
5.4975119	0.91613263
5.5033479	0.91613263
5.5091963	0.9160198
5.5150576	0.91692233
5.5209308	0.91737366
5.5268164	0.91703528
5.5327148	0.91658396
5.5386262	0.91647112
5.5445509	0.91680956
5.550487	0.91748649
5.5564361	0.91669673
5.562398	0.91590703
5.5683727	0.9160198
5.5743604	0.91816342
5.5803604	0.91771221
5.5863738	0.91534287
5.5923977	0.91477877
5.5984373	0.9154557
5.6044893	0.91500437
5.6105552	0.91500437
5.6166334	0.9151172
5.6227255	0.91432744
5.6288304	0.91444027
5.6349487	0.91635835
5.6410818	0.91771221
5.6472268	0.91500437
5.6533852	0.91432744
5.6595569	0.9130863
5.6657424	0.91263509
5.6719413	0.91421461
5.6781535	0.91319925
5.6843796	0.91229659
5.6906204	0.91263509
5.6968741	0.91116834
5.7031412	0.91195816
5.7094221	0.91331202
5.7157168	0.91128123
5.7220259	0.90981442
5.7283483	0.90868622
5.7346849	0.90857339
5.7410331	0.90857339
5.7473979	0.90823489
5.7537766	0.90586561
5.76017	0.90891188
5.7665772	0.90913749
5.7729988	0.90360922
5.7794347	0.90236807
5.7858849	0.90101415
5.7923512	0.89966023
5.7988305	0.89920902
5.8053241	0.89785516
5.811832	0.89853209
5.8183551	0.90067571
5.8248925	0.89774221
5.8314447	0.89368057
5.8380117	0.89108568
5.8445945	0.888942
5.851191	0.88770097
5.8578029	0.88702399
5.864429	0.88442898
5.8710709	0.88194692
5.877727	0.8848803
5.8843989	0.87867492
5.8910856	0.87506461
5.8977852	0.8711158
5.9045024	0.86254108
5.9112349	0.85960764
5.9179831	0.85644859
5.9247465	0.85351521
5.9315252	0.85441774
5.9383197	0.84990484
5.9451299	0.841443
5.9519572	0.83738136
5.9587984	0.83388376
5.9656553	0.83320683
5.9725285	0.82846826
5.9794173	0.82497066
5.9863219	0.82395524
5.9932423	0.81955516
6.0001788	0.81492925
6.0071297	0.81357539
6.0140982	0.8115446
6.0210834	0.80725724
6.0280848	0.8039853
6.0351024	0.80218011
6.0421362	0.80545205
6.0491862	0.80477512
6.0562534	0.79484665
6.0633373	0.79315424
6.0704374	0.79360557
6.0775537	0.78943098
6.0846872	0.78604633
6.0918374	0.78536934
6.0990043	0.78514367
6.1061878	0.78762579
6.1133885	0.78897965
6.1206079	0.78593349
6.1278424	0.78570783
6.1350942	0.78751302
6.1423635	0.78897965
6.1496496	0.79067206
6.1569533	0.79383117
6.1642742	0.79484665
6.1716127	0.79631329
6.1789665	0.80105186
6.1863399	0.80375969
6.1937308	0.80308276
6.2011395	0.80511355
6.2085662	0.80770856
6.2160106	0.81007791
6.2234726	0.81233436
6.2309527	0.81459087
6.238452	0.81650883
6.2459679	0.81820118
6.2535024	0.8198936
6.261055	0.82158595
6.2686257	0.82293981
6.2762151	0.82406807
6.2838225	0.82530916
6.2914486	0.82643735
6.2990947	0.82700145
6.3067579	0.82779121
6.3144398	0.82824254
6.3221402	0.82880664
6.3298597	0.82914519
6.3375978	0.83219141
6.345355	0.83174014
6.3531313	0.82745278
6.3609242	0.82734001
6.3687387	0.82711428
6.3765721	0.82260132
6.3844252	0.81853968
6.3922973	0.81413954
6.4001889	0.81256002
6.4081001	0.81876528
6.4160309	0.82237571
6.4239826	0.82316542
6.431953	0.82812971
6.4399428	0.83061182
6.4479527	0.83264267
6.4559822	0.83298123
6.4640322	0.83264267
6.4721022	0.83162725
6.4801922	0.82891947
6.4883046	0.8258732
6.4964356	0.81662166
6.5045867	0.8039853
6.5127583	0.79755437
6.5209503	0.79055923
6.5291634	0.78085643
6.5373969	0.77431256
6.545651	0.77013808
6.5539231	0.76720464
6.5622191	0.7683329
6.5705361	0.77465105
6.5788746	0.78130764
6.587234	0.79304141
6.5956144	0.80770856
6.6040168	0.82090902
6.6124401	0.833094
6.6208863	0.84211993
6.629353	0.85159719
6.6378412	0.85543317
6.6463513	0.85148442
6.6548829	0.85092026
6.6634369	0.85272545
6.6720128	0.85407931
6.6806107	0.85419214
6.6892328	0.85092026
6.6978755	0.84934068
6.7065401	0.84809959
6.7152276	0.84324819
6.723937	0.83614028
6.7326698	0.82790411
6.7414246	0.8198936
6.7502027	0.81312406
6.7590008	0.80849832
6.7678242	0.80849832
6.7766714	0.8117702
6.7855411	0.81763709
6.7944345	0.82079613
6.8033509	0.82169878
6.8122911	0.82395524
6.8212547	0.82576042
6.8302436	0.82361674
6.8392544	0.81932944
6.848289	0.81684732
6.8573475	0.81447804
6.8664303	0.80443662
6.8755369	0.79101056
6.8846679	0.78006661
6.8938227	0.76765597
6.9029989	0.75535816
6.9122028	0.74204493
6.9214315	0.73098803
6.9306846	0.72421867
6.9399629	0.72354174
6.9492655	0.73121375
6.9585934	0.746445
6.9679465	0.76201475
6.9773269	0.77905118
6.9867301	0.79631329
6.9961591	0.81041628
7.0056133	0.82079613
7.0150933	0.82925797
7.0245986	0.83501202
7.0341301	0.84020191
7.0436873	0.84516621
7.0532722	0.84629446
7.0628819	0.84809959
7.0725174	0.85092026
7.0821791	0.85374081
7.0918674	0.85622299
7.1015825	0.85836661
7.1113243	0.86073589
7.1210923	0.86208981
7.1308832	0.8631053
7.1407056	0.86524886
7.1505547	0.86637712
7.1604309	0.8676182
7.1703348	0.8685208
7.1802659	0.8676182
7.1902246	0.86829513
7.200211	0.86964905
7.210228	0.86987472
7.2202702	0.86908489
7.23034	0.86931056
7.2404385	0.86953622
7.2505651	0.86976182
7.2607198	0.86998749
7.2709031	0.87077731
7.2811151	0.87066448
7.2913575	0.87032598
7.3016272	0.87077731
7.3119259	0.87134141
7.3222532	0.87213117
7.3326101	0.87359786
7.3429961	0.87393636
7.3534117	0.87371075
7.3638568	0.87404919
7.3743277	0.87450051
7.3848329	0.87461329
7.3953671	0.87483895
7.4059319	0.87529022
7.4165273	0.87551588
7.4271526	0.87562877
7.4378085	0.87585437
7.4484949	0.87608004
7.4592152	0.87664413
7.4699631	0.8768698
7.4807425	0.8768698
7.4915524	0.87698269
7.5023942	0.87720829
7.513267	0.87720829
7.5241718	0.87720829
7.5351081	0.87675697
7.5460782	0.87641853
7.5570784	0.87653136
7.5681105	0.87675697
7.579175	0.87709546
7.5902719	0.8774339
7.6014013	0.87765962
7.6125636	0.87754679
7.6237588	0.87754679
7.6349821	0.87777239
7.6462431	0.87788522
7.6575375	0.87811095
7.6688652	0.87833655
7.6802268	0.87856215
7.6916218	0.87856215
7.7030506	0.87844932
7.7145133	0.87867492
7.7260127	0.87890065
7.7375441	0.87890065
7.7491097	0.87878788
7.7607102	0.87833655
7.7723455	0.87833655
7.7840157	0.87833655
7.7957211	0.87799799
7.8074613	0.87754679
7.8192339	0.87765962
7.8310452	0.87765962
7.8428926	0.87754679
7.8547754	0.87765962
7.8666949	0.87754679
7.8786502	0.87732106
7.8906422	0.87732106
7.9026704	0.87698269
7.9147372	0.8768698
7.9268394	0.8768698
7.9389782	0.8768698
7.9511547	0.87675697
7.9633684	0.87641853
7.9756198	0.8759672
7.9879088	0.87585437
8.0002356	0.87540311
8.0126038	0.87495184
8.0250072	0.87427485
8.0374498	0.87359786
8.0499296	0.87303382
8.0624495	0.872244
8.0750074	0.87100291
8.0876055	0.86964905
8.1002417	0.86829513
8.1129141	0.86682844
8.1256304	0.86491048
8.1383867	0.86321807
8.1511831	0.86152571
8.1640196	0.86017179
8.1768961	0.85893071
8.1898146	0.85780257
8.2027731	0.85656142
8.2157736	0.85599732
8.2288151	0.85588449
8.2418976	0.85565883
8.2550211	0.85588449
8.2681875	0.8561101
8.281395	0.85622299
8.2946453	0.85644859
8.3079386	0.85644859
8.3212767	0.85656142
8.3346548	0.85644859
8.3480768	0.85622299
8.3615408	0.8561101
8.3750496	0.85588449
8.3886013	0.85532039
8.4021969	0.85486907
8.4158373	0.85430491
8.4295158	0.85385358
8.4432449	0.85306388
8.4570189	0.85227412
8.4708366	0.85148442
8.4847012	0.85058177
8.4986105	0.84956634
8.5125656	0.84855092
8.5265665	0.84708422
8.540616	0.84573036
8.5547094	0.84482771
8.5688496	0.84392512
8.5830364	0.84279686
8.59727	0.84189433
8.6115513	0.84166861
8.6258802	0.84155577
8.6402569	0.8412174
8.6546841	0.84155577
8.6691561	0.841443
8.6836777	0.84133017
8.6982479	0.84110445
8.7128668	0.84087884
8.7275343	0.84065324
8.7422523	0.84065324
8.75702	0.84020191
8.7718325	0.83975059
8.7866993	0.83918649
8.8016176	0.83839673
8.8165865	0.8377198
8.8316059	0.83704287
8.8466768	0.83625311
8.8617992	0.83523762
8.8769741	0.83433509
8.8922033	0.83354527
8.9074821	0.83286834
8.9228134	0.8325299
8.9381971	0.83140165
8.9536343	0.82982212
8.9691257	0.82846826
8.9846697	0.82734001
9.000268	0.82643735
9.0159235	0.82553482
9.0316315	0.82463217
9.0473928	0.82361674
9.0632105	0.82237571
9.0790825	0.82113463
9.0950108	0.82000637
9.1109953	0.81932944
9.1270351	0.81853968
9.1431274	0.81741142
9.1592817	0.8169601
9.1754923	0.81774992
9.191761	0.81865251
9.2080879	0.81932944
9.224472	0.8198936
9.2409153	0.82023209
9.2574167	0.82090902
9.2739801	0.82215011
9.2906008	0.82372957
9.3072805	0.82463217
9.3240204	0.82519627
9.3408203	0.82632452
9.3576803	0.82677585
9.3746023	0.82700145
9.3915854	0.82790411
9.4086237	0.82869387
9.4257298	0.82914519
9.4428988	0.82914519
9.4601307	0.82948357
9.4774246	0.8299349
9.4947834	0.83049905
9.5122042	0.83072472
9.5296898	0.83038622
9.5472441	0.83004773
9.5648584	0.83004773
9.5825386	0.83027339
9.6002836	0.83072472
9.6180954	0.83004773
9.635973	0.82880664
9.6539164	0.82835531
9.6719275	0.82858104
9.6900091	0.82858104
9.7081556	0.82824254
9.7263699	0.82824254
9.7446527	0.82756561
9.7630043	0.82722718
9.7814245	0.82655025
9.7999153	0.8258732
9.8184757	0.82553482
9.837101	0.82497066
9.8558025	0.82508349
9.8745756	0.82542199
9.8934202	0.82564759
9.9123363	0.82666308
9.9313259	0.82745278
9.950388	0.82790411
9.9695234	0.82835531
9.9887362	0.8293708
10.008019	0.83016056
10.027377	0.83049905
10.04681	0.83083749
10.066319	0.83061182
10.085902	0.83016056
10.105563	0.82846826
10.1253	0.82745278
10.145119	0.8293708
10.165011	0.83264267
10.184982	0.83512485
10.205031	0.83704287
10.22516	0.83805829
10.245367	0.83873528
10.265656	0.83941221
10.286023	0.83952498
10.306466	0.83952498
10.326997	0.83975059
10.34761	0.83997631
10.368304	0.83986342
10.389083	0.83963782
10.409945	0.83975059
10.43089	0.83963782
10.45192	0.83907366
10.473039	0.83918649
10.49424	0.83975059
10.515526	0.84020191
10.536899	0.84020191
10.558359	0.84042752
10.579906	0.84042752
10.601542	0.83975059
10.623267	0.83963782
10.645084	0.83997631
10.666988	0.83997631
10.688982	0.83997631
10.711066	0.83975059
10.733243	0.83929938
10.755511	0.83918649
10.777872	0.83850956
10.800325	0.8377198
10.822865	0.83704287
10.845508	0.83568895
10.868244	0.83410937
10.891077	0.83264267
10.914005	0.83095032
10.937031	0.82891947
10.960154	0.82688868
10.983374	0.82530916
11.006698	0.82395524
11.030116	0.82215011
11.053635	0.82079613
11.077253	0.82000637
11.100973	0.81932944
11.124795	0.81842691
11.14872	0.81820118
11.172747	0.81831402
11.196871	0.81865251
11.221107	0.81921661
11.245447	0.81955516
11.269894	0.8198936
11.294447	0.81978077
11.319107	0.81944227
11.343875	0.81899101
11.368752	0.81887811
11.393744	0.81887811
11.418839	0.81820118
11.444047	0.81797558
11.469365	0.81763709
11.494797	0.81718576
11.52034	0.81684732
11.545999	0.81639606
11.571771	0.81594473
11.597663	0.81538057
11.623667	0.81459087
11.649787	0.81368822
11.676025	0.81289846
11.702382	0.81109327
11.728858	0.80770856
11.755454	0.79721588
11.782171	0.77634346
11.809002	0.75908136
11.835962	0.76145059
11.863048	0.77329719
11.890256	0.78108203
11.91759	0.78514367
11.94505	0.78841567
11.972636	0.79022074
12.000351	0.79123616
12.028198	0.79168749
12.056171	0.79157472
12.084274	0.79134905
12.112508	0.79067206
12.140875	0.78999513
12.169374	0.7896567
12.198009	0.78864127
12.226777	0.78796434
12.255688	0.78796434
12.28473	0.78649759
12.31391	0.78424108
12.343228	0.78198457
12.372687	0.77905118
12.402287	0.77589214
12.432029	0.77171761
12.461913	0.76878422
12.491931	0.76709187
12.522105	0.76573789
12.552425	0.76517379
12.582892	0.76427126
12.613507	0.76156342
12.644272	0.75829148
12.675187	0.75547099
12.706254	0.75276315
12.737479	0.75039387
12.768852	0.74960411
12.80038	0.74971694
12.832064	0.74915278
12.863906	0.74904001
12.895905	0.74870145
12.928064	0.74915278
12.960384	0.75028104
12.992874	0.75039387
13.025519	0.75028104
13.05833	0.75039387
13.091305	0.74937838
13.124448	0.74791175
13.157759	0.7475732
13.191238	0.74734759
13.22489	0.74667066
13.258701	0.74565524
13.292698	0.74418849
13.326869	0.74351156
13.361217	0.74351156
13.395742	0.74317318
13.430446	0.74204493
13.46533	0.74091661
13.500397	0.74057811
13.535651	0.74057811
13.571085	0.74023968
13.606705	0.73911136
13.642511	0.73820883
13.678508	0.73787034
13.714694	0.73674208
13.751073	0.73583955
13.787644	0.73561394
13.82442	0.73527539
13.861383	0.73459846
13.898545	0.73369586
13.935907	0.73155218
13.97347	0.73019832
14.011236	0.72952139
14.049208	0.72816753
14.087384	0.72670078
14.125755	0.7251212
14.16435	0.72252625
14.203156	0.7202698
14.242176	0.71936715
14.281411	0.71891582
14.320862	0.71835184
14.360532	0.71744919
14.400422	0.71632093
14.440542	0.7154184
14.48088	0.71395165
14.521442	0.71180791
14.562233	0.71056688
14.603253	0.70887458
14.644506	0.70661801
14.685991	0.70402312
14.727713	0.7024436
14.76966	0.70187944
14.811859	0.70120251
14.8543	0.70007426
14.896984	0.698946
14.939916	0.69793057
14.983094	0.69680232
15.026524	0.69454587
15.070205	0.69420737
15.11415	0.69364321
15.158343	0.69251502
15.202796	0.69048417
15.24751	0.68811488
15.292488	0.6865353
15.337732	0.68529427
15.383245	0.68348914
15.429028	0.68100697
15.475092	0.67942744
15.521424	0.67897612
15.568036	0.67852485
15.614927	0.67773503
15.662103	0.67502725
15.709563	0.67254514
15.757313	0.67141694
15.805353	0.67006302
15.853672	0.6683706
15.902304	0.66633981
15.951234	0.66430897
16.000465	0.66306794
16.050003	0.65990877
16.099848	0.65708828
16.150003	0.6560728
16.200472	0.6551702
16.251265	0.65370351
16.30237	0.65110856
16.353796	0.64806229
16.405548	0.64636993
16.45763	0.64558011
16.510042	0.64456475
16.56279	0.64298522
16.615877	0.64005178
16.669313	0.6376825
16.723085	0.63576448
16.777206	0.63508749
16.831676	0.63655424
16.886503	0.63644141
16.941689	0.63587725
16.997234	0.63497466
17.053146	0.63373357
17.109409	0.63305664
17.166063	0.63226694
17.223093	0.6301232
17.280504	0.63034886
17.338299	0.63034886
17.396481	0.62707698
17.455055	0.62448204
17.514025	0.62335378
17.573404	0.62075883
17.633179	0.61929214
17.693359	0.61759973
17.753954	0.61308676
17.814964	0.60958922
17.876394	0.60925072
17.938251	0.60721993
18.000536	0.603948
18.063269	0.5990966
18.126427	0.59627593
18.190027	0.5941323
18.254078	0.59210145
18.318579	0.58725005
18.383539	0.58206016
18.448961	0.5779984
18.514851	0.57247007
18.58119	0.56716734
18.648029	0.5642339
18.715351	0.56209022
18.783159	0.55746448
18.851461	0.55069494
18.920263	0.54279727
18.989569	0.54031521
19.059383	0.5377202
19.129725	0.53230458
19.200575	0.52891994
19.271952	0.52745318
19.343863	0.52339149
19.416311	0.51560664
19.489305	0.51086801
19.562849	0.50827312
19.636951	0.50658071
19.711594	0.50387293
19.786827	0.4991343
19.862638	0.49394438
19.939034	0.48976994
20.016018	0.48570824
20.093599	0.47961572
20.171785	0.47216937
20.250582	0.46641526
20.330009	0.46020997
20.410049	0.45580983
20.490723	0.4509584
20.572035	0.44813779
20.653994	0.44125548
20.73661	0.43595278
20.819889	0.43335783
20.903841	0.4295218
20.988487	0.42309079
21.073807	0.42117277
21.159821	0.41948044
21.246542	0.41722396
21.333977	0.4129366
21.422132	0.40695697
21.511023	0.40030032
21.600651	0.3955617
21.691	0.38890505
21.782139	0.38405365
21.874046	0.37683287
21.966734	0.37017626
22.060209	0.36295548
22.154484	0.35889384
22.249567	0.35201156
22.34547	0.34603184
22.442221	0.34140608
22.539797	0.3381342
22.638224	0.32775435
22.737514	0.31827712
22.837679	0.31342569
22.93873	0.30958962
23.04068	0.29842004
23.143541	0.29842037
23.247343	0.29056287
23.35206	0.28247169
23.457727	0.27422273
23.564352	0.26582485
23.671953	0.25716203
23.78054	0.24825425
23.890127	0.23983525
24.000731	0.23254342
24.112324	0.22577216
24.224998	0.21882808
24.338732	0.21206325
24.453537	0.20597313
24.569429	0.20042628
24.686426	0.19518065
24.804543	0.19023557
24.923796	0.18556054
25.044222	0.18073949
25.165796	0.17536031
25.288555	0.16950338
25.412519	0.16333343
25.537704	0.15682936
25.664127	0.14993706
25.791811	0.14267112
25.920769	0.13506587
26.051052	0.12716158
26.182623	0.11899403
26.315529	0.11058461
26.449793	0.10203828
26.585432	0.093847521
26.722471	0.086461075
26.860929	0.07966049
27.00083	0.073072471
27.142149	0.06644401
27.285002	0.059685487
27.429367	0.053266622
27.575268	0.0476216
27.722729	0.042324174
27.871777	0.036879826
28.022434	0.031514898
28.17473	0.026650202
28.328716	0.022684611
28.484369	0.019881375
28.641743	0.017916949
28.800863	0.016287252
28.961761	0.014443936
29.124468	0.012006043
29.289013	0.0094104428
29.455427	0.0071924734
29.623777	0.0053284611
29.794029	0.003701661
29.966249	0.0024355263
30.140471	0.001678857
30.316732	0.0014082193
30.495066	0.0015217587
30.67551	0.0017889239
30.858103	0.00195425
31.04282	0.0018363113
31.229824	0.0013686722
31.419096	0.00090393552
31.610676	0.0007894361
31.804607	0.00082781451
32.000931	0.00080026564
32.199696	0.0010371469
32.400944	0.0019058752
32.604759	0.0032636824
32.811115	0.0049272762
33.020103	0.0071371933
33.231773	0.010099408
33.446171	0.0133603
33.663353	0.016390007
33.883377	0.019154798
34.106293	0.021738194
34.332088	0.024159616
34.560966	0.02659733
34.792919	0.029963078
35.028008	0.03516522
35.266293	0.04213291
35.507843	0.05087731
35.752724	0.062875845
36.001007	0.079511181
36.252811	0.099870592
36.508114	0.12247226
36.767036	0.14620456
37.029659	0.1698827
37.296059	0.19172567
37.566319	0.20965925
37.840527	0.221377
38.118767	0.22479898
38.40118	0.21945833
38.687756	0.20603286
38.978642	0.18821837
39.273933	0.17040047
39.573734	0.15572429
39.878147	0.14662917
40.187283	0.14343077
40.501244	0.14599974
40.820042	0.15474421
41.144012	0.16964394
41.473164	0.18825281
41.807625	0.20706026
42.147522	0.2214908
42.492992	0.22787786
42.844173	0.22853406
43.20121	0.22798245
43.564312	0.23259503
43.933502	0.247912
44.309002	0.27246517
44.690975	0.3023009
45.079594	0.33148736
45.475029	0.35468557
45.87746	0.37266877
46.287083	0.38757575
46.704159	0.3999486
47.128742	0.41011271
47.561119	0.41920063
48.001499	0.4285484
48.450111	0.43909758
48.907188	0.45193172
49.372971	0.46897778
49.847713	0.49144948
50.331509	0.51610762
50.824955	0.53899544
51.328171	0.55926961
51.841454	0.57704526
52.365105	0.59313381
52.899441	0.60864455
53.444794	0.62490493
54.001511	0.64251113
54.570061	0.65834087
55.150593	0.66888136
55.74361	0.67425907
56.349518	0.67572099
56.968742	0.67477375
57.60173	0.67256093
58.24894	0.66790473
58.910862	0.6584658
59.588123	0.64008582
60.28101	0.6083383
60.9902	0.56107748
61.716274	0.49859291
62.459846	0.42940739
63.221554	0.36404112
64.002068	0.30867964
64.802094	0.26712367
65.622093	0.23642193
66.463402	0.21236417
67.326561	0.19480546
68.21244	0.18411697
69.121933	0.17777182
70.056015	0.17245173
71.015686	0.16601153
72.002014	0.1572424
73.016319	0.1482659
74.05941	0.14161845
75.132736	0.13658939
76.237625	0.13186307
77.375504	0.12799725
78.547859	0.12590195
79.756294	0.12539013
81.002487	0.12597603
82.28849	0.12740731
83.61573	0.12932096
84.986481	0.13068072
86.402931	0.13037381
87.867393	0.12828173
89.382355	0.12470994
90.95047	0.12051702
92.574593	0.1168531
94.25721	0.11498994
96.002708	0.11568844
97.814079	0.1166933
99.695114	0.11536724
101.64992	0.1127255
103.68291	0.11059501
105.79889	0.10872916
108.00303	0.10650283
110.30139	0.10468522
112.69925	0.104353
115.20368	0.10552316
117.82195	0.10793547
120.562	0.11167079
123.43254	0.11655691
126.44309	0.12075723
129.60419	0.12224302
132.92625	0.12185979
136.42429	0.12120522
140.11142	0.12019487
144.00337	0.11845532
148.11772	0.11696925
152.47411	0.11717781
157.0945	0.11968105
162.00366	0.1246681
167.23055	0.13141318
172.80489	0.13141318
178.76367	0.13141318
185.14809	0.13141318
192.0054	0.13141318
199.39021	0.13141318
207.36581	0.13141318
216.00604	0.13141318
