# Hydromagnesite, Chemical Formula: Mg_5_(CO_3_)_4_(OH)_2_&#183;4H_2_O
# Sample ID: R060011
# wavelengths (microns), reflectance
2.499020384009468	0.0
2.500225020251823	0.008151845
2.5014314441439116	0.01311637
2.502638406540095	0.01179201
2.503847161163127	0.003503069
2.505056456457359	0.002231749
2.5062669204345465	0.006144255
2.507479183534688	0.006539824
2.5086919905743423	0.006569011
2.50990660135555	0.007752248
2.511121758267366	0.006568483
2.5123387235560646	0.005725113
2.51355623717615	0.009160914
2.514775563825255	0.009681217
2.5159954410162606	0.007787724
2.5172171359053084	0.009439931
2.5184393835565553	0.01176187
2.5196634535918307	0.01350117
2.5208880786194405	0.01072461
2.5221145307341093	0.007269801
2.5233415400811356	0.008682162
2.5245697438899732	0.01031097
2.525799781871931	0.009547675
2.52703038046464	0.01052202
2.5282628179764544	0.01444089
2.529495818363988	0.01185976
2.5307306624339354	0.007384819
2.5319660716546397	0.006908536
2.533203329338472	0.008503762
2.5344411544582215	0.01284173
2.535680832839298	0.01292525
2.5369210809516294	0.009970414
2.538163187141056	0.008632118
2.5394058653673035	0.008455453
2.540650406504065	0.007124695
2.5418955219934967	0.01019846
2.54314185848738	0.01376709
2.5443900651745515	0.01066905
2.5456388497072644	0.0060103
2.5468895093111734	0.004953573
2.5481407491024175	0.005505735
2.549393868860709	0.008282056
2.5506475711586036	0.0113183
2.551903158337425	0.01129588
2.5531593304186466	0.01055627
2.5544173923127875	0.009664424
2.555676041482711	0.009012409
2.556936585415745	0.009469852
2.558197719008586	0.008662671
2.5594607523330124	0.009516621
2.560724377711967	0.01289675
2.5619892514302944	0.01237441
2.5632560323667466	0.01049583
2.564523408969677	0.01029409
2.565792697805298	0.008450259
2.5670625847291095	0.01094139
2.568334388918767	0.0082062
2.5696067936292253	0.00663166
2.570881120657364	0.009064449
2.572156050649868	0.0107084
2.5734329080306546	0.008841241
2.5747103708303856	0.008087729
2.575989766107857	0.01356159
2.577269769269924	0.0135533
2.578551710018137	0.00842614
2.5798342611277283	0.007320364
2.5811180887336778	0.00716356
2.5824038616234386	0.008109016
2.5836902486104267	0.01127167
2.5849785860373933	0.01282612
2.5862675400664568	0.01369291
2.5875584497109307	0.01209452
2.5888499784737125	0.008298337
2.590143468046695	0.008951769
2.591437579265597	0.009162236
2.5927336565089414	0.0087699
2.594030357937279	0.01300083
2.5953290306238443	0.01774397
2.5966283300460016	0.01572961
2.5979296059798105	0.01202709
2.599231511211395	0.008665708
2.6005347219495274	0.007502304
2.6018399171157873	0.009105887
2.603145745444625	0.009137025
2.604453563504521	0.009286587
2.6057620173184155	0.01137092
2.60707246618627	0.01114179
2.608383553411348	0.006926289
2.6096966410333566	0.007058465
2.611010369627683	0.01185564
2.612326103982073	0.01201102
2.61364248193581	0.00688511
2.6149608710330066	0.0070043
2.616279906368575	0.01304228
2.6176009582513586	0.01491526
2.6189226590236028	0.01441529
2.620245695198347	0.01035433
2.6215707560636274	0.01034732
2.622896469817412	0.01128099
2.6242242137168197	0.007818289
2.6255526131862603	0.007417255
2.626883048277119	0.01230214
2.628214141631832	0.01154747
2.6295472761045677	0.008147111
2.630881071547337	0.01024214
2.6322169136256446	0.01391691
2.6335534193925922	0.01348536
2.6348919773336053	0.009140615
2.6362312016943585	0.005501957
2.63757248378882	0.007211469
2.6389144350466838	0.008766507
2.640257752522832	0.009342637
2.641603136111243	0.01210369
2.6429491930018933	0.01206923
2.644297321617686	0.01022661
2.645646126311083	0.01106659
2.6469970083639813	0.009989223
2.6483485692826525	0.01279634
2.649702213216768	0.01542048
2.6510565388176976	0.01484129
2.6524129531117047	0.01321782
2.653770051886512	0.009435459
2.655129245053826	0.008440121
2.6564891255289402	0.01070966
2.657851106117895	0.01124962
2.659213776854735	0.01151914
2.660577845581126	0.01136048
2.661944023043917	0.01268595
2.6633108949390434	0.012657
2.6646798813471344	0.01025449
2.666049565060674	0.008475632
2.6674213690860267	0.008743379
2.6687938733032808	0.008322278
2.6701685036535916	0.00869808
2.6715438370956686	0.01093696
2.672921302514551	0.01334048
2.6742994739385506	0.01353636
2.6756797832057213	0.01260623
2.6770608014049215	0.01231198
2.6784439633363877	0.008495357
2.6798278371404307	0.007975115
2.6812131416980924	0.01060704
2.6826005988637576	0.01163243
2.683988772338168	0.01061509
2.6853791043669903	0.00961941
2.686770155679523	0.01153053
2.688163371516006	0.01344033
2.689557309625065	0.01305998
2.6909534182508534	0.01249013
2.692350252152063	0.01226848
2.6937492625861394	0.01169814
2.6951490013125374	0.009963889
2.6965509226114155	0.009816285
2.6979535752336496	0.01508754
2.6993584164915685	0.01675289
2.7007639921180906	0.01012724
2.7021710322941863	0.00662962
2.7035802702444767	0.009973264
2.7049902471576637	0.01480955
2.7064024279677463	0.02044124
2.707815350821849	0.01798773
2.7092304837195567	0.01060987
2.7106463617569	0.009790204
2.712064456008687	0.01012721
2.7134832985102975	0.0106123
2.714904363421442	0.009081343
2.7163261797072504	0.0128334
2.717750224622056	0.01577198
2.7191750240511032	0.01307461
2.720602058353105	0.01364252
2.722029850323745	0.01548965
2.723459141712745	0.01297787
2.7248906773860235	0.01281329
2.726322975487085	0.01583064
2.727757524178161	0.017713
2.729192838488824	0.01637998
2.7306304097201703	0.01491581
2.7320687497780196	0.01083289
2.7335093531122783	0.01043462
2.734950728495151	0.01480199
2.736394373535345	0.0207677
2.7378387938615463	0.0306613
2.739285490251294	0.05518171
2.74073296517981	0.08265331
2.742182722603538	0.07162952
2.7436332618342503	0.04367784
2.745085336467855	0.02839056
2.7465397032913157	0.02084133
2.747994856852826	0.01552484
2.749452309100027	0.01697027
2.750910551392511	0.02173347
2.7523710988924184	0.02189087
2.753832439760604	0.01862945
2.755296092383976	0.01686669
2.7567605417144736	0.01561239
2.758227309374084	0.01601762
2.7596948770956087	0.01565097
2.76116476974647	0.01407716
2.762635465830067	0.01413513
2.7641084934696556	0.01444998
2.7655823279289247	0.01451265
2.767057734936345	0.01884785
2.7685354834887312	0.01758208
2.770014043971203	0.01575492
2.7714949526919668	0.01967178
2.7729766767704693	0.02118877
2.7744607558075014	0.01864648
2.775945653646371	0.01655508
2.7774329131910567	0.01764593
2.77892099499822	0.01845608
2.780411445285673	0.01595568
2.78190272131288	0.0168006
2.783396372622179	0.02070444
2.7848908531652374	0.02139627
2.7863877158196604	0.02005609
2.787885411218674	0.01761907
2.7893847175190096	0.01471878
2.790886416225544	0.01591978
2.7923889529742154	0.02106829
2.7938938890276526	0.02117704
2.7953996666765435	0.01827436
2.7969078505567384	0.01564855
2.798416879602871	0.01717871
2.799928321834961	0.01884972
2.8014406128207368	0.0206243
2.802955323975387	0.02122986
2.8044708874888347	0.01967762
2.8059888781824824	0.01979901
2.807507724857505	0.02178696
2.8090290057526106	0.01965477
2.810551146269232	0.0190698
2.8120749372977594	0.02238517
2.813601173159145	0.02481457
2.8151282741349393	0.02546866
2.8166578270555194	0.02391033
2.8181882487750043	0.02359311
2.8197211295802846	0.02685699
2.8212548828868886	0.0287683
2.8227911024495334	0.02616417
2.8243281982339474	0.02502316
2.825867767474036	0.02997397
2.8274082166744705	0.03313439
2.828951146559755	0.03396185
2.8304949601621985	0.0389296
2.832041261708367	0.04328379
2.833588450746849	0.04593379
2.8351373312171866	0.04795765
2.8366887105746366	0.05184719
2.8382409831212647	0.0576285
2.839795761888805	0.06421777
2.8413514376670004	0.06922381
2.8429096270301573	0.07507627
2.844468717244165	0.0804843
2.8460303284375916	0.08229662
2.8475928443408933	0.08450291
2.8491578886486413	0.08120875
2.8507238415442258	0.07773668
2.852292330300015	0.0766729
2.853861731540652	0.0729723
2.8554336761281465	0.06950407
2.8570065371166575	0.06814193
2.858581131820896	0.06762175
2.8601582811592796	0.06558646
2.861736352808594	0.06360454
2.8633169866566566	0.0619592
2.864898546780212	0.06044227
2.866482676698592	0.05898155
2.8680677368765823	0.06030888
2.8696553744771127	0.06131943
2.8712439463410444	0.06391472
2.8728351032870405	0.06522119
2.874427198520015	0.06793415
2.8760218865265563	0.07009311
2.877617516863558	0.0721289
2.879215747697779	0.07523941
2.8808149249259634	0.07653476
2.8824158795749706	0.07807786
2.884019446366323	0.08200616
2.88562396568416	0.08674324
2.8872311049491186	0.09101262
2.888839200854634	0.09324094
2.890449924544805	0.09602865
2.8920616090100446	0.1003348
2.893675929130404	0.1046562
2.895291214180905	0.1083801
2.8969091427901	0.111481
2.89852804050519	0.1129025
2.9001495897158374	0.112488
2.901772112228938	0.1122334
2.9033972942079256	0.1116261
2.9050234537068533	0.1117758
2.906651435813143	0.1121328
2.9082820894029178	0.110039
2.909913726877826	0.1055679
2.9115480438910044	0.1029541
2.9131833490596684	0.09990769
2.9148213418554936	0.09643362
2.9164603270985245	0.09436608
2.9181020080918967	0.09151652
2.919744685845691	0.08879917
2.921390067507482	0.08441498
2.9230364502645347	0.08082092
2.9246855451219025	0.08096211
2.9263356454311267	0.0793277
2.9279884660678346	0.0773547
2.929642296534878	0.07709132
2.9312979963405676	0.07557466
2.9329564288791796	0.07293744
2.934615877856592	0.07134833
2.936278067882051	0.07112027
2.9379412787800727	0.06931407
2.939607239076787	0.06826256
2.9412742247021737	0.06938028
2.9429439681126133	0.07033202
2.944614741330318	0.06871589
2.9462882807553457	0.0662818
2.9479628544888485	0.06386007
2.9496402028880517	0.06182431
2.9513185901196937	0.06068055
2.952999760511719	0.06005997
2.954681974283039	0.05951082
2.9563661057356163	0.05936242
2.958053033158	0.05945046
2.959741010822589	0.05837823
2.9614317930433005	0.05556624
2.963123630110907	0.05535984
2.9648182803579606	0.05561629
2.966513990079977	0.05446317
2.9682125216419797	0.05484511
2.969912117330536	0.05533364
2.9716145435570347	0.05522922
2.973318038585343	0.05651634
2.975024372887175	0.05556872
2.976731780689881	0.0525959
2.9784420365395268	0.05322208
2.980153370613065	0.05262288
2.9818666723918508	0.05146327
2.9835828354479474	0.05101496
2.9853000838570796	0.05155426
2.987020202412437	0.05357554
2.9887414111043697	0.05259351
2.990465498850017	0.05129602
2.992190681540248	0.04948862
2.9939187522304698	0.04915058
2.9956479226979047	0.04761791
2.9973799901506095	0.04748965
2.999113162237926	0.04916968
3.000849240335015	0.04928963
3.0025864279490353	0.04827782
3.00432653063677	0.04814246
3.006067747748831	0.04729317
3.007810984345246	0.04672256
3.009557149684538	0.04922663
3.011304436855957	0.051028
3.01305466193376	0.0486116
3.014806013814444	0.04743911
3.0165603128052383	0.04799172
3.0183157435952848	0.0501819
3.020074130739613	0.05109377
3.021833654705343	0.05061951
3.0235961443101966	0.04875329
3.0253597757845365	0.04746323
3.027126382223745	0.0473103
3.0288941356066195	0.04688273
3.0306648733212387	0.04692087
3.032436763079961	0.04852344
3.034210725934916	0.04978095
3.0359876872483356	0.04897052
3.037765808305434	0.0495288
3.039546937291715	0.0499104
3.0413292311884663	0.04870031
3.043114542527069	0.04925961
3.044901023969765	0.05030051
3.0466905324091704	0.04994058
3.04848121617329	0.04783659
3.0502749365314044	0.04777004
3.0520698374620205	0.05057501
3.0538677846265854	0.05043473
3.055666917638776	0.04785407
3.0574691065677797	0.04738288
3.0592724866470404	0.04953218
3.0610779953489984	0.05067272
3.0628865745717935	0.04897555
3.064696352950046	0.04951123
3.0665092116403465	0.05127126
3.068323274858251	0.05110614
3.070140428223187	0.04968566
3.071958791515987	0.04863084
3.073780254834826	0.0496247
3.075602933510078	0.05095826
3.0774287221346524	0.05095271
3.079255731572656	0.05044083
3.081085860927795	0.04948176
3.0829172165820253	0.05005426
3.084751702165989	0.05006702
3.0865874195635317	0.04874228
3.088425323111057	0.04954728
3.0902663716904404	0.05269998
3.092108660408857	0.05328548
3.093954104284817	0.05310588
3.0958007938871557	0.05271399
3.0976506488184166	0.05108925
3.099501755092869	0.05015567
3.1013560369135798	0.05087144
3.1032115757239485	0.05148258
3.105070300344135	0.05141656
3.1069302876302856	0.05164758
3.108793471036304	0.0526712
3.1106579228146227	0.05535831
3.1125255810696197	0.0547413
3.114394513433474	0.05148173
3.1162656915663565	0.05247622
3.118140091798044	0.05383135
3.1200157747997572	0.05324762
3.1218946903751674	0.05238635
3.12377489453355	0.05301064
3.125658341788239	0.05541706
3.1275430834697464	0.05639637
3.129431078818164	0.05512263
3.131320374468341	0.05547488
3.133212934404307	0.05670365
3.135106800548267	0.05549974
3.1370039416454527	0.05552346
3.13890239488836	0.0561216
3.1408041338007684	0.05616992
3.1427071908283235	0.05616697
3.144612555431658	0.05481417
3.146521221869707	0.05272414
3.1484312154361285	0.05223158
3.1503445216768906	0.05443094
3.152259161095574	0.05481629
3.1541771240780734	0.05599347
3.1560964263204556	0.05604448
3.1580190630662726	0.05513596
3.1599430451865533	0.05516645
3.1618703728003266	0.05371111
3.163799051935976	0.05551812
3.1657310876059097	0.05620886
3.167664480978175	0.05584025
3.1696012419765505	0.05561093
3.1715393668909684	0.05577039
3.1734798634768966	0.05664214
3.175423744421574	0.0561111
3.17736899866487	0.05459796
3.179317648487646	0.05540472
3.1812676779068276	0.05576995
3.183221114178321	0.056919
3.185175936378022	0.05817619
3.1871341767552743	0.05841204
3.1890938094267702	0.05738528
3.191056871653778	0.05786528
3.193021332575523	0.05580996
3.1949892344837747	0.05198831
3.196958541521938	0.05358877
3.1989313010309517	0.0555232
3.200905472139959	0.05511072
3.2028820814121377	0.05581189
3.204862160480909	0.05532599
3.206843660919896	0.05498897
3.2088286427745842	0.05569223
3.2108150525578316	0.05619144
3.212804955430363	0.0564593
3.2147962928255067	0.05631891
3.2167911350383185	0.05589616
3.2187874184037386	0.05685063
3.2207872183703397	0.05716584
3.222788466155726	0.05753124
3.2247932423812644	0.05797252
3.226799473128182	0.05993618
3.2288092442100185	0.06027875
3.230820476552482	0.0575476
3.2328352611807607	0.05693185
3.2348515138458116	0.05812049
3.23687028307078	0.05803698
3.238892622612329	0.05733851
3.2409164404236916	0.0568639
3.242943840644334	0.05690821
3.244972726004238	0.05595965
3.247005205923447	0.05596581
3.249039177889119	0.05613208
3.251076756621793	0.05701822
3.253115834346137	0.05857965
3.2551585311032025	0.05814743
3.2572027338353986	0.0574438
3.2592505679244113	0.05798544
3.261299915010524	0.0574026
3.2633529058362782	0.05564268
3.2654074167198655	0.05560016
3.267464516152221	0.05783658
3.269525278007735	0.06058477
3.271587570584502	0.06223322
3.2736535381156395	0.06099609
3.2757210435267985	0.05897474
3.277792236483532	0.05878521
3.279864974518729	0.05815436
3.2819414127510647	0.05771445
3.2840194033002423	0.05732848
3.286101106758853	0.05895272
3.288184369812889	0.06130918
3.2902713585497536	0.06077998
3.2923599142011004	0.05948986
3.294452208370149	0.05950607
3.2965460768134793	0.05849859
3.2986426085665745	0.05794391
3.3007428982040987	0.05957445
3.302844773231632	0.06134634
3.304950419133812	0.05964012
3.307057657888854	0.0584376
3.3091686805715725	0.05953455
3.311281303611714	0.05868365
3.3133977236957635	0.05845722
3.315515751683785	0.06009316
3.3176375898955373	0.05969447
3.319761043600082	0.05945091
3.3218883207721666	0.06176889
3.324017221068419	0.06214647
3.326149958140403	0.06172777
3.3282843260107753	0.06212494
3.3304214348587884	0.06117178
3.3325624005646692	0.06047297
3.334705008660229	0.0605232
3.3368514870845494	0.06060807
3.338999615681144	0.06183368
3.3411516281431886	0.06286766
3.343305298603969	0.06346182
3.345462866533093	0.06323329
3.3476221003315816	0.06223691
3.3497852452679258	0.06249449
3.3519500639887263	0.06178575
3.354118807583931	0.06128792
3.356289232923452	0.06096926
3.35846359694138	0.06007956
3.3606396507085576	0.05893671
3.362818526170799	0.05964869
3.365001361143051	0.06099907
3.3671858979560847	0.06221644
3.36937440825362	0.06203095
3.3715646285108947	0.06154257
3.3737588362961124	0.0611027
3.3759547622061863	0.06041905
3.3781546897570296	0.06064732
3.3803563436443214	0.06208802
3.3825620133550314	0.06214408
3.384769417660576	0.06143207
3.386980852042451	0.0617586
3.3891940293246625	0.06183839
3.3914112510068253	0.06130265
3.3936302239422647	0.06082774
3.395852102490892	0.06080144
3.398078047056585	0.06134932
3.4003057554935343	0.06116681
3.4025375444498995	0.06154663
3.404771105750488	0.06150543
3.4070087621451344	0.06173716
3.4092481994055635	0.06231606
3.4114917464074437	0.06225622
3.413737082845596	0.06259744
3.4159865437458072	0.06318178
3.418237802702049	0.06200194
3.42049320091464	0.06027111
3.4227504058526295	0.05998754
3.425011764915413	0.06029639
3.4272749394229156	0.06051624
3.4295411068226604	0.05894916
3.4318114507879955	0.05714825
3.4340836233703125	0.05781753
3.4363599875741224	0.05963837
3.4386381892406384	0.0589704
3.4409205976603805	0.0583801
3.443204852439734	0.05714269
3.445493329180365	0.05627276
3.4477836612290518	0.05637667
3.450078230523877	0.05577949
3.4523746641271003	0.05502357
3.454675350338627	0.05560131
3.456977909911156	0.05507267
3.4592847375319593	0.05326897
3.461593447618995	0.05279798
3.463905241408216	0.0538196
3.4662213265506314	0.05261423
3.4685393079154148	0.0510641
3.4708615962700735	0.05201019
3.4731857900855134	0.05225266
3.4755143066070917	0.05197783
3.4778447378817976	0.05121381
3.480179507659005	0.04897841
3.4825162015359985	0.04831853
3.484857249792477	0.04977941
3.487200231550095	0.05119828
3.489547583645328	0.0499998
3.491896878698137	0.0477976
3.4942505601283647	0.04764944
3.496606194028076	0.04726812
3.4989650061511806	0.04698868
3.501328228863619	0.04775795
3.5036934184170243	0.0482877
3.5060630348060897	0.0476359
3.508434627688426	0.04578652
3.51081066373631	0.04450185
3.5131886859866284	0.04403605
3.515571167816493	0.0445136
3.51795564561522	0.04427322
3.520344599492155	0.04430279
3.522735559162054	0.04421159
3.525131011494042	0.04307977
3.5275284795011794	0.04192283
3.52993045684007	0.04149979
3.5323344597947925	0.04064055
3.5347417393969236	0.03982183
3.537153553495203	0.03970413
3.539567408229636	0.04001027
3.5419858143468135	0.04015211
3.5444062711889033	0.04047884
3.5468312963881194	0.04034439
3.549258382460985	0.03929326
3.5516900539537235	0.03902853
3.554123796529256	0.03902779
3.556562141676364	0.03786512
3.5590025681762536	0.03737829
3.5614476144889657	0.03745068
3.563894752485728	0.03614125
3.5663465276267035	0.03580034
3.568800404844718	0.03746648
3.5712576612404976	0.03799366
3.573719580945642	0.03693626
3.5761836184326516	0.03535945
3.578652336788403	0.03532496
3.581123183475265	0.03671235
3.583598728682515	0.03667403
3.5860764128334197	0.03640167
3.588558813249246	0.03746713
3.5910433632850287	0.03650214
3.5935326474237783	0.03411795
3.596024091923006	0.0339838
3.598520288457386	0.03449364
3.6010186561574535	0.03407892
3.6035217939196333	0.03291917
3.6060271137178677	0.03270348
3.60853591954697	0.03283294
3.611049522655364	0.0336882
3.613565324227149	0.03300672
3.6160859413449167	0.03218985
3.618608767961417	0.03404551
3.6211364284876253	0.03385665
3.6236663096147463	0.03166331
3.6262010431129923	0.03056949
3.628738008381659	0.0310114
3.631279844581223	0.03221563
3.6338239237885377	0.03271456
3.6363728925855447	0.03240707
3.638924115695953	0.03129245
3.6414802471545475	0.0308056
3.644038644301015	0.03208527
3.646600638884432	0.03209884
3.6491675701397375	0.03082121
3.6517367842732846	0.03077186
3.6543109540894294	0.03104389
3.656887418332562	0.03009334
3.6594688573711034	0.02993069
3.6620526024559923	0.02955461
3.664641341551902	0.02912316
3.6672323983846575	0.02904082
3.6698284685475517	0.02928087
3.6724268682094534	0.02932747
3.675030300624829	0.02940782
3.67763607437357	0.02871899
3.6802469004040543	0.02830156
3.682860079674995	0.02958735
3.6854769725870535	0.02982615
3.6880989472690366	0.02926686
3.6907232931881055	0.0280466
3.693352740670868	0.02816447
3.6959845714820045	0.02883336
3.6986215237580953	0.02878004
3.7012608715284947	0.02771714
3.7039053607733456	0.02661739
3.7065522577536436	0.02712852
3.7092043163268786	0.02876091
3.7118587949524655	0.02806281
3.7145184553992197	0.02631534
3.7171805482915654	0.0270577
3.719847843343816	0.02808576
3.722517583311805	0.02845856
3.7251911581842823	0.0273239
3.7278699659309966	0.02557747
3.7305512374424983	0.02605617
3.733237762446615	0.02722885
3.7359267638804625	0.02732111
3.738621039538535	0.02621213
3.741317804370233	0.02612076
3.744019864271792	0.02663208
3.7467244261704202	0.02631247
3.749434304099369	0.02554907
3.7521466969289805	0.02474682
3.7548644268650038	0.02491761
3.7575846846860386	0.02593716
3.7603103008060224	0.02702046
3.7630384578767355	0.02723867
3.7657705764528626	0.0263424
3.768508085334097	0.02623746
3.7712481549168406	0.02678218
3.77399363629193	0.02687315
3.776741691640371	0.02715088
3.7794951803877455	0.02727743
3.7822512564638675	0.02733371
3.7850127876657034	0.02700578
3.7877769196358737	0.0258325
3.790546528579584	0.02563466
3.7933187518160514	0.02659605
3.7960964739957905	0.02747522
3.798876824078193	0.02742982
3.8016626951963715	0.02751534
3.8044512079132584	0.02754647
3.807243814370975	0.02705393
3.810041975232441	0.02614398
3.8128427983978432	0.02535945
3.81564919837026	0.02539648
3.818458274560896	0.0260322
3.821272950087679	0.02658344
3.824090315835443	0.02614901
3.8269133035752554	0.0260243
3.82973899562797	0.02564113
3.832570332456313	0.02536242
3.835404387779328	0.0258173
3.838244110790148	0.025457
3.841086566567951	0.02439573
3.843934713075259	0.02363056
3.8467856067131025	0.0236623
3.8496407322786603	0.02387919
3.852501583378151	0.02375306
3.8553652033242503	0.02308319
3.8582345721738722	0.02348186
3.86110672446486	0.02457355
3.863984649161786	0.02560634
3.866865371988582	0.02588009
3.869751890857518	0.02603937
3.8726412226393054	0.02604621
3.875536374234194	0.02479468
3.8784343536201304	0.02271361
3.881338176725866	0.02316916
3.8842448425968037	0.02441976
3.8871573762309652	0.02449347
3.8900727677011924	0.02528248
3.8929925355761124	0.02552743
3.8959182075347836	0.02472426
3.8988467601168253	0.02313122
3.90178124117222	0.02151575
3.904718618166938	0.02078191
3.9076619481648645	0.02045599
3.9106081895174585	0.02132017
3.9135604085443982	0.0216795
3.9165155544415247	0.021067
3.9194767028264526	0.02022858
3.92244079369805	0.01988858
3.9254109120142697	0.02083432
3.928383988535404	0.02291631
3.931363117602403	0.02347544
3.934345220695128	0.0223549
3.937331851321624	0.02175612
3.940324572415679	0.0222024
3.943320291458689	0.02268488
3.9463221264362143	0.02204547
3.9493269754434794	0.02146605
3.9523379660004077	0.02014424
3.9553519867733034	0.01927116
3.958372174860299	0.01988524
3.961395409455772	0.02167669
3.9644248372801822	0.02211894
3.9674573280127086	0.02086
3.970496038040528	0.01947099
3.9735378274840873	0.02037407
3.9765858624419423	0.02052927
3.979636993432007	0.01933448
3.9826928101243237	0.01871315
3.9857549119447095	0.01652217
3.9888201349258297	0.01632749
3.991891669640626	0.01777626
3.994966342408565	0.01725939
3.9980473536724666	0.0177061
4.001131519993854	0.01845911
4.004222051731346	0.01909609
4.007315755643503	0.01896093
4.010415852050946	0.01738137
4.013519137863981	0.01670756
4.016628843411724	0.01732783
4.019741755710646	0.01703929
4.0228611151451465	0.01612663
4.025983698792004	0.01614578
4.02911113376367	0.01720645
4.032245057274009	0.01685982
4.0353822314049586	0.01714034
4.038525921884409	0.01712575
4.041672880738721	0.01596985
4.0448263839171235	0.01619422
4.047983173343545	0.01597528
4.05114653523667	0.01610087
4.054313201370844	0.01638642
4.057486468282629	0.01609835
4.060663057549341	0.01674664
4.063846276074146	0.01743102
4.067032835189595	0.0179599
4.070226052214488	0.01713142
4.073422628188573	0.01505771
4.076624229008442	0.015205
4.079832531034266	0.01671069
4.0830442197772046	0.01670768
4.086262638810341	0.01557661
4.089484463230628	0.0148026
4.09271304720085	0.01515549
4.09594505535465	0.01493931
4.099183852494968	0.01452057
4.102426092742727	0.01410361
4.105675151591791	0.01499591
4.108927672600643	0.01574758
4.112187042005169	0.01576495
4.115449892751376	0.01610956
4.118719621868589	0.01593464
4.121992851639996	0.0154694
4.125271288153087	0.0146074
4.128556648338628	0.01461361
4.131845538391869	0.01563329
4.13514138255144	0.01559538
4.138440776222506	0.01614616
4.141747154619705	0.01679258
4.145057102306641	0.01674977
4.148374065526887	0.01597619
4.151694617950682	0.01423173
4.155022216903793	0.01365544
4.158353425110966	0.01563732
4.161691711033768	0.01587963
4.165033626398983	0.01352912
4.168382650857936	0.0134391
4.171735325086647	0.01503391
4.175093396839287	0.0148418
4.178458625111618	0.01451708
4.181827533905213	0.01502335
4.18520363108267	0.01512892
4.188583429461323	0.01491397
4.191970448285128	0.01377231
4.195361189133175	0.01324996
4.198759182686333	0.01379938
4.202160919231106	0.01439353
4.2055699409411815	0.01366749
4.208982726755788	0.01362857
4.21240283039771	0.01311685
4.215826719403848	0.0130094
4.219257959102732	0.01325168
4.222693005573532	0.01270571
4.226133649786221	0.01243583
4.2295816943704265	0.01367381
4.233033578115555	0.01454219
4.236492895613238	0.01408396
4.239956074055073	0.01296837
4.243426719839633	0.01165602
4.246901248504029	0.01149924
4.250383278312122	0.01187887
4.253869213089496	0.01354988
4.257362683024022	0.01433224
4.2608600801723435	0.01341292
4.264365046705459	0.01300006
4.267873962853279	0.01314877
4.271390482829438	0.01386532
4.274910974978946	0.01390945
4.278437275114641	0.01336974
4.281971231148086	0.01332938
4.285509193488597	0.01268896
4.289054846717757	0.01254221
4.29260452921289	0.01303056
4.296161937809619	0.0134383
4.2997233987937555	0.01418549
4.303292621316274	0.01468204
4.3068659195115675	0.01435469
4.31044701490768	0.01299142
4.314032209427283	0.01354827
4.317625237037626	0.01505854
4.321222387388945	0.0146338
4.324827406950257	0.014264
4.328436573038255	0.01439032
4.332051768018628	0.01396661
4.335674886817207	0.01356833
4.3393021881365215	0.01418435
4.342937449974789	0.01416745
4.346576918546452	0.01312091
4.350224384573757	0.01298436
4.353876081720513	0.01378348
4.357535813497467	0.0144887
4.361199800954841	0.01463156
4.364871860456793	0.01402557
4.368548200376568	0.01379102
4.372232649997092	0.01383688
4.375921404950829	0.01358799
4.379618307505264	0.015853
4.383319540487846	0.01507013
4.387027034615398	0.01385287
4.390742733650082	0.01470268
4.3944628010921125	0.01575715
4.398191111959473	0.01585817
4.401923816784888	0.01356153
4.405664803804733	0.01309484
4.409410210518471	0.0130531
4.4131639384487205	0.01089185
4.416922111995477	0.01101085
4.420688646035902	0.01312918
4.424459651803875	0.01312603
4.4282390575998765	0.01419314
4.4320229614245585	0.01599256
4.43581530507098	0.01440227
4.439612173238994	0.01250164
4.44341554688892	0.009619057
4.44722742053694	0.007789707
4.451043858805766	0.01067098
4.454868837524251	0.01354145
4.458698407843386	0.01333874
4.462536559330762	0.01160188
4.466379329596463	0.009183247
4.470230722018255	0.009274784
4.474086760595644	0.01137911
4.477951462588506	0.01215706
4.481820838315625	0.01260318
4.485698918991418	0.01050998
4.48958170118332	0.00902039
4.493473230133231	0.01079464
4.497369488586126	0.008894792
4.501272509738503	0.008819623
4.505184340880268	0.01127996
4.5091009438901	0.01157726
4.513026399399226	0.0125385
4.516956655283936	0.01332563
4.520895806462259	0.01258803
4.524839786735251	0.01214157
4.5287927053830135	0.01252346
4.532750482058013	0.01052437
4.536717240478224	0.009491531
4.540688886073661	0.01264946
4.544669557076505	0.01377376
4.548655144619941	0.01160952
4.552649801527232	0.01133262
4.556649404559839	0.01156737
4.560656041250222	0.009841101
4.564671813790604	0.01040439
4.56869257724517	0.01232356
4.572722521252872	0.01532911
4.576757486316639	0.01758579
4.5808016769398785	0.01651148
4.584850918987518	0.01364468
4.588909431906779	0.009936796
4.5929730268473055	0.0121591
4.597045938280061	0.01598577
4.601123962561575	0.01586848
4.605211349267058	0.01444563
4.609303879881541	0.01117237
4.613405819165564	0.01045686
4.617512933653727	0.01325505
4.621627367428619	0.0166566
4.625751279829735	0.02070334
4.629880414818766	0.0164336
4.634019075476122	0.009888117
4.638162990613286	0.01248954
4.642316478784381	0.01395909
4.646475253569771	0.01295715
4.650643649081033	0.01284008
4.654817363585923	0.01269535
4.65900074683782	0.01144176
4.663189481709805	0.009074016
4.6673879336820185	0.007957111
4.6715917701502105	0.0078365
4.675805372406857	0.008029914
4.680024392287133	0.009568207
4.684251032760246	0.01280719
4.688487512682359	0.01066686
4.692729460392425	0.008679288
4.696981297090173	0.009082822
4.701238635343254	0.007943247
4.705505912468179	0.008633477
4.7097787251759335	0.01011548
4.714061526988238	0.01066076
4.718349898673435	0.01074719
4.7226483100475285	0.01047658
4.726952325849623	0.01078713
4.731266432279727	0.0111435
4.735586177960488	0.01280748
4.739916065566311	0.0126424
4.7442516275155215	0.009859897
4.748597383047982	0.009470154
4.7529488482892	0.01087754
4.757308295936926	0.01284902
4.7616780153326035	0.01598583
4.766053497997304	0.01568118
4.770439304985157	0.01349895
4.774830911300353	0.01359388
4.7792328948865075	0.01190163
4.783640714140155	0.01107709
4.788058963988529	0.01185578
4.792483086129068	0.0107438
4.7969176925674635	0.01070451
4.801358208209938	0.01111963
4.805809262236191	0.01221311
4.810266262668437	0.01198942
4.814733855956644	0.01076783
4.819207433145545	0.00981024
4.823689331253359	0.009651835
4.828181904650167	0.01123448
4.832680518739927	0.0128585
4.837189863571898	0.01379202
4.841705287335842	0.01280773
4.846231497693921	0.01211512
4.850763825525786	0.01128206
4.855306996206063	0.00842766
4.85985632320766	0.007967292
4.864416549717986	0.008821161
4.8689829717058535	0.009766707
4.8735603502725295	0.009803936
4.878143963784659	0.01082083
4.882738591359213	0.01185383
4.8873394936618535	0.01201493
4.891949074810132	0.01394947
4.896569757022415	0.01554792
4.901196774228331	0.01813762
4.905834951032409	0.01847571
4.910479503413029	0.01556665
4.9151352743530206	0.0112701
4.919797461778093	0.01491507
4.924470927154764	0.01321673
4.929150850253876	0.006798772
4.933842111131833	0.009565403
4.938539871301651	0.01232456
4.943246585946746	0.01034159
4.947964728928227	0.007437414
4.952689434179995	0.004920977
4.957425628700719	0.006306679
4.962168427905647	0.007949228
4.966922777761497	0.008374247
4.971683775059151	0.01054965
4.976456384843306	0.009933367
4.981235685173949	0.00926952
4.986026660284552	0.01283213
4.990824369396864	0.01133489
4.995633816044776	0.009637532
5.000450040503646	0.01089475
5.005278065720302	0.00895474
5.010112912914718	0.00805991
5.01495710957932	0.01049734
5.0198132027111	0.01128756
5.024676184743274	0.01244958
5.02955112765051	0.01295872
5.034433004534514	0.01331174
5.0393269071836615	0.01487484
5.044227789256198	0.01551812
5.0491407624707465	0.01434967
5.05406076092928	0.0128994
5.058992916398118	0.01346978
5.063932143309279	0.01383657
5.068883593595162	0.01299839
5.073842161903259	0.01398822
5.078813020451364	0.01453043
5.083791043986993	0.009956047
5.088778835565272	0.006118179
5.093779018622347	0.008285753
5.09878643783993	0.01099963
5.10380631667485	0.01048435
5.1088334796162655	0.009066323
5.11387317083149	0.009473925
5.118920194498491	0.01041067
5.123979815618711	0.01199218
5.129046817939354	0.01122894
5.13412648742062	0.009445494
5.139213587258451	0.01165124
5.144313424497426	0.01308341
5.149420741660771	0.01223782
5.154540867004083	0.0103278
5.159668522255457	0.008955711
5.16480638948528	0.009538865
5.1699571720747866	0.01021889
5.175115560330462	0.00935391
5.18028693609339	0.007828454
5.185465968564668	0.009167905
5.190658061247689	0.0100272
5.195857862112324	0.008320356
5.201070796455574	0.005972038
5.20629149088925	0.00634233
5.2115253926363225	0.007265083
5.216767106822696	0.007200888
5.222022102730752	0.00841935
5.22728496387162	0.009003439
5.232561181721618	0.006930728
5.2378453180472055	0.007074991
5.24314013760097	0.00878784
5.248448427433639	0.007923077
5.253764716451691	0.006610389
5.2590945522091355	0.006915518
5.264432441538478	0.007006758
5.2697839546672105	0.007152608
5.275143576220286	0.007152373
5.280516899238233	0.007638949
5.285898386003787	0.008793478
5.2912936525112215	0.008337275
5.296697138565305	0.008043683
5.302114483255923	0.008641152
5.307540103773024	0.007702452
5.31297966244515	0.007087349
5.31842755370947	0.007274735
5.3238866288990145	0.00787245
5.329359762694269	0.008830365
5.334841315145081	0.009091438
5.340337007307183	0.008534221
5.345841176127825	0.009473586
5.351359566411443	0.01019388
5.356886491860746	0.0090706
5.362427721177353	0.009103345
5.367977544676336	0.00989153
5.373541755106208	0.009584039
5.37911461925013	0.009290793
5.384701954054492	0.009979731
5.390298002625075	0.01026448
5.3959086062583905	0.01021202
5.401527984236181	0.009728074
5.407159078620093	0.009113123
5.412804855935493	0.009371003
5.418459499453549	0.009805005
5.424128912017374	0.00992995
5.429807252702144	0.009529986
5.435500449244112	0.008666807
5.441202636371502	0.009312792
5.446919766871834	0.01006549
5.45264595097417	0.009399001
5.458387166676765	0.009689719
5.464137499556039	0.009875415
5.469902952981808	0.009873594
5.4756775877230925	0.009012494
5.481467432683469	0.008417794
5.4872665236685005	0.008646028
5.493077897886978	0.008876881
5.498904618200054	0.008531364
5.50474068267592	0.008593509
5.510592184767952	0.008842223
5.516453097185009	0.008919936
5.52232953949294	0.008867787
5.52821545888058	0.008048205
5.534117001194816	0.007212936
5.540028087942406	0.007316249
5.545954891421295	0.007546492
5.551891307292742	0.007418274
5.557843534477248	0.006969242
5.56380544262576	0.006864978
5.569783257454319	0.007326286
5.575770822437348	0.007634548
5.581771274642125	0.007435495
5.587787778055305	0.007574717
5.593814136575209	0.008094048
5.599856643669922	0.007869985
5.605909076639504	0.007442506
5.611977756364965	0.007364539
5.618056433376873	0.007783125
5.624151456149053	0.00813493
5.6302565482698785	0.007879511
5.636378085987457	0.007398657
5.642509765773777	0.007728456
5.6486579918343	0.007924369
5.654816433348941	0.007425645
5.660991522665195	0.007755137
5.667176901493698	0.007989389
5.673375811789162	0.008405682
5.67959152377761	0.008529622
5.685817637633745	0.007838603
5.692060656875183	0.008002815
5.698314153757611	0.008662662
5.70458466060003	0.00882488
5.710865721556462	0.009090094
5.717163897939478	0.009693776
5.723472705617188	0.01023211
5.729798735089632	0.01092496
5.736135473753165	0.01130088
5.742489541490922	0.01126442
5.74885439704003	0.01144596
5.755236689864107	0.01242742
5.761629849851927	0.01268646
5.768037229219492	0.01285174
5.774462209898237	0.0138919
5.780898178149939	0.01449434
5.787351858260808	0.01516285
5.79381660716417	0.01563138
5.800299179431675	0.01568245
5.806792902473171	0.01552374
5.813304561351291	0.01595038
5.819827453755652	0.0163466
5.826368395447275	0.01614233
5.832920654197049	0.01627815
5.839491076673686	0.0167503
5.8460729005290695	0.01684025
5.852673003550817	0.01683771
5.859284593069756	0.01763295
5.865911137312181	0.01889246
5.872556135764102	0.01958075
5.879212749895938	0.01977273
5.8858879362252265	0.01976205
5.892574825388277	0.02092012
5.8992804057761035	0.02210947
5.905997776982437	0.02274842
5.9127339594918595	0.0230425
5.919482021645178	0.02351739
5.9262490162426635	0.02476585
5.933027980159954	0.0262354
5.939825998737193	0.02721438
5.946636077170686	0.02825075
5.953465333566709	0.02873092
5.96030674122613	0.02945061
5.9671638905431195	0.03049036
5.974040404824874	0.03106639
5.980929209123788	0.03129916
5.9878375044609395	0.03176158
5.994758183444396	0.03270309
6.00169848067003	0.03406302
6.008651256078502	0.03462446
6.01562377807642	0.03443736
6.022608873711914	0.03434842
6.029613845440497	0.0346999
6.0366314871905695	0.03549145
6.043669135706964	0.03595757
6.050719551569073	0.03609415
6.057790106053731	0.03651549
6.064873526159922	0.03715956
6.071973531052984	0.03814743
6.07909387458343	0.03837796
6.086227232945478	0.03775364
6.093381064818341	0.0375839
6.1005480122279385	0.037977
6.107735569253171	0.03843107
6.114936343512665	0.03819657
6.122157864738268	0.03854829
6.129392705900092	0.03882242
6.136648432638624	0.03933683
6.143917583031974	0.03978041
6.151207758887419	0.04008952
6.158511463145312	0.04017312
6.16583633404035	0.0407428
6.173174839127063	0.04145274
6.180530833432222	0.041764
6.187908208569634	0.04240419
6.195299378549519	0.04326741
6.2027120738271595	0.0442787
6.210138672396555	0.04495785
6.217586942072608	0.04568631
6.225049224576743	0.04649666
6.232533325355691	0.04753658
6.2400315495995144	0.0486392
6.2475517406616285	0.04989257
6.255086166939493	0.0513978
6.262642709970754	0.05279664
6.270213601096534	0.05391335
6.277806760318988	0.05503106
6.285414381656647	0.05663424
6.293040463620877	0.0581658
6.300689043353781	0.06010142
6.308352258390109	0.06227358
6.316038126132545	0.06453573
6.323738746116434	0.06649439
6.331462175211819	0.06812593
6.339200474679331	0.07024658
6.346961741149321	0.07338409
6.35473799732974	0.07620618
6.362537379907106	0.07891244
6.370351872756044	0.08183561
6.378189652918054	0.08487912
6.386042665151046	0.08831731
6.393919127153311	0.09213556
6.401810944279918	0.09607288
6.409722266734182	0.09994548
6.4176572855491685	0.1039285
6.425607846438254	0.1077622
6.433582270076637	0.1114698
6.441572362047286	0.115761
6.449586484762529	0.1202333
6.457616403378883	0.1251528
6.465670522361521	0.1302306
6.47374056614156	0.1353169
6.481834981555939	0.1402263
6.489945452008476	0.1451512
6.498080467030039	0.1504312
6.506231668692274	0.1561394
6.514407589545418	0.1620953
6.522599830021048	0.1678636
6.530812700863308	0.1735991
6.53905055601547	0.18033
6.547304932870483	0.1869868
6.555584472967064	0.1935763
6.563880671274949	0.2007811
6.572202213517706	0.2081789
6.580540551923097	0.2147718
6.588904416740298	0.2202259
6.597285217133149	0.2247047
6.605691728220704	0.2286136
6.614115315777708	0.2327701
6.622564800140928	0.2375552
6.63103150336757	0.2428269
6.639524291363572	0.2483732
6.648034442136838	0.2540531
6.656566436526976	0.2601002
6.6651248011293385	0.2661594
6.673700747254272	0.2720722
6.682303256286377	0.2778965
6.690923494642578	0.2837577
6.6995704905358515	0.2911579
6.708235365146022	0.3004523
6.71692719388276	0.3101113
6.725637052341598	0.3213233
6.7343740635011065	0.3339538
6.743129257021789	0.3462936
6.751911803827254	0.3566934
6.760712687288643	0.3648621
6.76954112665473	0.3706114
6.778388058649325	0.3746254
6.787258144540092	0.3779911
6.79615609411317	0.3812058
6.80507277344824	0.3839869
6.814017524290269	0.3869937
6.822981165160494	0.3897864
6.8319730874916145	0.3923026
6.840984061875332	0.3944926
6.850023529830826	0.3957228
6.859082213645321	0.3958591
6.868169605327502	0.3969282
6.877276378481277	0.3985023
6.886412076012217	0.4007075
6.8955673224581036	0.4039738
6.904751712033187	0.4090364
6.913955819822312	0.4160518
6.92318449871298	0.4256814
6.932442653101263	0.4381065
6.941720783164938	0.4527604
6.951028613214183	0.470333
6.960356592988972	0.4912887
6.969714499584954	0.5142
6.979092731903037	0.5382176
6.988501120256729	0.5633663
6.997930012302361	0.589231
7.007389292008423	0.6146026
7.016869255376852	0.6373816
7.026379840473072	0.6569609
7.03591129123044	0.6728973
7.045473600258146	0.6826583
7.055056959002359	0.6849644
7.06466642411312	0.6780995
7.074307106990406	0.6624927
7.083969119561814	0.6406317
7.093662592776239	0.6149211
7.1033775850078955	0.5873985
7.113124283352728	0.560802
7.122892692197014	0.5359353
7.132693055253407	0.5138442
7.142515322480995	0.492342
7.152369794684073	0.469398
7.16224636695053	0.4444576
7.17215539765657	0.4190799
7.182086726570057	0.394681
7.192050770124797	0.371226
7.202037312314907	0.3481849
7.212051626750365	0.3265776
7.222099045310728	0.306033
7.232169267475271	0.2873178
7.242272856975251	0.2694719
7.252399456360137	0.2522155
7.262559689162446	0.2371051
7.272743140530488	0.2231021
7.282960494309095	0.2095407
7.293201277768864	0.1967244
7.303476235583851	0.1847628
7.313774836665124	0.1738964
7.324107887038819	0.1645992
7.334464796769315	0.1556797
7.344856433763717	0.1469592
7.35527214874714	0.1394705
7.365717446659315	0.132122
7.376197894538073	0.1251318
7.38670275317185	0.1187449
7.3972430475161906	0.1129353
7.407807977764724	0.1072288
7.418408632653757	0.1018548
7.429034151269994	0.09753966
7.439695686687632	0.09319557
7.4503823163685645	0.0887103
7.4611052582885415	0.08492671
7.471853527760925	0.08171427
7.4826384082332975	0.07855034
7.4934488523408405	0.07549962
7.5042962095799846	0.07263397
7.515169369372077	0.06997397
7.52607408366285	0.06759092
7.537016170668194	0.06531627
7.547984423979343	0.06308566
7.558990360775491	0.06084114
7.57002271006813	0.05889879
7.581093057159168	0.05725837
7.592190065922986	0.05580422
7.603325390392743	0.05421707
7.61448762874195	0.05245379
7.625688504350837	0.05093065
7.636916549121792	0.04955576
7.648183556405353	0.04838016
7.65947799125594	0.0470698
7.670811717625147	0.04591016
7.682173133135902	0.04504269
7.693574172979244	0.04387389
7.705003166756302	0.0427143
7.71646616715409	0.04174018
7.727969298323572	0.04092881
7.739500786720255	0.04027685
7.751072748468388	0.03986479
7.762673340495694	0.03939974
7.7743147524619305	0.03896449
7.785985071152225	0.03873969
7.797696560436047	0.03809303
7.809437236333876	0.03721032
7.821219437607395	0.03675455
7.833031108883049	0.03629305
7.844884664505663	0.03569953
7.856767977070808	0.035287
7.868693537205938	0.03469791
7.880649144831358	0.03364608
7.892641138181994	0.03291039
7.904675932000815	0.03230352
7.916741215979784	0.03150526
7.9288496745603645	0.03051635
7.940988923114551	0.03009069
7.953171724883885	0.02996063
7.9653856202486475	0.02944082
7.977643451990144	0.02913876
7.98993268481713	0.02893996
8.002266241799678	0.02835818
8.014631511287005	0.02791769
8.027041497396429	0.02784199
8.039483511421292	0.02723806
8.051970639294261	0.02661198
8.064490114548018	0.02632169
8.07704858183181	0.02596023
8.089652767834247	0.02549867
8.10228978811702	0.02525729
8.114972936565257	0.02535318
8.127689249180323	0.02503201
8.140452104428975	0.02437242
8.153248458016884	0.02406024
8.16609177380579	0.02367287
8.178968926461256	0.02342178
8.191893466063853	0.02287406
8.204852185485453	0.02244519
8.217858721859997	0.0217149
8.230899785502752	0.02163066
8.243989101446408	0.02207483
8.257113296677256	0.02193663
8.270279345225445	0.02127127
8.28349430923941	0.02080615
8.296744689253725	0.02074591
8.310044433807587	0.0207118
8.3233799581334	0.0209099
8.336765301715872	0.021079
8.350186793678574	0.02080142
8.363658565348192	0.02031473
8.377166858922646	0.02013424
8.39072589847893	0.02027195
8.404321838462211	0.02036843
8.417968996620186	0.02016222
8.431653438807697	0.01988277
8.445389577375815	0.01938392
8.459163388740853	0.01914036
8.472982201653588	0.01887461
8.486853439679265	0.01879038
8.500762943474177	0.01920251
8.514725366048044	0.01890395
8.528726456450617	0.01813907
8.542780965658876	0.01820888
8.556874550229281	0.01872162
8.571022060096578	0.01832866
8.58520905842578	0.01802721
8.599450495113363	0.01806744
8.613731839023135	0.01835161
8.62806814103095	0.0184362
8.64244477477789	0.01826365
8.656876893150764	0.01814348
8.671349773634415	0.01869353
8.685871127730078	0.01872916
8.700448769147513	0.01866192
8.715067829372915	0.01900996
8.729743720913586	0.0191343
8.744461476712187	0.01898665
8.759236615010527	0.01849616
8.774054069230797	0.01863306
8.788929464446582	0.01925061
8.803847633569776	0.0194035
8.818824309618337	0.01963398
8.833844223990955	0.02078438
8.848923218778124	0.02279065
8.864045922849117	0.02526675
8.879228288510989	0.02947867
8.89445484107388	0.03638645
8.909733705878999	0.04486659
8.925073118661524	0.05131258
8.940457447445755	0.05179971
8.955902925177012	0.04653039
8.971393813685681	0.04080438
8.986946460266463	0.0381779
9.002545019477006	0.03803029
9.0182059541803	0.03654187
9.033913310567872	0.03259251
9.049683668307374	0.02803791
9.065500964116026	0.02446296
9.081381895720307	0.02209954
9.097310289239882	0.02084725
9.113302961732328	0.02010737
9.129343627581209	0.01910011
9.145440860549403	0.01855166
9.161603353879757	0.01808436
9.177814652197535	0.01766716
9.194091876560123	0.01710561
9.210418456941753	0.01656829
9.226811638331128	0.0165
9.243254734857238	0.01626193
9.259765116798047	0.01570897
9.276325981226572	0.01538308
9.292954825088003	0.01535704
9.309634727171845	0.01551703
9.326383312488867	0.01583984
9.343183540300421	0.01611708
9.360053165101979	0.01607199
9.376975025364718	0.01539595
9.393958181855758	0.01471634
9.411011824936358	0.01454929
9.428118609503356	0.01479307
9.445296620095057	0.01510924
9.462528387585163	0.01549427
9.479832131132621	0.01552464
9.497190256262686	0.01537566
9.51462111827245	0.01524732
9.532106995994608	0.01517424
9.549666382404931	0.01522538
9.56728142828031	0.01499662
9.584970765839165	0.01464782
9.602716416419876	0.01474507
9.620537153071405	0.01495103
9.63841486629109	0.01490748
9.656359147034484	0.01483455
9.674379727143796	0.01502216
9.692458298198172	0.01544216
9.710613992412126	0.01544988
9.7288283669286	0.01531234
9.747120700545059	0.01538698
9.765472414493523	0.01581137
9.783902935855753	0.01628196
9.802393548456662	0.01659498
9.820963829390216	0.01721016
9.839594923556186	0.01745638
9.858306559815768	0.01765409
9.877079742603302	0.01803932
9.895924561387883	0.01814201
9.914851257401438	0.01806678
9.93384062146107	0.01806102
9.952912769686613	0.01838472
9.972048348479213	0.01884985
9.991267632089553	0.01912743
10.010554127216324	0.01948641
10.029916231142629	0.01982454
10.049354389276616	0.02004151
10.06886803671069	0.02036193
10.088456596281858	0.02072766
10.10812254359987	0.0209519
10.127865312355013	0.02155823
10.147684323806518	0.02215933
10.167582087973987	0.02212821
10.187558037244694	0.02267525
10.20761159139625	0.02329212
10.227745295595135	0.02314103
10.247958581030764	0.02335889
10.268250866101289	0.02394313
10.28862473187844	0.02433336
10.30907960846528	0.02475688
10.329614912989006	0.02493084
10.350233263207054	0.02470343
10.370934088254367	0.02441285
10.391716804102318	0.02446097
10.412584065997457	0.02477808
10.433535302231869	0.02495624
10.45456992774324	0.02543153
10.475690636094411	0.02589044
10.496896854867279	0.02598362
10.518187998095366	0.02602183
10.53956679850962	0.02571275
10.561032683122233	0.02611383
10.582585065199835	0.02653694
10.604226717518882	0.02657542
10.62595706667055	0.02669626
10.64777552530002	0.02700334
10.669684907133197	0.02682395
10.69168463849757	0.02670988
10.713774131570933	0.02698016
10.73595624196011	0.02720074
10.758230395895348	0.02719032
10.78059600525015	0.02720992
10.803055968472362	0.02731339
10.825609711870985	0.02749006
10.848256647187899	0.02730813
10.870999716701748	0.02729368
10.8938383469864	0.02769731
10.916771949834812	0.02750536
10.939803512377075	0.0273514
10.962932461648647	0.02730923
10.986158209686868	0.02721046
11.009483789525973	0.02690954
11.032908628870938	0.02631509
11.056432140207942	0.02624821
11.080057403561398	0.02644876
11.103783847525506	0.02636703
11.12761088525152	0.02635912
11.151541644874696	0.0266788
11.17557555611061	0.02729074
11.199712033004207	0.02825084
11.223954252958297	0.03068177
11.248301647055065	0.03976643
11.272753630474853	0.0655004
11.297313431082207	0.1013276
11.32198048158497	0.1076963
11.346754198554356	0.08234022
11.371637861549853	0.06093618
11.396630905178549	0.05056875
11.421732747672564	0.04540782
11.446946721560117	0.04162294
11.472272263636487	0.03911739
11.49770879408006	0.03796827
11.523259699703853	0.03772642
11.548924419796474	0.03832251
11.57470237678411	0.04124235
11.600597013124684	0.04636684
11.626607770922343	0.05345588
11.65273407516969	0.06316683
11.678979425375527	0.07523815
11.705343266799773	0.08787696
11.731825027338086	0.09456729
11.75842826500393	0.08874052
11.785152428572253	0.07576444
11.811996949197427	0.06480804
11.838965444901218	0.05845541
11.866057368352916	0.0550452
11.893272154341371	0.05281074
11.92061348245226	0.05109945
11.948080809649747	0.04991316
11.97567357475413	0.04929346
12.003395520524846	0.04913997
12.031246108643836	0.04944081
12.059224782382245	0.04986506
12.087335349339705	0.05007181
12.115577276362497	0.05036698
12.143950011615688	0.05144944
12.172457429264632	0.05287069
12.201099001791487	0.05407705
12.229874182723371	0.05570776
12.258786914578566	0.0584387
12.287836675973065	0.06193196
12.317022926290624	0.06548525
12.346349678254127	0.06975053
12.375816417139268	0.07453255
12.405422608709028	0.08021695
12.435172337809911	0.08752992
12.465065096932708	0.09578931
12.495100358771817	0.105057
12.525282282286796	0.1151769
12.55561036777015	0.1256163
12.586084095431215	0.1372291
12.616707700405678	0.148857
12.647480691407416	0.1596051
12.678402556777375	0.1697455
12.709477609967484	0.178759
12.740705368767614	0.1857259
12.772085330302092	0.1905673
12.803621888559835	0.1920572
12.835314571098337	0.1888132
12.867162884514254	0.1809526
12.89917130563864	0.1698382
12.931339372527447	0.1570947
12.96366660197797	0.1438645
12.996157556056975	0.1308799
13.028811784091221	0.1193058
13.06162881384867	0.109197
13.094613295118013	0.101368
13.12776478931316	0.0959273
13.16108283598698	0.09221572
13.19457217523342	0.08935723
13.228232381416504	0.08749129
13.26206300673514	0.08703171
13.296068884273677	0.08771772
13.330249602258677	0.0890338
13.36460472644592	0.09084658
13.399139185702154	0.09278677
13.433852583081325	0.09413849
13.46874449885967	0.0930371
13.503819960590452	0.08944388
13.539078587175487	0.08542307
13.574519974431034	0.08321366
13.610149251618722	0.08240268
13.645966054567761	0.08223133
13.681969995713438	0.08240291
13.718166309171252	0.08265779
13.754554648840031	0.08180959
13.791134644916207	0.08044761
13.827911639644624	0.07939637
13.864885306202526	0.07858378
13.902055293756685	0.07955074
13.93942705609337	0.08158132
13.977000286947817	0.08337031
14.014774655737572	0.08390953
14.052755731346162	0.08327343
14.090943229421551	0.08194292
14.129336840988302	0.08031368
14.167942253734244	0.07865174
14.206759206654786	0.07654565
14.245787413818329	0.0742633
14.285032685583287	0.07198024
14.324494785812275	0.07026061
14.364173453140115	0.06823731
14.404074624629814	0.0656844
14.444198090621455	0.06349023
14.484543615930157	0.06173468
14.525117268534268	0.06029834
14.565918866957956	0.05919484
14.60694820390774	0.05828797
14.64821148267439	0.05773525
14.689708551775421	0.05765587
14.73143923362339	0.05860772
14.773409871415195	0.05979361
14.815620345580271	0.06035066
14.858070510162252	0.06153141
14.900766853065326	0.06338768
14.943709288665987	0.06610181
14.986897704681681	0.0690311
15.030338738744154	0.07106905
15.074032341336387	0.07267867
15.117978436017918	0.07393708
15.162183815399805	0.07483593
15.206648468363557	0.07528695
15.251374682657023	0.07561165
15.296362433235203	0.07604452
15.341618727943548	0.0763491
15.387143610673261	0.07644757
15.43293709781766	0.07685247
15.479006365431788	0.07778004
15.525351501720674	0.0784883
15.571972567167368	0.07933351
15.618876912160529	0.08072901
15.666064672021536	0.08215838
15.713535954141616	0.08382521
15.761298289662715	0.08630195
15.80935186400163	0.08841387
15.857696834454842	0.09130588
15.90634091965055	0.09494819
15.955284358268889	0.09890822
16.004527360699793	0.1026262
16.054077840122897	0.1074799
16.1039360918517	0.1128731
16.15410238276241	0.1184967
16.20458482800373	0.1236627
16.255383783108968	0.1296422
16.306499575052623	0.1361667
16.357940528744255	0.1420438
16.409707063755324	0.148578
16.461799571005503	0.155634
16.51422659335451	0.1622417
16.56698861847882	0.1689319
16.620086105342093	0.1750446
16.67352782336598	0.1797908
16.72731433266547	0.1854875
16.78144616461726	0.1911767
16.835932324266118	0.1952835
16.890773448785147	0.1978769
16.94597014662331	0.199313
17.00153166798797	0.2000546
17.05745873203722	0.199916
17.11375202926315	0.1987255
17.170421065084653	0.1950342
17.227466645901828	0.1883717
17.28488954955578	0.1816024
17.34269954726883	0.1742726
17.400897538295027	0.1655781
17.459484393490687	0.1575289
17.51847016105255	0.1492972
17.577855839082464	0.1404588
17.637642397505896	0.1313715
17.697840173283094	0.1228942
17.758450269768616	0.1151503
17.819473762428636	0.1082049
17.88092128943615	0.1015792
17.94279406624623	0.09651361
18.005093280787268	0.09107427
18.06782988559992	0.08692042
18.13100521556496	0.08344006
18.194620578479764	0.07948419
18.258687255162418	0.0764438
18.323206707759514	0.07395381
18.38818037186785	0.07170526
18.453619871300766	0.06940126
18.51952680386673	0.06783481
18.585902741457826	0.06642124
18.652759666466274	0.06501668
18.72009932135896	0.06297389
18.787923423430193	0.06140295
18.856244330163033	0.06070916
18.925063938328513	0.05924121
18.994384120390965	0.05810731
19.06421762643246	0.0581485
19.134566517876276	0.05888541
19.20543283283975	0.05854107
19.27682973258218	0.05853271
19.348759454287592	0.05926819
19.42122421298402	0.05958829
19.49423760083638	0.06003973
19.567798213733973	0.05985096
19.64191994267702	0.05979268
19.716605344737946	0.06001317
19.7918569571247	0.06054328
19.867689137420435	0.06216511
19.944104652301462	0.06344108
20.02110625020897	0.06452625
20.09870877855323	0.06676508
20.176915228103052	0.06916937
20.255728573237118	0.07210957
20.335164175947973	0.07633176
20.4152252666994	0.08096784
20.49591506164864	0.08669443
20.57724946375688	0.09343745
20.659231959997115	0.1001788
20.74186602538348	0.1064251
20.825168131994914	0.1131975
20.909142041447357	0.1179611
20.99379150603792	0.1200671
21.07913359701924	0.1227144
21.16517237022204	0.1238794
21.251911875122065	0.1233033
21.339369814266394	0.1248303
21.427550558841233	0.1259762
21.51645847700052	0.1241788
21.606111936944725	0.1235664
21.696515648069497	0.1240778
21.78767432045878	0.1260928
21.87960702475415	0.1291489
21.972318833287446	0.1298727
22.065814823240686	0.1308681
22.160114807122795	0.1351731
22.255224246977797	0.1416891
22.351148614351718	0.1494201
22.447908505916594	0.1570286
22.54550980244948	0.163511
22.643958399425387	0.171718
22.743275723099707	0.1896671
22.843468104465007	0.2054633
22.94454189501266	0.212514
23.046519399407707	0.2196489
23.149407433043233	0.2312262
23.253212838284835	0.2394423
23.357958850751054	0.2400468
23.46365280739086	0.2423467
23.57030207934848	0.2394794
23.677930889802436	0.233327
23.786547137681527	0.2344327
23.896158764167136	0.2312717
24.00679104104969	0.2332035
24.118452473262888	0.2332388
24.231151616981094	0.2298731
24.344914858529265	0.2308121
24.459751356843558	0.2300756
24.575670332127896	0.2325642
24.692699356508253	0.2428185
24.810848295308638	0.2647882
24.930127086308847	0.2482252
25.05056456457359	0.2202864
