# Ikaite, Chemical Formula: CaCO3 * 6H2O
# Sample ID: Ikaite
# wavelengths (microns), reflectance
0.35	0.425289693
0.351	0.416061543
0.352	0.421667993
0.353	0.426690444
0.354	0.426200044
0.355	0.420403015
0.356	0.425935805
0.357	0.431148583
0.358	0.42972594
0.359	0.434827954
0.36	0.434840201
0.361	0.430928606
0.362	0.432231909
0.363	0.433564433
0.364	0.433855678
0.365	0.433673004
0.366	0.437377948
0.367	0.43794737
0.368	0.435814235
0.369	0.440855268
0.37	0.440959064
0.371	0.439130861
0.372	0.441670368
0.373	0.441986558
0.374	0.441232068
0.375	0.441239399
0.376	0.444458588
0.377	0.444718758
0.378	0.443695575
0.379	0.446875958
0.38	0.445112208
0.381	0.444207844
0.382	0.448435538
0.383	0.448153454
0.384	0.447771778
0.385	0.448628415
0.386	0.44859569
0.387	0.448303177
0.388	0.448758881
0.389	0.450599597
0.39	0.450825032
0.391	0.451439505
0.392	0.453080544
0.393	0.452504212
0.394	0.452725087
0.395	0.45391821
0.396	0.454583643
0.397	0.454114328
0.398	0.454222178
0.399	0.45592802
0.4	0.455461686
0.401	0.455588543
0.402	0.456856528
0.403	0.45639536
0.404	0.456708711
0.405	0.45766085
0.406	0.458175536
0.407	0.458424718
0.408	0.458941276
0.409	0.459806185
0.41	0.459444826
0.411	0.460054766
0.412	0.46152899
0.413	0.461341723
0.414	0.461964885
0.415	0.462963906
0.416	0.463200438
0.417	0.463401476
0.418	0.46375839
0.419	0.464235568
0.42	0.464345675
0.421	0.464811472
0.422	0.465527345
0.423	0.46570059
0.424	0.466147721
0.425	0.466637272
0.426	0.46677001
0.427	0.466965874
0.428	0.467264853
0.429	0.467581974
0.43	0.467587211
0.431	0.467832566
0.432	0.46822594
0.433	0.468198087
0.434	0.468482757
0.435	0.468854153
0.436	0.468940279
0.437	0.469095787
0.438	0.469259998
0.439	0.469394656
0.44	0.469541709
0.441	0.470013219
0.442	0.470579966
0.443	0.470599052
0.444	0.470990615
0.445	0.471437129
0.446	0.471473683
0.447	0.471828166
0.448	0.472316516
0.449	0.472709875
0.45	0.472766835
0.451	0.473148423
0.452	0.473654966
0.453	0.473414622
0.454	0.473797053
0.455	0.47432064
0.456	0.474222898
0.457	0.474559565
0.458	0.474897199
0.459	0.474961353
0.46	0.475145986
0.461	0.475355503
0.462	0.475509835
0.463	0.475521577
0.464	0.475617343
0.465	0.475719942
0.466	0.475715883
0.467	0.476017928
0.468	0.476265852
0.469	0.476244948
0.47	0.476325927
0.471	0.476425748
0.472	0.476500799
0.473	0.476533076
0.474	0.476668933
0.475	0.476767416
0.476	0.476646249
0.477	0.476876348
0.478	0.47712428
0.479	0.477133827
0.48	0.477305747
0.481	0.477475862
0.482	0.477573269
0.483	0.477633625
0.484	0.477816087
0.485	0.47804219
0.486	0.478139267
0.487	0.47841148
0.488	0.478690199
0.489	0.478814211
0.49	0.479030674
0.491	0.479197392
0.492	0.479275262
0.493	0.479425073
0.494	0.479579492
0.495	0.47971206
0.496	0.479814953
0.497	0.480037523
0.498	0.480237557
0.499	0.480256147
0.5	0.480289979
0.501	0.480343301
0.502	0.480414381
0.503	0.480539313
0.504	0.480657988
0.505	0.480718662
0.506	0.480662446
0.507	0.480741897
0.508	0.480834959
0.509	0.48073186
0.51	0.480803598
0.511	0.480855555
0.512	0.480743131
0.513	0.480742946
0.514	0.480798115
0.515	0.480846675
0.516	0.480800052
0.517	0.480871382
0.518	0.480994728
0.519	0.480968471
0.52	0.481062496
0.521	0.481158375
0.522	0.481120781
0.523	0.481181844
0.524	0.481300135
0.525	0.481424322
0.526	0.481518639
0.527	0.481638354
0.528	0.481755542
0.529	0.481761476
0.53	0.481901953
0.531	0.482077561
0.532	0.482104908
0.533	0.482256386
0.534	0.482441318
0.535	0.482561858
0.536	0.48266506
0.537	0.482814682
0.538	0.482995699
0.539	0.483049985
0.54	0.483207757
0.541	0.483409323
0.542	0.483441448
0.543	0.483557863
0.544	0.483744027
0.545	0.48391833
0.546	0.48401487
0.547	0.484096579
0.548	0.484203881
0.549	0.484291627
0.55	0.484410141
0.551	0.484543976
0.552	0.484602406
0.553	0.484720839
0.554	0.484856338
0.555	0.484905482
0.556	0.484984629
0.557	0.485070303
0.558	0.485125307
0.559	0.485156699
0.56	0.485189112
0.561	0.485236801
0.562	0.485294102
0.563	0.485385396
0.564	0.48547681
0.565	0.485487841
0.566	0.485525008
0.567	0.485575691
0.568	0.485594639
0.569	0.485582624
0.57	0.485582042
0.571	0.485615489
0.572	0.485622507
0.573	0.485675494
0.574	0.485756216
0.575	0.485695661
0.576	0.485700583
0.577	0.485761192
0.578	0.485757136
0.579	0.485754935
0.58	0.485809639
0.581	0.485949729
0.582	0.486044163
0.583	0.486200215
0.584	0.486486026
0.585	0.486823509
0.586	0.487277786
0.587	0.487788537
0.588	0.488153222
0.589	0.48841711
0.59	0.488538846
0.591	0.488465078
0.592	0.488326514
0.593	0.488257935
0.594	0.488342474
0.595	0.48845744
0.596	0.488613148
0.597	0.488787236
0.598	0.488863985
0.599	0.48897149
0.6	0.489146035
0.601	0.489361971
0.602	0.489559409
0.603	0.489748201
0.604	0.489947243
0.605	0.490019501
0.606	0.490129231
0.607	0.490378955
0.608	0.490557888
0.609	0.490745391
0.61	0.490946905
0.611	0.491057086
0.612	0.491084032
0.613	0.491059519
0.614	0.491038477
0.615	0.49101102
0.616	0.491000618
0.617	0.491024347
0.618	0.491029934
0.619	0.49103227
0.62	0.491050497
0.621	0.49110563
0.622	0.491148579
0.623	0.491191121
0.624	0.491313795
0.625	0.491405387
0.626	0.491495834
0.627	0.491658523
0.628	0.49173699
0.629	0.491819169
0.63	0.491985288
0.631	0.492096223
0.632	0.492191817
0.633	0.49229242
0.634	0.492364353
0.635	0.492434077
0.636	0.492528666
0.637	0.492680673
0.638	0.492753475
0.639	0.492806095
0.64	0.492940964
0.641	0.493042801
0.642	0.493119854
0.643	0.493199195
0.644	0.493323981
0.645	0.493407159
0.646	0.493446422
0.647	0.493572003
0.648	0.493648449
0.649	0.493692625
0.65	0.49379596
0.651	0.493892708
0.652	0.493991407
0.653	0.494104522
0.654	0.494173569
0.655	0.4942478
0.656	0.494358289
0.657	0.494485395
0.658	0.49458352
0.659	0.494657936
0.66	0.494764612
0.661	0.494886754
0.662	0.495005231
0.663	0.495100913
0.664	0.495197242
0.665	0.495302617
0.666	0.495423369
0.667	0.495578543
0.668	0.495683393
0.669	0.495739343
0.67	0.49590653
0.671	0.496012614
0.672	0.49606515
0.673	0.496170835
0.674	0.496262377
0.675	0.496352984
0.676	0.496464213
0.677	0.49655449
0.678	0.496628395
0.679	0.496702465
0.68	0.496819188
0.681	0.496911169
0.682	0.496983014
0.683	0.497114396
0.684	0.497206287
0.685	0.497255425
0.686	0.497296527
0.687	0.497361297
0.688	0.497444304
0.689	0.49753247
0.69	0.497618094
0.691	0.497670303
0.692	0.497705462
0.693	0.497827988
0.694	0.497907455
0.695	0.497950538
0.696	0.498034995
0.697	0.49811624
0.698	0.498170054
0.699	0.498190643
0.7	0.498247509
0.701	0.498306084
0.702	0.498348453
0.703	0.498414783
0.704	0.498441815
0.705	0.498440197
0.706	0.498483457
0.707	0.498506799
0.708	0.498513325
0.709	0.498528712
0.71	0.49858749
0.711	0.49862026
0.712	0.498595722
0.713	0.498634593
0.714	0.498633602
0.715	0.498594998
0.716	0.498651532
0.717	0.498683755
0.718	0.498694335
0.719	0.498729632
0.72	0.498749372
0.721	0.498752802
0.722	0.498753513
0.723	0.498798749
0.724	0.498818892
0.725	0.498799226
0.726	0.498812957
0.727	0.49882694
0.728	0.498844824
0.729	0.498884542
0.73	0.49892539
0.731	0.498943636
0.732	0.498934591
0.733	0.498983748
0.734	0.499012483
0.735	0.499003748
0.736	0.499071221
0.737	0.499138718
0.738	0.499185256
0.739	0.499219845
0.74	0.499299306
0.741	0.499406843
0.742	0.499513736
0.743	0.499643384
0.744	0.499757555
0.745	0.499848448
0.746	0.499977753
0.747	0.500112194
0.748	0.500229215
0.749	0.500310946
0.75	0.500433866
0.751	0.500573005
0.752	0.500686123
0.753	0.500806289
0.754	0.500902005
0.755	0.500976797
0.756	0.501131959
0.757	0.501208169
0.758	0.501233467
0.759	0.501369415
0.76	0.501518679
0.761	0.501644813
0.762	0.501741202
0.763	0.501894451
0.764	0.50204599
0.765	0.502164347
0.766	0.502294527
0.767	0.502416844
0.768	0.502543223
0.769	0.502704041
0.77	0.502829757
0.771	0.502934096
0.772	0.503047668
0.773	0.503169883
0.774	0.503283904
0.775	0.503403753
0.776	0.503620944
0.777	0.503773224
0.778	0.503881382
0.779	0.50406712
0.78	0.504198576
0.781	0.504307893
0.782	0.504448326
0.783	0.504608278
0.784	0.504771839
0.785	0.504937539
0.786	0.505131821
0.787	0.505279577
0.788	0.505407145
0.789	0.505584613
0.79	0.505763047
0.791	0.505913443
0.792	0.506036131
0.793	0.506219989
0.794	0.506393701
0.795	0.506552361
0.796	0.506772527
0.797	0.506890832
0.798	0.50698859
0.799	0.507201359
0.8	0.507340689
0.801	0.507442515
0.802	0.507554218
0.803	0.507695966
0.804	0.507816054
0.805	0.50792735
0.806	0.508089132
0.807	0.508189504
0.808	0.508256562
0.809	0.508339677
0.81	0.508407505
0.811	0.508464802
0.812	0.508525382
0.813	0.50861719
0.814	0.508720176
0.815	0.508816245
0.816	0.508886276
0.817	0.508917369
0.818	0.508934127
0.819	0.508957757
0.82	0.50897949
0.821	0.509025804
0.822	0.509082915
0.823	0.509100774
0.824	0.509123387
0.825	0.509128327
0.826	0.509092205
0.827	0.509072766
0.828	0.509074866
0.829	0.509076594
0.83	0.509012051
0.831	0.508971996
0.832	0.508922733
0.833	0.508795183
0.834	0.508734104
0.835	0.508706715
0.836	0.508666604
0.837	0.508597121
0.838	0.508513501
0.839	0.508390499
0.84	0.508182334
0.841	0.508102226
0.842	0.508027343
0.843	0.507831022
0.844	0.507675853
0.845	0.507538814
0.846	0.507384872
0.847	0.507166808
0.848	0.507039228
0.849	0.506881935
0.85	0.506559612
0.851	0.506381
0.852	0.506211566
0.853	0.505977271
0.854	0.505750619
0.855	0.505506264
0.856	0.505231568
0.857	0.504927789
0.858	0.504695098
0.859	0.504449452
0.86	0.504153843
0.861	0.50393442
0.862	0.503632042
0.863	0.503277594
0.864	0.5029969
0.865	0.502685514
0.866	0.502372007
0.867	0.50208083
0.868	0.501775729
0.869	0.501417513
0.87	0.501061181
0.871	0.500813452
0.872	0.50040087
0.873	0.499959454
0.874	0.499624773
0.875	0.499271691
0.876	0.498936258
0.877	0.49860308
0.878	0.498221114
0.879	0.497844253
0.88	0.497544231
0.881	0.497329117
0.882	0.49697939
0.883	0.49665045
0.884	0.496352056
0.885	0.495967396
0.886	0.495585474
0.887	0.495217052
0.888	0.494851974
0.889	0.494464938
0.89	0.494109295
0.891	0.493742617
0.892	0.493245363
0.893	0.492805541
0.894	0.492337808
0.895	0.491777059
0.896	0.491335858
0.897	0.490899033
0.898	0.49043134
0.899	0.489967175
0.9	0.489561953
0.901	0.489125548
0.902	0.488621697
0.903	0.488286399
0.904	0.487867442
0.905	0.487452667
0.906	0.487341849
0.907	0.487216005
0.908	0.487161977
0.909	0.487260886
0.91	0.487415958
0.911	0.487568856
0.912	0.4877372
0.913	0.487963287
0.914	0.488036894
0.915	0.488146032
0.916	0.488347403
0.917	0.488325421
0.918	0.488301567
0.919	0.488335804
0.92	0.488400364
0.921	0.488306853
0.922	0.488268589
0.923	0.488316407
0.924	0.488174803
0.925	0.488155276
0.926	0.488151329
0.927	0.488014075
0.928	0.487988872
0.929	0.487936515
0.93	0.487821968
0.931	0.487718066
0.932	0.487627861
0.933	0.487485126
0.934	0.487295093
0.935	0.487332331
0.936	0.487171322
0.937	0.486888983
0.938	0.486793395
0.939	0.486562915
0.94	0.486281638
0.941	0.486054045
0.942	0.485949798
0.943	0.48576426
0.944	0.485543734
0.945	0.485348567
0.946	0.484887482
0.947	0.484523
0.948	0.484280135
0.949	0.483876058
0.95	0.483403715
0.951	0.48298999
0.952	0.48266586
0.953	0.482211677
0.954	0.481813425
0.955	0.481412596
0.956	0.480899691
0.957	0.480487265
0.958	0.48006269
0.959	0.479598819
0.96	0.47918295
0.961	0.478796064
0.962	0.47835323
0.963	0.477844696
0.964	0.477509593
0.965	0.477075686
0.966	0.476609232
0.967	0.476267359
0.968	0.475739073
0.969	0.475218233
0.97	0.474810544
0.971	0.474475366
0.972	0.47403717
0.973	0.473622695
0.974	0.473250481
0.975	0.472478587
0.976	0.472478587
0.977	0.471975034
0.978	0.471346613
0.979	0.470947522
0.98	0.470677502
0.981	0.47025851
0.982	0.469747939
0.983	0.46918279
0.984	0.468701863
0.985	0.468128315
0.986	0.46768602
0.987	0.46746879
0.988	0.467066799
0.989	0.466602119
0.99	0.466149465
0.991	0.465616651
0.992	0.465075577
0.993	0.464757933
0.994	0.464427763
0.995	0.464161587
0.996	0.463918747
0.997	0.463540368
0.998	0.463164007
0.999	0.462846592
1.0	0.462533897
1.001	0.462271883
1.002	0.462072742
1.003	0.461864665
1.004	0.46171494
1.005	0.461483843
1.006	0.46114143
1.007	0.460948103
1.008	0.460773912
1.009	0.460643536
1.01	0.460645474
1.011	0.460646864
1.012	0.460494757
1.013	0.4603326
1.014	0.460348139
1.015	0.460429476
1.016	0.460517564
1.017	0.460743022
1.018	0.460928674
1.019	0.461058099
1.02	0.461225212
1.021	0.461473917
1.022	0.46169635
1.023	0.461873814
1.024	0.462104056
1.025	0.462404374
1.026	0.4626381
1.027	0.462857166
1.028	0.463149948
1.029	0.463426547
1.03	0.463686448
1.031	0.463985754
1.032	0.464316077
1.033	0.464651678
1.034	0.465014268
1.035	0.465361258
1.036	0.465725777
1.037	0.466058615
1.038	0.466352758
1.039	0.466686349
1.04	0.467015439
1.041	0.467369309
1.042	0.467781024
1.043	0.468150408
1.044	0.468498623
1.045	0.468863036
1.046	0.469212596
1.047	0.469544324
1.048	0.469871734
1.049	0.470189109
1.05	0.470530071
1.051	0.470859989
1.052	0.471214437
1.053	0.471612021
1.054	0.471980159
1.055	0.472344509
1.056	0.472702035
1.057	0.473031694
1.058	0.473394481
1.059	0.473759404
1.06	0.474144808
1.061	0.474622294
1.062	0.474998277
1.063	0.475380311
1.064	0.475759633
1.065	0.476104514
1.066	0.476390292
1.067	0.476732882
1.068	0.477088165
1.069	0.477430854
1.07	0.477809107
1.071	0.478130225
1.072	0.478451034
1.073	0.478706309
1.074	0.478900887
1.075	0.479092808
1.076	0.479173355
1.077	0.479347574
1.078	0.479570019
1.079	0.479798643
1.08	0.480065992
1.081	0.480350143
1.082	0.48050671
1.083	0.480580952
1.084	0.480682359
1.085	0.480724134
1.086	0.480760793
1.087	0.480795615
1.088	0.48083329
1.089	0.480820221
1.09	0.480852797
1.091	0.480995955
1.092	0.48100238
1.093	0.48092382
1.094	0.480869201
1.095	0.480768585
1.096	0.480635199
1.097	0.480563874
1.098	0.480510404
1.099	0.480396191
1.1	0.480283081
1.101	0.480199925
1.102	0.48013622
1.103	0.480035716
1.104	0.47998049
1.105	0.479821543
1.106	0.4795603
1.107	0.479362004
1.108	0.479133345
1.109	0.478940739
1.11	0.478828928
1.111	0.478637656
1.112	0.478395299
1.113	0.47817845
1.114	0.477971779
1.115	0.477724376
1.116	0.477507239
1.117	0.477236739
1.118	0.47692874
1.119	0.476603243
1.12	0.476208137
1.121	0.475788354
1.122	0.475308398
1.123	0.474775613
1.124	0.474178216
1.125	0.473570465
1.126	0.472819922
1.127	0.472011554
1.128	0.4710491
1.129	0.469944611
1.13	0.468799622
1.131	0.467559357
1.132	0.466231989
1.133	0.464863092
1.134	0.463383809
1.135	0.461887297
1.136	0.460359462
1.137	0.458754216
1.138	0.457233797
1.139	0.45567082
1.14	0.454036552
1.141	0.452489159
1.142	0.45096033
1.143	0.449467798
1.144	0.448020851
1.145	0.446606243
1.146	0.445235032
1.147	0.443901785
1.148	0.442643095
1.149	0.441317752
1.15	0.440027971
1.151	0.438653711
1.152	0.437213086
1.153	0.435732172
1.154	0.434147868
1.155	0.43254425
1.156	0.430930502
1.157	0.429261451
1.158	0.42752691
1.159	0.425715574
1.16	0.423864015
1.161	0.421934982
1.162	0.419920948
1.163	0.417968872
1.164	0.416002198
1.165	0.413987368
1.166	0.411969037
1.167	0.40996867
1.168	0.407938591
1.169	0.405865971
1.17	0.403826733
1.171	0.401755565
1.172	0.399734021
1.173	0.397641651
1.174	0.395449732
1.175	0.393264196
1.176	0.391038312
1.177	0.38887006
1.178	0.386838582
1.179	0.384865113
1.18	0.383075732
1.181	0.381457957
1.182	0.379950877
1.183	0.378711106
1.184	0.377690244
1.185	0.376866161
1.186	0.376268289
1.187	0.375837149
1.188	0.375673049
1.189	0.375531892
1.19	0.375522522
1.191	0.37557575
1.192	0.375673381
1.193	0.375727706
1.194	0.37579036
1.195	0.375842752
1.196	0.375798535
1.197	0.375690117
1.198	0.375514577
1.199	0.375252425
1.2	0.374931808
1.201	0.374587477
1.202	0.374241141
1.203	0.373869212
1.204	0.373469348
1.205	0.37313495
1.206	0.372818806
1.207	0.372510555
1.208	0.372302212
1.209	0.372089584
1.21	0.37190478
1.211	0.371732524
1.212	0.371627168
1.213	0.371529422
1.214	0.371459756
1.215	0.371382988
1.216	0.371299801
1.217	0.371254081
1.218	0.371215551
1.219	0.371226635
1.22	0.371301736
1.221	0.371377007
1.222	0.371498288
1.223	0.371627839
1.224	0.371728907
1.225	0.37183843
1.226	0.371913137
1.227	0.371990743
1.228	0.372094838
1.229	0.372172688
1.23	0.372256092
1.231	0.37231583
1.232	0.372332705
1.233	0.372361603
1.234	0.372380787
1.235	0.372384409
1.236	0.372398136
1.237	0.372406596
1.238	0.372390102
1.239	0.37236534
1.24	0.372317637
1.241	0.37228721
1.242	0.372242826
1.243	0.372192054
1.244	0.37216714
1.245	0.37211273
1.246	0.372069372
1.247	0.372018519
1.248	0.371939572
1.249	0.371875499
1.25	0.371800586
1.251	0.371745275
1.252	0.371723156
1.253	0.371695815
1.254	0.371692926
1.255	0.371698189
1.256	0.371668156
1.257	0.371678107
1.258	0.371692677
1.259	0.371711789
1.26	0.371751652
1.261	0.371806733
1.262	0.371860804
1.263	0.371934108
1.264	0.372042067
1.265	0.372116511
1.266	0.372209721
1.267	0.372318589
1.268	0.37241802
1.269	0.372532332
1.27	0.372656074
1.271	0.372755086
1.272	0.37284996
1.273	0.372931047
1.274	0.372991736
1.275	0.373077982
1.276	0.373170408
1.277	0.373279035
1.278	0.373406245
1.279	0.373492043
1.28	0.373543552
1.281	0.373607602
1.282	0.373649704
1.283	0.373676165
1.284	0.373703054
1.285	0.373701871
1.286	0.373714386
1.287	0.373739031
1.288	0.37372768
1.289	0.373716642
1.29	0.373685539
1.291	0.373621062
1.292	0.373539893
1.293	0.37346823
1.294	0.373405045
1.295	0.373331188
1.296	0.37323
1.297	0.373111119
1.298	0.37296924
1.299	0.372774949
1.3	0.372557562
1.301	0.372337975
1.302	0.372089655
1.303	0.371834586
1.304	0.371559953
1.305	0.371242947
1.306	0.370889413
1.307	0.37051029
1.308	0.370103984
1.309	0.369664115
1.31	0.369200735
1.311	0.368689392
1.312	0.368138747
1.313	0.367587805
1.314	0.367020571
1.315	0.366405504
1.316	0.365768936
1.317	0.36505926
1.318	0.364285823
1.319	0.363497263
1.32	0.362644508
1.321	0.361785929
1.322	0.360933694
1.323	0.36001849
1.324	0.359055334
1.325	0.358081375
1.326	0.357052971
1.327	0.35599509
1.328	0.354908765
1.329	0.353775886
1.33	0.352675774
1.331	0.351557308
1.332	0.350375276
1.333	0.349220723
1.334	0.34798276
1.335	0.346707241
1.336	0.345520029
1.337	0.344279872
1.338	0.343062615
1.339	0.341882428
1.34	0.340627364
1.341	0.339362376
1.342	0.338073147
1.343	0.336794884
1.344	0.335546621
1.345	0.334289533
1.346	0.333100521
1.347	0.331883235
1.348	0.330675256
1.349	0.329458739
1.35	0.328303022
1.351	0.327138658
1.352	0.326070232
1.353	0.325047698
1.354	0.324081897
1.355	0.323228467
1.356	0.322325987
1.357	0.32146696
1.358	0.320588321
1.359	0.319679047
1.36	0.318809077
1.361	0.317984416
1.362	0.31711578
1.363	0.316235026
1.364	0.315286753
1.365	0.314269402
1.366	0.313204434
1.367	0.312067587
1.368	0.310921843
1.369	0.309749595
1.37	0.308519836
1.371	0.307319018
1.372	0.306119336
1.373	0.30484752
1.374	0.303537167
1.375	0.302133363
1.376	0.30063225
1.377	0.299077652
1.378	0.297404801
1.379	0.29567232
1.38	0.293808246
1.381	0.291739655
1.382	0.289533301
1.383	0.2871267
1.384	0.28465843
1.385	0.282153452
1.386	0.279507278
1.387	0.276882507
1.388	0.274257863
1.389	0.271567176
1.39	0.268825707
1.391	0.266077628
1.392	0.263258021
1.393	0.260489868
1.394	0.257695324
1.395	0.254911766
1.396	0.252201839
1.397	0.24938144
1.398	0.246549272
1.399	0.24363706
1.4	0.24061851
1.401	0.237639601
1.402	0.234594913
1.403	0.23159585
1.404	0.228666065
1.405	0.225689773
1.406	0.222662784
1.407	0.219657974
1.408	0.216570737
1.409	0.213553263
1.41	0.210584822
1.411	0.207592829
1.412	0.20474348
1.413	0.201893684
1.414	0.199002449
1.415	0.196208768
1.416	0.193361901
1.417	0.190530581
1.418	0.187781539
1.419	0.18501452
1.42	0.182378173
1.421	0.17976617
1.422	0.17711627
1.423	0.174549396
1.424	0.17194193
1.425	0.169385152
1.426	0.166913889
1.427	0.164429365
1.428	0.162062787
1.429	0.159733204
1.43	0.157391705
1.431	0.15511816
1.432	0.152841733
1.433	0.150625462
1.434	0.148465063
1.435	0.146304042
1.436	0.144239825
1.437	0.142197134
1.438	0.140168703
1.439	0.138172961
1.44	0.13621326
1.441	0.134248166
1.442	0.13237234
1.443	0.130532303
1.444	0.12876875
1.445	0.127109341
1.446	0.125440449
1.447	0.123812187
1.448	0.122218581
1.449	0.120627588
1.45	0.119114339
1.451	0.117649803
1.452	0.116241071
1.453	0.114905643
1.454	0.113588691
1.455	0.112318739
1.456	0.111080218
1.457	0.10986882
1.458	0.108708045
1.459	0.107581527
1.46	0.106493003
1.461	0.105448445
1.462	0.104452874
1.463	0.103486669
1.464	0.102580164
1.465	0.101711427
1.466	0.100869908
1.467	0.100085147
1.468	0.099341335
1.469	0.098662108
1.47	0.0980328
1.471	0.097408809
1.472	0.096818435
1.473	0.096262609
1.474	0.095729689
1.475	0.095232451
1.476	0.094794562
1.477	0.094414223
1.478	0.094045481
1.479	0.093714683
1.48	0.093403036
1.481	0.093081395
1.482	0.092806302
1.483	0.092553809
1.484	0.092310439
1.485	0.092094967
1.486	0.091878633
1.487	0.091658233
1.488	0.091445507
1.489	0.091228292
1.49	0.0910122
1.491	0.090785013
1.492	0.090526855
1.493	0.090276452
1.494	0.090028709
1.495	0.089776588
1.496	0.089547872
1.497	0.089312521
1.498	0.089073746
1.499	0.088852225
1.5	0.088625373
1.501	0.088408924
1.502	0.088233228
1.503	0.088088414
1.504	0.087975355
1.505	0.08791373
1.506	0.087881981
1.507	0.087897856
1.508	0.087993123
1.509	0.088129551
1.51	0.088317941
1.511	0.088559523
1.512	0.088833857
1.513	0.089176392
1.514	0.089556865
1.515	0.089952229
1.516	0.090378351
1.517	0.090804637
1.518	0.091218943
1.519	0.091653989
1.52	0.092103166
1.521	0.092541788
1.522	0.093008696
1.523	0.093499667
1.524	0.093994669
1.525	0.094485944
1.526	0.094984216
1.527	0.095510867
1.528	0.096009126
1.529	0.096519028
1.53	0.097081684
1.531	0.097627345
1.532	0.098178009
1.533	0.098738235
1.534	0.099278353
1.535	0.099807873
1.536	0.100350909
1.537	0.100925704
1.538	0.101489011
1.539	0.102058203
1.54	0.102638205
1.541	0.103167066
1.542	0.1037077
1.543	0.104260972
1.544	0.104784808
1.545	0.105326736
1.546	0.105858856
1.547	0.106371362
1.548	0.106868431
1.549	0.10733611
1.55	0.107797041
1.551	0.108241445
1.552	0.108670602
1.553	0.109112151
1.554	0.109524079
1.555	0.109906945
1.556	0.110317652
1.557	0.110713614
1.558	0.111094646
1.559	0.111495571
1.56	0.111889666
1.561	0.112281468
1.562	0.112678434
1.563	0.113062265
1.564	0.113448983
1.565	0.1138388
1.566	0.114219697
1.567	0.11461282
1.568	0.115018804
1.569	0.115395184
1.57	0.115756544
1.571	0.116153233
1.572	0.116530444
1.573	0.116930909
1.574	0.11737397
1.575	0.117776786
1.576	0.118188105
1.577	0.118600302
1.578	0.118975421
1.579	0.119345522
1.58	0.11970437
1.581	0.120041401
1.582	0.120360316
1.583	0.120677001
1.584	0.120994888
1.585	0.121282878
1.586	0.121568253
1.587	0.121837007
1.588	0.122059495
1.589	0.122288575
1.59	0.122512562
1.591	0.122709096
1.592	0.122909939
1.593	0.123084935
1.594	0.123223388
1.595	0.123368729
1.596	0.123502785
1.597	0.123638358
1.598	0.123778118
1.599	0.123907395
1.6	0.124026789
1.601	0.124114201
1.602	0.124183063
1.603	0.124253303
1.604	0.124315768
1.605	0.124373987
1.606	0.124436114
1.607	0.124479028
1.608	0.124549173
1.609	0.124621205
1.61	0.12467691
1.611	0.12476676
1.612	0.124816419
1.613	0.124848355
1.614	0.124896409
1.615	0.124908038
1.616	0.124924413
1.617	0.124985441
1.618	0.125051491
1.619	0.125129059
1.62	0.125210703
1.621	0.125252483
1.622	0.125293974
1.623	0.125348735
1.624	0.125411925
1.625	0.125481637
1.626	0.125560021
1.627	0.125626849
1.628	0.125676325
1.629	0.125754215
1.63	0.125825958
1.631	0.125874019
1.632	0.125926527
1.633	0.125989804
1.634	0.126032546
1.635	0.126060377
1.636	0.126099559
1.637	0.126103784
1.638	0.126117822
1.639	0.126159562
1.64	0.12616859
1.641	0.126176217
1.642	0.126164738
1.643	0.126122244
1.644	0.126112629
1.645	0.126114567
1.646	0.126072247
1.647	0.126043171
1.648	0.126040268
1.649	0.125976913
1.65	0.125930252
1.651	0.125910719
1.652	0.125802819
1.653	0.12571922
1.654	0.125637595
1.655	0.125536221
1.656	0.125426567
1.657	0.12531659
1.658	0.125183533
1.659	0.125067577
1.66	0.12499107
1.661	0.124849134
1.662	0.124687734
1.663	0.124513618
1.664	0.124274401
1.665	0.124070188
1.666	0.123904181
1.667	0.123661395
1.668	0.123408159
1.669	0.12309116
1.67	0.122734155
1.671	0.122347133
1.672	0.121896127
1.673	0.121408836
1.674	0.120894754
1.675	0.120372948
1.676	0.119849266
1.677	0.119323563
1.678	0.118811029
1.679	0.11827337
1.68	0.11777672
1.681	0.117352513
1.682	0.116967754
1.683	0.116637177
1.684	0.116337467
1.685	0.116084977
1.686	0.115840346
1.687	0.115636129
1.688	0.115459594
1.689	0.115256426
1.69	0.115092405
1.691	0.114969476
1.692	0.114920018
1.693	0.114902847
1.694	0.114898021
1.695	0.11497498
1.696	0.1150868
1.697	0.115223672
1.698	0.115399641
1.699	0.115605086
1.7	0.115830486
1.701	0.116160144
1.702	0.116409527
1.703	0.116634034
1.704	0.116815571
1.705	0.116924977
1.706	0.117062731
1.707	0.117201089
1.708	0.117320602
1.709	0.117439247
1.71	0.117532785
1.711	0.11759212
1.712	0.117651911
1.713	0.11771062
1.714	0.117745968
1.715	0.117766985
1.716	0.117777144
1.717	0.117778148
1.718	0.11774767
1.719	0.117681239
1.72	0.117638173
1.721	0.117595211
1.722	0.117506735
1.723	0.117417381
1.724	0.117272977
1.725	0.117103636
1.726	0.116975988
1.727	0.116864855
1.728	0.116754158
1.729	0.116630295
1.73	0.116537673
1.731	0.116497261
1.732	0.116486152
1.733	0.116516569
1.734	0.116504363
1.735	0.116586577
1.736	0.116765113
1.737	0.116913925
1.738	0.117148957
1.739	0.117324046
1.74	0.117410647
1.741	0.117565758
1.742	0.117771057
1.743	0.11792726
1.744	0.118103878
1.745	0.118229669
1.746	0.118284271
1.747	0.118359494
1.748	0.118427584
1.749	0.118503733
1.75	0.118576422
1.751	0.118648739
1.752	0.118718271
1.753	0.118802712
1.754	0.118888909
1.755	0.118987126
1.756	0.119098788
1.757	0.119221423
1.758	0.119343144
1.759	0.119501091
1.76	0.119680863
1.761	0.119881756
1.762	0.120123903
1.763	0.120398409
1.764	0.120713125
1.765	0.121121584
1.766	0.12147875
1.767	0.121797827
1.768	0.122185832
1.769	0.122577101
1.77	0.122992967
1.771	0.123523581
1.772	0.123969531
1.773	0.124361666
1.774	0.124765803
1.775	0.12514673
1.776	0.12514673
1.777	0.125526752
1.778	0.125917624
1.779	0.126305561
1.78	0.126698272
1.781	0.132128097
1.782	0.132504019
1.783	0.132902248
1.784	0.13330829
1.785	0.133682356
1.786	0.134078491
1.787	0.134437774
1.788	0.134739704
1.789	0.135039456
1.79	0.135394764
1.791	0.135812678
1.792	0.136222295
1.793	0.136665839
1.794	0.137108325
1.795	0.137548235
1.796	0.138002983
1.797	0.138584455
1.798	0.139004572
1.799	0.139363241
1.8	0.139624393
1.801	0.140006664
1.802	0.140321552
1.803	0.140700056
1.804	0.141257209
1.805	0.141664745
1.806	0.141967939
1.807	0.142308452
1.808	0.142641402
1.809	0.142959013
1.81	0.143267453
1.811	0.143564851
1.812	0.143885763
1.813	0.144224834
1.814	0.144522267
1.815	0.144803532
1.816	0.145109397
1.817	0.145412395
1.818	0.145653958
1.819	0.145996295
1.82	0.146414779
1.821	0.146790453
1.822	0.147189791
1.823	0.147569828
1.824	0.14793604
1.825	0.148316135
1.826	0.148745335
1.827	0.149081283
1.828	0.149452718
1.829	0.149888043
1.83	0.150158479
1.831	0.150321807
1.832	0.15054319
1.833	0.150707656
1.834	0.150862512
1.835	0.151043556
1.836	0.151225583
1.837	0.151326089
1.838	0.151315847
1.839	0.151388759
1.84	0.151469765
1.841	0.151534951
1.842	0.151717119
1.843	0.151700409
1.844	0.151528782
1.845	0.151420625
1.846	0.151307306
1.847	0.151058089
1.848	0.150859131
1.849	0.150756491
1.85	0.150503664
1.851	0.150158275
1.852	0.149799507
1.853	0.149413969
1.854	0.148958135
1.855	0.148490716
1.856	0.147897107
1.857	0.147215022
1.858	0.146600485
1.859	0.145801719
1.86	0.144861288
1.861	0.143916345
1.862	0.142884414
1.863	0.141742105
1.864	0.140471345
1.865	0.139318003
1.866	0.137952145
1.867	0.136464607
1.868	0.134905739
1.869	0.133254155
1.87	0.131504916
1.871	0.129714739
1.872	0.127800083
1.873	0.125778569
1.874	0.123765603
1.875	0.121674961
1.876	0.11940566
1.877	0.117085117
1.878	0.114640643
1.879	0.112242622
1.88	0.109752111
1.881	0.107366819
1.882	0.104977485
1.883	0.102649358
1.884	0.100413045
1.885	0.098012412
1.886	0.095597057
1.887	0.093283519
1.888	0.090965689
1.889	0.088709081
1.89	0.086590014
1.891	0.084668495
1.892	0.082690992
1.893	0.080729573
1.894	0.078844859
1.895	0.077008232
1.896	0.075153006
1.897	0.073442593
1.898	0.071745057
1.899	0.06999124
1.9	0.068370758
1.901	0.066782227
1.902	0.065206819
1.903	0.063710797
1.904	0.062334337
1.905	0.06092463
1.906	0.059601811
1.907	0.05839171
1.908	0.057041223
1.909	0.055750345
1.91	0.054551246
1.911	0.053225437
1.912	0.052017484
1.913	0.050915435
1.914	0.049893693
1.915	0.048750537
1.916	0.047721621
1.917	0.046707404
1.918	0.045585395
1.919	0.044539747
1.92	0.043561237
1.921	0.042598052
1.922	0.041697419
1.923	0.040826215
1.924	0.040010558
1.925	0.039153245
1.926	0.038318782
1.927	0.03760925
1.928	0.036848658
1.929	0.03604605
1.93	0.035283655
1.931	0.034464005
1.932	0.033709306
1.933	0.033024542
1.934	0.032347505
1.935	0.031715321
1.936	0.03109841
1.937	0.030453028
1.938	0.029802496
1.939	0.029183669
1.94	0.028638697
1.941	0.02816681
1.942	0.02774634
1.943	0.027338374
1.944	0.026895119
1.945	0.026445664
1.946	0.026044426
1.947	0.025662813
1.948	0.025309509
1.949	0.024993338
1.95	0.024711072
1.951	0.024468231
1.952	0.024294387
1.953	0.024181642
1.954	0.024051818
1.955	0.02389086
1.956	0.023811786
1.957	0.023787699
1.958	0.023781759
1.959	0.023891509
1.96	0.024125108
1.961	0.024296313
1.962	0.024450337
1.963	0.024591917
1.964	0.024727578
1.965	0.024904641
1.966	0.025043947
1.967	0.025212651
1.968	0.025398231
1.969	0.025551937
1.97	0.025718951
1.971	0.02592927
1.972	0.026150068
1.973	0.026310386
1.974	0.026510086
1.975	0.026693441
1.976	0.026793355
1.977	0.026918514
1.978	0.027038652
1.979	0.027151275
1.98	0.027312271
1.981	0.027419645
1.982	0.027498326
1.983	0.027562838
1.984	0.027649341
1.985	0.027660399
1.986	0.027616587
1.987	0.027570349
1.988	0.027523726
1.989	0.027513107
1.99	0.027577558
1.991	0.027690446
1.992	0.027755243
1.993	0.027746523
1.994	0.027822973
1.995	0.027968944
1.996	0.028030342
1.997	0.028054439
1.998	0.028220072
1.999	0.028314362
2.0	0.028296766
2.001	0.028361207
2.002	0.028414192
2.003	0.028349588
2.004	0.028346516
2.005	0.028346742
2.006	0.028326706
2.007	0.028308883
2.008	0.028281083
2.009	0.028349249
2.01	0.02837191
2.011	0.02838414
2.012	0.028459383
2.013	0.028409167
2.014	0.028310251
2.015	0.028293357
2.016	0.028251239
2.017	0.02823339
2.018	0.028286161
2.019	0.028492857
2.02	0.028559537
2.021	0.028623864
2.022	0.028636799
2.023	0.028608605
2.024	0.028437176
2.025	0.02832532
2.026	0.028306636
2.027	0.028245665
2.028	0.028301104
2.029	0.028399484
2.03	0.028443075
2.031	0.02845643
2.032	0.02843436
2.033	0.028434839
2.034	0.028390852
2.035	0.028381837
2.036	0.028407364
2.037	0.028465551
2.038	0.028440909
2.039	0.028415856
2.04	0.028425829
2.041	0.028430402
2.042	0.028502736
2.043	0.028537213
2.044	0.028550932
2.045	0.02854899
2.046	0.028558362
2.047	0.028533034
2.048	0.028549021
2.049	0.028578672
2.05	0.028613693
2.051	0.028648492
2.052	0.028730651
2.053	0.028815061
2.054	0.028859477
2.055	0.028920704
2.056	0.028957393
2.057	0.02897524
2.058	0.02895833
2.059	0.029003477
2.06	0.02909093
2.061	0.029099295
2.062	0.029073247
2.063	0.029102568
2.064	0.029058502
2.065	0.029097093
2.066	0.029246571
2.067	0.029389226
2.068	0.029476896
2.069	0.029581299
2.07	0.029671412
2.071	0.029815593
2.072	0.029990546
2.073	0.03024734
2.074	0.030421032
2.075	0.030594245
2.076	0.030739275
2.077	0.030805944
2.078	0.030927629
2.079	0.03105047
2.08	0.031218462
2.081	0.031418966
2.082	0.031643381
2.083	0.03188583
2.084	0.032145509
2.085	0.032340159
2.086	0.032482305
2.087	0.032648579
2.088	0.032727663
2.089	0.032953547
2.09	0.033283859
2.091	0.033574634
2.092	0.033953645
2.093	0.034261024
2.094	0.034496376
2.095	0.034767511
2.096	0.035090416
2.097	0.035283268
2.098	0.03551679
2.099	0.035835774
2.1	0.036132672
2.101	0.03657858
2.102	0.037132333
2.103	0.037613618
2.104	0.038060852
2.105	0.038530706
2.106	0.038919793
2.107	0.039177397
2.108	0.039556744
2.109	0.039928552
2.11	0.040328702
2.111	0.040808761
2.112	0.041251713
2.113	0.041631308
2.114	0.042162239
2.115	0.042638271
2.116	0.043102164
2.117	0.043708891
2.118	0.044182106
2.119	0.044593019
2.12	0.044957375
2.121	0.045368332
2.122	0.045675581
2.123	0.046076338
2.124	0.046580676
2.125	0.047054617
2.126	0.047471357
2.127	0.047966652
2.128	0.048555553
2.129	0.049074059
2.13	0.049584373
2.131	0.05012495
2.132	0.050612414
2.133	0.051153024
2.134	0.051587249
2.135	0.052011523
2.136	0.052479774
2.137	0.052902445
2.138	0.053364258
2.139	0.053917748
2.14	0.054384343
2.141	0.054765449
2.142	0.055225939
2.143	0.055690224
2.144	0.056199436
2.145	0.056755474
2.146	0.057331971
2.147	0.05795702
2.148	0.058559566
2.149	0.059214031
2.15	0.059820465
2.151	0.060315629
2.152	0.060707909
2.153	0.061081096
2.154	0.06156103
2.155	0.062170838
2.156	0.062995399
2.157	0.063615266
2.158	0.064283042
2.159	0.06482122
2.16	0.0651868
2.161	0.065645681
2.162	0.066106222
2.163	0.06655434
2.164	0.066940012
2.165	0.067385952
2.166	0.067829311
2.167	0.06838516
2.168	0.068975267
2.169	0.069734079
2.17	0.07057854
2.171	0.071183311
2.172	0.071708444
2.173	0.072219052
2.174	0.07271699
2.175	0.073203475
2.176	0.073619189
2.177	0.074008105
2.178	0.074435946
2.179	0.074747164
2.18	0.075202902
2.181	0.07578999
2.182	0.076330218
2.183	0.076979369
2.184	0.077478179
2.185	0.077933649
2.186	0.078341246
2.187	0.078552947
2.188	0.078858072
2.189	0.079218977
2.19	0.079526902
2.191	0.079814261
2.192	0.080242443
2.193	0.080598105
2.194	0.081059507
2.195	0.081599745
2.196	0.082047137
2.197	0.082455853
2.198	0.082844505
2.199	0.083167671
2.2	0.083388687
2.201	0.083654206
2.202	0.083901706
2.203	0.084151436
2.204	0.084418824
2.205	0.084665572
2.206	0.084886291
2.207	0.085088509
2.208	0.085295306
2.209	0.085444539
2.21	0.085499144
2.211	0.085630241
2.212	0.085724164
2.213	0.085904608
2.214	0.08619174
2.215	0.086507084
2.216	0.08676172
2.217	0.086973592
2.218	0.08706615
2.219	0.087082995
2.22	0.087099346
2.221	0.086909981
2.222	0.086844456
2.223	0.086721819
2.224	0.086744294
2.225	0.086964263
2.226	0.086994724
2.227	0.087075837
2.228	0.086959427
2.229	0.086530532
2.23	0.086341756
2.231	0.086188766
2.232	0.086037104
2.233	0.086057701
2.234	0.085927895
2.235	0.085629498
2.236	0.085423241
2.237	0.085202431
2.238	0.085061136
2.239	0.084911475
2.24	0.084697008
2.241	0.084326992
2.242	0.08371015
2.243	0.083130313
2.244	0.082525445
2.245	0.081869592
2.246	0.081285987
2.247	0.080484902
2.248	0.079622554
2.249	0.078757882
2.25	0.077779628
2.251	0.076957209
2.252	0.076284902
2.253	0.075350351
2.254	0.074425203
2.255	0.073332098
2.256	0.071848721
2.257	0.070706328
2.258	0.069682116
2.259	0.068610009
2.26	0.067616683
2.261	0.066669809
2.262	0.065649932
2.263	0.064799294
2.264	0.064059372
2.265	0.063447264
2.266	0.062911443
2.267	0.062466419
2.268	0.062411421
2.269	0.062528485
2.27	0.062697657
2.271	0.063083754
2.272	0.06326712
2.273	0.063192708
2.274	0.063326451
2.275	0.063471614
2.276	0.063687254
2.277	0.064037227
2.278	0.064392564
2.279	0.064775234
2.28	0.065093975
2.281	0.065345807
2.282	0.06550907
2.283	0.06555066
2.284	0.065562569
2.285	0.065561366
2.286	0.065404863
2.287	0.06510317
2.288	0.064730044
2.289	0.064236707
2.29	0.06373988
2.291	0.063210433
2.292	0.062589815
2.293	0.061829204
2.294	0.061138435
2.295	0.060395512
2.296	0.059716968
2.297	0.058987112
2.298	0.058450427
2.299	0.058073873
2.3	0.057627945
2.301	0.057331334
2.302	0.05700878
2.303	0.056625167
2.304	0.056164987
2.305	0.055944527
2.306	0.055910123
2.307	0.055963546
2.308	0.056195602
2.309	0.056610608
2.31	0.05682504
2.311	0.056920538
2.312	0.056965029
2.313	0.056883608
2.314	0.056891266
2.315	0.057124976
2.316	0.057525674
2.317	0.057889844
2.318	0.05828032
2.319	0.058517402
2.32	0.058461176
2.321	0.058347261
2.322	0.058147377
2.323	0.05807539
2.324	0.05806691
2.325	0.058006431
2.326	0.058069725
2.327	0.058065577
2.328	0.058011482
2.329	0.057980306
2.33	0.057982523
2.331	0.057881299
2.332	0.057677064
2.333	0.057456614
2.334	0.057224384
2.335	0.056974476
2.336	0.056679144
2.337	0.056464915
2.338	0.056325863
2.339	0.056029094
2.34	0.055747885
2.341	0.055201672
2.342	0.054323497
2.343	0.053644975
2.344	0.052780257
2.345	0.052365803
2.346	0.052358642
2.347	0.052136848
2.348	0.052016534
2.349	0.051837813
2.35	0.051519948
2.351	0.05132597
2.352	0.051326797
2.353	0.051238304
2.354	0.051043971
2.355	0.050905009
2.356	0.050797645
2.357	0.050634364
2.358	0.050553448
2.359	0.05062238
2.36	0.050891684
2.361	0.050915728
2.362	0.050647968
2.363	0.050505728
2.364	0.050243736
2.365	0.050035096
2.366	0.049985412
2.367	0.049864053
2.368	0.049643046
2.369	0.049364466
2.37	0.04926978
2.371	0.049162294
2.372	0.049000567
2.373	0.048957701
2.374	0.048798704
2.375	0.048732755
2.376	0.048476271
2.377	0.048029519
2.378	0.047834837
2.379	0.047573292
2.38	0.047552933
2.381	0.047501326
2.382	0.047201286
2.383	0.047147006
2.384	0.046849287
2.385	0.046588839
2.386	0.046696432
2.387	0.046546321
2.388	0.046128932
2.389	0.045898837
2.39	0.045751044
2.391	0.045279342
2.392	0.045010349
2.393	0.044922546
2.394	0.044497813
2.395	0.044289978
2.396	0.04413887
2.397	0.043623849
2.398	0.043228683
2.399	0.042936401
2.4	0.04278109
2.401	0.042887251
2.402	0.04314331
2.403	0.043312158
2.404	0.043222998
2.405	0.043289656
2.406	0.043303272
2.407	0.043134381
2.408	0.043117116
2.409	0.042804589
2.41	0.04219395
2.411	0.041791944
2.412	0.04127383
2.413	0.04092678
2.414	0.040952447
2.415	0.0407822
2.416	0.040120583
2.417	0.039240294
2.418	0.038627879
2.419	0.037828016
2.42	0.037514758
2.421	0.037791441
2.422	0.037488363
2.423	0.037126587
2.424	0.03687186
2.425	0.036519853
2.426	0.036378887
2.427	0.036458393
2.428	0.036424202
2.429	0.03624522
2.43	0.03610107
2.431	0.036082833
2.432	0.03631335
2.433	0.036387106
2.434	0.036396469
2.435	0.035832531
2.436	0.034619434
2.437	0.033838785
2.438	0.033179238
2.439	0.032542865
2.44	0.032443414
2.441	0.032256717
2.442	0.031734194
2.443	0.03192742
2.444	0.032340595
2.445	0.032401135
2.446	0.032490496
2.447	0.032020201
2.448	0.031779781
2.449	0.031861988
2.45	0.031615754
2.451	0.031463409
2.452	0.030422728
2.453	0.029286861
2.454	0.029046574
2.455	0.028428038
2.456	0.028072855
2.457	0.02790899
2.458	0.02683648
2.459	0.026900778
2.46	0.02720558
2.461	0.026919839
2.462	0.028010045
2.463	0.028805203
2.464	0.029149643
2.465	0.029759148
2.466	0.029757317
2.467	0.029036705
2.468	0.028817649
2.469	0.028832286
2.47	0.028837581
2.471	0.02987056
2.472	0.030357793
2.473	0.030108645
2.474	0.029208405
2.475	0.028634265
2.476	0.02759338
2.477	0.027528162
2.478	0.028261654
2.479	0.028406445
2.48	0.029224198
2.481	0.029027734
2.482	0.028117436
2.483	0.027516589
2.484	0.026154124
2.485	0.025809867
2.486	0.026087313
2.487	0.025678257
2.488	0.025250892
2.489	0.025429738
2.49	0.025548485
2.491	0.025676907
2.492	0.026647604
2.493	0.027117885
2.494	0.026982825
2.495	0.027457461
2.496	0.02829826
2.497	0.028235513
2.498	0.02836076
2.499	0.028723972
2.5	0.02904527
