# Illite, Chemical Formula: Unknown
# Sample ID: IMt-1.b_lt2um
# wavelengths (microns), reflectance
1.3894811	0.33545622
1.3898535	0.33515427
1.3902262	0.33545622
1.3905991	0.33515427
1.3909724	0.33465093
1.3913456	0.33455023
1.3917192	0.33424827
1.3920929	0.33349332
1.3924669	0.33304033
1.3928409	0.333141
1.3932153	0.33324167
1.3935897	0.33283901
1.3939645	0.33208406
1.3943394	0.33142972
1.3947146	0.33127877
1.3950899	0.33137944
1.3954654	0.33112776
1.3958411	0.33067483
1.3962171	0.33007079
1.3965932	0.32991982
1.3969696	0.32976881
1.397346	0.3297185
1.3977228	0.3292152
1.3980998	0.32886288
1.398477	0.32856086
1.3988543	0.32805756
1.3992319	0.32775557
1.3996096	0.32800725
1.3999877	0.32740328
1.4003658	0.32684961
1.4007442	0.3267993
1.4011228	0.32664829
1.4015017	0.32644698
1.4018805	0.32619533
1.4022598	0.32594368
1.4026392	0.32544038
1.4030188	0.32488671
1.4033985	0.32458475
1.4037787	0.32448408
1.4041588	0.32403108
1.4045392	0.32367879
1.4049199	0.32357812
1.4053007	0.32357812
1.4056817	0.32352778
1.406063	0.32287347
1.4064443	0.32231984
1.406826	0.3218165
1.4072078	0.32156485
1.40759	0.32121253
1.4079722	0.32101122
1.4083548	0.32080993
1.4087374	0.32096088
1.4091204	0.32101122
1.4095035	0.32060859
1.4098868	0.32015556
1.4102703	0.31935033
1.4106542	0.31899798
1.411038	0.31889731
1.4114223	0.318847
1.4118066	0.318847
1.4121914	0.318847
1.4125761	0.31849468
1.4129611	0.31794107
1.4133463	0.31784037
1.4137318	0.3172867
1.4141173	0.3172867
1.4145032	0.3173371
1.4148892	0.31703508
1.4152753	0.31718609
1.4156618	0.31718609
1.4160485	0.31703508
1.4164354	0.31703508
1.4168226	0.31718609
1.4172099	0.31698474
1.4175974	0.31703508
1.4179851	0.3173371
1.4183733	0.31748804
1.4187614	0.31779003
1.4191499	0.31779003
1.4195384	0.31748804
1.4199272	0.31779003
1.4203162	0.31809202
1.4207056	0.31768939
1.4210949	0.31789067
1.4214847	0.31809202
1.4218745	0.31779003
1.4222647	0.31794107
1.422655	0.31819272
1.4230455	0.31834367
1.4234362	0.31879669
1.4238272	0.3187463
1.4242183	0.31879669
1.4246095	0.3192496
1.425001	0.3192496
1.425393	0.31919932
1.4257849	0.31914899
1.4261771	0.31914899
1.4265696	0.31919932
1.4269623	0.31919932
1.4273552	0.31955165
1.4277484	0.31975296
1.4281417	0.31960195
1.4285352	0.31990397
1.428929	0.32025626
1.429323	0.32025626
1.4297171	0.32030657
1.4301115	0.32045761
1.4305061	0.32045761
1.4309008	0.32030657
1.4312959	0.32060859
1.4316912	0.32091057
1.4320866	0.32096088
1.4324824	0.32101122
1.4328783	0.32131323
1.4332745	0.32101122
1.4336708	0.32075959
1.4340675	0.32060859
1.4344643	0.32070923
1.4348613	0.32101122
1.4352585	0.32136354
1.4356561	0.32171589
1.4360538	0.32156485
1.4364517	0.32146421
1.4368497	0.32151455
1.4372482	0.32171589
1.4376467	0.32161522
1.4380456	0.32141387
1.4384446	0.32126287
1.4388438	0.32131323
1.4392433	0.32141387
1.439643	0.32116222
1.4400429	0.32126287
1.4404429	0.32151455
1.4408432	0.32161522
1.4412439	0.32161522
1.4416445	0.32206818
1.4420457	0.32242051
1.4424468	0.32242051
1.4428483	0.3222695
1.4432499	0.32191721
1.443652	0.32201785
1.4440541	0.32231984
1.4444566	0.32221919
1.444859	0.32221919
1.445262	0.3222695
1.4456649	0.32237017
1.4460682	0.32257152
1.4464716	0.32292381
1.4468753	0.32272252
1.4472792	0.32277286
1.4476835	0.32272252
1.4480878	0.32267213
1.4484924	0.32257152
1.4488972	0.32257152
1.4493023	0.32282314
1.4497076	0.32292381
1.4501131	0.32257152
1.4505187	0.32302448
1.4509248	0.32342711
1.4513309	0.32317543
1.4517374	0.32312512
1.4521439	0.32307482
1.4525509	0.32307482
1.452958	0.32317543
1.4533653	0.32337677
1.4537728	0.32317543
1.4541807	0.32312512
1.4545887	0.32337677
1.4549969	0.32347745
1.4554054	0.32337677
1.4558141	0.32337677
1.456223	0.32362846
1.4566324	0.32382974
1.4570416	0.32367879
1.4574513	0.32367879
1.4578612	0.32382974
1.4582713	0.32382974
1.4586816	0.32388011
1.4590921	0.32398075
1.4595029	0.32413173
1.4599138	0.32403108
1.460325	0.32408139
1.4607365	0.32423243
1.4611483	0.32418209
1.4615602	0.32408139
1.4619724	0.32413173
1.4623848	0.32433307
1.4627974	0.32418209
1.4632103	0.32433307
1.4636234	0.32458475
1.4640367	0.32483637
1.4644502	0.32498735
1.4648641	0.32453442
1.4652781	0.32443374
1.4656924	0.32468536
1.4661069	0.32508805
1.4665216	0.32498735
1.4669366	0.32498735
1.4673518	0.32488671
1.4677672	0.32408139
1.4681829	0.32393044
1.4685988	0.32458475
1.469015	0.32478607
1.4694314	0.32488671
1.469848	0.32493705
1.4702649	0.32488671
1.470682	0.32478607
1.4710993	0.32488671
1.471517	0.32508805
1.4719347	0.32533967
1.4723527	0.32544038
1.472771	0.32549068
1.4731897	0.3252894
1.4736084	0.32564172
1.4740274	0.32594368
1.4744467	0.32584298
1.4748662	0.32594368
1.4752858	0.32614502
1.4757057	0.32604432
1.476126	0.32589334
1.4765463	0.32599401
1.476967	0.32609463
1.4773879	0.32579267
1.477809	0.32604432
1.4782305	0.32609463
1.478652	0.32624564
1.4790739	0.32664829
1.479496	0.32689995
1.4799184	0.32684961
1.480341	0.32684961
1.4807638	0.32695025
1.4811869	0.32710129
1.4816102	0.32710129
1.4820337	0.32700065
1.4824575	0.3271516
1.4828815	0.32745361
1.4833061	0.32770523
1.4837304	0.32770523
1.4841553	0.32760462
1.4845803	0.32755429
1.4850056	0.32785624
1.4854311	0.32780591
1.4858568	0.32800725
1.4862827	0.32815826
1.4867089	0.32790658
1.4871353	0.32785624
1.4875621	0.32815826
1.4879889	0.32835957
1.4884162	0.32840991
1.4888437	0.3287622
1.4892714	0.32891318
1.4896992	0.3287622
1.4901278	0.3287622
1.4905561	0.32891318
1.4909849	0.32916486
1.4914138	0.32941651
1.491843	0.32946682
1.4922724	0.32946682
1.4927021	0.32936621
1.493132	0.32931584
1.4935622	0.32956752
1.4939926	0.32961783
1.4944233	0.32946682
1.4948542	0.3302218
1.4952854	0.33072513
1.4957168	0.33092642
1.4961485	0.33092642
1.4965804	0.33072513
1.4970125	0.33067483
1.4974447	0.33097678
1.4978775	0.33122844
1.4983103	0.33148006
1.4987437	0.3316814
1.499177	0.33173174
1.4996107	0.33198336
1.5000446	0.33198336
1.5004789	0.33178204
1.5009133	0.33203372
1.5013479	0.33193305
1.5017828	0.33208406
1.502218	0.33228537
1.5026534	0.3321344
1.5030892	0.3321344
1.503525	0.33263767
1.5039612	0.333141
1.5043976	0.33319134
1.5048344	0.33283901
1.5052713	0.33263767
1.5057086	0.33293968
1.506146	0.33329201
1.5065837	0.33339265
1.5070215	0.33344299
1.5074598	0.3336443
1.5078982	0.33379528
1.5083369	0.33384567
1.5087758	0.33409733
1.5092151	0.33444965
1.5096546	0.33470127
1.5100944	0.33470127
1.5105344	0.33485225
1.5109746	0.33510393
1.5114151	0.33495292
1.511856	0.33520457
1.5122969	0.33545622
1.5127382	0.33550662
1.5131798	0.33585891
1.5136217	0.33616087
1.5140636	0.33590922
1.514506	0.33585891
1.5149485	0.33600986
1.5153915	0.33585891
1.5158345	0.33600986
1.5162779	0.33611053
1.5167215	0.33646286
1.5171654	0.33691582
1.5176095	0.33686548
1.518054	0.33691582
1.5184987	0.33731848
1.5189435	0.33741912
1.5193887	0.33736879
1.5198342	0.33746946
1.5202799	0.33736879
1.5207258	0.33746946
1.521172	0.33782181
1.5216186	0.33782181
1.5220653	0.33807346
1.5225123	0.33817413
1.5229596	0.3381238
1.5234071	0.33842576
1.5238549	0.33847609
1.524303	0.33857676
1.5247513	0.33882841
1.5251998	0.33908007
1.5256486	0.33908007
1.5260978	0.33902973
1.5265471	0.33908007
1.5269967	0.33948272
1.5274466	0.33978471
1.5278969	0.33968401
1.5283473	0.3396337
1.528798	0.33988535
1.529249	0.34003633
1.5297003	0.34018737
1.5301517	0.34023768
1.5306035	0.34043899
1.5310555	0.34084165
1.5315078	0.341194
1.5319604	0.34129465
1.5324134	0.34114361
1.5328665	0.341194
1.5333198	0.3414456
1.5337734	0.34164694
1.5342274	0.34189862
1.5346816	0.34199923
1.5351361	0.34174761
1.5355908	0.34199923
1.5360456	0.34270391
1.5365007	0.34280455
1.5369563	0.34280455
1.537412	0.3430562
1.5378683	0.34330788
1.5383245	0.34330788
1.5387812	0.34345886
1.539238	0.34371048
1.5396953	0.34376088
1.5401527	0.34381118
1.5406104	0.3440125
1.5410683	0.34411317
1.5415267	0.34416351
1.5419852	0.34446546
1.542444	0.3446165
1.5429029	0.3446165
1.5433626	0.34481779
1.5438222	0.34476745
1.5442821	0.34491849
1.5447421	0.34552243
1.5452026	0.34587476
1.5456632	0.34587476
1.5461243	0.34607607
1.5465856	0.34637809
1.5470469	0.34637809
1.5475086	0.34637809
1.5479708	0.34673035
1.5484331	0.34708264
1.5488957	0.34713298
1.5493586	0.34718338
1.5498219	0.34723368
1.5502852	0.34733436
1.5507492	0.34748533
1.5512131	0.34798864
1.5516775	0.34829065
1.552142	0.34854227
1.5526069	0.34889463
1.553072	0.34909594
1.5535375	0.3493979
1.5540031	0.3493979
1.5544689	0.34914628
1.5549351	0.34919658
1.5554017	0.34924692
1.5558684	0.34959924
1.5563356	0.35005227
1.5568029	0.35040456
1.5572705	0.35070655
1.5577384	0.35080716
1.5582068	0.35070655
1.5586753	0.35075688
1.5591441	0.35115951
1.5596131	0.35136083
1.5600824	0.3514615
1.560552	0.35151184
1.561022	0.35171315
1.5614921	0.35166281
1.5619628	0.35186413
1.5624335	0.35211581
1.5629046	0.35216612
1.5633758	0.35256881
1.5638475	0.35287076
1.5643194	0.35317272
1.5647916	0.35332373
1.565264	0.35352504
1.5657365	0.35377675
1.5662096	0.35397807
1.5666829	0.35422966
1.5671564	0.3543807
1.5676304	0.35433036
1.5681045	0.35443103
1.5685791	0.35478333
1.5690538	0.35498464
1.5695291	0.35508531
1.5700043	0.35538733
1.57048	0.35528666
1.5709559	0.35538733
1.5714321	0.35563895
1.5719085	0.35578999
1.5723853	0.35553828
1.5728624	0.3558906
1.5733397	0.35629329
1.5738174	0.35644427
1.5742953	0.35659525
1.5747734	0.35664558
1.5752521	0.35674623
1.5757308	0.35699788
1.5762099	0.35724956
1.5766892	0.35765222
1.5771688	0.3578032
1.5776488	0.3578032
1.5781291	0.35790384
1.5786096	0.35815552
1.5790905	0.35850784
1.5795716	0.35865882
1.5800531	0.35886019
1.5805347	0.3593131
1.5810168	0.35951447
1.5814991	0.35951447
1.5819818	0.35966545
1.5824646	0.35971579
1.5829479	0.35976613
1.5834312	0.3599171
1.5839151	0.35986677
1.5843991	0.36001775
1.5848837	0.36026943
1.5853683	0.36057144
1.5858533	0.36072236
1.5863385	0.36082309
1.5868242	0.36117539
1.58731	0.36152771
1.5877962	0.36142704
1.5882826	0.36157802
1.5887693	0.36188
1.5892563	0.36188
1.5897436	0.36193037
1.5902313	0.36228266
1.5907192	0.36248401
1.5912075	0.362786
1.591696	0.3628363
1.5921849	0.36288664
1.592674	0.36308795
1.5931635	0.36338994
1.5936533	0.36349061
1.5941433	0.36364159
1.5946337	0.36364159
1.5951242	0.36374223
1.5956153	0.36409456
1.5961065	0.36444688
1.5965984	0.36454758
1.5970901	0.36479923
1.5975825	0.36510122
1.5980748	0.36530253
1.5985676	0.36540318
1.5990607	0.36550385
1.5995542	0.36560455
1.6000477	0.36590651
1.6005416	0.36625883
1.6010358	0.36661112
1.6015304	0.36666146
1.6020253	0.36676213
1.6025206	0.36681244
1.603016	0.36706412
1.6035119	0.3672151
1.604008	0.36741641
1.6045047	0.36776873
1.6050013	0.36797008
1.6054984	0.36817142
1.6059958	0.36842301
1.6064935	0.36857402
1.6069914	0.36852372
1.6074898	0.36847338
1.6079884	0.3686747
1.608487	0.36887604
1.6089861	0.36912766
1.6094857	0.36922833
1.6099856	0.36958069
1.6104858	0.36973166
1.6109861	0.36988264
1.611487	0.3702853
1.6119881	0.37053695
1.6124896	0.3706376
1.6129912	0.37093958
1.6134933	0.37139261
1.6139956	0.37154356
1.6144984	0.37154356
1.6150012	0.37159392
1.6155045	0.37169456
1.616008	0.37219787
1.6165122	0.37239918
1.6170163	0.37244952
1.6175209	0.37260053
1.6180257	0.37315413
1.6185309	0.37305352
1.6190363	0.37315413
1.6195421	0.37335551
1.6200482	0.37355682
1.6205544	0.3737078
1.6210611	0.37385881
1.6215682	0.37400979
1.6220756	0.37451309
1.6225833	0.37486541
1.6230912	0.37506676
1.6235996	0.37526807
1.6241082	0.37546939
1.6246173	0.37562037
1.6251266	0.37587205
1.6256363	0.37622434
1.6261462	0.376174
1.6266564	0.376174
1.627167	0.37632498
1.6276779	0.37632498
1.6281891	0.37642571
1.6287007	0.37702966
1.6292125	0.37743229
1.6297247	0.37748262
1.6302372	0.37763363
1.6307501	0.37763363
1.6312631	0.37798592
1.6317767	0.37823758
1.6322904	0.3781873
1.6328044	0.37813696
1.6333188	0.37833825
1.6338336	0.3786402
1.6343486	0.37904289
1.6348641	0.37939519
1.6353798	0.3796972
1.6358958	0.3796972
1.6364123	0.37994882
1.6369292	0.3800495
1.637446	0.3801502
1.6379635	0.38020054
1.6384811	0.38040185
1.6389992	0.38055283
1.6395175	0.3806535
1.6400362	0.38085482
1.6405551	0.38100579
1.6410745	0.38105613
1.6415942	0.38145879
1.6421142	0.38171041
1.6426344	0.38196206
1.6431552	0.3821131
1.643676	0.38261634
1.6441975	0.38291839
1.644719	0.38301903
1.6452409	0.38296869
1.6457632	0.38301903
1.6462859	0.38327071
1.6468087	0.38337135
1.6473321	0.38342169
1.6478556	0.383623
1.6483797	0.38397533
1.648904	0.38427731
1.6494286	0.38417667
1.6499535	0.38397533
1.6504788	0.38412634
1.6510044	0.3845793
1.6515305	0.38462964
1.6520567	0.38488129
1.6525834	0.3850826
1.6531103	0.38528395
1.6536378	0.38563627
1.6541654	0.38578728
1.6546935	0.38558596
1.6552217	0.38558596
1.6557504	0.38583758
1.6562793	0.38639122
1.6568087	0.3865422
1.6573384	0.38639122
1.6578683	0.38649189
1.6583985	0.38684419
1.6589293	0.38704553
1.6594603	0.38729718
1.6599917	0.38749853
1.6605233	0.38739783
1.6610554	0.38785082
1.6615878	0.38805214
1.6621207	0.38780048
1.6626537	0.38790116
1.6631873	0.38825348
1.6637208	0.38840446
1.664255	0.38855544
1.6647894	0.38885742
1.6653243	0.38910908
1.6658593	0.38936079
1.6663947	0.38951176
1.6669306	0.38931045
1.6674668	0.38931045
1.6680032	0.38981372
1.6685401	0.3900654
1.6690773	0.39026672
1.6696149	0.39056867
1.6701527	0.39076999
1.670691	0.39076999
1.6712295	0.39107198
1.6717685	0.39122301
1.6723077	0.39137399
1.6728474	0.39132369
1.6733873	0.39142427
1.6739277	0.39167598
1.6744683	0.39212894
1.6750095	0.39248124
1.6755508	0.39253157
1.6760926	0.39253157
1.6766347	0.39273295
1.6771772	0.39298457
1.6777198	0.39313555
1.6782631	0.39333689
1.6788064	0.39338723
1.6793501	0.39343756
1.6798942	0.39363888
1.6804388	0.39378986
1.6809837	0.39394087
1.6815289	0.39424285
1.6820744	0.39469585
1.6826205	0.39499784
1.6831667	0.39509851
1.6837136	0.39535013
1.6842605	0.39565212
1.684808	0.39585346
1.6853557	0.3959541
1.6859038	0.39600447
1.6864522	0.39605477
1.687001	0.39605477
1.6875501	0.39620575
1.6881	0.39650774
1.6886498	0.39675939
1.6892	0.39701107
1.6897506	0.39726272
1.6903015	0.39751434
1.6908529	0.39771572
1.6914046	0.397917
1.6919565	0.39811838
1.6925087	0.39821896
1.6930614	0.39826936
1.6936146	0.39847067
1.694168	0.39862165
1.6947218	0.39882299
1.695276	0.39907464
1.6958306	0.39922562
1.6963854	0.39927593
1.6969409	0.39932626
1.6974965	0.39952761
1.6980526	0.39972895
1.6986089	0.39967862
1.6991657	0.39977929
1.6997228	0.40013161
1.7002803	0.40033293
1.7008381	0.40063488
1.7013963	0.40098721
1.7019548	0.40088654
1.7025138	0.40108785
1.703073	0.4014402
1.7036328	0.40159118
1.7041928	0.4018932
1.7047533	0.40214482
1.7053139	0.40219516
1.705875	0.40224549
1.7064364	0.40244681
1.7069983	0.40254751
1.7075605	0.40269846
1.7081233	0.40295011
1.7086862	0.40310115
1.7092496	0.40310115
1.7098132	0.40320179
1.7103775	0.40335277
1.7109419	0.40360439
1.7115068	0.40375543
1.712072	0.40395674
1.7126377	0.40400708
1.7132035	0.40420839
1.7137699	0.40446007
1.7143366	0.40461105
1.7149036	0.40461105
1.715471	0.4048124
1.7160389	0.40491307
1.7166071	0.40501368
1.7171758	0.40526536
1.7177447	0.40551701
1.7183142	0.40551701
1.7188838	0.40561768
1.7194541	0.40602031
1.7200245	0.40607065
1.7205955	0.40612096
1.7211666	0.40647328
1.7217383	0.40647328
1.7223103	0.40652364
1.7228827	0.40652364
1.7234554	0.40657398
1.7240288	0.40702689
1.7246022	0.40722826
1.7251762	0.4073289
1.7257504	0.40753025
1.7263252	0.40768126
1.7269002	0.4077819
1.7274756	0.40783224
1.7280514	0.4077819
1.7286276	0.40783224
1.7292041	0.40808386
1.7297812	0.40838587
1.7303585	0.40868783
1.7309363	0.40893954
1.7315143	0.40904015
1.732093	0.40893954
1.7326717	0.40898985
1.7332511	0.40914083
1.7338307	0.40934214
1.7344109	0.40969446
1.7349913	0.40999651
1.7355722	0.41024813
1.7361534	0.4103488
1.7367351	0.41009709
1.737317	0.41014746
1.7378997	0.41055015
1.7384824	0.41080177
1.7390656	0.41090244
1.7396491	0.41100308
1.7402332	0.41105342
1.7408174	0.4112044
1.7414023	0.41145608
1.7419873	0.41160709
1.7425728	0.41180837
1.7431587	0.41200972
1.7437451	0.41216069
1.7443317	0.41236204
1.7449189	0.4123117
1.7455064	0.41261369
1.7460943	0.41271436
1.7466825	0.412815
1.7472714	0.41301632
1.7478604	0.41326797
1.7484499	0.41346928
1.7490398	0.41346928
1.7496301	0.41351962
1.7502208	0.41382161
1.7508119	0.41422427
1.7514033	0.4142746
1.7519954	0.4142746
1.7525877	0.41447595
1.7531804	0.41457659
1.7537735	0.41472763
1.754367	0.41487858
1.7549609	0.41497922
1.7555553	0.41513023
1.7561499	0.41533157
1.7567449	0.41573423
1.7573403	0.41583484
1.7579362	0.41578451
1.7585325	0.41608652
1.7591293	0.41658983
1.7597264	0.41658983
1.760324	0.41664016
1.7609218	0.41674086
1.7615204	0.41679114
1.7621191	0.41709316
1.7627183	0.41709316
1.7633178	0.41729447
1.7639178	0.41749576
1.7645181	0.41759646
1.7651191	0.41779777
1.7657201	0.41804942
1.7663218	0.41820043
1.7669238	0.41825077
1.7675263	0.41840175
1.768129	0.41870376
1.7687324	0.41880444
1.769336	0.41890505
1.7699401	0.41905606
1.7705445	0.41920701
1.7711494	0.41920701
1.7717546	0.41940838
1.7723604	0.41945872
1.7729665	0.41950899
1.773573	0.4196097
1.7741799	0.41986135
1.7747874	0.42006269
1.7753952	0.42021367
1.7760036	0.42036465
1.7766122	0.42056596
1.7772213	0.4206163
1.7778307	0.42091829
1.7784407	0.42132097
1.7790509	0.42132097
1.7796618	0.42142162
1.7802728	0.42172357
1.7808841	0.42172357
1.781496	0.42172357
1.7821085	0.42187458
1.7827213	0.42182425
1.7833346	0.42177391
1.7839482	0.42182425
1.7845623	0.42202559
1.7851768	0.42237788
1.785792	0.4225792
1.7864072	0.42262951
1.7870232	0.42278054
1.7876393	0.42308256
1.788256	0.42303219
1.788873	0.42323348
1.7894906	0.42338452
1.7901084	0.42328387
1.790727	0.42343485
1.7913457	0.42368647
1.7919649	0.42388782
1.7925845	0.42398849
1.7932047	0.42408913
1.793825	0.42418984
1.794446	0.4240388
1.7950673	0.42424011
1.795689	0.42444149
1.7963111	0.42449182
1.7969339	0.42444149
1.7975569	0.42469314
1.7981805	0.42479378
1.7988043	0.42504546
1.7994287	0.42534742
1.8000535	0.4254984
1.800679	0.42554879
1.8013045	0.42559907
1.8019307	0.42559907
1.8025571	0.42569971
1.8031842	0.42580044
1.8038116	0.42605203
1.8044394	0.42610243
1.8050677	0.42610243
1.8056965	0.42620307
1.8063256	0.42640439
1.8069552	0.42645472
1.8075852	0.42660567
1.8082157	0.42680702
1.8088466	0.42695802
1.809478	0.42715934
1.8101097	0.42726004
1.8107419	0.42736065
1.8113745	0.42736065
1.8120078	0.42751169
1.8126413	0.42766264
1.8132753	0.42771298
1.8139096	0.42791432
1.8145447	0.42796463
1.8151799	0.42796463
1.8158158	0.42811567
1.8164519	0.42816597
1.8170887	0.42831692
1.8177258	0.42836729
1.8183634	0.4285183
1.8190013	0.42876995
1.8196399	0.42887062
1.8202788	0.4290719
1.8209183	0.42917258
1.8215581	0.4290216
1.8221985	0.42927328
1.8228391	0.42952493
1.8234804	0.42982689
1.8241218	0.42992759
1.824764	0.42972621
1.8254064	0.42967588
1.8260493	0.43002817
1.8266927	0.43017921
1.8273367	0.43022954
1.8279809	0.43033019
1.8286258	0.43043086
1.829271	0.43078318
1.8299167	0.43093419
1.8305628	0.43078318
1.8312097	0.43093419
1.8318566	0.43118581
1.8325043	0.43133679
1.8331522	0.43143746
1.8338007	0.43128651
1.8344495	0.43133679
1.835099	0.43163881
1.8357487	0.43189049
1.8363992	0.43204141
1.83705	0.4320918
1.8377012	0.43239376
1.8383528	0.43254477
1.839005	0.43234342
1.8396575	0.43264544
1.8403107	0.43294746
1.8409641	0.43269575
1.8416178	0.43289706
1.8422722	0.4334507
1.8429272	0.43329975
1.8435825	0.43309838
1.8442384	0.43335009
1.8448946	0.43355137
1.8455515	0.43335009
1.8462087	0.43350106
1.8468666	0.43385339
1.8475248	0.43410501
1.8481835	0.4340547
1.8488425	0.4340547
1.8495022	0.4340547
1.8501621	0.43425602
1.8508228	0.43435672
1.8514837	0.43435672
1.852145	0.43450767
1.8528068	0.43460837
1.8534694	0.43465868
1.8541322	0.43506128
1.8547956	0.43521231
1.8554593	0.43511161
1.8561238	0.43496069
1.8567885	0.43546396
1.8574541	0.43576595
1.8581197	0.43566531
1.858786	0.43546396
1.8594526	0.4354136
1.8601199	0.43571562
1.8607875	0.43591693
1.8614557	0.43581629
1.8621242	0.43566531
1.8627936	0.43576595
1.8634632	0.43586662
1.8641332	0.43596727
1.8648038	0.43616858
1.8654748	0.43626922
1.8661463	0.43621892
1.8668184	0.43581629
1.8674908	0.43576595
1.8681637	0.4360176
1.868837	0.43626922
1.869511	0.43621892
1.8701854	0.43591693
1.8708603	0.43611825
1.8715357	0.43611825
1.8722117	0.43546396
1.872888	0.4355143
1.8735651	0.43581629
1.8742423	0.43586662
1.8749202	0.43571562
1.8755985	0.43556461
1.8762774	0.43531299
1.8769567	0.4354136
1.8776366	0.43546396
1.8783168	0.43526265
1.8789977	0.43491036
1.8796788	0.434558
1.8803607	0.43430632
1.881043	0.434558
1.8817258	0.43460837
1.882409	0.43415534
1.8830929	0.43390369
1.883777	0.43390369
1.8844618	0.43370241
1.8851469	0.43355137
1.8858327	0.43324941
1.8865188	0.43289706
1.8872057	0.4325951
1.8878928	0.43239376
1.8885808	0.43214211
1.8892689	0.4320918
1.8899578	0.43204141
1.8906469	0.43199113
1.8913368	0.43178982
1.892027	0.43148783
1.8927178	0.43108514
1.893409	0.43073285
1.8941009	0.43073285
1.8947932	0.43073285
1.8954861	0.43038052
1.8961793	0.43007857
1.8968732	0.42987722
1.8975675	0.42957526
1.8982624	0.42932355
1.8989576	0.42897126
1.8996536	0.42897126
1.9003499	0.42882028
1.9010466	0.4285183
1.9017439	0.42836729
1.9024419	0.42826664
1.9031402	0.42836729
1.9038392	0.42831692
1.9045385	0.42781365
1.9052386	0.42766264
1.905939	0.42786399
1.9066402	0.42816597
1.9073416	0.42866927
1.9080436	0.4285686
1.9087461	0.42861894
1.9094492	0.42866927
1.9101527	0.42876995
1.9108568	0.4290719
1.9115614	0.42932355
1.9122664	0.42932355
1.912972	0.42937389
1.9136782	0.42982689
1.9143847	0.43033019
1.915092	0.43058184
1.9157996	0.43083352
1.916508	0.43093419
1.9172167	0.43118581
1.9179261	0.43118581
1.9186358	0.43143746
1.9193462	0.43189049
1.9200571	0.43234342
1.9207685	0.43279642
1.9214803	0.43309838
1.9221928	0.43324941
1.9229058	0.43340036
1.9236195	0.43370241
1.9243335	0.4340547
1.9250481	0.43435672
1.9257631	0.43470901
1.9264789	0.43485996
1.927195	0.43526265
1.9279118	0.43561497
1.9286289	0.43581629
1.9293463	0.43591693
1.9300646	0.43611825
1.9307835	0.43616858
1.9315028	0.43667191
1.9322227	0.43692359
1.9329431	0.43702424
1.9336642	0.43707457
1.9343857	0.43737653
1.9351079	0.43762821
1.9358305	0.43772888
1.9365537	0.43793017
1.9372772	0.4380812
1.9380015	0.43828249
1.9387262	0.43853414
1.9394516	0.43868518
1.9401773	0.43898714
1.940904	0.43928912
1.9416308	0.43944016
1.9423584	0.43954077
1.9430864	0.43974212
1.943815	0.44009444
1.9445441	0.44024539
1.9452738	0.44029576
1.9460039	0.44024539
1.9467345	0.44054738
1.9474658	0.44079906
1.9481977	0.44089973
1.94893	0.44095004
1.949663	0.44089973
1.9503965	0.44100037
1.9511306	0.44105071
1.9518652	0.44130236
1.9526006	0.44150367
1.9533362	0.44165465
1.9540726	0.44175538
1.9548093	0.44170505
1.9555469	0.44175538
1.9562846	0.4419063
1.9570233	0.44205734
1.9577622	0.44220829
1.9585019	0.44230899
1.959242	0.44256064
1.9599829	0.44266132
1.960724	0.44266132
1.961466	0.44291294
1.9622083	0.44291294
1.9629514	0.44286263
1.9636948	0.44301361
1.9644389	0.44336593
1.9651834	0.44336593
1.9659288	0.44336593
1.9666744	0.44351691
1.9674209	0.44351691
1.9681678	0.4434666
1.9689153	0.44366789
1.9696634	0.44376859
1.9704123	0.4438692
1.9711614	0.44407058
1.9719112	0.44422153
1.9726615	0.44432223
1.9734125	0.44437256
1.9741639	0.44447324
1.9749161	0.44447324
1.9756685	0.44467452
1.976422	0.44467452
1.9771756	0.44467452
1.9779301	0.44482556
1.9786849	0.44502684
1.9794405	0.44507718
1.9801965	0.44512755
1.9809532	0.44507718
1.9817104	0.44512755
1.9824681	0.44532883
1.9832264	0.44532883
1.9839855	0.44522816
1.984745	0.44522816
1.9855052	0.44532883
1.9862659	0.44558048
1.9870273	0.44563079
1.987789	0.44573152
1.9885516	0.44583216
1.9893147	0.44583216
1.9900783	0.44593281
1.9908425	0.44603348
1.9916074	0.44608381
1.9923728	0.44603348
1.9931389	0.44618446
1.9939053	0.44613412
1.9946727	0.44618446
1.9954402	0.44648644
1.9962088	0.44653681
1.9969776	0.44663745
1.9977473	0.44678843
1.9985173	0.44668776
1.9992882	0.4468388
2.0000594	0.44698977
2.0008314	0.44719109
2.0016038	0.4472414
2.002377	0.4472414
2.0031507	0.44729173
2.0039251	0.44734207
2.0046999	0.44754341
2.0054755	0.44759369
2.0062516	0.44764403
2.0070286	0.44769442
2.0078058	0.44779506
2.0085838	0.44789574
2.0093622	0.44804671
2.0101414	0.44814739
2.010921	0.44824806
2.0117013	0.44844934
2.0124824	0.44849968
2.0132637	0.44849968
2.0140457	0.44870099
2.0148287	0.44885203
2.0156119	0.4488017
2.016396	0.44895267
2.0171804	0.44915402
2.0179658	0.44920433
2.0187516	0.44925469
2.0195379	0.44940567
2.0203249	0.44950634
2.0211127	0.44970763
2.0219009	0.44985864
2.0226898	0.45005995
2.0234792	0.45016062
2.0242696	0.45011029
2.0250602	0.45005995
2.0258517	0.45021096
2.0266438	0.45046258
2.0274363	0.45046258
2.0282295	0.45056331
2.0290234	0.45081493
2.0298178	0.45106655
2.0306129	0.45111692
2.0314085	0.45111692
2.0322044	0.45111692
2.0330014	0.45111692
2.0337989	0.45126793
2.0345972	0.45126793
2.0353961	0.45126793
2.0361953	0.45141891
2.0369956	0.45141891
2.0377963	0.45136857
2.0385981	0.45151955
2.0393999	0.45167056
2.0402026	0.45162022
2.0410056	0.45182154
2.0418096	0.45202288
2.042614	0.45197254
2.0434194	0.45202288
2.044225	0.45212352
2.0450315	0.45202288
2.0458386	0.45207319
2.0466464	0.45237517
2.0474546	0.45252621
2.0482635	0.45252621
2.049073	0.45252621
2.0498834	0.45247582
2.0506942	0.45252621
2.0515053	0.45247582
2.0523174	0.45242548
2.0531304	0.45247582
2.0539436	0.45247582
2.0547578	0.45237517
2.0555725	0.45247582
2.0563879	0.45252621
2.057204	0.45247582
2.0580208	0.45257652
2.0588381	0.45252621
2.0596561	0.45232484
2.0604746	0.45242548
2.0612941	0.45247582
2.062114	0.45247582
2.0629346	0.45247582
2.0637558	0.45247582
2.0645773	0.45252621
2.0653996	0.45247582
2.0662231	0.45247582
2.0670469	0.45247582
2.0678713	0.45252621
2.0686965	0.45237517
2.0695224	0.45217386
2.0703487	0.45207319
2.0711763	0.45212352
2.0720038	0.4522242
2.0728326	0.45227453
2.0736616	0.45207319
2.0744915	0.45197254
2.0753219	0.45207319
2.076153	0.45197254
2.0769846	0.45167056
2.0778172	0.45172086
2.0786502	0.4517712
2.0794842	0.45172086
2.0803187	0.45151955
2.0811539	0.45141891
2.0819895	0.45151955
2.0828261	0.45146924
2.0836632	0.45146924
2.084501	0.45146924
2.0853395	0.4513182
2.0861788	0.45096591
2.0870185	0.45071423
2.0878592	0.45066389
2.0887003	0.45061362
2.0895422	0.45066389
2.0903847	0.45061362
2.0912282	0.45056331
2.092072	0.45041227
2.0929167	0.45016062
2.0937619	0.44995928
2.0946081	0.44995928
2.0954545	0.44995928
2.096302	0.44995928
2.0971498	0.4498083
2.0979986	0.44960698
2.0988479	0.44955665
2.0996981	0.44955665
2.1005487	0.44945601
2.1014004	0.44930497
2.1022525	0.44930497
2.1031053	0.4493553
2.1039588	0.44920433
2.1048129	0.44910368
2.1056678	0.44895267
2.1065235	0.4488017
2.1073797	0.4488017
2.1082368	0.44870099
2.1090944	0.44844934
2.1099529	0.44839904
2.1108119	0.44865066
2.1116717	0.44875133
2.1125321	0.44860035
2.1133935	0.44839904
2.1142552	0.44824806
2.115118	0.44799638
2.1159811	0.44799638
2.1168454	0.44794601
2.1177099	0.44804671
2.1185756	0.44809702
2.1194417	0.44824806
2.1203086	0.44819772
2.121176	0.44809702
2.1220446	0.44794601
2.1229134	0.4478454
2.1237831	0.44789574
2.1246536	0.44799638
2.1255245	0.44809702
2.1263962	0.44804671
2.1272688	0.44774473
2.1281419	0.44769442
2.1290162	0.44769442
2.1298907	0.44789574
2.1307662	0.44789574
2.1316423	0.44779506
2.1325192	0.44774473
2.1333966	0.44794601
2.1342752	0.44799638
2.135154	0.44794303
2.1360338	0.44810313
2.1369143	0.44783634
2.1377954	0.4474628
2.1386774	0.44735608
2.1395605	0.4474628
2.1404438	0.44756952
2.1413281	0.44756952
2.1422129	0.44687587
2.1430986	0.44644898
2.1439848	0.4467158
2.144872	0.44687587
2.1457596	0.44639564
2.1466477	0.44628891
2.1475368	0.44586205
2.148427	0.44554189
2.1493175	0.44522175
2.1502092	0.44490162
2.1511011	0.44500834
2.1519942	0.44431466
2.1528878	0.44383445
2.1537826	0.4440479
2.1546776	0.44415459
2.1555736	0.4434076
2.1564703	0.44292736
2.1573677	0.4423404
2.1582658	0.44191355
2.1591649	0.44154006
2.1600645	0.44116652
2.1609645	0.44036618
2.1618655	0.43977922
2.1627674	0.43935233
2.1636701	0.43887213
2.1645734	0.43791169
2.1654775	0.43727139
2.1663826	0.43695119
2.1672883	0.43636432
2.168195	0.43567061
2.169102	0.43476352
2.1700101	0.43401653
2.1709187	0.43310943
2.1718283	0.43209559
2.1727386	0.43134859
2.1736495	0.43102846
2.1745613	0.43022805
2.1754742	0.42926762
2.1763873	0.42852059
2.1773014	0.42766687
2.1782162	0.42649299
2.179132	0.42531914
2.1800482	0.42393178
2.1809654	0.42254451
2.1818831	0.42121053
2.1828015	0.42030343
2.1837208	0.41966313
2.1846411	0.41854259
2.1855621	0.41704854
2.1864841	0.4160881
2.1874065	0.41491422
2.1883299	0.41352692
2.189254	0.41219297
2.1901793	0.41096574
2.1911051	0.41011199
2.1920316	0.40952504
2.1929588	0.40877804
2.193887	0.40733737
2.1948156	0.40584332
2.1957452	0.40445605
2.1966755	0.40322876
2.197607	0.40248176
2.1985388	0.40168136
2.1994717	0.40040079
2.2004051	0.39933363
2.2013395	0.39853325
2.2022746	0.3977862
2.2032106	0.39682576
2.2041473	0.39575863
2.2050848	0.39463806
2.206023	0.39367762
2.2069621	0.39298397
2.207902	0.39250374
2.2088428	0.39181009
2.2097843	0.39138323
2.2107267	0.39132988
2.2116697	0.39165002
2.2126141	0.39197019
2.2135587	0.39202353
2.2145045	0.39223698
2.2154505	0.39229032
2.216398	0.39207688
2.2173457	0.39213026
2.2182946	0.39250374
2.2192442	0.39287725
2.2201948	0.39271718
2.2211459	0.39277053
2.2220981	0.39341083
2.2230508	0.39405113
2.2240045	0.39437127
2.2249589	0.39485154
2.2259145	0.39511833
2.2268705	0.39554515
2.2278273	0.39613211
2.228785	0.39677241
2.2297437	0.39735934
2.2307031	0.39799964
2.2316635	0.3984265
2.2326245	0.39896008
2.2335865	0.39981383
2.234549	0.40066758
2.2355127	0.40136123
2.2364771	0.40205491
2.2374425	0.4026418
2.2384083	0.40306869
2.2393754	0.40322876
2.2403431	0.4034422
2.2413118	0.40370899
2.2422812	0.40381569
2.243252	0.40418923
2.2442229	0.40418923
2.2451949	0.4043493
2.2461677	0.40461609
2.2471414	0.40440264
2.2481158	0.4042426
2.2490911	0.40397578
2.2500672	0.40440264
2.251044	0.40472278
2.2520218	0.40456274
2.2530005	0.40440264
2.2539799	0.40472278
2.2549605	0.40509632
2.2559416	0.40536314
2.2569239	0.40546983
2.2579067	0.40573663
2.2588909	0.40643027
2.2598755	0.40685713
2.2608612	0.40691051
2.2618475	0.40749747
2.2628348	0.40845791
2.263823	0.4092049
2.264812	0.40957841
2.2658017	0.4105922
2.2667923	0.41176611
2.2677839	0.41256645
2.2687764	0.41320679
2.2697697	0.41416723
2.2707639	0.41486087
2.271759	0.4154478
2.2727549	0.41592807
2.2737517	0.41678175
2.2747495	0.4177956
2.275748	0.41891614
2.2767475	0.41923627
2.2777479	0.41971648
2.278749	0.42019671
2.2797511	0.42046353
2.2807541	0.42057022
2.2817578	0.42089036
2.282763	0.42078367
2.2837684	0.42073032
2.284775	0.42089036
2.2857823	0.42110381
2.2867908	0.42078367
2.2877998	0.42019671
2.28881	0.41982323
2.2898209	0.41939634
2.2908323	0.41896948
2.2918451	0.41859594
2.2928588	0.41790229
2.2938731	0.41742209
2.2948887	0.41704854
2.2959049	0.41630155
2.2969222	0.41592807
2.2979403	0.41507432
2.2989597	0.41432726
2.2999794	0.41352692
2.3010006	0.41294
2.3020222	0.41267321
2.303045	0.4120329
2.3040683	0.41091236
2.3050931	0.41011199
2.3061182	0.40952504
2.3071454	0.40909821
2.3081722	0.4085646
2.3092005	0.4076575
2.3102295	0.40685713
2.3112597	0.40632358
2.3122904	0.40578997
2.3133223	0.40504292
2.3143549	0.4042426
2.3153882	0.40365565
2.3164227	0.4034422
2.3174584	0.4026418
2.3184946	0.40205491
2.3195322	0.40162802
2.3205702	0.4012545
2.3216095	0.40061423
2.3226497	0.39954704
2.3236911	0.39885339
2.324733	0.39869329
2.3257761	0.39805299
2.3268199	0.39741269
2.3278646	0.39682576
2.3289104	0.39634556
2.3299572	0.39570525
2.3310046	0.39490488
2.3320534	0.39431792
2.3331029	0.39346421
2.3341534	0.39213026
2.3352048	0.39138323
2.3362572	0.39036945
2.3373103	0.3895157
2.3383648	0.38834181
2.3394198	0.38743472
2.340476	0.38684776
2.3415329	0.38626084
2.342591	0.38540709
2.3436501	0.38503358
2.3447101	0.3845
2.3457711	0.38407314
2.346833	0.38391304
2.3478959	0.38364625
2.3489597	0.38348621
2.3500245	0.3835929
2.3510904	0.3835929
2.3521569	0.38364625
2.3532248	0.38369966
2.3542933	0.38364625
2.3553631	0.38369966
2.3564336	0.38385969
2.3575051	0.38396639
2.3585775	0.38444665
2.3596511	0.38455334
2.3607256	0.38466009
2.3618011	0.38503358
2.3628776	0.38503358
2.363955	0.38514027
2.3650334	0.38535374
2.3661137	0.38551384
2.3671939	0.38588732
2.3682754	0.38599402
2.3693576	0.38610077
2.3704412	0.38604736
2.3715253	0.38599402
2.3726108	0.38567388
2.373697	0.38594067
2.3747847	0.38631418
2.3758729	0.38631418
2.3769624	0.38578057
2.3780525	0.38610077
2.379144	0.38679442
2.3802361	0.38684776
2.3813298	0.38658097
2.3824239	0.38668773
2.3835192	0.38700786
2.3846154	0.3871679
2.3857129	0.38722128
2.3868113	0.38732803
2.3879108	0.38770151
2.3890109	0.38818172
2.3901126	0.38855526
2.3912148	0.3886086
2.3923185	0.38855526
2.3934228	0.38855526
2.3945284	0.38844851
2.3956349	0.38823512
2.3967426	0.38834181
2.397851	0.3886086
2.3989608	0.38844851
2.4000711	0.3886086
2.4011834	0.38855526
2.4022958	0.38823512
2.4034097	0.38802165
2.4045243	0.38791496
2.4056404	0.38748807
2.4067569	0.3871679
2.4078751	0.38700786
2.4089937	0.38663432
2.4101133	0.38572723
2.4112341	0.38551384
2.4123564	0.38556719
2.4134791	0.38524702
2.4146035	0.38423318
2.4157286	0.38364625
2.4168549	0.38327274
2.4179819	0.38279256
2.4191108	0.38199216
2.4202399	0.3815653
2.4213705	0.38087162
2.4225018	0.38023132
2.4236345	0.37985784
2.424768	0.37900409
2.4259028	0.37804365
2.4270384	0.37756342
2.4281759	0.37686977
2.4293137	0.37617612
2.4304526	0.37553579
2.4315925	0.37500224
2.4327338	0.37420186
2.4338756	0.3738817
2.435019	0.37334812
2.4361632	0.37313467
2.4373078	0.37276116
2.4384544	0.37222758
2.4396017	0.37174737
2.4407504	0.37137389
2.4419	0.37100032
2.4430506	0.37100032
2.4442027	0.37089363
2.4453554	0.37084028
2.4465098	0.3704668
2.447665	0.3703067
2.4488211	0.37014663
2.4499784	0.37025335
2.4511368	0.37062684
2.4522963	0.37100032
2.4534569	0.37105373
2.4546185	0.37094697
2.4557815	0.37068018
2.4569452	0.37084028
2.4581103	0.37105373
2.4592764	0.37110707
2.4604435	0.37158728
2.4616117	0.37174737
2.4627812	0.37169403
2.4639518	0.37153393
2.4651229	0.37121379
2.4662957	0.37164068
2.4674697	0.37201416
2.4686446	0.37228099
2.4698207	0.37260112
2.4709978	0.37276116
2.4721763	0.37286791
2.4733558	0.37281451
2.4745364	0.37276116
2.4757183	0.37286791
2.4769011	0.37286791
2.478085	0.3729746
2.4792702	0.37292126
2.4804564	0.3729746
2.4816439	0.37292126
2.4828324	0.37281451
2.4840217	0.37292126
2.4852126	0.3729746
2.4864044	0.37324142
2.4875975	0.37361491
2.4887917	0.37350821
2.4899871	0.37345484
2.4911838	0.37350821
2.4923813	0.37361491
2.4935806	0.37377501
2.4947805	0.3737216
2.4959817	0.37350821
2.497184	0.37377501
2.4983873	0.3737216
2.4995921	0.37361491
2.5007977	0.37356156
2.5020049	0.37382835
2.5032129	0.37382835
2.5044224	0.37393504
2.5056329	0.37409517
2.5068443	0.37409517
2.5080571	0.3738817
2.5092711	0.37382835
2.5104864	0.37398842
2.5117025	0.37420186
2.5129199	0.37393504
2.5141385	0.37377501
2.5153584	0.37377501
2.5165794	0.3738817
2.5178018	0.3738817
2.5190251	0.37409517
2.5202496	0.3738817
2.5214756	0.37382835
2.5227027	0.37393504
2.5239308	0.37393504
2.5251603	0.3738817
2.5263908	0.37398842
2.5276225	0.37377501
2.5288556	0.37350821
2.5300899	0.37324142
2.5313251	0.37324142
2.532562	0.37329477
2.5337996	0.37334812
2.5350387	0.37302795
2.536279	0.37286791
2.5375204	0.37233433
2.538763	0.37190741
2.5400069	0.37142724
2.5412521	0.37121379
2.5424979	0.37137389
2.5437455	0.37121379
2.5449944	0.37052014
2.5462441	0.37025335
2.5474954	0.37003988
2.548748	0.36971974
2.5500016	0.36913279
2.5512564	0.36929289
2.5525131	0.36934626
2.5537705	0.36918613
2.5550292	0.36859921
2.556289	0.36817235
2.5575502	0.36742535
2.5588126	0.36683843
2.5600762	0.36657164
2.561341	0.36699846
2.5626073	0.36673167
2.5638747	0.36625147
2.5651433	0.36561114
2.5664132	0.36459735
2.5676842	0.3637436
2.5689566	0.36395705
2.5702302	0.36395705
2.5715053	0.36256972
2.5727808	0.36198279
2.5740583	0.36208951
2.5753372	0.36091563
2.576617	0.36070219
2.5778983	0.36011526
2.579181	0.35899475
2.5804646	0.35878128
2.5817497	0.35814101
2.5830364	0.35771412
2.5843241	0.35856786
2.585613	0.35675368
2.5869033	0.35589993
2.5881948	0.35552645
2.5894876	0.35493949
2.5907817	0.35397905
2.592077	0.35243168
2.5933733	0.35200477
2.5946712	0.35435256
2.5959706	0.35440591
2.5972712	0.35163128
2.598573	0.34987044
2.5998762	0.34891
2.6011808	0.34858987
2.6024866	0.34816301
2.6037939	0.34741595
2.6051023	0.34789622
2.6064122	0.34816301
2.6077232	0.34704247
2.6090355	0.34629545
2.6103492	0.34592193
2.6116643	0.34522828
2.6129806	0.3448548
2.6142986	0.34410778
2.6156178	0.34362751
2.6169381	0.34469467
2.6182597	0.34384099
2.6195827	0.34336075
2.6209071	0.34432119
2.6222329	0.34272042
2.62356	0.34154657
2.6248877	0.34079954
2.6262174	0.34149319
2.6275485	0.34149319
2.628881	0.34010589
2.6302147	0.34069285
2.6315498	0.3404794
2.6328864	0.33919883
2.6342242	0.33898535
2.6355639	0.33770478
2.6369042	0.33701107
2.6382463	0.33647755
2.6395895	0.33578384
2.6409342	0.33503684
2.6422803	0.33444992
2.6436276	0.33338273
2.6449764	0.33263573
2.6463268	0.3321555
2.6476784	0.33071482
2.6490314	0.32927415
2.6503856	0.32810026
2.6517413	0.32719317
2.6530983	0.32612601
2.6544569	0.32431185
2.6558168	0.3228178
2.6571774	0.32052338
2.65854	0.31865585
2.6599042	0.3171618
2.6612697	0.3151342
2.6626365	0.3123062
2.6640048	0.30985174
2.6653745	0.30867785
2.6667454	0.30654353
2.6681182	0.30200803
2.6694922	0.29763266
2.6708674	0.29432446
2.6722443	0.28792146
2.6736224	0.28194532
2.6750021	0.27719644
2.676383	0.27282107
2.6777654	0.26759195
2.6791496	0.26193595
2.6805348	0.25563967
2.6819217	0.24827622
2.6833098	0.24117957
2.6846995	0.23370941
2.6860905	0.22645268
2.6874828	0.21866238
2.6888769	0.20996496
2.6902716	0.20020039
2.6916685	0.18990225
2.6930668	0.17928393
2.6944666	0.16839884
2.6958678	0.15730031
2.6972704	0.14721557
2.6986744	0.13761109
2.7000799	0.12768646
2.7014871	0.11658791
2.7028956	0.10506252
2.7043056	0.094871081
2.7057171	0.088521436
2.70713	0.085800171
2.7085443	0.085906878
2.7099602	0.086600542
2.7113776	0.086333744
2.7127967	0.083452404
2.7142169	0.079450525
2.7156389	0.075181864
2.7170622	0.070539691
2.718487	0.065363929
2.7199132	0.060348257
2.7213409	0.055439286
2.7227702	0.05085047
2.7242005	0.047062032
2.7256327	0.044073965
2.7270665	0.041352693
2.7285018	0.039058283
2.7299387	0.037297457
2.7313771	0.035750069
2.7328169	0.034149323
2.7342582	0.033028793
2.7357013	0.032068346
2.7371457	0.030947821
2.7385917	0.029987374
2.7400391	0.029293714
2.741488	0.02843998
2.7429385	0.028013114
2.7443907	0.027532889
2.7458441	0.026945947
2.747299	0.026519081
2.7487557	0.026198929
2.7502139	0.025558632
2.7516737	0.02465154
2.753135	0.024331391
2.7545979	0.024064599
2.7560623	0.023744449
2.7575283	0.023584373
2.7589962	0.02337094
2.7604654	0.023317583
2.7619359	0.023637732
2.7634082	0.024491465
2.7648821	0.025131766
2.7663574	0.025398558
2.7678344	0.025505275
2.7693131	0.025878781
2.7707932	0.026625799
2.772275	0.027106024
2.7737584	0.027372815
2.7752433	0.028066473
2.7767296	0.028866846
2.7782178	0.029773938
2.7797074	0.030894462
2.7811987	0.031908274
2.782691	0.032708645
2.7841854	0.03350902
2.7856815	0.034256037
2.7871792	0.035163127
2.7886784	0.036123578
2.7901793	0.036923952
2.7916818	0.037991118
2.7931859	0.039271716
2.794692	0.040338885
2.7961996	0.04113926
2.7977085	0.042046349
2.7992191	0.042953439
2.8007314	0.043860536
2.8022454	0.044820983
2.803761	0.045567997
2.8052781	0.046421736
2.806797	0.04738218
2.8083177	0.048342634
2.8098397	0.049196362
2.8113635	0.050103452
2.8128889	0.051223978
2.8144159	0.052291147
2.8159447	0.053518388
2.8174751	0.054638911
2.8190067	0.055706076
2.8205404	0.056666527
2.8220758	0.057787053
2.8236129	0.059014294
2.8251517	0.060294893
2.8266921	0.061788924
2.8282342	0.063389681
2.829778	0.065097138
2.8313241	0.066804603
2.8328712	0.068298645
2.83442	0.069952749
2.8359706	0.071766928
2.8375227	0.0734744
2.8390768	0.075288579
2.8406324	0.077102765
2.8421898	0.078916945
2.843749	0.080997922
2.84531	0.082972176
2.8468723	0.084679641
2.8484366	0.086493827
2.8500025	0.088414729
2.8515701	0.090015478
2.8531396	0.091456145
2.8547106	0.092843473
2.8562829	0.093910627
2.8578575	0.094977796
2.8594339	0.096044958
2.861012	0.096845344
2.8625917	0.097592361
2.8641732	0.098232657
2.8657565	0.098926313
2.8673415	0.099566609
2.8689287	0.099833407
2.870517	0.099993482
2.8721075	0.10042034
2.8736994	0.10068714
2.8752933	0.1007405
2.876889	0.1007405
2.8784864	0.10084721
2.8800855	0.10084721
2.8816857	0.10100728
2.8832886	0.10111401
2.8848929	0.10100728
2.8864994	0.10079385
2.8881073	0.10079385
2.8897173	0.10090058
2.8913291	0.10084721
2.8929424	0.10068714
2.8945582	0.10058042
2.8961751	0.10063378
2.897794	0.10058042
2.8994148	0.1002069
2.9010372	0.10026027
2.9026616	0.10031363
2.9042876	0.10015356
2.9059157	0.09988676
2.9075458	0.099566609
2.9091775	0.099673323
2.9108109	0.099833407
2.9124463	0.099726684
2.9140832	0.099780045
2.9157224	0.099673323
2.9173632	0.099673323
2.9190059	0.099513248
2.9206498	0.09940654
2.922296	0.099246465
2.9239442	0.099193104
2.9255943	0.099246465
2.9272463	0.099139743
2.9289	0.098766237
2.9305558	0.098659515
2.9322133	0.098872952
2.9338732	0.098979667
2.9355345	0.098926313
2.9371977	0.098979667
2.9388628	0.099033028
2.9405298	0.099139743
2.9421985	0.099246465
2.9438694	0.09940654
2.9455421	0.099353172
2.9472167	0.099459901
2.9488933	0.099673323
2.9505715	0.09961997
2.9522519	0.099566609
2.953934	0.099726684
2.9556181	0.099940121
2.9573042	0.10004683
2.9589922	0.1001002
2.9606814	0.10026027
2.9623733	0.10042034
2.964067	0.10036699
2.9657626	0.10036699
2.9674604	0.1004737
2.9691598	0.1004737
2.9708614	0.1007405
2.9725649	0.10084721
2.9742706	0.10084721
2.9759779	0.1007405
2.9776874	0.10084721
2.9793985	0.10100728
2.9811118	0.10100728
2.9828272	0.10106065
2.9845443	0.10116736
2.9862635	0.10106065
2.9879854	0.10106065
2.9897087	0.10106065
2.9914336	0.10116736
2.993161	0.1013808
2.99489	0.1014875
2.9966211	0.1014875
2.9983544	0.1014875
3.0000894	0.10159423
3.001826	0.10159423
3.0035653	0.10159423
3.0053065	0.10196774
3.0070496	0.10196774
3.0087948	0.10186101
3.0105422	0.10196774
3.0122914	0.10207445
3.0140429	0.10218117
3.0157964	0.10218117
3.0175517	0.10228789
3.0193093	0.10260803
3.0210688	0.10271475
3.0228302	0.10271475
3.0245938	0.10276812
3.0263596	0.10282147
3.0281272	0.10282147
3.0298975	0.10282147
3.0316694	0.10292818
3.0334435	0.1030349
3.0352194	0.10308826
3.0369976	0.10314161
3.0387776	0.1033017
3.04056	0.10340841
3.0423443	0.10346177
3.0441301	0.10356848
3.0459187	0.10372856
3.0477092	0.10383528
3.0495021	0.10394199
3.0512969	0.10404871
3.0530939	0.10404871
3.054893	0.10404871
3.0566943	0.10415543
3.0584979	0.10415543
3.0603034	0.10410207
3.0621109	0.10426214
3.0639207	0.10436887
3.0657327	0.10442221
3.0675466	0.10452893
3.0693629	0.10468901
3.0711813	0.10474237
3.0730011	0.10484909
3.0748239	0.10490245
3.0766487	0.10500915
3.0784757	0.10506252
3.0803049	0.10516923
3.0821362	0.10522259
3.0839698	0.10543603
3.0858054	0.10575617
3.0876439	0.10591625
3.0894837	0.10596961
3.0913262	0.10634312
3.0931706	0.10660991
3.0950172	0.10666326
3.0968661	0.10676999
3.0987172	0.10703678
3.1005704	0.10730357
3.1024263	0.10767708
3.104284	0.10794386
3.106144	0.10810394
3.1080062	0.10826402
3.1098707	0.10869088
3.1117373	0.10917111
3.1136062	0.10949126
3.1154773	0.10981141
3.1173501	0.11013155
3.1192257	0.11050507
3.1211035	0.11082522
3.1229837	0.11109201
3.1248662	0.11157223
3.1267509	0.11205246
3.128638	0.11247933
3.1305273	0.11295955
3.1324193	0.11317298
3.1343131	0.11343978
3.1362092	0.11397336
3.1381078	0.11456029
3.1400084	0.1149338
3.1419115	0.11536067
3.1438167	0.11584089
3.1457245	0.1162144
3.1476347	0.1168547
3.1495469	0.11728156
3.1514616	0.11760173
3.1533785	0.11802859
3.1552978	0.11861553
3.1572194	0.11925584
3.1591434	0.11973606
3.1610696	0.12021628
3.162998	0.12080322
3.1649289	0.12123008
3.1668622	0.12171032
3.168798	0.12213717
3.1707361	0.12261739
3.1726766	0.12320434
3.1746194	0.12384465
3.1765647	0.12443158
3.1785126	0.12501852
3.1804626	0.1254454
3.182415	0.12597898
3.1843698	0.12661928
3.186327	0.12731294
3.1882865	0.12795323
3.1902485	0.12843347
3.1922131	0.12896705
3.19418	0.1296607
3.1961493	0.13019428
3.1981211	0.13088794
3.2000952	0.13142152
3.2020719	0.1319551
3.2040508	0.1325954
3.2060323	0.13323571
3.2080164	0.13392937
3.2100022	0.13467638
3.2119911	0.13531668
3.2139823	0.13585027
3.215976	0.13649057
3.2179723	0.13723759
3.2199712	0.13777116
3.2219722	0.13841146
3.2239761	0.13915847
3.2259824	0.13995886
3.2279911	0.14059915
3.2300024	0.14123945
3.2320161	0.14171968
3.2340324	0.14209318
3.2360511	0.14268014
3.2380724	0.14342715
3.2400961	0.14417417
3.2421229	0.14481446
3.2441516	0.14545476
3.2461832	0.14604171
3.2482171	0.14657529
3.2502534	0.14721557
3.2522926	0.1479626
3.2543342	0.14849618
3.2563784	0.14908312
3.2584248	0.14967006
3.2604742	0.15036373
3.262526	0.15105738
3.2645805	0.15164433
3.2666376	0.15217791
3.2686973	0.15276486
3.2707596	0.15345851
3.2728245	0.15420553
3.2748921	0.15484582
3.2769623	0.15543278
3.2790351	0.15612642
3.2811103	0.15687343
3.2831883	0.15762044
3.2852688	0.15831412
3.2873521	0.15895441
3.289438	0.15964808
3.2915258	0.16028838
3.293617	0.16087532
3.2957108	0.16156898
3.2978072	0.16236934
3.2999065	0.163063
3.3020084	0.16370331
3.3041129	0.16429023
3.3062201	0.16503726
3.3083303	0.16578428
3.3104429	0.16637123
3.3125582	0.16695815
3.314676	0.16759844
3.3167968	0.1681854
3.3189204	0.16887906
3.3210464	0.16951935
3.3231752	0.17015965
3.3253074	0.17079996
3.3274417	0.17154698
3.3295789	0.1720272
3.3317187	0.17240071
3.3338614	0.17288095
3.3360066	0.17325443
3.3381548	0.17362796
3.3403056	0.17389473
3.3424585	0.17416152
3.344615	0.17453505
3.3467741	0.17496189
3.3489361	0.17533542
3.3511009	0.17586899
3.3532684	0.17618915
3.3554389	0.17650931
3.3576121	0.17666939
3.3597887	0.1768828
3.3619676	0.17698953
3.3641491	0.17693615
3.3663337	0.17682946
3.368521	0.17672274
3.3707113	0.17661601
3.3729043	0.17672274
3.3751001	0.1768828
3.3772995	0.17720295
3.3795011	0.17746975
3.3817058	0.17794997
3.383913	0.17853692
3.3861232	0.17912386
3.3883364	0.17971081
3.3905525	0.18019103
3.3927715	0.18056454
3.3949924	0.18083131
3.3972173	0.18077795
3.3994448	0.18056454
3.4016755	0.18019103
3.403909	0.17965744
3.4061456	0.17912386
3.408385	0.17875035
3.4106274	0.17859027
3.4128728	0.17864364
3.4151211	0.1790705
3.4173725	0.17976415
3.4196265	0.18104476
3.4218838	0.18291229
3.424144	0.18493992
3.4264071	0.1868608
3.4286733	0.18872835
3.4309425	0.19059588
3.4332149	0.19230337
3.4354899	0.19385076
3.4377682	0.19534479
3.4400494	0.1967321
3.4423335	0.1981194
3.4446208	0.19940002
3.4469111	0.20052053
3.449204	0.20164107
3.4515004	0.20276159
3.4537997	0.20377541
3.4561024	0.20484257
3.4584079	0.20590973
3.4607165	0.20681682
3.4630284	0.20745711
3.4653432	0.20809743
3.4676619	0.20873773
3.4699829	0.20921795
3.472307	0.20943137
3.4746342	0.20959143
3.4769647	0.20964481
3.4792981	0.20964481
3.4816349	0.20980489
3.4839747	0.21012504
3.4863167	0.21033846
3.488663	0.21060526
3.4910121	0.21065864
3.4933646	0.2105519
3.4957201	0.21017839
3.4980791	0.20985824
3.5004408	0.20985824
3.5028062	0.21033846
3.5051751	0.211459
3.5075467	0.2131131
3.5099213	0.21492729
3.5122993	0.21679482
3.5146806	0.21871573
3.517065	0.22047655
3.5194528	0.22223736
3.5218437	0.22378476
3.5242381	0.22543888
3.5266356	0.22714633
3.5290363	0.22864036
3.5314403	0.22981425
3.5338476	0.23104149
3.536258	0.23232208
3.538672	0.23349597
3.5410891	0.23450978
3.5435085	0.23557696
3.5459323	0.23648404
3.5483594	0.23728441
3.5507898	0.2381915
3.5532234	0.23920532
3.5556605	0.24021913
3.5581009	0.24107288
3.5605447	0.2419266
3.5629921	0.24278034
3.5654426	0.2435807
3.5678964	0.24443442
3.5703535	0.24518144
3.5728142	0.24598181
3.5752783	0.24672882
3.5777457	0.24747585
3.5802164	0.24806279
3.5826914	0.24875645
3.5851691	0.24955682
3.5876501	0.25030383
3.5901346	0.25089079
3.5926225	0.25158444
3.595114	0.25227809
3.5976088	0.25291839
3.6001072	0.25350535
3.6026084	0.254199
3.6051137	0.2548393
3.6076224	0.2554796
3.6101346	0.25601318
3.6126504	0.25654677
3.6151698	0.257027
3.6176925	0.25745386
3.620219	0.25809419
3.6227491	0.25868109
3.6252825	0.25916132
3.6278193	0.25953484
3.6303599	0.26001507
3.6329038	0.260602
3.6354516	0.26102886
3.6380026	0.26134899
3.6405575	0.26177588
3.6431165	0.26230946
3.6456785	0.26268297
3.6482441	0.26305649
3.6508133	0.26348332
3.6533861	0.26385686
3.6559625	0.26423034
3.6585426	0.26471061
3.6611264	0.26513743
3.6637127	0.26556432
3.6663036	0.26599118
3.6688983	0.26631132
3.6714969	0.26668486
3.6740987	0.26716506
3.6767046	0.2676453
3.6793139	0.26807216
3.6819272	0.26839232
3.6845443	0.26860577
3.687165	0.26908597
3.6897893	0.26956621
3.6924174	0.26999307
3.695049	0.2704733
3.6976848	0.27090016
3.7003241	0.27127367
3.7029672	0.27170053
3.7056146	0.27228749
3.7082653	0.27282107
3.7109196	0.27335465
3.713578	0.27383485
3.7162399	0.2742084
3.7189059	0.27474195
3.7215757	0.27527556
3.7242491	0.27575576
3.7269256	0.27607593
3.7296069	0.27644941
3.7322919	0.27698302
3.7349808	0.2776233
3.7376738	0.27815688
3.7403705	0.27869046
3.7430711	0.27911732
3.7457757	0.27959755
3.7484846	0.28013113
3.7511971	0.28066474
3.7539134	0.28109157
3.7566335	0.28162518
3.7593577	0.28210539
3.7620859	0.282639
3.764818	0.28317255
3.767554	0.28359944
3.770293	0.28402629
3.7730372	0.28445318
3.7757852	0.28488004
3.778537	0.2853069
3.7812932	0.28573376
3.7840533	0.28610727
3.7868173	0.28637409
3.7895856	0.28664085
3.7923579	0.28690764
3.7951343	0.28733453
3.7979145	0.28770801
3.800699	0.28802818
3.8034875	0.28840169
3.8062801	0.28861511
3.8090768	0.28877521
3.8118775	0.28893527
3.8146832	0.28925544
3.8174922	0.2895222
3.8203053	0.28978899
3.8231227	0.29000244
3.8259442	0.29021588
3.8287699	0.29037595
3.8315997	0.29058939
3.8344338	0.29074946
3.837271	0.29090953
3.8401134	0.29117632
3.8429599	0.29144311
3.8458109	0.29154983
3.848666	0.29165655
3.8515253	0.29181662
3.8543887	0.29197669
3.8572567	0.29213679
3.8601296	0.29219013
3.8630059	0.2923502
3.8658867	0.29256362
3.8687716	0.29277706
3.8716609	0.29293716
3.8745544	0.29299051
3.8774524	0.29309723
3.8803546	0.2932573
3.8832617	0.29341736
3.8861728	0.29347071
3.8890882	0.29347071
3.8920078	0.29357743
3.894932	0.29363078
3.8978605	0.2937375
3.9007933	0.29384422
3.9037306	0.29395095
3.9066718	0.2938976
3.9096179	0.29395095
3.9125686	0.29405767
3.9155238	0.29416439
3.9184833	0.29421774
3.9214473	0.29416439
3.9244158	0.29411101
3.9273889	0.29400432
3.9303668	0.29395095
3.9333489	0.29405767
3.9363356	0.29405767
3.9393268	0.29400432
3.9423223	0.2938976
3.9453225	0.2938976
3.9483273	0.29384422
3.9513369	0.29379085
3.9543512	0.29368415
3.9573698	0.29357743
3.960393	0.29357743
3.9634209	0.29336402
3.9664533	0.29320392
3.9694903	0.29320392
3.972532	0.29304385
3.9755785	0.29293716
3.9786289	0.29277706
3.9816847	0.29272369
3.984745	0.29272369
3.9878104	0.29256362
3.9908803	0.2923502
3.9939549	0.29229686
3.9970343	0.29219013
4.0001183	0.29208341
4.0032082	0.29186997
4.0063019	0.2917099
4.0094004	0.29154983
4.0125036	0.29133642
4.0156116	0.29117632
4.0187244	0.29096287
4.021842	0.29074946
4.0249648	0.29058939
4.028091	0.29037595
4.0312233	0.29016253
4.0343604	0.28984237
4.0375023	0.28957558
4.0406489	0.28941551
4.0438008	0.28930879
4.046958	0.28914872
4.0501194	0.2888819
4.0532866	0.28845504
4.056458	0.28818825
4.0596347	0.28808153
4.0628161	0.28792146
4.0660028	0.28765467
4.0691943	0.28744125
4.0723906	0.28712109
4.0755925	0.2868543
4.0787992	0.28658751
4.0820107	0.28626734
4.0852275	0.28600055
4.0884495	0.28578714
4.0916762	0.28557369
4.0949082	0.2853069
4.0981455	0.28498673
4.1013875	0.28471997
4.1046343	0.28445318
4.1078868	0.28418636
4.1111441	0.28397295
4.1144071	0.28370616
4.1176748	0.28338599
4.1209483	0.2831192
4.1242266	0.28295913
4.1275101	0.282639
4.1307993	0.28226545
4.1340938	0.28205204
4.137393	0.2818386
4.1406975	0.28146508
4.1440077	0.28109157
4.1473227	0.28087816
4.1506433	0.28050464
4.1539693	0.2802912
4.1573014	0.28002441
4.1606379	0.2796509
4.16398	0.27933076
4.1673269	0.27911732
4.1706796	0.2789039
4.1740379	0.27869046
4.1774011	0.27847701
4.1807699	0.27821022
4.1841431	0.27794346
4.1875229	0.2776233
4.190908	0.27735651
4.1942987	0.27714309
4.1976953	0.27676955
4.2010965	0.27650279
4.204504	0.27639607
4.2079167	0.27602255
4.2113357	0.27580911
4.2147593	0.27559569
4.2181888	0.27522218
4.2216239	0.27484867
4.2250643	0.27452853
4.2285104	0.27415502
4.2319622	0.27367479
4.2354198	0.27308786
4.2388835	0.2725009
4.242352	0.27180725
4.2458267	0.27111357
4.2493072	0.27041996
4.2527928	0.26956621
4.2562842	0.26871246
4.2597818	0.2681255
4.2632847	0.26780537
4.2667923	0.26769865
4.2703071	0.26785874
4.2738276	0.26817888
4.2773538	0.26860577
4.2808857	0.26887253
4.2844238	0.26908597
4.2879677	0.26924604
4.2915173	0.26924604
4.2950735	0.26924604
4.298635	0.26913932
4.3022022	0.26892591
4.3057756	0.26887253
4.3093548	0.26865911
4.3129401	0.26839232
4.3165312	0.26823223
4.3201284	0.26801881
4.3237324	0.26780537
4.3273416	0.2676453
4.3309565	0.26748523
4.3345776	0.26732513
4.3382049	0.26711172
4.3418384	0.26684493
4.3454776	0.26663148
4.3491235	0.26641804
4.3527737	0.26620463
4.3564315	0.26604453
4.3600955	0.26572439
4.3637652	0.26540422
4.3674417	0.26519081
4.3711243	0.26497737
4.3748131	0.26460388
4.3785081	0.26433706
4.3822103	0.26401693
4.3859177	0.26380351
4.3896313	0.26353669
4.3933511	0.26310983
4.3970776	0.2627897
4.4008102	0.26246953
4.4045491	0.26209602
4.4082947	0.26177588
4.412045	0.26134899
4.415803	0.26097551
4.4195676	0.260602
4.4233384	0.26017514
4.4271159	0.25974825
4.4308996	0.25926805
4.43469	0.25873446
4.4384871	0.25836095
4.4422908	0.25793409
4.4461007	0.25745386
4.4499168	0.25708038
4.4537401	0.25660014
4.4575696	0.25611991
4.4614058	0.25558633
4.4652486	0.25505272
4.4690976	0.25457251
4.4729543	0.25409228
4.4768167	0.25361207
4.4806862	0.25313184
4.4845624	0.25265163
4.4884448	0.25211802
4.4923344	0.25163782
4.4962306	0.25110421
4.5001335	0.250624
4.5040426	0.25019711
4.5079594	0.24966355
4.5118828	0.24902323
4.5158129	0.24854301
4.5197501	0.24806279
4.523694	0.24763592
4.5276446	0.24704897
4.5316024	0.24651541
4.5355678	0.24614188
4.5395393	0.24571501
4.5435181	0.24502137
4.5475035	0.24443442
4.551496	0.24390085
4.5554957	0.24342063
4.5595021	0.24283369
4.5635157	0.24219339
4.5675368	0.24165979
4.5715647	0.24117957
4.5755997	0.24059263
4.5796418	0.24005906
4.5836911	0.23947212
4.5877471	0.23883182
4.5918107	0.2381915
4.5958815	0.23755121
4.5999584	0.23685756
4.604044	0.23627062
4.6081362	0.23573703
4.612236	0.23509672
4.616343	0.23440306
4.6204576	0.23376277
4.6245794	0.23312247
4.6287084	0.2324288
4.6328454	0.23168178
4.6369891	0.23104149
4.6411405	0.2304012
4.6452994	0.22965418
4.6494656	0.22890715
4.6536388	0.22821349
4.6578202	0.22746646
4.6620088	0.22671948
4.6662059	0.22607917
4.6704097	0.22549222
4.6746206	0.22485194
4.6788397	0.22410491
4.6830664	0.2233579
4.6873007	0.22266424
4.6915426	0.22202395
4.6957922	0.22143701
4.7000484	0.2207967
4.7043133	0.22004969
4.7085862	0.21924932
4.7128668	0.21866238
4.717155	0.21807542
4.7214513	0.21743514
4.7257552	0.21679482
4.7300668	0.21615452
4.7343879	0.21551423
4.7387152	0.21487394
4.7430506	0.21418026
4.7473941	0.21353997
4.7517457	0.21284631
4.7561049	0.21225937
4.7604723	0.21161908
4.7648478	0.21097878
4.7692318	0.21039183
4.7736235	0.20991161
4.7780232	0.2092713
4.7824311	0.20857765
4.7868466	0.20799071
4.7912707	0.20751049
4.7957029	0.20708361
4.8001437	0.20660339
4.8045907	0.2060698
4.8090477	0.20558958
4.8135128	0.20510936
4.8179865	0.20462912
4.8224683	0.2040422
4.8269582	0.20361534
4.8314571	0.20308174
4.8359637	0.20270824
4.8404803	0.20228137
4.8450041	0.2018545
4.8495364	0.2013209
4.8540773	0.20073399
4.8586264	0.20014703
4.8631845	0.19966681
4.8677506	0.19923994
4.8723259	0.1987597
4.8769083	0.19817278
4.8815002	0.19769254
4.8861008	0.19715896
4.8907104	0.19657204
4.8953285	0.19593172
4.8999557	0.1954515
4.9045911	0.1948112
4.909236	0.19422425
4.9138899	0.19363731
4.9185519	0.19321047
4.923223	0.19267687
4.9279027	0.19219665
4.9325914	0.19166304
4.9372892	0.19112948
4.9419956	0.1907026
4.9467115	0.19011566
4.951437	0.18952872
4.9561706	0.1890485
4.9609137	0.1884082
4.9656653	0.18776789
4.9704261	0.18712761
4.9751964	0.1864873
4.9799757	0.18574029
4.9847641	0.18504661
4.9895606	0.18435298
4.9943671	0.1836593
4.9991837	0.18291229
5.0040088	0.18216527
5.0088439	0.18136491
5.0136881	0.18056454
5.0185413	0.17981751
5.0234041	0.17901714
5.0282774	0.17794997
5.0331593	0.17693615
5.0380507	0.17608243
5.0429511	0.17517534
5.0478616	0.17421487
5.0527816	0.17320108
5.0577111	0.17224063
5.0626502	0.17128019
5.0675998	0.17031974
5.0725584	0.16925256
5.0775266	0.1681854
5.0825043	0.1671716
5.087492	0.16599771
5.0924897	0.16493054
5.097497	0.16386338
5.1025143	0.16279621
5.1075401	0.16172905
5.112577	0.16066189
5.1176243	0.15943463
5.1226811	0.15826076
5.127748	0.15708686
5.1328249	0.15585963
5.1379123	0.15457904
5.1430092	0.15324508
5.1481171	0.15207119
5.1532345	0.15084395
5.1583619	0.14945664
5.1634998	0.14817603
5.1686478	0.14684208
5.1738062	0.14556149
5.1789751	0.14422752
5.184154	0.14294691
5.1893444	0.14161296
5.1945438	0.140279
5.1997542	0.1389984
5.2049747	0.13771781
5.210206	0.13643721
5.2154474	0.13520998
5.2206998	0.13387601
5.2259626	0.13264877
5.2312346	0.13136818
5.2365189	0.13014093
5.2418137	0.12880696
5.2471189	0.12752636
5.2524352	0.12635249
5.2577624	0.12523197
5.2631001	0.12395136
5.2684488	0.12283083
5.273809	0.12176366
5.2791796	0.12058979
5.2845607	0.11941591
5.2899532	0.11840209
5.2953568	0.11733493
5.3007712	0.1162144
5.3061967	0.1152006
5.3116336	0.11418678
5.3170795	0.11322634
5.3225384	0.11221253
5.3280087	0.11125208
5.3334904	0.11034499
5.3389831	0.10938454
5.3444872	0.10847744
5.3500028	0.10773043
5.3555293	0.10676999
5.3610692	0.10570281
5.3666191	0.10479572
5.37218	0.10388863
5.3777528	0.10314161
5.3833375	0.10234124
5.3889332	0.10154087
5.3945408	0.10068714
5.4001603	0.099940121
5.4057918	0.099246465
5.4114347	0.098446086
5.417089	0.097699068
5.4227557	0.097112127
5.4284339	0.096311755
5.434124	0.095511377
5.439826	0.094764359
5.44554	0.094017349
5.4512644	0.093377054
5.4570026	0.092736743
5.4627528	0.092309885
5.4685154	0.091776289
5.4742899	0.091135994
5.4800768	0.090602413
5.4858756	0.090015478
5.4916868	0.08948189
5.4975119	0.089161746
5.5033479	0.088948309
5.5091963	0.088681512
5.5150576	0.088468075
5.5209308	0.088254653
5.5268164	0.088094577
5.5327148	0.087934494
5.5386262	0.087721072
5.5445509	0.087560982
5.550487	0.08761435
5.5564361	0.087454274
5.562398	0.08734756
5.5683727	0.08734756
5.5743604	0.08734756
5.5803604	0.087454274
5.5863738	0.08734756
5.5923977	0.087187476
5.5984373	0.087240838
5.6044893	0.087294199
5.6105552	0.087240838
5.6166334	0.087187476
5.6227255	0.087134123
5.6288304	0.087080762
5.6349487	0.086974055
5.6410818	0.087080762
5.6472268	0.087080762
5.6533852	0.086813979
5.6595569	0.086707257
5.6657424	0.086547181
5.6719413	0.086493827
5.6781535	0.086333744
5.6843796	0.085960247
5.6906204	0.085693449
5.6968741	0.085533381
5.7031412	0.08526659
5.7094221	0.085159868
5.7157168	0.084946439
5.7220259	0.08462628
5.7283483	0.08414606
5.7346849	0.083772548
5.7410331	0.083399042
5.7473979	0.08302553
5.7537766	0.082491949
5.76017	0.082011729
5.7665772	0.081744939
5.7729988	0.081051283
5.7794347	0.080250904
5.7858849	0.079450525
5.7923512	0.078490078
5.7988305	0.077529632
5.8053241	0.076355748
5.811832	0.075128503
5.8183551	0.073847905
5.8248925	0.072513945
5.8314447	0.07075312
5.8380117	0.069045655
5.8445945	0.06755162
5.851191	0.066217668
5.8578029	0.065310575
5.864429	0.064670272
5.8710709	0.064083338
5.877727	0.063816547
5.8843989	0.06333632
5.8910856	0.062535942
5.8977852	0.061842281
5.9045024	0.060881831
5.9112349	0.059814673
5.9179831	0.0587475
5.9247465	0.057626974
5.9315252	0.056559812
5.9383197	0.055385929
5.9451299	0.053998612
5.9519572	0.052718014
5.9587984	0.05154413
5.9656553	0.050476961
5.9725285	0.049409796
5.9794173	0.048342634
5.9863219	0.04764897
5.9932423	0.047008675
6.0001788	0.04647509
6.0071297	0.045941509
6.0140982	0.045621354
6.0210834	0.045141134
6.0280848	0.044607546
6.0351024	0.044287402
6.0421362	0.044020608
6.0491862	0.043807175
6.0562534	0.043273591
6.0633373	0.042686649
6.0704374	0.04231314
6.0775537	0.041886274
6.0846872	0.041245975
6.0918374	0.040659036
6.0990043	0.040178809
6.1061878	0.039965376
6.1133885	0.039912019
6.1206079	0.039591867
6.1278424	0.039378434
6.1350942	0.039431792
6.1423635	0.039751943
6.1496496	0.040392246
6.1569533	0.041299332
6.1642742	0.042366501
6.1716127	0.043433663
6.1789665	0.044820983
6.1863399	0.046421736
6.1937308	0.047755688
6.2011395	0.04903629
6.2085662	0.050476961
6.2160106	0.051970996
6.2234726	0.053358316
6.2309527	0.054638911
6.238452	0.055919509
6.2459679	0.057093389
6.2535024	0.058373991
6.261055	0.059601236
6.2686257	0.06077512
6.2762151	0.061895642
6.2838225	0.063069522
6.2914486	0.064136691
6.2990947	0.065097138
6.3067579	0.066057585
6.3144398	0.066911325
6.3221402	0.067711696
6.3298597	0.068565436
6.3375978	0.069472522
6.345355	0.070699766
6.3531313	0.071393423
6.3609242	0.07187365
6.3687387	0.072567306
6.3765721	0.073100887
6.3844252	0.073421039
6.3922973	0.07374119
6.4001889	0.073901258
6.4081001	0.0744882
6.4160309	0.075181864
6.4239826	0.075128503
6.431953	0.075021788
6.4399428	0.074968427
6.4479527	0.074861713
6.4559822	0.074861713
6.4640322	0.074808352
6.4721022	0.074915074
6.4801922	0.074968427
6.4883046	0.075021788
6.4964356	0.075021788
6.5045867	0.074648283
6.5127583	0.074274771
6.5209503	0.07422141
6.5291634	0.073954619
6.5373969	0.073527753
6.545651	0.073207602
6.5539231	0.072887458
6.5622191	0.072567306
6.5705361	0.072460592
6.5788746	0.072033718
6.587234	0.071393423
6.5956144	0.070806481
6.6040168	0.070219539
6.6124401	0.069632597
6.6208863	0.068992302
6.629353	0.068512075
6.6378412	0.06813857
6.6463513	0.067338191
6.6548829	0.066431098
6.6634369	0.065630719
6.6720128	0.064937063
6.6806107	0.064243406
6.6892328	0.063229598
6.6978755	0.062322509
6.7065401	0.061575487
6.7152276	0.06077512
6.723937	0.059814673
6.7326698	0.058960937
6.7414246	0.058000483
6.7502027	0.056986678
6.7590008	0.055812791
6.7678242	0.054692268
6.7766714	0.05341167
6.7855411	0.052237786
6.7944345	0.051223978
6.8033509	0.050263532
6.8122911	0.049409796
6.8212547	0.048662782
6.8302436	0.04791576
6.8392544	0.047115393
6.848289	0.046261653
6.8573475	0.045461282
6.8664303	0.044714265
6.8755369	0.043860536
6.8846679	0.042900085
6.8938227	0.042099711
6.9029989	0.041299332
6.9122028	0.040392246
6.9214315	0.039538506
6.9306846	0.038738135
6.9399629	0.03793776
6.9492655	0.037137385
6.9585934	0.036390372
6.9679465	0.03564335
6.9773269	0.035003051
6.9867301	0.034576185
6.9961591	0.034095962
7.0056133	0.03350902
7.0150933	0.033082154
7.0245986	0.03281536
7.0341301	0.032548569
7.0436873	0.032441854
7.0532722	0.032281782
7.0628819	0.032068346
7.0725174	0.031908274
7.0821791	0.031854913
7.0918674	0.031908274
7.1015825	0.031854913
7.1113243	0.031854913
7.1210923	0.031961631
7.1308832	0.031908274
7.1407056	0.031801555
7.1505547	0.031801555
7.1604309	0.031801555
7.1703348	0.031801555
7.1802659	0.031694841
7.1902246	0.031481404
7.200211	0.031214613
7.210228	0.030894462
7.2202702	0.030520953
7.23034	0.030040732
7.2404385	0.029347073
7.2505651	0.028600054
7.2607198	0.028066473
7.2709031	0.027586248
7.2811151	0.027426174
7.2913575	0.027372815
7.3016272	0.027212739
7.3119259	0.027052665
7.3222532	0.026679158
7.3326101	0.026252288
7.3429961	0.025878781
7.3534117	0.025558632
7.3638568	0.025185125
7.3743277	0.024704898
7.3848329	0.024278032
7.3953671	0.023904523
7.4059319	0.023531016
7.4165273	0.022997431
7.4271526	0.022517208
7.4378085	0.022090342
7.4484949	0.02177019
7.4592152	0.021396684
7.4699631	0.020969819
7.4807425	0.020436235
7.4915524	0.019956009
7.5023942	0.019369068
7.513267	0.018835485
7.5241718	0.0183019
7.5351081	0.017768318
7.5460782	0.017128019
7.5570784	0.016594434
7.5681105	0.016060852
7.579175	0.015580627
7.5902719	0.015047044
7.6014013	0.014620177
7.6125636	0.014139953
7.6237588	0.013713087
7.6349821	0.013126144
7.6462431	0.012752637
7.6575375	0.012379128
7.6688652	0.011952261
7.6802268	0.011632112
7.6916218	0.011365321
7.7030506	0.011045171
7.7145133	0.010671662
7.7260127	0.010244796
7.7375441	0.0099246465
7.7491097	0.0095511386
7.7607102	0.0093377046
7.7723455	0.0090709133
7.7840157	0.0086974045
7.7957211	0.0082705384
7.8074613	0.0077903136
7.8192339	0.007470164
7.8310452	0.0072033717
7.8428926	0.0069365809
7.8547754	0.0067231474
7.8666949	0.006456356
7.8786502	0.0062429225
7.8906422	0.0059227725
7.9026704	0.0055492646
7.9147372	0.005229115
7.9268394	0.0050156815
7.9389782	0.0048022484
7.9511547	0.0045354567
7.9633684	0.0042153066
7.9756198	0.0040552318
7.9879088	0.0038951568
8.0002356	0.00378844
8.0126038	0.0034682904
8.0250072	0.0032548571
8.0374498	0.0030414239
8.0499296	0.0028279906
8.0624495	0.0026145575
8.0750074	0.0025078407
8.0876055	0.0024011242
8.1002417	0.0022944075
8.1129141	0.0021876907
8.1256304	0.0020809742
8.1383867	0.0019742576
8.1511831	0.0018141826
8.1640196	0.001867541
8.1768961	0.0019208993
8.1898146	0.001867541
8.2027731	0.001867541
8.2157736	0.0019208993
8.2288151	0.0019208993
8.2418976	0.001867541
8.2550211	0.0018141826
8.2681875	0.0020276159
8.281395	0.0021343327
8.2946453	0.0021343327
8.3079386	0.0022410492
8.3212767	0.0022944075
8.3346548	0.0025078407
8.3480768	0.0027212738
8.3615408	0.0028813488
8.3750496	0.0031481406
8.3886013	0.0034682904
8.4021969	0.003735082
8.4158373	0.0040552318
8.4295158	0.0043753814
8.4432449	0.0048022484
8.4570189	0.0054425476
8.4708366	0.0060828477
8.4847012	0.0066697896
8.4986105	0.0072567305
8.5125656	0.0077903136
8.5265665	0.0085373307
8.540616	0.0094444212
8.5547094	0.010244796
8.5688496	0.011151887
8.5830364	0.012379128
8.59727	0.013499653
8.6115513	0.014513461
8.6258802	0.01552727
8.6402569	0.01675451
8.6546841	0.018141827
8.6691561	0.019689217
8.6836777	0.021076534
8.6982479	0.022517208
8.7128668	0.024064599
8.7275343	0.025825424
8.7422523	0.027586248
8.75702	0.029293714
8.7718325	0.031107895
8.7866993	0.032922078
8.8016176	0.034629546
8.8165865	0.036337011
8.8316059	0.037991118
8.8466768	0.039645225
8.8617992	0.041245975
8.8769741	0.04274001
8.8922033	0.044394117
8.9074821	0.045888145
8.9228134	0.047168747
8.9381971	0.048395988
8.9536343	0.049409796
8.9691257	0.050316889
8.9846697	0.051223978
9.000268	0.052451223
9.0159235	0.053998612
9.0316315	0.055225853
9.0473928	0.056186303
9.0632105	0.057093389
9.0790825	0.057893764
9.0950108	0.058373991
9.1109953	0.058534071
9.1270351	0.05848071
9.1431274	0.058267273
9.1592817	0.057733692
9.1754923	0.057253465
9.191761	0.056986678
9.2080879	0.056826599
9.224472	0.056826599
9.2409153	0.056933317
9.2574167	0.057413545
9.2739801	0.058320638
9.2906008	0.059494521
9.3072805	0.06077512
9.3240204	0.062642664
9.3408203	0.064616919
9.3576803	0.066537812
9.3746023	0.06867215
9.3915854	0.07101991
9.4086237	0.07374119
9.4257298	0.076249026
9.4428988	0.077796422
9.4601307	0.078756869
9.4774246	0.079343811
9.4947834	0.079770677
9.5122042	0.079930753
9.5296898	0.07929045
9.5472441	0.078330003
9.5648584	0.07720948
9.5825386	0.075875521
9.6002836	0.074381486
9.6180954	0.072567306
9.635973	0.070486329
9.6539164	0.068298645
9.6719275	0.066217668
9.6900091	0.064296775
9.7081556	0.062109079
9.7263699	0.060241539
9.7446527	0.05848071
9.7630043	0.05687996
9.7814245	0.055759437
9.7999153	0.054745629
9.8184757	0.05383854
9.837101	0.053091522
9.8558025	0.052077714
9.8745756	0.051117264
9.8934202	0.050156813
9.9123363	0.049463157
9.9313259	0.0487695
9.950388	0.048075844
9.9695234	0.04738218
9.9887362	0.046848599
10.008019	0.0462083
10.027377	0.045514643
10.04681	0.044981059
10.066319	0.044767626
10.085902	0.044500835
10.105563	0.044020608
10.1253	0.043593738
10.145119	0.043060157
10.165011	0.04231314
10.184982	0.041939639
10.205031	0.041672841
10.22516	0.041085899
10.245367	0.040552318
10.265656	0.040125452
10.286023	0.040018734
10.306466	0.039698586
10.326997	0.039165001
10.34761	0.038471345
10.368304	0.037884403
10.389083	0.037404176
10.409945	0.036870595
10.43089	0.036550444
10.45192	0.036176939
10.473039	0.03564335
10.49424	0.035216488
10.515526	0.034736261
10.536899	0.034149323
10.558359	0.033402301
10.579906	0.032708645
10.601542	0.032014988
10.623267	0.031267971
10.645084	0.03030752
10.666988	0.029880656
10.688982	0.029720582
10.711066	0.029240355
10.733243	0.028813487
10.755511	0.028600054
10.777872	0.02843998
10.800325	0.028066473
10.822865	0.027692964
10.845508	0.027426174
10.868244	0.027586248
10.891077	0.027692964
10.914005	0.027959755
10.937031	0.028066473
10.960154	0.028226547
10.983374	0.028760131
11.006698	0.029293714
11.030116	0.029667223
11.053635	0.030040732
11.077253	0.030520953
11.100973	0.030841103
11.124795	0.030841103
11.14872	0.030681029
11.172747	0.030627672
11.196871	0.030574312
11.221107	0.030574312
11.245447	0.030467598
11.269894	0.030040732
11.294447	0.029667223
11.319107	0.029453788
11.343875	0.029186996
11.368752	0.029186996
11.393744	0.029347073
11.418839	0.029293714
11.444047	0.029080281
11.469365	0.028973563
11.494797	0.028920205
11.52034	0.028653413
11.545999	0.02843998
11.571771	0.028279906
11.597663	0.028279906
11.623667	0.028066473
11.649787	0.027639607
11.676025	0.027479533
11.702382	0.027319456
11.728858	0.026999306
11.755454	0.026679158
11.782171	0.026465725
11.809002	0.025932139
11.835962	0.025185125
11.863048	0.024331391
11.890256	0.023904523
11.91759	0.023584373
11.94505	0.023264224
11.972636	0.022944072
12.000351	0.022623925
12.028198	0.022463851
12.056171	0.022623925
12.084274	0.022463851
12.112508	0.022517208
12.140875	0.022837358
12.169374	0.022944072
12.198009	0.022783998
12.226777	0.022837358
12.255688	0.022890717
12.28473	0.022837358
12.31391	0.022783998
12.343228	0.022730641
12.372687	0.022463851
12.402287	0.022357132
12.432029	0.022357132
12.461913	0.022463851
12.491931	0.022623925
12.522105	0.022303773
12.552425	0.022036983
12.582892	0.022250418
12.613507	0.022197058
12.644272	0.022090342
12.675187	0.021983624
12.706254	0.021556759
12.737479	0.021396684
12.768852	0.021129891
12.80038	0.020969819
12.832064	0.020703025
12.863906	0.020116083
12.895905	0.019849293
12.928064	0.019529141
12.960384	0.018995559
12.992874	0.018515334
13.025519	0.017875034
13.05833	0.017394809
13.091305	0.016967945
13.124448	0.016701151
13.157759	0.016381001
13.191238	0.016114211
13.22489	0.016060852
13.258701	0.015740702
13.292698	0.016007494
13.326869	0.016274285
13.361217	0.016060852
13.395742	0.016060852
13.430446	0.016114211
13.46533	0.016220927
13.500397	0.016220927
13.535651	0.016167568
13.571085	0.016220927
13.606705	0.016167568
13.642511	0.016007494
13.678508	0.016007494
13.714694	0.015687345
13.751073	0.015313836
13.787644	0.014993687
13.82442	0.014566818
13.861383	0.01424667
13.898545	0.013873162
13.935907	0.013713087
13.97347	0.013499653
14.011236	0.01264592
14.049208	0.012058979
14.087384	0.011738828
14.125755	0.011525395
14.16435	0.011151887
14.203156	0.01045823
14.242176	0.01013808
14.281411	0.0099246465
14.320862	0.009817929
14.360532	0.0098712882
14.400422	0.0095511386
14.440542	0.0092843464
14.48088	0.0091242716
14.521442	0.0085373307
14.562233	0.0083238967
14.603253	0.008590688
14.644506	0.0087507628
14.685991	0.0084839724
14.727713	0.0082705384
14.76966	0.0083238967
14.811859	0.0082171801
14.8543	0.0077903136
14.896984	0.0075235218
14.939916	0.0070966557
14.983094	0.0068832221
15.026524	0.0070966557
15.070205	0.0070432969
15.11415	0.0067765061
15.158343	0.0065097143
15.202796	0.0059761307
15.24751	0.0057093394
15.292488	0.0054959059
15.337732	0.0054425476
15.383245	0.0054425476
15.429028	0.0054959059
15.475092	0.0053358311
15.521424	0.0052824728
15.568036	0.0050690398
15.614927	0.005229115
15.662103	0.0053358311
15.709563	0.0051757563
15.757313	0.0050690398
15.805353	0.0053358311
15.853672	0.0056026229
15.902304	0.0057093394
15.951234	0.0059761307
16.000465	0.0060828477
16.050003	0.0062962812
16.099848	0.0070432969
16.150003	0.007683597
16.200472	0.0082705384
16.251265	0.0090709133
16.30237	0.010244796
16.353796	0.011151887
16.405548	0.012165695
16.45763	0.01328622
16.510042	0.015100403
16.56279	0.017554885
16.615877	0.019689217
16.669313	0.021663474
16.723085	0.024758257
16.777206	0.027692964
16.831676	0.030520953
16.886503	0.034416113
16.941689	0.038204554
16.997234	0.041085899
17.053146	0.043860536
17.109409	0.047008675
17.166063	0.050050098
17.223093	0.05293145
17.280504	0.055599365
17.338299	0.058053844
17.396481	0.061201986
17.455055	0.063869901
17.514025	0.065844156
17.573404	0.067978486
17.633179	0.070219539
17.693359	0.072567306
17.753954	0.074594915
17.814964	0.076515816
17.876394	0.077903129
17.938251	0.078650154
18.000536	0.079450525
18.063269	0.08067777
18.126427	0.08227852
18.190027	0.083879277
18.254078	0.084679641
18.318579	0.085853525
18.383539	0.086974055
18.448961	0.087080762
18.514851	0.086653896
18.58119	0.085480019
18.648029	0.084252767
18.715351	0.083185613
18.783159	0.081318073
18.851461	0.078756869
18.920263	0.077582985
18.989569	0.076302394
19.059383	0.073421039
19.129725	0.07075312
19.200575	0.068351999
19.271952	0.067124762
19.343863	0.066271022
19.416311	0.065257214
19.489305	0.065310575
19.562849	0.063869901
19.636951	0.061682206
19.711594	0.061362058
19.786827	0.061788924
19.862638	0.06061504
19.939034	0.05986803
20.016018	0.05986803
20.093599	0.060081463
20.171785	0.06077512
20.250582	0.062322509
20.330009	0.064350128
20.410049	0.066644534
20.490723	0.069312446
20.572035	0.073047534
20.653994	0.077049412
20.73661	0.080250904
20.819889	0.083078891
20.903841	0.084466204
20.988487	0.084519565
21.073807	0.086227037
21.159821	0.087667711
21.246542	0.086920694
21.333977	0.086227037
21.422132	0.084039345
21.511023	0.081851654
21.600651	0.080304265
21.691	0.077636346
21.782139	0.074648283
21.874046	0.072033718
21.966734	0.069365807
22.060209	0.067338191
22.154484	0.065470651
22.249567	0.064083338
22.34547	0.064243406
22.442221	0.064883709
22.539797	0.065950878
22.638224	0.064883709
22.737514	0.064243406
22.837679	0.065257214
22.93873	0.066537812
23.04068	0.066591173
23.143541	0.067391552
23.247343	0.06867215
23.35206	0.069099016
23.457727	0.070486329
23.564352	0.072727382
23.671953	0.074754998
23.78054	0.073634468
23.890127	0.073367678
24.000731	0.0734744
24.112324	0.073207602
24.224998	0.074168056
24.338732	0.074808352
24.453537	0.075928882
24.569429	0.073634468
24.686426	0.070539691
24.804543	0.072940812
24.923796	0.071713574
