# Jarosite, Chemical Formula: Na(Fe+3)3(SO4)2(OH)6
# Sample ID: GDS101_Na_200C_Syn
# wavelengths (microns), reflectance
1.429323	0.656416
1.4297171	0.65581733
1.4301115	0.65530413
1.4305061	0.654962
1.4309008	0.65487647
1.4312959	0.65487647
1.4316912	0.6545344
1.4320866	0.65436333
1.4324824	0.65436333
1.4328783	0.65419227
1.4332745	0.65436333
1.4336708	0.6542778
1.4340675	0.65419227
1.4344643	0.65367913
1.4348613	0.6535936
1.4352585	0.65376472
1.4356561	0.65333706
1.4360538	0.65231073
1.4364517	0.6523962
1.4368497	0.65231073
1.4372482	0.6519686
1.4376467	0.65128446
1.4380456	0.65154094
1.4384446	0.65179753
1.4388438	0.65145546
1.4392433	0.6510278
1.439643	0.65136993
1.4400429	0.65145546
1.4404429	0.65111327
1.4408432	0.65017253
1.4412439	0.64957386
1.4416445	0.64906067
1.4420457	0.64888966
1.4424468	0.64880419
1.4428483	0.64820546
1.4432499	0.64794886
1.443652	0.64811993
1.4440541	0.64752126
1.4444566	0.64675146
1.444859	0.64615279
1.445262	0.64598173
1.4456649	0.64598173
1.4460682	0.64555413
1.4464716	0.64512652
1.4468753	0.64529753
1.4472792	0.64452779
1.4476835	0.64367259
1.4480878	0.64298832
1.4484924	0.64307392
1.4488972	0.64238966
1.4493023	0.64153439
1.4497076	0.6414488
1.4501131	0.64119232
1.4505187	0.63982379
1.4509248	0.63956726
1.4513309	0.63948172
1.4517374	0.63896853
1.4521439	0.63794219
1.4525509	0.63751459
1.452958	0.63657379
1.4533653	0.63606071
1.4537728	0.63546199
1.4541807	0.63435018
1.4545887	0.63383698
1.4549969	0.63315278
1.4554054	0.63212645
1.4558141	0.63101465
1.456223	0.62990272
1.4566324	0.62938958
1.4570416	0.62836325
1.4574513	0.62750798
1.4578612	0.62596858
1.4582713	0.62494224
1.4586816	0.62400138
1.4590921	0.62246197
1.4595029	0.62117904
1.4599138	0.62023818
1.460325	0.61869878
1.4607365	0.61664617
1.4611483	0.61561984
1.4615602	0.6146791
1.4619724	0.61356723
1.4623848	0.6120277
1.4627974	0.6106593
1.4632103	0.61014616
1.4636234	0.60894877
1.4640367	0.6071527
1.4644502	0.60569876
1.4648641	0.6050145
1.4652781	0.60407376
1.4656924	0.6029619
1.4661069	0.60185003
1.4665216	0.6003961
1.4669366	0.59894216
1.4673518	0.59757376
1.4677672	0.5966329
1.4681829	0.59577769
1.4685988	0.59483689
1.469015	0.59398162
1.4694314	0.59261322
1.469848	0.59107369
1.4702649	0.58979076
1.470682	0.58850795
1.4710993	0.58671182
1.471517	0.58534342
1.4719347	0.58320528
1.4723527	0.58132374
1.472771	0.57944214
1.4731897	0.57756054
1.4736084	0.57482368
1.4740274	0.57336968
1.4744467	0.5712316
1.4748662	0.569179
1.4752858	0.56789607
1.4757057	0.56763941
1.476126	0.56721181
1.4765463	0.5667842
1.476967	0.56644207
1.4773879	0.56661314
1.477809	0.5667842
1.4782305	0.56755394
1.478652	0.56815261
1.4790739	0.5686658
1.479496	0.569179
1.4799184	0.57003415
1.480341	0.57114607
1.4807638	0.57242894
1.4811869	0.57362634
1.4816102	0.57516581
1.4820337	0.57704735
1.4824575	0.57961315
1.4828815	0.58235008
1.4833061	0.58534342
1.4837304	0.58867902
1.4841553	0.59192902
1.4845803	0.59552109
1.4850056	0.59902769
1.4854311	0.60125136
1.4858568	0.60373163
1.4862827	0.60612637
1.4867089	0.60809344
1.4871353	0.61031723
1.4875621	0.6122843
1.4879889	0.61305398
1.4884162	0.6146791
1.4888437	0.61613297
1.4892714	0.6174159
1.4896992	0.61827111
1.4901278	0.61929744
1.4905561	0.61946851
1.4909849	0.62023818
1.4914138	0.62135011
1.491843	0.62211978
1.4922724	0.62229097
1.4927021	0.62297511
1.493132	0.62348831
1.4935622	0.62365931
1.4939926	0.62400138
1.4944233	0.62451458
1.4948542	0.62485671
1.4952854	0.62494224
1.4957168	0.62528431
1.4961485	0.62571198
1.4965804	0.62605405
1.4970125	0.62639618
1.4974447	0.62665278
1.4978775	0.62690932
1.4983103	0.62708038
1.4987437	0.62716591
1.499177	0.62742251
1.4996107	0.62827772
1.5000446	0.62853438
1.5004789	0.62844878
1.5009133	0.62827772
1.5013479	0.62870538
1.5017828	0.62913305
1.502218	0.62930405
1.5026534	0.62956065
1.5030892	0.63015932
1.503525	0.63024485
1.5039612	0.62998831
1.5043976	0.63033032
1.5048344	0.63092911
1.5052713	0.63110018
1.5057086	0.63127118
1.506146	0.63127118
1.5065837	0.63152778
1.5070215	0.63161325
1.5074598	0.63161325
1.5078982	0.63178432
1.5083369	0.63212645
1.5087758	0.63186985
1.5092151	0.63186985
1.5096546	0.63186985
1.5100944	0.63204092
1.5105344	0.63186985
1.5109746	0.63186985
1.5114151	0.63212645
1.511856	0.63229752
1.5122969	0.63186985
1.5127382	0.63178432
1.5131798	0.63204092
1.5136217	0.63229752
1.5140636	0.63212645
1.514506	0.63186985
1.5149485	0.63161325
1.5153915	0.63152778
1.5158345	0.63127118
1.5162779	0.63118565
1.5167215	0.63144225
1.5171654	0.63152778
1.5176095	0.63127118
1.518054	0.63135666
1.5184987	0.63118565
1.5189435	0.63118565
1.5193887	0.63135666
1.5198342	0.63092911
1.5202799	0.63067251
1.5207258	0.63118565
1.521172	0.63118565
1.5216186	0.63152778
1.5220653	0.63221192
1.5225123	0.63186985
1.5229596	0.63118565
1.5234071	0.63118565
1.5238549	0.63152778
1.524303	0.63204092
1.5247513	0.63195544
1.5251998	0.63178432
1.5256486	0.63169885
1.5260978	0.63186985
1.5265471	0.63204092
1.5269967	0.63229752
1.5274466	0.63178432
1.5278969	0.63152778
1.5283473	0.63152778
1.528798	0.63169885
1.529249	0.63186985
1.5297003	0.63195544
1.5301517	0.63212645
1.5306035	0.63263959
1.5310555	0.63238305
1.5315078	0.63221192
1.5319604	0.63238305
1.5324134	0.63272512
1.5328665	0.63263959
1.5333198	0.63281059
1.5337734	0.63298178
1.5342274	0.63306725
1.5346816	0.63340932
1.5351361	0.63332385
1.5355908	0.63375145
1.5360456	0.63417912
1.5365007	0.63392252
1.5369563	0.63417912
1.537412	0.63426459
1.5378683	0.63469219
1.5383245	0.63460672
1.5387812	0.63486332
1.539238	0.63537645
1.5396953	0.63580412
1.5401527	0.63563305
1.5406104	0.63554752
1.5410683	0.63580412
1.5415267	0.63597512
1.5419852	0.63674492
1.542444	0.63708699
1.5429029	0.63700145
1.5433626	0.63700145
1.5438222	0.63700145
1.5442821	0.63734359
1.5447421	0.63777119
1.5452026	0.63802779
1.5456632	0.63836986
1.5461243	0.63862646
1.5465856	0.63871205
1.5470469	0.63905406
1.5475086	0.63905406
1.5479708	0.63905406
1.5484331	0.63956726
1.5488957	0.63999486
1.5493586	0.63990939
1.5498219	0.64016598
1.5502852	0.64050806
1.5507492	0.64093566
1.5512131	0.64136332
1.5516775	0.64187646
1.552142	0.64204752
1.5526069	0.64204752
1.553072	0.64170539
1.5535375	0.64213306
1.5540031	0.64324492
1.5544689	0.64410019
1.5549351	0.64410019
1.5554017	0.64410019
1.5558684	0.64452779
1.5563356	0.64521199
1.5568029	0.64529753
1.5572705	0.64563966
1.5577384	0.64623833
1.5582068	0.64692259
1.5586753	0.64752126
1.5591441	0.64752126
1.5596131	0.64769226
1.5600824	0.64837652
1.560552	0.648633
1.561022	0.6487186
1.5614921	0.6491462
1.5619628	0.64957386
1.5624335	0.65000153
1.5629046	0.65017253
1.5633758	0.65017253
1.5638475	0.6505146
1.5643194	0.65085679
1.5647916	0.65128446
1.565264	0.65154094
1.5657365	0.65171206
1.5662096	0.65179753
1.5666829	0.6522252
1.5671564	0.65248173
1.5676304	0.65282387
1.5681045	0.6530804
1.5685791	0.65333706
1.5690538	0.65342253
1.5695291	0.6538502
1.5700043	0.6542778
1.57048	0.65461993
1.5709559	0.65530413
1.5714321	0.6556462
1.5719085	0.65581733
1.5723853	0.6561594
1.5728624	0.65658706
1.5733397	0.6571002
1.5738174	0.65744227
1.5742953	0.65812647
1.5747734	0.65829754
1.5752521	0.65855414
1.5757308	0.65872514
1.5762099	0.65923834
1.5766892	0.6599226
1.5771688	0.66009367
1.5776488	0.66017914
1.5781291	0.66077781
1.5786096	0.66129094
1.5790905	0.66180414
1.5795716	0.66214627
1.5800531	0.66240287
1.5805347	0.66248834
1.5810168	0.662916
1.5814991	0.66300154
1.5819818	0.662916
1.5824646	0.66325814
1.5829479	0.66402787
1.5834312	0.66488308
1.5839151	0.66513962
1.5843991	0.66531074
1.5848837	0.66556728
1.5853683	0.66582394
1.5858533	0.66625154
1.5863385	0.66642261
1.5868242	0.66650814
1.58731	0.6666792
1.5877962	0.66710687
1.5882826	0.66770554
1.5887693	0.66838968
1.5892563	0.66873181
1.5897436	0.66890281
1.5902313	0.66890281
1.5907192	0.66941595
1.5912075	0.66984361
1.591696	0.67010021
1.5921849	0.67078441
1.592674	0.67112654
1.5931635	0.67129755
1.5936533	0.67138308
1.5941433	0.67112654
1.5946337	0.67138308
1.5951242	0.67189622
1.5956153	0.67266601
1.5961065	0.67283708
1.5965984	0.67326468
1.5970901	0.67403448
1.5975825	0.67454761
1.5980748	0.67514628
1.5985676	0.67548841
1.5990607	0.67540288
1.5995542	0.67557395
1.6000477	0.67557395
1.6005416	0.67617261
1.6010358	0.67668575
1.6015304	0.67677134
1.6020253	0.67685682
1.6025206	0.67771202
1.603016	0.67822528
1.6035119	0.67890942
1.604008	0.67925161
1.6045047	0.67976475
1.6050013	0.68002129
1.6054984	0.68019235
1.6059958	0.68044895
1.6064935	0.68104762
1.6069914	0.68121868
1.6074898	0.68164635
1.6079884	0.68207395
1.608487	0.68241602
1.6089861	0.68258709
1.6094857	0.68284363
1.6099856	0.68335682
1.6104858	0.68378448
1.6109861	0.68404102
1.611487	0.68446869
1.6119881	0.68463969
1.6124896	0.68506736
1.6129912	0.68540949
1.6134933	0.68566602
1.6139956	0.68583709
1.6144984	0.68609369
1.6150012	0.68652129
1.6155045	0.68711996
1.616008	0.68737662
1.6165122	0.68806082
1.6170163	0.68857396
1.6175209	0.68883055
1.6180257	0.68883055
1.6185309	0.68900156
1.6190363	0.68934375
1.6195421	0.68977129
1.6200482	0.6901989
1.6205544	0.69071209
1.6210611	0.69105417
1.6215682	0.69139636
1.6220756	0.69182402
1.6225833	0.69182402
1.6230912	0.69165283
1.6235996	0.6920805
1.6241082	0.69242269
1.6246173	0.69285029
1.6251266	0.69310683
1.6256363	0.69353443
1.6261462	0.69404763
1.6266564	0.69438976
1.627167	0.69438976
1.6276779	0.69413316
1.6281891	0.69464636
1.6287007	0.69533056
1.6292125	0.69550157
1.6297247	0.6958437
1.6302372	0.69558716
1.6307501	0.69575816
1.6312631	0.69618583
1.6317767	0.6965279
1.6322904	0.69712663
1.6328044	0.69755429
1.6333188	0.69755429
1.6338336	0.6977253
1.6343486	0.69798189
1.6348641	0.69849503
1.6353798	0.6988371
1.6358958	0.69917923
1.6364123	0.69892263
1.6369292	0.69900823
1.637446	0.6996069
1.6379635	0.69994903
1.6384811	0.70012003
1.6389992	0.70037657
1.6395175	0.70088983
1.6400362	0.7012319
1.6405551	0.7012319
1.6410745	0.7012319
1.6415942	0.70140296
1.6421142	0.7016595
1.6426344	0.70200163
1.6431552	0.70225817
1.643676	0.70242923
1.6441975	0.7026003
1.644719	0.70294243
1.6452409	0.70345557
1.6457632	0.7035411
1.6462859	0.70362657
1.6468087	0.70362657
1.6473321	0.70396876
1.6478556	0.70396876
1.6483797	0.70405424
1.648904	0.70431083
1.6494286	0.70499504
1.6499535	0.70550817
1.6504788	0.70576483
1.6510044	0.70542264
1.6515305	0.70533717
1.6520567	0.70550817
1.6525834	0.7058503
1.6531103	0.70610684
1.6536378	0.70662004
1.6541654	0.70687658
1.6546935	0.70730424
1.6552217	0.70713317
1.6557504	0.70738977
1.6562793	0.7077319
1.6568087	0.70807397
1.6573384	0.70798844
1.6578683	0.7082451
1.6583985	0.70850158
1.6589293	0.70892924
1.6594603	0.70875818
1.6599917	0.7086727
1.6605233	0.70944244
1.6610554	0.71021217
1.6615878	0.71046871
1.6621207	0.7105543
1.6626537	0.71072537
1.6631873	0.71098185
1.6637208	0.7114951
1.664255	0.71166611
1.6647894	0.71166611
1.6653243	0.71192265
1.6658593	0.71226478
1.6663947	0.71243578
1.6669306	0.71277797
1.6674668	0.71294904
1.6680032	0.71312004
1.6685401	0.71363324
1.6690773	0.71363324
1.6696149	0.71397537
1.6701527	0.71431738
1.670691	0.71440297
1.6712295	0.71465957
1.6717685	0.71525824
1.6723077	0.71542931
1.6728474	0.71585697
1.6733873	0.71611345
1.6739277	0.71628451
1.6744683	0.71654111
1.6750095	0.71679765
1.6755508	0.71705431
1.6760926	0.71731091
1.6766347	0.71748191
1.6771772	0.71808058
1.6777198	0.71833724
1.6782631	0.71885031
1.6788064	0.71910691
1.6793501	0.71902138
1.6798942	0.71927798
1.6804388	0.71970564
1.6809837	0.71987665
1.6815289	0.72030431
1.6820744	0.72064632
1.6826205	0.72107399
1.6831667	0.72141612
1.6837136	0.72175825
1.6842605	0.72175825
1.684808	0.72184378
1.6853557	0.72218591
1.6859038	0.72244245
1.6864522	0.72218591
1.687001	0.72201478
1.6875501	0.72235692
1.6881	0.72287011
1.6886498	0.72321218
1.6892	0.72372538
1.6897506	0.72406751
1.6903015	0.72449505
1.6908529	0.72500825
1.6914046	0.72526485
1.6919565	0.72517926
1.6925087	0.72492272
1.6930614	0.72535038
1.6936146	0.72594905
1.694168	0.72603458
1.6947218	0.72637665
1.695276	0.72654778
1.6958306	0.72663325
1.6963854	0.72706085
1.6969409	0.72740299
1.6974965	0.72740299
1.6980526	0.72765952
1.6986089	0.72791618
1.6991657	0.72791618
1.6997228	0.72791618
1.7002803	0.72834373
1.7008381	0.72842938
1.7013963	0.72842938
1.7019548	0.72860038
1.7025138	0.72860038
1.703073	0.72894245
1.7036328	0.72911352
1.7041928	0.72877139
1.7047533	0.72885692
1.7053139	0.72911352
1.705875	0.72928452
1.7064364	0.72937012
1.7069983	0.72954112
1.7075605	0.72962666
1.7081233	0.73005432
1.7086862	0.73013979
1.7092496	0.73031098
1.7098132	0.73048198
1.7103775	0.73039645
1.7109419	0.73065299
1.7115068	0.73099512
1.712072	0.73082405
1.7126377	0.73090959
1.7132035	0.73108065
1.7137699	0.73099512
1.7143366	0.73099512
1.7149036	0.73142272
1.715471	0.73150826
1.7160389	0.73159379
1.7166071	0.73167932
1.7171758	0.73193592
1.7177447	0.73185039
1.7183142	0.7321924
1.7188838	0.73244905
1.7194541	0.73244905
1.7200245	0.73236358
1.7205955	0.73262006
1.7211666	0.73262006
1.7217383	0.73262006
1.7223103	0.73270559
1.7228827	0.73287672
1.7234554	0.73304772
1.7240288	0.73338985
1.7246022	0.73321879
1.7251762	0.73287672
1.7257504	0.73304772
1.7263252	0.73330432
1.7269002	0.73347539
1.7274756	0.73381746
1.7280514	0.73390299
1.7286276	0.73415959
1.7292041	0.734074
1.7297812	0.734074
1.7303585	0.73390299
1.7309363	0.73390299
1.7315143	0.73398852
1.732093	0.73424512
1.7326717	0.73398852
1.7332511	0.73398852
1.7338307	0.73424512
1.7344109	0.73450166
1.7349913	0.73433065
1.7355722	0.73458719
1.7361534	0.73450166
1.7367351	0.73450166
1.737317	0.73492932
1.7378997	0.73527139
1.7384824	0.73518592
1.7390656	0.73544252
1.7396491	0.73587006
1.7402332	0.73604119
1.7408174	0.7359556
1.7414023	0.73569906
1.7419873	0.7359556
1.7425728	0.73612672
1.7431587	0.73604119
1.7437451	0.73604119
1.7443317	0.73621225
1.7449189	0.73629773
1.7455064	0.73629773
1.7460943	0.73646879
1.7466825	0.73663992
1.7472714	0.73681092
1.7478604	0.73663992
1.7484499	0.7368964
1.7490398	0.73715299
1.7496301	0.73732406
1.7502208	0.73715299
1.7508119	0.73698193
1.7514033	0.73723853
1.7519954	0.73723853
1.7525877	0.73706752
1.7531804	0.73715299
1.7537735	0.73732406
1.754367	0.73758066
1.7549609	0.73758066
1.7555553	0.73758066
1.7561499	0.73758066
1.7567449	0.73766619
1.7573403	0.73749512
1.7579362	0.73749512
1.7585325	0.73766619
1.7591293	0.73817933
1.7597264	0.73817933
1.760324	0.73826486
1.7609218	0.73826486
1.7615204	0.73835033
1.7621191	0.73809385
1.7627183	0.73792273
1.7633178	0.73800826
1.7639178	0.73792273
1.7645181	0.7378372
1.7651191	0.73792273
1.7657201	0.7378372
1.7663218	0.73758066
1.7669238	0.73740959
1.7675263	0.73775166
1.768129	0.7378372
1.7687324	0.7378372
1.769336	0.73800826
1.7699401	0.73826486
1.7705445	0.73800826
1.7711494	0.73809385
1.7717546	0.73809385
1.7723604	0.73792273
1.7729665	0.7378372
1.773573	0.73800826
1.7741799	0.73800826
1.7747874	0.73835033
1.7753952	0.73843586
1.7760036	0.73817933
1.7766122	0.73792273
1.7772213	0.73817933
1.7778307	0.73766619
1.7784407	0.73732406
1.7790509	0.73740959
1.7796618	0.73749512
1.7802728	0.73766619
1.7808841	0.73775166
1.781496	0.73758066
1.7821085	0.73749512
1.7827213	0.73732406
1.7833346	0.73723853
1.7839482	0.73723853
1.7845623	0.73715299
1.7851768	0.73698193
1.785792	0.73698193
1.7864072	0.73681092
1.7870232	0.73655427
1.7876393	0.73655427
1.788256	0.73655427
1.788873	0.7359556
1.7894906	0.73587006
1.7901084	0.73578459
1.790727	0.73552799
1.7913457	0.73544252
1.7919649	0.73535693
1.7925845	0.73510033
1.7932047	0.73518592
1.793825	0.73527139
1.794446	0.73484379
1.7950673	0.73467273
1.795689	0.73475832
1.7963111	0.73415959
1.7969339	0.73398852
1.7975569	0.73390299
1.7981805	0.73398852
1.7988043	0.73381746
1.7994287	0.73338985
1.8000535	0.73296225
1.800679	0.73270559
1.8013045	0.73253459
1.8019307	0.73244905
1.8025571	0.73210692
1.8031842	0.73167932
1.8038116	0.73108065
1.8044394	0.73073846
1.8050677	0.73005432
1.8056965	0.72971219
1.8063256	0.72928452
1.8069552	0.72877139
1.8075852	0.72808719
1.8082157	0.72748852
1.8088466	0.72688979
1.809478	0.72663325
1.8101097	0.72594905
1.8107419	0.72517926
1.8113745	0.72440952
1.8120078	0.72406751
1.8126413	0.72355431
1.8132753	0.72312665
1.8139096	0.72244245
1.8145447	0.72192925
1.8151799	0.72150165
1.8158158	0.72098851
1.8164519	0.72056085
1.8170887	0.71996218
1.8177258	0.71936351
1.8183634	0.71902138
1.8190013	0.71833724
1.8196399	0.71808058
1.8202788	0.71782404
1.8209183	0.71696872
1.8215581	0.71637005
1.8221985	0.71594244
1.8228391	0.71534371
1.8234804	0.71465957
1.8241218	0.71397537
1.824764	0.71329111
1.8254064	0.71243578
1.8260493	0.71132398
1.8266927	0.71021217
1.8273367	0.70910037
1.8279809	0.70747524
1.8286258	0.70593584
1.829271	0.70422524
1.8299167	0.70242923
1.8305628	0.70063323
1.8312097	0.69849503
1.8318566	0.69644237
1.8325043	0.69438976
1.8331522	0.69173849
1.8338007	0.68908709
1.8344495	0.68626475
1.835099	0.68344229
1.8357487	0.68062001
1.8363992	0.67788315
1.83705	0.67497522
1.8377012	0.67198181
1.8383528	0.66907394
1.839005	0.66633701
1.8396575	0.66360021
1.8403107	0.66060674
1.8409641	0.658041
1.8416178	0.6556462
1.8422722	0.65273839
1.8429272	0.6505146
1.8435825	0.6491462
1.8442384	0.64829099
1.8448946	0.64760673
1.8455515	0.64717913
1.8462087	0.64717913
1.8468666	0.6477778
1.8475248	0.64906067
1.8481835	0.65017253
1.8488425	0.65128446
1.8495022	0.65282387
1.8501621	0.65470546
1.8508228	0.65667254
1.8514837	0.65872514
1.852145	0.66060674
1.8528068	0.66188967
1.8534694	0.6634292
1.8541322	0.66471207
1.8547956	0.66531074
1.8554593	0.66590947
1.8561238	0.66642261
1.8567885	0.66650814
1.8574541	0.66685021
1.8581197	0.6666792
1.858786	0.6666792
1.8594526	0.66693574
1.8601199	0.66761994
1.8607875	0.66838968
1.8614557	0.66950148
1.8621242	0.67095548
1.8627936	0.67232388
1.8634632	0.67377782
1.8641332	0.67591608
1.8648038	0.67822528
1.8654748	0.68087655
1.8661463	0.68318582
1.8668184	0.68549502
1.8674908	0.68806082
1.8681637	0.69096869
1.868837	0.69387662
1.869511	0.6967845
1.8701854	0.6996069
1.8708603	0.70268583
1.8715357	0.70533717
1.8722117	0.70850158
1.872888	0.71132398
1.8735651	0.71354771
1.8742423	0.71568584
1.8749202	0.71773851
1.8755985	0.71936351
1.8762774	0.72141612
1.8769567	0.72321218
1.8776366	0.72432405
1.8783168	0.72560692
1.8789977	0.72680432
1.8796788	0.72783065
1.8803607	0.72860038
1.881043	0.72911352
1.8817258	0.72996879
1.882409	0.73065299
1.8830929	0.73142272
1.883777	0.73193592
1.8844618	0.73244905
1.8851469	0.73287672
1.8858327	0.73364639
1.8865188	0.73398852
1.8872057	0.73433065
1.8878928	0.73433065
1.8885808	0.73475832
1.8892689	0.73518592
1.8899578	0.73552799
1.8906469	0.73552799
1.8913368	0.73544252
1.892027	0.73544252
1.8927178	0.73544252
1.893409	0.73552799
1.8941009	0.73569906
1.8947932	0.73527139
1.8954861	0.73492932
1.8961793	0.73492932
1.8968732	0.73510033
1.8975675	0.73467273
1.8982624	0.73467273
1.8989576	0.73450166
1.8996536	0.734074
1.9003499	0.73390299
1.9010466	0.73381746
1.9017439	0.73347539
1.9024419	0.73321879
1.9031402	0.73279113
1.9038392	0.73270559
1.9045385	0.73227805
1.9052386	0.73185039
1.905939	0.73150826
1.9066402	0.73150826
1.9073416	0.73125166
1.9080436	0.73073846
1.9087461	0.73013979
1.9094492	0.72996879
1.9101527	0.72979772
1.9108568	0.72945565
1.9115614	0.72937012
1.9122664	0.72919905
1.912972	0.72877139
1.9136782	0.72834373
1.9143847	0.72842938
1.915092	0.72817272
1.9157996	0.72765952
1.916508	0.72731745
1.9172167	0.72723192
1.9179261	0.72714645
1.9186358	0.72706085
1.9193462	0.72697538
1.9200571	0.72663325
1.9207685	0.72646219
1.9214803	0.72637665
1.9221928	0.72620559
1.9229058	0.72603458
1.9236195	0.72594905
1.9243335	0.72577798
1.9250481	0.72560692
1.9257631	0.72526485
1.9264789	0.72526485
1.927195	0.72517926
1.9279118	0.72535038
1.9286289	0.72517926
1.9293463	0.72517926
1.9300646	0.72500825
1.9307835	0.72492272
1.9315028	0.72492272
1.9322227	0.72492272
1.9329431	0.72483718
1.9336642	0.72475171
1.9343857	0.72449505
1.9351079	0.72458059
1.9358305	0.72492272
1.9365537	0.72492272
1.9372772	0.72475171
1.9380015	0.72466618
1.9387262	0.72458059
1.9394516	0.72466618
1.9401773	0.72466618
1.940904	0.72483718
1.9416308	0.72492272
1.9423584	0.72466618
1.9430864	0.72458059
1.943815	0.72458059
1.9445441	0.72483718
1.9452738	0.72500825
1.9460039	0.72458059
1.9467345	0.72458059
1.9474658	0.72449505
1.9481977	0.72423851
1.94893	0.72398186
1.949663	0.72389638
1.9503965	0.72423851
1.9511306	0.72423851
1.9518652	0.72381085
1.9526006	0.72363985
1.9533362	0.72355431
1.9540726	0.72355431
1.9548093	0.72363985
1.9555469	0.72355431
1.9562846	0.72312665
1.9570233	0.72287011
1.9577622	0.72278458
1.9585019	0.72295558
1.959242	0.72295558
1.9599829	0.72269905
1.960724	0.72244245
1.961466	0.72235692
1.9622083	0.72201478
1.9629514	0.72184378
1.9636948	0.72167271
1.9644389	0.72158718
1.9651834	0.72124511
1.9659288	0.72124511
1.9666744	0.72141612
1.9674209	0.72133058
1.9681678	0.72124511
1.9689153	0.72115958
1.9696634	0.72098851
1.9704123	0.72098851
1.9711614	0.72107399
1.9719112	0.72141612
1.9726615	0.72150165
1.9734125	0.72133058
1.9741639	0.72150165
1.9749161	0.72158718
1.9756685	0.72141612
1.976422	0.72158718
1.9771756	0.72124511
1.9779301	0.72115958
1.9786849	0.72175825
1.9794405	0.72210032
1.9801965	0.72184378
1.9809532	0.72158718
1.9817104	0.72175825
1.9824681	0.72150165
1.9832264	0.72115958
1.9839855	0.72115958
1.984745	0.72090298
1.9855052	0.72081751
1.9862659	0.72090298
1.9870273	0.72107399
1.987789	0.72107399
1.9885516	0.72090298
1.9893147	0.72073191
1.9900783	0.72098851
1.9908425	0.72098851
1.9916074	0.72090298
1.9923728	0.72056085
1.9931389	0.72056085
1.9939053	0.72038984
1.9946727	0.72038984
1.9954402	0.72013319
1.9962088	0.71987665
1.9969776	0.71979117
1.9977473	0.71979117
1.9985173	0.71953452
1.9992882	0.71962005
2.0000594	0.71944898
2.0008314	0.71910691
2.0016038	0.71893591
2.002377	0.71876484
2.0031507	0.71867925
2.0039251	0.71876484
2.0046999	0.71902138
2.0054755	0.71919245
2.0062516	0.71902138
2.0070286	0.71902138
2.0078058	0.71885031
2.0085838	0.71876484
2.0093622	0.71867925
2.0101414	0.71885031
2.010921	0.71876484
2.0117013	0.71859372
2.0124824	0.71867925
2.0132637	0.71893591
2.0140457	0.71893591
2.0148287	0.71902138
2.0156119	0.71876484
2.016396	0.71876484
2.0171804	0.71859372
2.0179658	0.71850824
2.0187516	0.71842271
2.0195379	0.71876484
2.0203249	0.71867925
2.0211127	0.71842271
2.0219009	0.71808058
2.0226898	0.71790957
2.0234792	0.71782404
2.0242696	0.71773851
2.0250602	0.71722531
2.0258517	0.71696872
2.0266438	0.71671218
2.0274363	0.71671218
2.0282295	0.71654111
2.0290234	0.71602798
2.0298178	0.71525824
2.0306129	0.71483058
2.0314085	0.71448845
2.0322044	0.71406084
2.0330014	0.71329111
2.0337989	0.71277797
2.0345972	0.71243578
2.0353961	0.71226478
2.0361953	0.71183711
2.0369956	0.71123844
2.0377963	0.7105543
2.0385981	0.7102977
2.0393999	0.70987004
2.0402026	0.70935684
2.0410056	0.70884377
2.0418096	0.70858711
2.042614	0.70807397
2.0434194	0.7077319
2.044225	0.70756084
2.0450315	0.7070477
2.0458386	0.70627797
2.0466464	0.70602137
2.0474546	0.70576483
2.0482635	0.70542264
2.049073	0.70508057
2.0498834	0.7047385
2.0506942	0.70422524
2.0515053	0.70371211
2.0523174	0.70345557
2.0531304	0.7032845
2.0539436	0.7031135
2.0547578	0.70251483
2.0555725	0.70208716
2.0563879	0.70183051
2.057204	0.70157397
2.0580208	0.70131737
2.0588381	0.7009753
2.0596561	0.70054764
2.0604746	0.70003456
2.0612941	0.6997779
2.062114	0.69952136
2.0629346	0.69943589
2.0637558	0.69917923
2.0645773	0.6988371
2.0653996	0.69832397
2.0662231	0.69806743
2.0670469	0.69781077
2.0678713	0.69738317
2.0686965	0.69695556
2.0695224	0.69669896
2.0703487	0.69627136
2.0711763	0.6960147
2.0720038	0.69575816
2.0728326	0.69533056
2.0736616	0.69473183
2.0744915	0.69456077
2.0753219	0.6942187
2.076153	0.69387662
2.0769846	0.69353443
2.0778172	0.69336343
2.0786502	0.69319242
2.0794842	0.69310683
2.0803187	0.69285029
2.0811539	0.69259369
2.0819895	0.69225156
2.0828261	0.69216603
2.0836632	0.69190949
2.084501	0.69199502
2.0853395	0.69199502
2.0861788	0.69182402
2.0870185	0.69173849
2.0878592	0.69139636
2.0887003	0.69088316
2.0895422	0.69071209
2.0903847	0.69079769
2.0912282	0.69071209
2.092072	0.69054109
2.0929167	0.69062656
2.0937619	0.6901989
2.0946081	0.68985689
2.0954545	0.68985689
2.096302	0.68985689
2.0971498	0.68951476
2.0979986	0.68908709
2.0988479	0.68874496
2.0996981	0.68865949
2.1005487	0.68883055
2.1014004	0.68840289
2.1022525	0.68806082
2.1031053	0.68771863
2.1039588	0.68754762
2.1048129	0.68729109
2.1056678	0.68669236
2.1065235	0.68643582
2.1073797	0.68643582
2.1082368	0.68635023
2.1090944	0.68566602
2.1099529	0.68532389
2.1108119	0.68481082
2.1116717	0.68438315
2.1125321	0.68421215
2.1133935	0.68369895
2.1142552	0.68327129
2.115118	0.68318582
2.1159811	0.68275815
2.1168454	0.68241602
2.1177099	0.68215948
2.1185756	0.68173188
2.1194417	0.68104762
2.1203086	0.68053442
2.121176	0.68019235
2.1220446	0.67993575
2.1229134	0.67976475
2.1237831	0.67959362
2.1246536	0.67933708
2.1255245	0.67916608
2.1263962	0.67848182
2.1272688	0.67796868
2.1281419	0.67771202
2.1290162	0.67754102
2.1298907	0.67711335
2.1307662	0.67660028
2.1316423	0.67583048
2.1325192	0.67565942
2.1333966	0.67548841
2.1342752	0.67488974
2.135154	0.67446208
2.1360338	0.67420548
2.1369143	0.67360681
2.1377954	0.67300814
2.1386774	0.67249501
2.1395605	0.67215288
2.1404438	0.67138308
2.1413281	0.67112654
2.1422129	0.67052788
2.1430986	0.67010021
2.1439848	0.66992915
2.144872	0.66950148
2.1457596	0.66873181
2.1466477	0.66830415
2.1475368	0.66796207
2.148427	0.66744888
2.1493175	0.66676468
2.1502092	0.66625154
2.1511011	0.66573834
2.1519942	0.66539627
2.1528878	0.66496861
2.1537826	0.66445547
2.1546776	0.66385674
2.1555736	0.66317254
2.1564703	0.66265941
2.1573677	0.66214627
2.1582658	0.66163307
2.1591649	0.66146207
2.1600645	0.6608634
2.1609645	0.66017914
2.1618655	0.6599226
2.1627674	0.65975147
2.1636701	0.659495
2.1645734	0.6589818
2.1654775	0.65846866
2.1663826	0.65812647
2.1672883	0.6576134
2.168195	0.6571002
2.169102	0.65658706
2.1700101	0.65624487
2.1709187	0.6557318
2.1718283	0.65538967
2.1727386	0.654962
2.1736495	0.65436333
2.1745613	0.65376472
2.1754742	0.653166
2.1763873	0.65265286
2.1773014	0.65213966
2.1782162	0.65162647
2.179132	0.6510278
2.1800482	0.650087
2.1809654	0.6491462
2.1818831	0.64829099
2.1828015	0.64760673
2.1837208	0.64666593
2.1846411	0.64563966
2.1855621	0.64461333
2.1864841	0.64367259
2.1874065	0.64247513
2.1883299	0.64170539
2.189254	0.64067912
2.1901793	0.63939619
2.1911051	0.63819885
2.1920316	0.63725805
2.1929588	0.63597512
2.193887	0.63511986
2.1948156	0.63409352
2.1957452	0.63340932
2.1966755	0.63246858
2.197607	0.63161325
2.1985388	0.63024485
2.1994717	0.62913305
2.2004051	0.62827772
2.2013395	0.62716591
2.2022746	0.62605405
2.2032106	0.62528431
2.2041473	0.62417251
2.2050848	0.62314612
2.206023	0.62194878
2.2069621	0.62083697
2.207902	0.61972511
2.2088428	0.61852777
2.2097843	0.61715931
2.2107267	0.61570537
2.2116697	0.61433691
2.2126141	0.61271197
2.2135587	0.61100137
2.2145045	0.60971856
2.2154505	0.60817897
2.216398	0.60638303
2.2173457	0.60475796
2.2182946	0.6032185
2.2192442	0.6017645
2.2201948	0.60048157
2.2211459	0.59902769
2.2220981	0.5978303
2.2230508	0.59671849
2.2240045	0.59560663
2.2249589	0.59466583
2.2259145	0.59389615
2.2268705	0.59295529
2.2278273	0.59210002
2.228785	0.59133029
2.2297437	0.59064609
2.2307031	0.58996195
2.2316635	0.58910662
2.2326245	0.58833688
2.2335865	0.58773816
2.234549	0.58722502
2.2355127	0.58696842
2.2364771	0.58671182
2.2374425	0.58654082
2.2384083	0.58711195
2.2393754	0.58703035
2.2403431	0.58654076
2.2413118	0.58605117
2.2422812	0.58629602
2.243252	0.58613276
2.2442229	0.58507198
2.2451949	0.58352154
2.2461677	0.58188957
2.2471414	0.5798496
2.2481158	0.57789117
2.2490911	0.5761776
2.2500672	0.57397437
2.251044	0.57193434
2.2520218	0.56956798
2.2530005	0.56671196
2.2539799	0.56320316
2.2549605	0.55985755
2.2559416	0.55569595
2.2569239	0.55079997
2.2579067	0.54549599
2.2588909	0.54027361
2.2598755	0.53562236
2.2608612	0.53113437
2.2618475	0.52721757
2.2628348	0.52419841
2.263823	0.52232158
2.264812	0.52077115
2.2658017	0.51905757
2.2667923	0.51815999
2.2677839	0.51815999
2.2687764	0.51824158
2.2697697	0.51824158
2.2707639	0.51930237
2.271759	0.5209344
2.2727549	0.52223998
2.2737517	0.52362716
2.2747495	0.52566719
2.275748	0.52811515
2.2767475	0.53023678
2.2777479	0.53284794
2.278749	0.53594875
2.2797511	0.53970236
2.2807541	0.54370075
2.2817578	0.5482704
2.282763	0.5527584
2.2837684	0.55773592
2.284775	0.56303996
2.2857823	0.56891519
2.2867908	0.57454556
2.2877998	0.57935995
2.28881	0.58392954
2.2898209	0.58907038
2.2908323	0.59404796
2.2918451	0.59845436
2.2928588	0.60188156
2.2938731	0.60465592
2.2948887	0.60685915
2.2959049	0.60889918
2.2969222	0.60987836
2.2979403	0.60995996
2.2989597	0.60914397
2.2999794	0.60791993
2.3010006	0.60677755
2.3020222	0.60506397
2.303045	0.60375834
2.3040683	0.60416633
2.3050931	0.60432959
2.3061182	0.60506397
2.3071454	0.607104
2.3081722	0.61028641
2.3092005	0.61395842
2.3102295	0.61828315
2.3112597	0.62236321
2.3122904	0.62595361
2.3133223	0.63003361
2.3143549	0.63443995
2.3153882	0.63794881
2.3164227	0.64072317
2.3174584	0.64317119
2.3184946	0.64545596
2.3195322	0.64765918
2.3205702	0.65002555
2.3216095	0.65165752
2.3226497	0.65320796
2.3236911	0.65426874
2.324733	0.65516639
2.3257761	0.65639037
2.3268199	0.65745115
2.3278646	0.6582672
2.3289104	0.65932798
2.3299572	0.66006237
2.3310046	0.66104156
2.3320534	0.66177595
2.3331029	0.6622656
2.3341534	0.66210234
2.3352048	0.66210234
2.3362572	0.6624288
2.3373103	0.66267353
2.3383648	0.66308153
2.3394198	0.66308153
2.340476	0.66291839
2.3415329	0.66291839
2.342591	0.66308153
2.3436501	0.66291839
2.3447101	0.6623472
2.3457711	0.6623472
2.346833	0.66218394
2.3478959	0.66153115
2.3489597	0.66104156
2.3500245	0.66038877
2.3510904	0.65883839
2.3521569	0.65785915
2.3532248	0.65753275
2.3542933	0.65696156
2.3553631	0.65598238
2.3564336	0.6546768
2.3575051	0.65312642
2.3585775	0.65157592
2.3596511	0.6504336
2.3607256	0.64937282
2.3618011	0.64839357
2.3628776	0.64700633
2.363955	0.64537436
2.3650334	0.64390558
2.3661137	0.6425184
2.3671939	0.64047837
2.3682754	0.6388464
2.3693576	0.63680637
2.3704412	0.63517439
2.3715253	0.63419521
2.3726108	0.63223678
2.373697	0.62995195
2.3747847	0.62783039
2.3758729	0.62554556
2.3769624	0.6227712
2.3780525	0.62064958
2.379144	0.61828315
2.3802361	0.61567193
2.3813298	0.61346883
2.3824239	0.61061275
2.3835192	0.60767519
2.3846154	0.60457438
2.3857129	0.60155517
2.3868113	0.59853595
2.3879108	0.5957616
2.3890109	0.59274238
2.3901126	0.58931518
2.3912148	0.58596957
2.3923185	0.58303195
2.3934228	0.5796048
2.3945284	0.5758512
2.3956349	0.57250559
2.3967426	0.56915998
2.397851	0.56573278
2.3989608	0.56263196
2.4000711	0.55977601
2.4011834	0.55740958
2.4022958	0.55496156
2.4034097	0.5523504
2.4045243	0.55039203
2.4056404	0.54818881
2.4067569	0.54639357
2.4078751	0.54467994
2.4089937	0.54296637
2.4101133	0.54125279
2.4112341	0.53962076
2.4123564	0.53880477
2.4134791	0.53798878
2.4146035	0.5370912
2.4157286	0.53603035
2.4168549	0.53529596
2.4179819	0.53521442
2.4191108	0.53529596
2.4202399	0.53505117
2.4213705	0.53447998
2.4225018	0.53456157
2.4236345	0.53472477
2.424768	0.53464317
2.4259028	0.53456157
2.4270384	0.53472477
2.4281759	0.53513277
2.4293137	0.53480637
2.4304526	0.53488797
2.4315925	0.53521442
2.4327338	0.53513277
2.4338756	0.53480637
2.435019	0.53447998
2.4361632	0.53407198
2.4373078	0.53333753
2.4384544	0.5326032
2.4396017	0.53170556
2.4407504	0.53007352
2.4419	0.52852315
2.4430506	0.52697277
2.4442027	0.5247696
2.4453554	0.52191359
2.4465098	0.51930237
2.447665	0.51709914
2.4488211	0.51456958
2.4499784	0.51179522
2.4511368	0.5093472
2.4522963	0.50689918
2.4534569	0.50412476
2.4546185	0.5015136
2.4557815	0.49947357
2.4569452	0.49800476
2.4581103	0.49620959
2.4592764	0.49449596
2.4604435	0.49368
2.4616117	0.49327198
2.4627812	0.49327198
2.4639518	0.49335358
2.4651229	0.49384317
2.4662957	0.49449596
2.4674697	0.49506718
2.4686446	0.49555677
2.4698207	0.49653599
2.4709978	0.49775997
2.4721763	0.49865755
2.4733558	0.49922878
2.4745364	0.49971837
2.4757183	0.50037116
2.4769011	0.50102401
2.478085	0.50143194
2.4792702	0.5017584
2.4804564	0.50216639
2.4816439	0.50257438
2.4828324	0.50322717
2.4840217	0.50363517
2.4852126	0.50306398
2.4864044	0.50265598
2.4875975	0.50257438
2.4887917	0.50241119
2.4899871	0.50184
2.4911838	0.5012688
2.4923813	0.50028956
2.4935806	0.49890238
2.4947805	0.49775997
2.4959817	0.49612796
2.497184	0.49368
2.4983873	0.49074239
2.4995921	0.48796797
2.5007977	0.48478559
2.5020049	0.48095036
2.5032129	0.47662559
2.5044224	0.47181118
2.5056329	0.46691516
2.5068443	0.46152958
2.5080571	0.4566336
2.5092711	0.45239037
2.5104864	0.44806561
2.5117025	0.4443936
2.5129199	0.44153759
2.5141385	0.43941599
2.5153584	0.43843678
2.5165794	0.43827358
2.5178018	0.4391712
2.5190251	0.44063997
2.5202496	0.4425984
2.5214756	0.44545439
2.5227027	0.44863677
2.5239308	0.45124796
2.5251603	0.45377758
2.5263908	0.45630717
2.5276225	0.4586736
2.5288556	0.46046877
2.5300899	0.4625904
2.5313251	0.4642224
2.532562	0.46511999
2.5337996	0.46593598
2.5350387	0.46715996
2.536279	0.46822077
2.5375204	0.46903679
2.538763	0.46952638
2.5400069	0.4701792
2.5412521	0.47066879
2.5424979	0.47140318
2.5437455	0.47172958
2.5449944	0.4723008
2.5462441	0.47279039
2.5474954	0.47352478
2.548748	0.47393277
2.5500016	0.47393277
2.5512564	0.47425917
2.5525131	0.47483039
2.5537705	0.47474876
2.5550292	0.47458559
2.556289	0.4743408
2.5575502	0.47425917
2.5588126	0.474096
2.5600762	0.47417757
2.561341	0.47466719
2.5626073	0.47425917
2.5638747	0.47279039
2.5651433	0.47091359
2.5664132	0.46944478
2.5676842	0.4681392
2.5689566	0.46724159
2.5702302	0.46536478
2.5715053	0.46316159
2.5727808	0.46210077
2.5740583	0.4603056
2.5753372	0.45802078
2.576617	0.4566336
2.5778983	0.45377758
2.579181	0.45084
2.5804646	0.44904479
2.5817497	0.44676
2.5830364	0.44471997
2.5843241	0.44227198
2.585613	0.4386816
2.5869033	0.43615198
2.5881948	0.43354076
2.5894876	0.43092957
2.5907817	0.42766559
2.592077	0.42464638
2.5933733	0.42358556
2.5946712	0.42317757
2.5959706	0.41844478
2.5972712	0.4135488
2.598573	0.40979517
2.5998762	0.40636796
2.6011808	0.40359357
2.6024866	0.40073758
2.6037939	0.39763677
2.6051023	0.39527038
2.6064122	0.39233276
2.6077232	0.38923198
2.6090355	0.38670239
2.6103492	0.38474396
2.6116643	0.38335678
2.6129806	0.38237756
2.6142986	0.38147998
2.6156178	0.38123518
2.6169381	0.38107195
2.6182597	0.37984797
2.6195827	0.38009277
2.6209071	0.3801744
2.6222329	0.37895039
2.62356	0.37886879
2.6248877	0.37919518
2.6262174	0.38033757
2.6275485	0.38082716
2.628881	0.38164318
2.6302147	0.383928
2.6315498	0.38441759
2.6328864	0.38547841
2.6342242	0.38792637
2.6355639	0.38996637
2.6369042	0.39241439
2.6382463	0.39551517
2.6395895	0.39877918
2.6409342	0.40204319
2.6422803	0.40473598
2.6436276	0.40718397
2.6449764	0.41012159
2.6463268	0.41281438
2.6476784	0.41452798
2.6490314	0.41664958
2.6503856	0.41868958
2.6517413	0.421464
2.6530983	0.42366719
2.6544569	0.42489117
2.6558168	0.42652318
2.6571774	0.42782879
2.65854	0.42962396
2.6599042	0.4310928
2.6612697	0.43182719
2.6626365	0.43280637
2.6640048	0.4351728
2.6653745	0.43819198
2.6667454	0.43957919
2.6681182	0.43982399
2.6694922	0.44243518
2.6708674	0.4446384
2.6722443	0.44374079
2.6736224	0.4446384
2.6750021	0.44651517
2.676383	0.44806561
2.6777654	0.44863677
2.6791496	0.44986078
2.6805348	0.45026878
2.6819217	0.45149276
2.6833098	0.45345119
2.6846995	0.45516476
2.6860905	0.45736799
2.6874828	0.45989758
2.6888769	0.4623456
2.6902716	0.46503836
2.6916685	0.46789438
2.6930668	0.47140318
2.6944666	0.47401437
2.6958678	0.47531998
2.6972704	0.47580957
2.6986744	0.47564638
2.7000799	0.47580957
2.7014871	0.47548318
2.7028956	0.47393277
2.7043056	0.47221917
2.7057171	0.47026077
2.70713	0.468384
2.7085443	0.46667036
2.7099602	0.46471199
2.7113776	0.46161118
2.7127967	0.45695996
2.7142169	0.45312476
2.7156389	0.44937119
2.7170622	0.44569919
2.718487	0.44267997
2.7199132	0.4407216
2.7213409	0.43623358
2.7227702	0.43141916
2.7242005	0.42831838
2.7256327	0.42391199
2.7270665	0.4190976
2.7285018	0.41526237
2.7299387	0.411264
2.7313771	0.40742877
2.7328169	0.40351197
2.7342582	0.39992157
2.7357013	0.39567837
2.7371457	0.39168
2.7385917	0.38915038
2.7400391	0.38588637
2.741488	0.38082716
2.7429385	0.37568638
2.7443907	0.37095359
2.7458441	0.36622077
2.747299	0.36148798
2.7487557	0.35659197
2.7502139	0.35194078
2.7516737	0.3470448
2.753135	0.34206718
2.7545979	0.33823198
2.7560623	0.33317277
2.7575283	0.32697117
2.7589962	0.3212592
2.7604654	0.3157104
2.7619359	0.31024319
2.7634082	0.30420479
2.7648821	0.2975952
2.7663574	0.29123038
2.7678344	0.28502879
2.7693131	0.27899039
2.7707932	0.27327839
2.772275	0.26715839
2.7737584	0.26152799
2.7752433	0.256632
2.7767296	0.25149119
2.7782178	0.24635038
2.7797074	0.24137279
2.7811987	0.23672159
2.782691	0.23215199
2.7841854	0.2274192
2.7856815	0.22301279
2.7871792	0.2187696
2.7886784	0.21444479
2.7901793	0.21036479
2.7916818	0.20710078
2.7931859	0.2047344
2.794692	0.20236799
2.7961996	0.20016479
2.7977085	0.19836959
2.7992191	0.19681919
2.8007314	0.19551359
2.8022454	0.19437119
2.803761	0.19306558
2.8052781	0.19143359
2.806797	0.18971999
2.8083177	0.18833278
2.8098397	0.18653759
2.8113635	0.1842528
2.8128889	0.18213119
2.8144159	0.17976479
2.8159447	0.17715359
2.8174751	0.17429759
2.8190067	0.17119679
2.8205404	0.16801439
2.8220758	0.16426079
2.8236129	0.16018079
2.8251517	0.15585598
2.8266921	0.15128639
2.8282342	0.14679839
2.829778	0.1421472
2.8313241	0.13708799
2.8328712	0.13194719
2.83442	0.12639838
2.8359706	0.1210128
2.8375227	0.11619839
2.8390768	0.1118736
2.8406324	0.1080384
2.8421898	0.1047744
2.843749	0.1018368
2.84531	0.098654397
2.8468723	0.096043199
2.8484366	0.093921594
2.8500025	0.091555193
2.8515701	0.089515202
2.8531396	0.087556794
2.8547106	0.085435197
2.8562829	0.083150394
2.8578575	0.081110395
2.8594339	0.079070397
2.861012	0.076785594
2.8625917	0.074500799
2.8641732	0.072215997
2.8657565	0.069849595
2.8673415	0.067319997
2.8689287	0.064708792
2.870517	0.062097598
2.8721075	0.059159998
2.8736994	0.056222398
2.8752933	0.053447999
2.876889	0.050755199
2.8784864	0.047899198
2.8800855	0.044879999
2.8816857	0.042187199
2.8832886	0.0399024
2.8848929	0.037127998
2.8864994	0.0345168
2.8881073	0.032231998
2.8897173	0.030273598
2.8913291	0.028641598
2.8929424	0.027336
2.8945582	0.0259488
2.8961751	0.0247248
2.897794	0.023582399
2.8994148	0.0226848
2.9010372	0.0217056
2.9026616	0.020726399
2.9042876	0.019665599
2.9059157	0.018849598
2.9075458	0.017951999
2.9091775	0.017217599
2.9108109	0.016809598
2.9124463	0.016319999
2.9140832	0.015912
2.9157224	0.0156672
2.9173632	0.015095999
2.9190059	0.014687999
2.9206498	0.014443199
2.922296	0.014279999
2.9239442	0.014116799
2.9255943	0.0137088
2.9272463	0.0133008
2.9289	0.0132192
2.9305558	0.0127296
2.9322133	0.0125664
2.9338732	0.0123216
2.9355345	0.011668799
2.9371977	0.0108528
2.9388628	0.010608
2.9405298	0.010526399
2.9421985	0.0099551994
2.9438694	0.0095471991
2.9455421	0.0093023991
2.9472167	0.0091391988
2.9488933	0.0089759994
2.9505715	0.0088127991
2.9522519	0.0087311994
2.953934	0.0086495988
2.9556181	0.0088127991
2.9573042	0.0088127991
2.9589922	0.0087311994
2.9606814	0.0088127991
2.9623733	0.0092207994
2.964067	0.010036799
2.9657626	0.0110976
2.9674604	0.0119952
2.9691598	0.0129744
2.9708614	0.014361599
2.9725649	0.015177599
2.9742706	0.015993601
2.9759779	0.016564798
2.9776874	0.017135998
2.9793985	0.017380798
2.9811118	0.017217599
2.9828272	0.016972799
2.9845443	0.017217599
2.9862635	0.017380798
2.9879854	0.017707199
2.9897087	0.018278398
2.9914336	0.019175999
2.993161	0.020155199
2.99489	0.021215999
2.9966211	0.022031998
2.9983544	0.022847999
3.0000894	0.0237456
3.001826	0.02448
3.0035653	0.0252144
3.0053065	0.026030399
3.0070496	0.0264384
3.0087948	0.026928
3.0105422	0.0274176
3.0122914	0.027743997
3.0140429	0.028151998
3.0157964	0.028641598
3.0175517	0.029131198
3.0193093	0.029539198
3.0210688	0.029702399
3.0228302	0.029783998
3.0245938	0.030110398
3.0263596	0.030355198
3.0281272	0.030599998
3.0298975	0.030926399
3.0316694	0.031415999
3.0334435	0.0320688
3.0352194	0.0328032
3.0369976	0.033292796
3.0387776	0.033700798
3.04056	0.034435198
3.0423443	0.035496
3.0441301	0.036719996
3.0459187	0.037944
3.0477092	0.039086398
3.0495021	0.040228799
3.0512969	0.041452799
3.0530939	0.042921599
3.054893	0.044390399
3.0566943	0.045614395
3.0584979	0.046838399
3.0603034	0.048143998
3.0621109	0.049694397
3.0639207	0.051244799
3.0657327	0.052795198
3.0675466	0.054671999
3.0693629	0.056875199
3.0711813	0.059078395
3.0730011	0.061444797
3.0748239	0.063729599
3.0766487	0.065769598
3.0784757	0.067646392
3.0803049	0.069604799
3.0821362	0.071481593
3.0839698	0.0729504
3.0858054	0.074174397
3.0876439	0.075398393
3.0894837	0.076622397
3.0913262	0.077601589
3.0931706	0.078662395
3.0950172	0.0798048
3.0968661	0.080620795
3.0987172	0.081355199
3.1005704	0.082252793
3.1024263	0.083231993
3.104284	0.084211193
3.106144	0.084945597
3.1080062	0.085598394
3.1098707	0.086251199
3.1117373	0.087148793
3.1136062	0.087964803
3.1154773	0.088535994
3.1173501	0.089188799
3.1192257	0.089841597
3.1211035	0.090657592
3.1229837	0.091555193
3.1248662	0.092615992
3.1267509	0.093513593
3.128638	0.094655998
3.1305273	0.096043199
3.1324193	0.097920001
3.1343131	0.10004159
3.1362092	0.102408
3.1381078	0.1047744
3.1400084	0.1067328
3.1419115	0.1088544
3.1438167	0.11097599
3.1457245	0.11301599
3.1476347	0.11464799
3.1495469	0.11562719
3.1514616	0.117096
3.1533785	0.1182384
3.1552978	0.1190544
3.1572194	0.1196256
3.1591434	0.1201968
3.1610696	0.120768
3.162998	0.12093119
3.1649289	0.12093119
3.1668622	0.12093119
3.168798	0.1210128
3.1707361	0.12093119
3.1726766	0.12084959
3.1746194	0.120768
3.1765647	0.120768
3.1785126	0.120768
3.1804626	0.12084959
3.182415	0.121176
3.1843698	0.1217472
3.186327	0.1222368
3.1882865	0.12288959
3.1902485	0.12386879
3.1922131	0.125256
3.19418	0.12680639
3.1961493	0.12892799
3.1981211	0.13113119
3.2000952	0.13308959
3.2020719	0.135456
3.2040508	0.13782239
3.2060323	0.1400256
3.2080164	0.141984
3.2100022	0.14402398
3.2119911	0.1461456
3.2139823	0.1481856
3.215976	0.15022559
3.2179723	0.1526736
3.2199712	0.155448
3.2219722	0.15830399
3.2239761	0.16115999
3.2259824	0.16417919
3.2279911	0.16687199
3.2300024	0.1694832
3.2320161	0.17217599
3.2340324	0.17470559
3.2360511	0.17690879
3.2380724	0.17911199
3.2400961	0.18082559
3.2421229	0.1822944
3.2441516	0.18392639
3.2461832	0.18547679
3.2482171	0.18702719
3.2502534	0.1882512
3.2522926	0.18939359
3.2543342	0.19061759
3.2563784	0.19151519
3.2584248	0.19241279
3.2604742	0.19355519
3.262526	0.19461599
3.2645805	0.19559519
3.2666376	0.19681919
3.2686973	0.19820639
3.2707596	0.19959359
3.2728245	0.20098078
3.2748921	0.20244959
3.2769623	0.20399998
3.2790351	0.20546879
3.2811103	0.20718239
3.2831883	0.20922239
3.2852688	0.21101758
3.2873521	0.21297598
3.289438	0.21509759
3.2915258	0.2173824
3.293617	0.21999359
3.2957108	0.2224416
3.2978072	0.22497119
3.2999065	0.2274192
3.3020084	0.23011199
3.3041129	0.23264158
3.3062201	0.23525278
3.3083303	0.23753759
3.3104429	0.23982239
3.3125582	0.24235199
3.314676	0.24447359
3.3167968	0.24651359
3.3189204	0.24839039
3.3210464	0.24977759
3.3231752	0.25124639
3.3253074	0.2526336
3.3274417	0.25402078
3.3295789	0.25548959
3.3317187	0.2567952
3.3338614	0.25801918
3.3360066	0.25916159
3.3381548	0.260304
3.3403056	0.26160961
3.3424585	0.26291519
3.344615	0.2642208
3.3467741	0.26568958
3.3489361	0.26707679
3.3511009	0.2683824
3.3532684	0.26952478
3.3554389	0.27099359
3.3576121	0.27238077
3.3597887	0.27384961
3.3619676	0.27531838
3.3641491	0.27654237
3.3663337	0.27768478
3.368521	0.27915359
3.3707113	0.28054079
3.3729043	0.28160158
3.3751001	0.28258079
3.3772995	0.28388637
3.3795011	0.28527358
3.3817058	0.28641599
3.383913	0.28739521
3.3861232	0.28845599
3.3883364	0.28943518
3.3905525	0.29065919
3.3927715	0.29139358
3.3949924	0.29229119
3.3972173	0.29327038
3.3994448	0.29400477
3.4016755	0.29465759
3.403909	0.29563677
3.4061456	0.29661599
3.408385	0.29743198
3.4106274	0.29824799
3.4128728	0.29890081
3.4151211	0.29971677
3.4173725	0.30069599
3.4196265	0.301512
3.4218838	0.30249119
3.424144	0.3037968
3.4264071	0.30502078
3.4286733	0.30616319
3.4309425	0.3074688
3.4332149	0.30869278
3.4354899	0.31007999
3.4377682	0.31146717
3.4400494	0.31252798
3.4423335	0.3136704
3.4446208	0.31497598
3.4469111	0.31619999
3.449204	0.3173424
3.4515004	0.31840318
3.4537997	0.31938237
3.4561024	0.32052478
3.4584079	0.32183039
3.4607165	0.32329917
3.4630284	0.32452318
3.4653432	0.32566559
3.4676619	0.32688957
3.4699829	0.32811359
3.472307	0.32950076
3.4746342	0.33088797
3.4769647	0.33235678
3.4792981	0.33374399
3.4816349	0.3351312
3.4839747	0.33643681
3.4863167	0.33757919
3.488663	0.33872157
3.4910121	0.34002718
3.4933646	0.34133279
3.4957201	0.3426384
3.4980791	0.34402561
3.5004408	0.34508637
3.5028062	0.34598398
3.5051751	0.3470448
3.5075467	0.34835038
3.5099213	0.34949279
3.5122993	0.35063517
3.5146806	0.35145119
3.517065	0.35243037
3.5194528	0.35349119
3.5218437	0.35430717
3.5242381	0.35504156
3.5266356	0.35593918
3.5290363	0.35708156
3.5314403	0.35789758
3.5338476	0.35871357
3.536258	0.35961118
3.538672	0.36034557
3.5410891	0.36091679
3.5435085	0.36156958
3.5459323	0.36230397
3.5483594	0.36320159
3.5507898	0.36385441
3.5532234	0.3645072
3.5556605	0.36524159
3.5581009	0.36597598
3.5605447	0.36671039
3.5629921	0.36744478
3.5654426	0.368424
3.5678964	0.36923999
3.5703535	0.36989278
3.5728142	0.37062719
3.5752783	0.37144318
3.5777457	0.37250397
3.5802164	0.37331998
3.5826914	0.3739728
3.5851691	0.37495199
3.5876501	0.3760128
3.5901346	0.37674719
3.5926225	0.37764481
3.595114	0.37870559
3.5976088	0.37960318
3.6001072	0.38041919
3.6026084	0.38131681
3.6051137	0.38221437
3.6076224	0.38311198
3.6101346	0.3840912
3.6126504	0.38482559
3.6151698	0.38539678
3.6176925	0.38613117
3.620219	0.38694718
3.6227491	0.38759997
3.6252825	0.38825279
3.6278193	0.38882399
3.6303599	0.38939521
3.6329038	0.39004797
3.6354516	0.39053759
3.6380026	0.39086398
3.6405575	0.39151677
3.6431165	0.39225119
3.6456785	0.39282238
3.6482441	0.39347517
3.6508133	0.39437276
3.6533861	0.39518878
3.6559625	0.39608639
3.6585426	0.39673918
3.6611264	0.39755517
3.6637127	0.39853436
3.6663036	0.3995136
3.6688983	0.40057439
3.6714969	0.4016352
3.6740987	0.40277758
3.6767046	0.40391999
3.6793139	0.40498078
3.6819272	0.40595999
3.6845443	0.40685758
3.687165	0.40783679
3.6897893	0.40865278
3.6924174	0.40955037
3.695049	0.41052955
3.6976848	0.41134557
3.7003241	0.41207999
3.7029672	0.41281438
3.7056146	0.4135488
3.7082653	0.41411999
3.7109196	0.41485438
3.713578	0.41583356
3.7162399	0.41664958
3.7189059	0.4172208
3.7215757	0.41779199
3.7242491	0.41836315
3.7269256	0.41926077
3.7296069	0.41983199
3.7322919	0.42040318
3.7349808	0.42089278
3.7376738	0.421464
3.7403705	0.42195359
3.7430711	0.42244318
3.7457757	0.42309597
3.7484846	0.42383036
3.7511971	0.42448318
3.7539134	0.4250544
3.7566335	0.42570716
3.7593577	0.42627838
3.7620859	0.42684957
3.764818	0.42742079
3.767554	0.42782879
3.770293	0.42831838
3.7730372	0.42888957
3.7757852	0.42937917
3.778537	0.42978719
3.7812932	0.43011358
3.7840533	0.43052158
3.7868173	0.430848
3.7895856	0.43117437
3.7923579	0.43174559
3.7951343	0.43223518
3.7979145	0.43247998
3.800699	0.43272477
3.8034875	0.43305117
3.8062801	0.43345919
3.8090768	0.43378556
3.8118775	0.43411198
3.8146832	0.43443838
3.8174922	0.4347648
3.8203053	0.4350096
3.8231227	0.43541759
3.8259442	0.43574399
3.8287699	0.43590719
3.8315997	0.43607038
3.8344338	0.43647838
3.837271	0.43656
3.8401134	0.4368048
3.8429599	0.43696797
3.8458109	0.43696797
3.848666	0.43713117
3.8515253	0.43737599
3.8543887	0.43745756
3.8572567	0.43770236
3.8601296	0.43786559
3.8630059	0.43794718
3.8658867	0.43802878
3.8687716	0.43811038
3.8716609	0.43811038
3.8745544	0.43811038
3.8774524	0.43811038
3.8803546	0.43819198
3.8832617	0.43835518
3.8861728	0.43843678
3.8890882	0.43851838
3.8920078	0.43851838
3.894932	0.43859997
3.8978605	0.43876317
3.9007933	0.43876317
3.9037306	0.4386816
3.9066718	0.43876317
3.9096179	0.4389264
3.9125686	0.43876317
3.9155238	0.4386816
3.9184833	0.43876317
3.9214473	0.4389264
3.9244158	0.4390896
3.9273889	0.43900797
3.9303668	0.43900797
3.9333489	0.4389264
3.9363356	0.43884477
3.9393268	0.43876317
3.9423223	0.43884477
3.9453225	0.43876317
3.9483273	0.43859997
3.9513369	0.43827358
3.9543512	0.43811038
3.9573698	0.43802878
3.960393	0.43770236
3.9634209	0.43745756
3.9664533	0.43721277
3.9694903	0.43672317
3.972532	0.43607038
3.9755785	0.43549919
3.9786289	0.4350096
3.9816847	0.43386719
3.984745	0.43215358
3.9878104	0.43019518
3.9908803	0.42766559
3.9939549	0.42423838
3.9970343	0.42048478
4.0001183	0.41787356
4.0032082	0.41836315
4.0063019	0.42170879
4.0094004	0.42587039
4.0125036	0.4292976
4.0156116	0.43158239
4.0187244	0.4331328
4.021842	0.43411198
4.0249648	0.43468317
4.028091	0.43492797
4.0312233	0.43492797
4.0343604	0.43492797
4.0375023	0.4347648
4.0406489	0.43460158
4.0438008	0.43435678
4.046958	0.43427518
4.0501194	0.43411198
4.0532866	0.43370399
4.056458	0.4331328
4.0596347	0.43272477
4.0628161	0.43231678
4.0660028	0.43190876
4.0691943	0.43133759
4.0723906	0.43068478
4.0755925	0.43027678
4.0787992	0.42978719
4.0820107	0.4292976
4.0852275	0.4287264
4.0884495	0.42823678
4.0916762	0.42782879
4.0949082	0.42742079
4.0981455	0.42709437
4.1013875	0.42668641
4.1046343	0.42627838
4.1078868	0.42603359
4.1111441	0.42562559
4.1144071	0.42521757
4.1176748	0.42472798
4.1209483	0.42423838
4.1242266	0.42374879
4.1275101	0.4232592
4.1307993	0.42252478
4.1340938	0.42203516
4.137393	0.421464
4.1406975	0.42081118
4.1440077	0.42015839
4.1473227	0.4193424
4.1506433	0.41836315
4.1539693	0.41771039
4.1573014	0.41697598
4.1606379	0.41615999
4.16398	0.41509917
4.1673269	0.41420156
4.1706796	0.41322237
4.1740379	0.41216159
4.1774011	0.41093758
4.1807699	0.40979517
4.1841431	0.40865278
4.1875229	0.40751037
4.190908	0.40628639
4.1942987	0.40506238
4.1976953	0.40375677
4.2010965	0.40253279
4.204504	0.40130877
4.2079167	0.39992157
4.2113357	0.39853436
4.2147593	0.39722881
4.2181888	0.3958416
4.2216239	0.39437276
4.2250643	0.39290398
4.2285104	0.39143518
4.2319622	0.38964
4.2354198	0.38792637
4.2388835	0.3862128
4.242352	0.38449916
4.2458267	0.38278559
4.2493072	0.38090879
4.2527928	0.37895039
4.2562842	0.37691036
4.2597818	0.37503359
4.2632847	0.37331998
4.2667923	0.37160638
4.2703071	0.36997437
4.2738276	0.368424
4.2773538	0.36671039
4.2808857	0.36507839
4.2844238	0.36369118
4.2879677	0.36238557
4.2915173	0.36124319
4.2950735	0.36010078
4.298635	0.35912159
4.3022022	0.35846877
4.3057756	0.35797918
4.3093548	0.35773438
4.3129401	0.35765278
4.3165312	0.35773438
4.3201284	0.35806081
4.3237324	0.3585504
4.3273416	0.3587952
4.3309565	0.35903999
4.3345776	0.35928479
4.3382049	0.35952958
4.3418384	0.35944799
4.3454776	0.35912159
4.3491235	0.35871357
4.3527737	0.3583056
4.3564315	0.35797918
4.3600955	0.35708156
4.3637652	0.35610238
4.3674417	0.35520479
4.3711243	0.3543888
4.3748131	0.35340959
4.3785081	0.35243037
4.3822103	0.35136956
4.3859177	0.35039037
4.3896313	0.34932959
4.3933511	0.34826878
4.3970776	0.34712639
4.4008102	0.34606558
4.4045491	0.34476
4.4082947	0.34345439
4.412045	0.34198558
4.415803	0.34067997
4.4195676	0.33929279
4.4233384	0.33774239
4.4271159	0.33594719
4.4308996	0.33398879
4.43469	0.33178556
4.4384871	0.32901117
4.4422908	0.3254208
4.4461007	0.32142237
4.4499168	0.31726077
4.4537401	0.31293598
4.4575696	0.30901918
4.4614058	0.30551037
4.4652486	0.30281761
4.4690976	0.30126721
4.4729543	0.30053279
4.4768167	0.30004317
4.4806862	0.29971677
4.4845624	0.29898238
4.4884448	0.2977584
4.4923344	0.29612637
4.4962306	0.29424956
4.5001335	0.2918832
4.5040426	0.28894559
4.5079594	0.28568158
4.5118828	0.28184637
4.5158129	0.27776641
4.5197501	0.27311519
4.523694	0.26797438
4.5276446	0.26250717
4.5316024	0.25695837
4.5355678	0.25173599
4.5395393	0.24684
4.5435181	0.24243358
4.5475035	0.23916958
4.551496	0.23696639
4.5554957	0.23606879
4.5595021	0.23647679
4.5635157	0.23827198
4.5675368	0.24104638
4.5715647	0.24390239
4.5755997	0.24643199
4.5796418	0.24830878
4.5836911	0.24945119
4.5877471	0.2499408
4.5918107	0.24977759
4.5958815	0.2490432
4.5999584	0.24790078
4.604044	0.24643199
4.6081362	0.24471839
4.612236	0.24300478
4.616343	0.2412096
4.6204576	0.23957759
4.6245794	0.2383536
4.6287084	0.23761919
4.6328454	0.23712958
4.6369891	0.237048
4.6411405	0.237048
4.6452994	0.237048
4.6494656	0.23672159
4.6536388	0.23606879
4.6578202	0.23476319
4.6620088	0.23272319
4.6662059	0.22970399
4.6704097	0.22619519
4.6746206	0.2221968
4.6788397	0.21787199
4.6830664	0.213792
4.6873007	0.21003839
4.6915426	0.2066928
4.6957922	0.20375519
4.7000484	0.20122558
4.7043133	0.19869599
4.7085862	0.19649279
4.7128668	0.19510558
4.717155	0.1946976
4.7214513	0.19543199
4.7257552	0.19706398
4.7300668	0.19926718
4.7343879	0.20179678
4.7387152	0.20351039
4.7430506	0.20399998
4.7473941	0.20293918
4.7517457	0.20040959
4.7561049	0.19698238
4.7604723	0.19306558
4.7648478	0.18898559
4.7692318	0.18449759
4.7736235	0.17992799
4.7780232	0.17592961
4.7824311	0.1734
4.7868466	0.17242078
4.7912707	0.17307359
4.7957029	0.17478719
4.8001437	0.17682719
4.8045907	0.17796959
4.8090477	0.17764318
4.8135128	0.1756032
4.8179865	0.17209439
4.8224683	0.167688
4.8269582	0.1626288
4.8314571	0.15716159
4.8359637	0.15161279
4.8404803	0.146064
4.8450041	0.14067839
4.8495364	0.13570079
4.8540773	0.1310496
4.8586264	0.1265616
4.8631845	0.12191039
4.8677506	0.117096
4.8723259	0.11195519
4.8769083	0.1069776
4.8815002	0.1026528
4.8861008	0.099551998
4.8907104	0.098491192
4.8953285	0.10028639
4.8999557	0.1051008
4.9045911	0.1127712
4.909236	0.1225632
4.9138899	0.13366079
4.9185519	0.1450032
4.923223	0.155448
4.9279027	0.1645872
4.9325914	0.172584
4.9372892	0.17878559
4.9419956	0.18302879
4.9467115	0.18523198
4.951437	0.18547679
4.9561706	0.18408959
4.9609137	0.1814784
4.9656653	0.17854078
4.9704261	0.17519519
4.9751964	0.17078879
4.9799757	0.16499519
4.9847641	0.15805919
4.9895606	0.150144
4.9943671	0.14141279
4.9991837	0.1324368
5.0040088	0.1235424
5.0088439	0.11546399
5.0136881	0.1086912
5.0185413	0.10404
5.0234041	0.10199999
5.0282774	0.10273439
5.0331593	0.10608
5.0380507	0.11228159
5.0429511	0.12052319
5.0478616	0.1304784
5.0527816	0.1417392
5.0577111	0.15357119
5.0626502	0.1658112
5.0675998	0.1781328
5.0725584	0.19004638
5.0775266	0.20130719
5.0825043	0.21248639
5.087492	0.22309439
5.0924897	0.23321278
5.097497	0.2429232
5.1025143	0.25206238
5.1075401	0.26063037
5.112577	0.26887199
5.1176243	0.27654237
5.1226811	0.28364158
5.127748	0.29033276
5.1328249	0.29661599
5.1379123	0.30240959
5.1430092	0.30795839
5.1481171	0.3131808
5.1532345	0.31783199
5.1583619	0.32223839
5.1634998	0.32648158
5.1686478	0.33039838
5.1738062	0.33415198
5.1789751	0.33766079
5.184154	0.3408432
5.1893444	0.34394398
5.1945438	0.3468816
5.1997542	0.34957439
5.2049747	0.35218558
5.210206	0.35479677
5.2154474	0.35740799
5.2206998	0.35936639
5.2259626	0.36148798
5.2312346	0.36336479
5.2365189	0.36524159
5.2418137	0.36711839
5.2471189	0.36875039
5.2524352	0.370056
5.2577624	0.37127998
5.2631001	0.3723408
5.2684488	0.37340158
5.273809	0.37413597
5.2791796	0.37487039
5.2845607	0.37552318
5.2899532	0.37617597
5.2953568	0.37650239
5.3007712	0.37682879
5.3061967	0.37715515
5.3116336	0.37731838
5.3170795	0.37748158
5.3225384	0.37764481
5.3280087	0.37756318
5.3334904	0.37756318
5.3389831	0.37740001
5.3444872	0.37748158
5.3500028	0.37764481
5.3555293	0.37707359
5.3610692	0.3763392
5.3666191	0.3760128
5.37218	0.37560478
5.3777528	0.37527838
5.3833375	0.37470719
5.3889332	0.3742176
5.3945408	0.37372801
5.4001603	0.37323838
5.4057918	0.37266719
5.4114347	0.37209597
5.417089	0.37201437
5.4227557	0.37185118
5.4284339	0.37038237
5.434124	0.36932158
5.439826	0.3685056
5.44554	0.36752638
5.4512644	0.36646557
5.4570026	0.36573118
5.4627528	0.36491516
5.4685154	0.36369118
5.4742899	0.3625488
5.4800768	0.36140639
5.4858756	0.35969278
5.4916868	0.35838717
5.4975119	0.35683677
5.5033479	0.35536799
5.5091963	0.35389918
5.5150576	0.35251197
5.5209308	0.35087997
5.5268164	0.34916639
5.5327148	0.34728959
5.5386262	0.34549439
5.5445509	0.34369919
5.550487	0.34198558
5.5564361	0.34002718
5.562398	0.33831358
5.5683727	0.33684477
5.5743604	0.33594719
5.5803604	0.33480477
5.5863738	0.33292797
5.5923977	0.33145919
5.5984373	0.33056158
5.6044893	0.32958239
5.6105552	0.32852158
5.6166334	0.32778719
5.6227255	0.32680801
5.6288304	0.32574719
5.6349487	0.32533917
5.6410818	0.32509437
5.6472268	0.32378879
5.6533852	0.32240158
5.6595569	0.3210144
5.6657424	0.3192192
5.6719413	0.31815839
5.6781535	0.31636319
5.6843796	0.31424159
5.6906204	0.31260958
5.6968741	0.31073278
5.7031412	0.3093456
5.7094221	0.30861118
5.7157168	0.30722401
5.7220259	0.3056736
5.7283483	0.30420479
5.7346849	0.30298078
5.7410331	0.30183837
5.7473979	0.30069599
5.7537766	0.29881918
5.76017	0.29792157
5.7665772	0.29726878
5.7729988	0.29457599
5.7794347	0.29196477
5.7858849	0.2897616
5.7923512	0.28755838
5.7988305	0.28568158
5.8053241	0.2838048
5.811832	0.282336
5.8183551	0.28143841
5.8248925	0.27980641
5.8314447	0.27776641
5.8380117	0.2763792
5.8445945	0.27588961
5.851191	0.2763792
5.8578029	0.27719519
5.864429	0.2780112
5.8710709	0.27833757
5.877727	0.27956158
5.8843989	0.27866399
5.8910856	0.27711359
5.8977852	0.27605277
5.9045024	0.27344158
5.9112349	0.27131999
5.9179831	0.26960638
5.9247465	0.26756638
5.9315252	0.2662608
5.9383197	0.26413918
5.9451299	0.26005921
5.9519572	0.2563872
5.9587984	0.2528784
5.9656553	0.24969599
5.9725285	0.24586079
5.9794173	0.24186239
5.9863219	0.23867999
5.9932423	0.23476319
6.0001788	0.23100959
6.0071297	0.22815359
6.0140982	0.22570559
6.0210834	0.22293119
6.0280848	0.22040159
6.0351024	0.21803519
6.0421362	0.2167296
6.0491862	0.21493438
6.0562534	0.21044639
6.0633373	0.20628479
6.0704374	0.20244959
6.0775537	0.19755359
6.0846872	0.19306558
6.0918374	0.18947519
6.0990043	0.18678239
6.1061878	0.1859664
6.1133885	0.1873536
6.1206079	0.18939359
6.1278424	0.1927392
6.1350942	0.1971456
6.1423635	0.20138879
6.1496496	0.20448959
6.1569533	0.20710078
6.1642742	0.20881438
6.1716127	0.20995678
6.1789665	0.2115072
6.1863399	0.21289439
6.1937308	0.21297598
6.2011395	0.21313919
6.2085662	0.21338399
6.2160106	0.21362878
6.2234726	0.2134656
6.2309527	0.21297598
6.238452	0.21215999
6.2459679	0.21118079
6.2535024	0.21011999
6.261055	0.208896
6.2686257	0.2075904
6.2762151	0.20620319
6.2838225	0.204816
6.2914486	0.20351039
6.2990947	0.20236799
6.3067579	0.20155199
6.3144398	0.20073599
6.3221402	0.20040959
6.3298597	0.20049119
6.3375978	0.20130719
6.345355	0.20220479
6.3531313	0.20220479
6.3609242	0.20261279
6.3687387	0.20359199
6.3765721	0.20351039
6.3844252	0.2030208
6.3922973	0.20269439
6.4001889	0.20236799
6.4081001	0.202776
6.4160309	0.20244959
6.4239826	0.20040959
6.431953	0.199104
6.4399428	0.19787998
6.4479527	0.1971456
6.4559822	0.19673759
6.4640322	0.19649279
6.4721022	0.1969008
6.4801922	0.19747199
6.4883046	0.19828799
6.4964356	0.19853279
6.5045867	0.1977984
6.5127583	0.19787998
6.5209503	0.19828799
6.5291634	0.1979616
6.5373969	0.19747199
6.545651	0.19730879
6.5539231	0.1969008
6.5622191	0.19616638
6.5705361	0.19559519
6.5788746	0.1940448
6.587234	0.192168
6.5956144	0.19053598
6.6040168	0.18849599
6.6124401	0.18661919
6.6208863	0.18498719
6.629353	0.18384479
6.6378412	0.1820496
6.6463513	0.1790304
6.6548829	0.1764192
6.6634369	0.17429759
6.6720128	0.17209439
6.6806107	0.16989119
6.6892328	0.16703519
6.6978755	0.164424
6.7065401	0.16197599
6.7152276	0.15920159
6.723937	0.15626399
6.7326698	0.1530816
6.7414246	0.14965439
6.7502027	0.14630879
6.7590008	0.1430448
6.7678242	0.1400256
6.7766714	0.1372512
6.7855411	0.13504799
6.7944345	0.13317119
6.8033509	0.1314576
6.8122911	0.13007039
6.8212547	0.1292544
6.8302436	0.12852
6.8392544	0.12778559
6.848289	0.127296
6.8573475	0.127296
6.8664303	0.1272144
6.8755369	0.12648
6.8846679	0.12599039
6.8938227	0.12574559
6.9029989	0.125664
6.9122028	0.1255824
6.9214315	0.125256
6.9306846	0.12509279
6.9399629	0.12476639
6.9492655	0.12460319
6.9585934	0.1245216
6.9679465	0.12346079
6.9773269	0.12239999
6.9867301	0.12166559
6.9961591	0.12084959
7.0056133	0.1197888
7.0150933	0.11889119
7.0245986	0.11815679
7.0341301	0.11750399
7.0436873	0.11693279
7.0532722	0.1157904
7.0628819	0.11456639
7.0725174	0.1133424
7.0821791	0.1122
7.0918674	0.11097599
7.1015825	0.1099968
7.1113243	0.108936
7.1210923	0.1078752
7.1308832	0.106896
7.1407056	0.10616159
7.1505547	0.10526399
7.1604309	0.10428479
7.1703348	0.1033872
7.1802659	0.10232639
7.1902246	0.10134719
7.200211	0.10077599
7.210228	0.10004159
7.2202702	0.099225596
7.23034	0.098409593
7.2404385	0.097593598
7.2505651	0.096940801
7.2607198	0.096287996
7.2709031	0.095471993
7.2811151	0.094574392
7.2913575	0.093513593
7.3016272	0.092534393
7.3119259	0.091473602
7.3222532	0.090331197
7.3326101	0.089107193
7.3429961	0.087964803
7.3534117	0.0866592
7.3638568	0.085598394
7.3743277	0.084455997
7.3848329	0.083313599
7.3953671	0.082007997
7.4059319	0.081110395
7.4165273	0.080457598
7.4271526	0.079886392
7.4378085	0.079151995
7.4484949	0.078335993
7.4592152	0.077356793
7.4699631	0.076377593
7.4807425	0.075316802
7.4915524	0.074174397
7.5023942	0.072868794
7.513267	0.071563199
7.5241718	0.07017599
7.5351081	0.068788797
7.5460782	0.06723839
7.5570784	0.066014394
7.5681105	0.0646272
7.579175	0.063239999
7.5902719	0.062097598
7.6014013	0.061118398
7.6125636	0.060139198
7.6237588	0.059323199
7.6349821	0.058425598
7.6462431	0.057609595
7.6575375	0.056793597
7.6688652	0.055977594
7.6802268	0.054998398
7.6916218	0.053856
7.7030506	0.0523872
7.7145133	0.050836798
7.7260127	0.04896
7.7375441	0.0470016
7.7491097	0.044961598
7.7607102	0.043003201
7.7723455	0.0408816
7.7840157	0.039004799
7.7957211	0.0369648
7.8074613	0.0350064
7.8192339	0.032966401
7.8310452	0.031252798
7.8428926	0.029783998
7.8547754	0.028559998
7.8666949	0.027009599
7.8786502	0.0256224
7.8906422	0.0241536
7.9026704	0.0229296
7.9147372	0.0219504
7.9268394	0.021215999
7.9389782	0.020236799
7.9511547	0.019175999
7.9633684	0.018441599
7.9756198	0.017870398
7.9879088	0.017299198
8.0002356	0.016809598
8.0126038	0.016564798
8.0250072	0.016319999
8.0374498	0.015993601
8.0499296	0.015830399
8.0624495	0.0156672
8.0750074	0.015585599
8.0876055	0.015340799
8.1002417	0.015422399
8.1129141	0.0156672
8.1256304	0.015993601
8.1383867	0.0161568
8.1511831	0.016319999
8.1640196	0.016564798
8.1768961	0.016972799
8.1898146	0.017462399
8.2027731	0.017788798
8.2157736	0.017951999
8.2288151	0.018604798
8.2418976	0.019175999
8.2550211	0.019665599
8.2681875	0.020073598
8.281395	0.020399999
8.2946453	0.020563198
8.3079386	0.020726399
8.3212767	0.020726399
8.3346548	0.020563198
8.3480768	0.020155199
8.3615408	0.019747199
8.3750496	0.019175999
8.3886013	0.018604798
8.4021969	0.018033598
8.4158373	0.017380798
8.4295158	0.016891198
8.4432449	0.016564798
8.4570189	0.016319999
8.4708366	0.016238401
8.4847012	0.016319999
8.4986105	0.016319999
8.5125656	0.016483201
8.5265665	0.016891198
8.540616	0.016972799
8.5547094	0.017217599
8.5688496	0.017870398
8.5830364	0.018441599
8.59727	0.018767999
8.6115513	0.019339198
8.6258802	0.019910399
8.6402569	0.020644799
8.6546841	0.021297598
8.6691561	0.0219504
8.6836777	0.022521598
8.6982479	0.023337599
8.7128668	0.0239904
8.7275343	0.024561599
8.7422523	0.0253776
8.75702	0.026112
8.7718325	0.026519999
8.7866993	0.0266832
8.8016176	0.0266016
8.8165865	0.0266016
8.8316059	0.0266016
8.8466768	0.0271728
8.8617992	0.027988797
8.8769741	0.029375998
8.8922033	0.031007998
8.9074821	0.032966401
8.9228134	0.034108795
8.9381971	0.034435198
8.9536343	0.034353599
8.9691257	0.034190398
8.9846697	0.033863999
9.000268	0.033619195
9.0159235	0.033292796
9.0316315	0.033048
9.0473928	0.0328032
9.0632105	0.032721598
9.0790825	0.032395199
9.0950108	0.032231998
9.1109953	0.0315792
9.1270351	0.030763198
9.1431274	0.029539198
9.1592817	0.028233597
9.1754923	0.0271728
9.191761	0.027009599
9.2080879	0.027825598
9.224472	0.029457599
9.2409153	0.030355198
9.2574167	0.030844798
9.2739801	0.030926399
9.2906008	0.030518398
9.3072805	0.029865598
9.3240204	0.028886398
9.3408203	0.027499199
9.3576803	0.025540799
9.3746023	0.0231744
9.3915854	0.020807998
9.4086237	0.018278398
9.4257298	0.016075199
9.4428988	0.014443199
9.4601307	0.012892799
9.4774246	0.011015999
9.4947834	0.0097103994
9.5122042	0.0089759994
9.5296898	0.0092207994
9.5472441	0.010608
9.5648584	0.012158399
9.5825386	0.014035199
9.6002836	0.016564798
9.6180954	0.018604798
9.635973	0.020481599
9.6539164	0.0219504
9.6719275	0.023011198
9.6900091	0.023664
9.7081556	0.024316799
9.7263699	0.0253776
9.7446527	0.026112
9.7630043	0.026519999
9.7814245	0.0271728
9.7999153	0.027907198
9.8184757	0.028315198
9.837101	0.027907198
9.8558025	0.0261936
9.8745756	0.0239904
9.8934202	0.023664
9.9123363	0.025540799
9.9313259	0.029457599
9.950388	0.035740796
9.9695234	0.042513601
9.9887362	0.0484704
10.008019	0.053692799
10.027377	0.058507197
10.04681	0.062995195
10.066319	0.066585593
10.085902	0.068788797
10.105563	0.071563199
10.1253	0.075479999
10.145119	0.078335993
10.165011	0.080212794
10.184982	0.081844792
10.205031	0.083231993
10.22516	0.084211193
10.245367	0.084945597
10.265656	0.08568
10.286023	0.086169593
10.306466	0.086577594
10.326997	0.086822398
10.34761	0.086985603
10.368304	0.087148793
10.389083	0.087393597
10.409945	0.087393597
10.43089	0.087393597
10.45192	0.087475196
10.473039	0.087475196
10.49424	0.087719992
10.515526	0.088046394
10.536899	0.088127993
10.558359	0.088454396
10.579906	0.089025594
10.601542	0.089433596
10.623267	0.090167999
10.645084	0.090983994
10.666988	0.091718398
10.688982	0.092289597
10.711066	0.092942394
10.733243	0.093187191
10.755511	0.093268797
10.777872	0.092860796
10.800325	0.092207991
10.822865	0.091799997
10.845508	0.091391996
10.868244	0.090902396
10.891077	0.090412796
10.914005	0.089678392
10.937031	0.088699192
10.960154	0.087556794
10.983374	0.086577594
11.006698	0.085271999
11.030116	0.083803192
11.053635	0.0827424
11.077253	0.081926398
11.100973	0.080784
11.124795	0.079641595
11.14872	0.078662395
11.172747	0.077927992
11.196871	0.077111997
11.221107	0.076214395
11.245447	0.0749088
11.269894	0.0739296
11.294447	0.072787195
11.319107	0.071807995
11.343875	0.070910394
11.368752	0.070420802
11.393744	0.069849595
11.418839	0.06919679
11.444047	0.068707198
11.469365	0.068135999
11.494797	0.067646392
11.52034	0.067483202
11.545999	0.067483202
11.571771	0.067646392
11.597663	0.067401595
11.623667	0.067401595
11.649787	0.067972794
11.676025	0.068543993
11.702382	0.068951994
11.728858	0.069686398
11.755454	0.070257597
11.782171	0.070257597
11.809002	0.0700128
11.835962	0.070665598
11.863048	0.070992
11.890256	0.070992
11.91759	0.070992
11.94505	0.070828795
11.972636	0.070502393
12.000351	0.069931194
12.028198	0.06919679
12.056171	0.068299197
12.084274	0.06723839
12.112508	0.06625919
12.140875	0.065035194
12.169374	0.0641376
12.198009	0.062913597
12.226777	0.061526395
12.255688	0.060465597
12.28473	0.059323199
12.31391	0.057935998
12.343228	0.057038397
12.372687	0.056222398
12.402287	0.054753598
12.432029	0.053529598
12.461913	0.052550398
12.491931	0.051734399
12.522105	0.050591998
12.552425	0.049041595
12.582892	0.047817599
12.613507	0.046593595
12.644272	0.045369599
12.675187	0.044145595
12.706254	0.043247998
12.737479	0.042595197
12.768852	0.041534398
12.80038	0.040473599
12.832064	0.039575998
12.863906	0.038025599
12.895905	0.036801599
12.928064	0.036148798
12.960384	0.035414398
12.992874	0.034108795
13.025519	0.033048
13.05833	0.032231998
13.091305	0.031660799
13.124448	0.030681599
13.157759	0.029294398
13.191238	0.028478397
13.22489	0.0276624
13.258701	0.0264384
13.292698	0.0252144
13.326869	0.0239088
13.361217	0.022766398
13.395742	0.022031998
13.430446	0.021215999
13.46533	0.020073598
13.500397	0.018767999
13.535651	0.017625598
13.571085	0.016238401
13.606705	0.015340799
13.642511	0.014769599
13.678508	0.013627199
13.714694	0.0127296
13.751073	0.0120768
13.787644	0.010771199
13.82442	0.0098735997
13.861383	0.0095471991
13.898545	0.0088127991
13.935907	0.0080784
13.97347	0.0074255997
14.011236	0.0073439996
14.049208	0.0068544
14.087384	0.0062015997
14.125755	0.0055487999
14.16435	0.0050591999
14.203156	0.0048143999
14.242176	0.0049775997
14.281411	0.0048143999
14.320862	0.0046511996
14.360532	0.0041615996
14.400422	0.0042431997
14.440542	0.0041615996
14.48088	0.0044063996
14.521442	0.0043247994
14.562233	0.0043247994
14.603253	0.0042431997
14.644506	0.0043247994
14.685991	0.0044063996
14.727713	0.0044879997
14.76966	0.0044063996
14.811859	0.0048143999
14.8543	0.0044879997
14.896984	0.0048143999
14.939916	0.0053855996
14.983094	0.0051407996
15.026524	0.0053039999
15.070205	0.0056303996
15.11415	0.0047327997
15.158343	0.0042431997
15.202796	0.0044879997
15.24751	0.0052223997
15.292488	0.0053039999
15.337732	0.0048959996
15.383245	0.0045695994
15.429028	0.0048959996
15.475092	0.0054671997
15.521424	0.0062831999
15.568036	0.0066096
15.614927	0.0075071994
15.662103	0.0094655994
15.709563	0.011015999
15.757313	0.011505599
15.805353	0.011668799
15.853672	0.0119952
15.902304	0.0120768
15.951234	0.011015999
16.000465	0.0108528
16.050003	0.0108528
16.099848	0.010771199
16.150003	0.010608
16.200472	0.0099551994
16.251265	0.0088943988
16.30237	0.0079151997
16.353796	0.0066911997
16.405548	0.0064463997
16.45763	0.0062831999
16.510042	0.0064463997
16.56279	0.0066911997
16.615877	0.0067727999
16.669313	0.0057119997
16.723085	0.0048959996
16.777206	0.0046511996
16.831676	0.0052223997
16.886503	0.0058752
16.941689	0.0054671997
16.997234	0.0044879997
17.053146	0.0043247994
17.109409	0.0045695994
17.166063	0.0045695994
17.223093	0.0040799999
17.280504	0.0048959996
17.338299	0.0052223997
17.396481	0.0054671997
17.455055	0.0055487999
17.514025	0.0055487999
17.573404	0.00612
17.633179	0.0064463997
17.693359	0.0057935999
17.753954	0.0062831999
17.814964	0.0073439996
17.876394	0.0079151997
17.938251	0.0081599997
18.000536	0.0087311994
18.063269	0.0090575991
18.126427	0.0099551994
18.190027	0.0117504
18.254078	0.013627199
18.318579	0.0135456
18.383539	0.0137904
18.448961	0.014932799
18.514851	0.015014399
18.58119	0.015259199
18.648029	0.016809598
18.715351	0.017625598
18.783159	0.0164016
18.851461	0.0156672
18.920263	0.017135998
18.989569	0.017217599
19.059383	0.017707199
19.129725	0.018359998
19.200575	0.019257599
19.271952	0.019828798
19.343863	0.020236799
19.416311	0.018767999
19.489305	0.018604798
19.562849	0.019257599
19.636951	0.019665599
19.711594	0.020399999
19.786827	0.019747199
19.862638	0.018849598
19.939034	0.019012799
20.016018	0.020318398
20.093599	0.019828798
20.171785	0.016564798
20.250582	0.0137904
20.330009	0.0117504
20.410049	0.010934399
20.490723	0.0123216
20.572035	0.014279999
20.653994	0.015748799
20.73661	0.017380798
20.819889	0.018767999
20.903841	0.019991999
20.988487	0.020971199
21.073807	0.0226848
21.159821	0.024561599
21.246542	0.026112
21.333977	0.0274176
21.422132	0.030191999
21.511023	0.031171199
21.600651	0.0328032
21.691	0.032884799
21.782139	0.030763198
21.874046	0.028315198
21.966734	0.0266016
22.060209	0.024316799
22.154484	0.02244
22.249567	0.019012799
22.34547	0.017951999
22.442221	0.018359998
22.539797	0.019420799
22.638224	0.021215999
22.737514	0.025540799
22.837679	0.030844798
22.93873	0.032966401
23.04068	0.031252798
23.143541	0.028967999
23.247343	0.028151998
23.35206	0.028396798
23.457727	0.026764799
23.564352	0.031007998
23.671953	0.0340272
23.78054	0.035822399
23.890127	0.038025599
24.000731	0.035659198
24.112324	0.029131198
24.224998	0.028804798
24.338732	0.031252798
24.453537	0.028396798
24.569429	0.0259488
24.686426	0.0274176
24.804543	0.0275808
24.923796	0.030599998
