# Jarosite, Chemical Formula: Na(Fe+3)3(SO4)2(OH)6
# Sample ID: GDS100_Na_90C_Syn
# wavelengths (microns), reflectance
1.4145032	0.81928957
1.4148892	0.81844878
1.4152753	0.81771314
1.4156618	0.816347
1.4160485	0.81592661
1.4164354	0.81561142
1.4168226	0.81508595
1.4172099	0.81435025
1.4175974	0.81403506
1.4179851	0.81308919
1.4183733	0.81151289
1.4187614	0.81056702
1.4191499	0.81025177
1.4195384	0.80909574
1.4199272	0.80825496
1.4203162	0.80783463
1.4207056	0.80730921
1.4210949	0.8067838
1.4214847	0.80615318
1.4218745	0.80562776
1.4222647	0.80478692
1.422655	0.80352592
1.4230455	0.80215973
1.4234362	0.80142409
1.4238272	0.80068845
1.4242183	0.80089867
1.4246095	0.79984772
1.425001	0.79753566
1.425393	0.79722047
1.4257849	0.79743063
1.4261771	0.79658997
1.4265696	0.79553902
1.4269623	0.79448807
1.4273552	0.79322702
1.4277484	0.79238623
1.4281417	0.79217607
1.4285352	0.79175568
1.428929	0.79091501
1.429323	0.79017937
1.4297171	0.78944367
1.4301115	0.78891832
1.4305061	0.7882877
1.4309008	0.78765714
1.4312959	0.78702658
1.4316912	0.78681648
1.4320866	0.78629094
1.4324824	0.78576547
1.4328783	0.78524005
1.4332745	0.78471458
1.4336708	0.78460956
1.4340675	0.78376877
1.4344643	0.78355867
1.4348613	0.78439933
1.4352585	0.78366375
1.4356561	0.78282291
1.4360538	0.78177208
1.4364517	0.78177208
1.4368497	0.78156185
1.4372482	0.78177208
1.4376467	0.78082621
1.4380456	0.7798804
1.4384446	0.7803008
1.4388438	0.78040588
1.4392433	0.7798804
1.439643	0.77924985
1.4400429	0.77893466
1.4404429	0.7798804
1.4408432	0.77998555
1.4412439	0.77956522
1.4416445	0.77872443
1.4420457	0.77872443
1.4424468	0.77851421
1.4428483	0.77746332
1.4432499	0.77725315
1.443652	0.77735829
1.4440541	0.77735829
1.4444566	0.77735829
1.444859	0.77609718
1.445262	0.77494115
1.4456649	0.77494115
1.4460682	0.77546662
1.4464716	0.77620226
1.4468753	0.77630728
1.4472792	0.77546662
1.4476835	0.77378511
1.4480878	0.77399528
1.4484924	0.7746259
1.4488972	0.77378511
1.4493023	0.77283931
1.4497076	0.77136809
1.4501131	0.77042222
1.4505187	0.77021205
1.4509248	0.77010703
1.4513309	0.77021205
1.4517374	0.77000189
1.4521439	0.76947641
1.4525509	0.76916116
1.452958	0.76884586
1.4533653	0.76821536
1.4537728	0.76663899
1.4541807	0.76642883
1.4545887	0.76642883
1.4549969	0.76569313
1.4554054	0.76506257
1.4558141	0.7646423
1.456223	0.76348627
1.4566324	0.76243538
1.4570416	0.76180476
1.4574513	0.76127934
1.4578612	0.76085889
1.4582713	0.76033348
1.4586816	0.759808
1.4590921	0.75875717
1.4595029	0.75739092
1.4599138	0.75655019
1.460325	0.75644517
1.4607365	0.75570953
1.4611483	0.75518411
1.4615602	0.75518411
1.4619724	0.75444841
1.4623848	0.75371277
1.4627974	0.75213647
1.4632103	0.75108552
1.4636234	0.75098044
1.4640367	0.75129569
1.4644502	0.75066507
1.4648641	0.74866837
1.4652781	0.74793279
1.4656924	0.74772257
1.4661069	0.74667162
1.4665216	0.74614614
1.4669366	0.74625134
1.4673518	0.74604112
1.4677672	0.74604112
1.4681829	0.74551564
1.4685988	0.74446481
1.469015	0.74393934
1.4694314	0.74278331
1.469848	0.74215275
1.4702649	0.74204773
1.470682	0.74183744
1.4710993	0.74141705
1.471517	0.74131203
1.4719347	0.74068147
1.4723527	0.74047136
1.472771	0.74099678
1.4731897	0.74131203
1.4736084	0.74141705
1.4740274	0.74141705
1.4744467	0.74110186
1.4748662	0.74015599
1.4752858	0.74026114
1.4757057	0.74078655
1.476126	0.74015599
1.4765463	0.74015599
1.476967	0.74057639
1.4773879	0.74078655
1.477809	0.74047136
1.4782305	0.74068147
1.478652	0.74099678
1.4790739	0.74194252
1.479496	0.74131203
1.4799184	0.74068147
1.480341	0.7408917
1.4807638	0.74131203
1.4811869	0.74173242
1.4816102	0.74225789
1.4820337	0.74257308
1.4824575	0.74341393
1.4828815	0.74372911
1.4833061	0.74404442
1.4837304	0.74425459
1.4841553	0.74499023
1.4845803	0.74530548
1.4850056	0.74499023
1.4854311	0.74499023
1.4858568	0.74572587
1.4862827	0.74604112
1.4867089	0.74604112
1.4871353	0.74614614
1.4875621	0.74709201
1.4879889	0.74793279
1.4884162	0.74793279
1.4888437	0.74782765
1.4892714	0.74866837
1.4896992	0.74898368
1.4901278	0.74919391
1.4905561	0.7490887
1.4909849	0.7490887
1.4914138	0.74929899
1.491843	0.7498244
1.4922724	0.75066507
1.4927021	0.75098044
1.493132	0.75161093
1.4935622	0.75171608
1.4939926	0.7511906
1.4944233	0.75140071
1.4948542	0.75224155
1.4952854	0.75308222
1.4957168	0.75297713
1.4961485	0.75287205
1.4965804	0.75287205
1.4970125	0.75318724
1.4974447	0.75329238
1.4978775	0.75444841
1.4983103	0.75497383
1.4987437	0.75570953
1.499177	0.75570953
1.4996107	0.75602478
1.5000446	0.75634003
1.5004789	0.75644517
1.5009133	0.75718081
1.5013479	0.75865209
1.5017828	0.75854695
1.502218	0.75844187
1.5026534	0.75854695
1.5030892	0.75907236
1.503525	0.75959784
1.5039612	0.75938773
1.5043976	0.7588622
1.5048344	0.75896734
1.5052713	0.75938773
1.5057086	0.76033348
1.506146	0.76106918
1.5065837	0.76148951
1.5070215	0.76138437
1.5074598	0.76138437
1.5078982	0.76201493
1.5083369	0.76275057
1.5087758	0.76275057
1.5092151	0.76348627
1.5096546	0.76359129
1.5100944	0.76348627
1.5105344	0.76432693
1.5109746	0.76422191
1.5114151	0.7639066
1.511856	0.76411682
1.5122969	0.7646423
1.5127382	0.76548296
1.5131798	0.76632363
1.5136217	0.76705933
1.5140636	0.7669543
1.514506	0.76642883
1.5149485	0.76653385
1.5153915	0.76726949
1.5158345	0.76768988
1.5162779	0.76800513
1.5167215	0.76832044
1.5171654	0.76905602
1.5176095	0.76874083
1.518054	0.76863563
1.5184987	0.76926619
1.5189435	0.76968658
1.5193887	0.76989686
1.5198342	0.77010703
1.5202799	0.77042222
1.5207258	0.77115792
1.521172	0.771263
1.5216186	0.77073753
1.5220653	0.77073753
1.5225123	0.771263
1.5229596	0.77168339
1.5234071	0.77252406
1.5238549	0.77294445
1.524303	0.77294445
1.5247513	0.77315462
1.5251998	0.77294445
1.5256486	0.77273422
1.5260978	0.77357495
1.5265471	0.77368009
1.5269967	0.77420557
1.5274466	0.77515131
1.5278969	0.77515131
1.5283473	0.77473098
1.528798	0.77452075
1.529249	0.77546662
1.5297003	0.77588701
1.5301517	0.77567679
1.5306035	0.77641243
1.5310555	0.77725315
1.5315078	0.77767354
1.5319604	0.7775684
1.5324134	0.77767354
1.5328665	0.77788371
1.5333198	0.77809381
1.5337734	0.77819902
1.5342274	0.77882957
1.5346816	0.77946007
1.5351361	0.78019571
1.5355908	0.77977532
1.5360456	0.78009069
1.5365007	0.78093135
1.5369563	0.78145677
1.537412	0.78145677
1.5378683	0.78135175
1.5383245	0.7812466
1.5387812	0.78187722
1.539238	0.78240263
1.5396953	0.78271788
1.5401527	0.78303325
1.5406104	0.78355867
1.5410683	0.78345352
1.5415267	0.78345352
1.5419852	0.78355867
1.542444	0.78408408
1.5429029	0.78481978
1.5433626	0.78576547
1.5438222	0.7855553
1.5442821	0.78524005
1.5447421	0.7855553
1.5452026	0.78597575
1.5456632	0.78629094
1.5461243	0.78660631
1.5465856	0.78702658
1.5470469	0.78776228
1.5475086	0.78797245
1.5479708	0.78765714
1.5484331	0.78744698
1.5488957	0.78797245
1.5493586	0.78839284
1.5498219	0.78881311
1.5502852	0.78891832
1.5507492	0.78923351
1.5512131	0.78986406
1.5516775	0.79038954
1.552142	0.79049462
1.5526069	0.79102004
1.553072	0.79112518
1.5535375	0.7913354
1.5540031	0.79154557
1.5544689	0.7919659
1.5549351	0.79186088
1.5554017	0.79217607
1.5558684	0.79280657
1.5563356	0.79312193
1.5568029	0.79280657
1.5572705	0.7933321
1.5577384	0.79417276
1.5582068	0.79480344
1.5586753	0.79522371
1.5591441	0.7953288
1.5596131	0.79522371
1.5600824	0.79553902
1.560552	0.7962746
1.561022	0.79658997
1.5614921	0.79711533
1.5619628	0.79711533
1.5624335	0.79722047
1.5629046	0.79806119
1.5633758	0.7982713
1.5638475	0.79816628
1.5643194	0.79858667
1.5647916	0.79942733
1.565264	0.79921716
1.5657365	0.79963756
1.5662096	0.79953247
1.5666829	0.79963756
1.5671564	0.79995281
1.5676304	0.80016303
1.5681045	0.80026805
1.5685791	0.80121386
1.5690538	0.80142409
1.5695291	0.80121386
1.5700043	0.80142409
1.57048	0.80194956
1.5709559	0.80215973
1.5714321	0.80258012
1.5719085	0.80310559
1.5723853	0.80363101
1.5728624	0.80363101
1.5733397	0.80363101
1.5738174	0.80394626
1.5742953	0.80457681
1.5747734	0.80447173
1.5752521	0.80478692
1.5757308	0.80478692
1.5762099	0.80499727
1.5766892	0.80573279
1.5771688	0.80615318
1.5776488	0.80615318
1.5781291	0.80625832
1.5786096	0.80688882
1.5790905	0.80741429
1.5795716	0.80709898
1.5800531	0.80720407
1.5805347	0.80720407
1.5810168	0.80720407
1.5814991	0.80720407
1.5819818	0.80783463
1.5824646	0.80804485
1.5829479	0.80867535
1.5834312	0.80857033
1.5839151	0.80888551
1.5843991	0.80930591
1.5848837	0.80983138
1.5853683	0.80983138
1.5858533	0.80983138
1.5863385	0.81004155
1.5868242	0.80993646
1.58731	0.81004155
1.5877962	0.81056702
1.5882826	0.81056702
1.5887693	0.81067204
1.5892563	0.81067204
1.5897436	0.81067204
1.5902313	0.81130266
1.5907192	0.81130266
1.5912075	0.81130266
1.591696	0.8120383
1.5921849	0.81235355
1.592674	0.81214339
1.5931635	0.81193316
1.5936533	0.81224841
1.5941433	0.81256372
1.5946337	0.81277394
1.5951242	0.81308919
1.5956153	0.81277394
1.5961065	0.81298405
1.5965984	0.81371969
1.5970901	0.81350958
1.5975825	0.81361461
1.5980748	0.81382489
1.5985676	0.81414008
1.5990607	0.81508595
1.5995542	0.81519097
1.6000477	0.81508595
1.6005416	0.8154012
1.6010358	0.81561142
1.6015304	0.81561142
1.6020253	0.81592661
1.6025206	0.816347
1.603016	0.81645209
1.6035119	0.81645209
1.604008	0.81687248
1.6045047	0.81729281
1.6050013	0.81729281
1.6054984	0.81729281
1.6059958	0.81739795
1.6064935	0.81771314
1.6069914	0.81739795
1.6074898	0.81666225
1.6079884	0.81666225
1.608487	0.81739795
1.6089861	0.81792337
1.6094857	0.81844878
1.6099856	0.81886917
1.6104858	0.81907934
1.6109861	0.81918454
1.611487	0.81939465
1.6119881	0.81907934
1.6124896	0.81960481
1.6129912	0.81981504
1.6134933	0.81928957
1.6139956	0.81949973
1.6144984	0.82034051
1.6150012	0.82086587
1.6155045	0.82107615
1.616008	0.82097107
1.6165122	0.82149655
1.6170163	0.82170671
1.6175209	0.8220219
1.6180257	0.8220219
1.6185309	0.82244223
1.6190363	0.82317787
1.6195421	0.82370335
1.6200482	0.82359827
1.6205544	0.8233881
1.6210611	0.82370335
1.6215682	0.82422888
1.6220756	0.82422888
1.6225833	0.82412374
1.6230912	0.82454413
1.6235996	0.82464921
1.6241082	0.82517463
1.6246173	0.82548994
1.6251266	0.8253848
1.6256363	0.82548994
1.6261462	0.82570016
1.6266564	0.82601541
1.627167	0.82622564
1.6276779	0.82633066
1.6281891	0.82664591
1.6287007	0.82696128
1.6292125	0.82738155
1.6297247	0.82748669
1.6302372	0.82748669
1.6307501	0.82790697
1.6312631	0.82801217
1.6317767	0.82811719
1.6322904	0.82822233
1.6328044	0.82864267
1.6333188	0.82853758
1.6338336	0.82822233
1.6343486	0.82811719
1.6348641	0.82916808
1.6353798	0.82937831
1.6358958	0.8296935
1.6364123	0.82990384
1.6369292	0.83011395
1.637446	0.83032411
1.6379635	0.83084953
1.6384811	0.83053434
1.6389992	0.83063936
1.6395175	0.83042926
1.6400362	0.8307445
1.6405551	0.83105975
1.6410745	0.83148015
1.6415942	0.83200556
1.6421142	0.83200556
1.6426344	0.83169037
1.6431552	0.83148015
1.643676	0.83158523
1.6441975	0.83190048
1.644719	0.83253103
1.6452409	0.83284634
1.6457632	0.8327412
1.6462859	0.83284634
1.6468087	0.83295143
1.6473321	0.83305651
1.6478556	0.83284634
1.6483797	0.83295143
1.648904	0.83305651
1.6494286	0.8327412
1.6499535	0.83295143
1.6504788	0.8334769
1.6510044	0.83358192
1.6515305	0.83421248
1.6520567	0.83431756
1.6525834	0.83421248
1.6531103	0.83389717
1.6536378	0.83379209
1.6541654	0.83368707
1.6546935	0.83368707
1.6552217	0.8341074
1.6557504	0.83473796
1.6562793	0.83463293
1.6568087	0.83463293
1.6573384	0.83421248
1.6578683	0.83452779
1.6583985	0.83484304
1.6589293	0.83515835
1.6594603	0.83515835
1.6599917	0.83515835
1.6605233	0.8354736
1.6610554	0.83599907
1.6615878	0.8356837
1.6621207	0.83599907
1.6626537	0.83599907
1.6631873	0.8354736
1.6637208	0.8354736
1.664255	0.8356837
1.6647894	0.83620924
1.6653243	0.83662957
1.6658593	0.83652449
1.6663947	0.83652449
1.6669306	0.83673465
1.6674668	0.83631432
1.6680032	0.83641946
1.6685401	0.83694488
1.6690773	0.83736521
1.6696149	0.83768052
1.6701527	0.83768052
1.670691	0.83757544
1.6712295	0.83768052
1.6717685	0.83820599
1.6723077	0.83820599
1.6728474	0.83799577
1.6733873	0.8377856
1.6739277	0.83757544
1.6744683	0.83789063
1.6750095	0.83799577
1.6755508	0.83841616
1.6760926	0.83894163
1.6766347	0.83873147
1.6771772	0.83841616
1.6777198	0.83873147
1.6782631	0.83883649
1.6788064	0.8391518
1.6793501	0.8391518
1.6798942	0.83852118
1.6804388	0.83894163
1.6809837	0.83967716
1.6815289	0.83946705
1.6820744	0.83936197
1.6826205	0.83957213
1.6831667	0.8397823
1.6837136	0.8404128
1.6842605	0.8404128
1.684808	0.84020269
1.6853557	0.84020269
1.6859038	0.840518
1.6864522	0.84104341
1.687001	0.84104341
1.6875501	0.840518
1.6881	0.84093833
1.6886498	0.84114856
1.6892	0.84146374
1.6897506	0.84167403
1.6903015	0.84156883
1.6908529	0.84177905
1.6914046	0.84198922
1.6919565	0.84177905
1.6925087	0.84219939
1.6930614	0.84293509
1.6936146	0.84272486
1.694168	0.84272486
1.6947218	0.84282994
1.695276	0.84325033
1.6958306	0.84335536
1.6963854	0.84282994
1.6969409	0.84335536
1.6974965	0.84367073
1.6980526	0.84430122
1.6986089	0.84472162
1.6991657	0.84472162
1.6997228	0.84493178
1.7002803	0.84514189
1.7008381	0.84535211
1.7013963	0.84514189
1.7019548	0.84493178
1.7025138	0.84503686
1.703073	0.84472162
1.7036328	0.84472162
1.7041928	0.84503686
1.7047533	0.84577245
1.7053139	0.84587765
1.705875	0.84566742
1.7064364	0.84556228
1.7069983	0.84598273
1.7075605	0.84598273
1.7081233	0.84598273
1.7086862	0.84608775
1.7092496	0.8461929
1.7098132	0.8461929
1.7103775	0.8461929
1.7109419	0.84650815
1.7115068	0.84682339
1.712072	0.84671831
1.7126377	0.84703362
1.7132035	0.84713864
1.7137699	0.84703362
1.7143366	0.84671831
1.7149036	0.84661329
1.715471	0.84661329
1.7160389	0.84692848
1.7166071	0.84724379
1.7171758	0.84682339
1.7177447	0.84661329
1.7183142	0.84703362
1.7188838	0.84755898
1.7194541	0.84745395
1.7200245	0.84671831
1.7205955	0.84703362
1.7211666	0.84745395
1.7217383	0.84745395
1.7223103	0.84734881
1.7228827	0.84766418
1.7234554	0.84818965
1.7240288	0.84808445
1.7246022	0.84745395
1.7251762	0.84734881
1.7257504	0.84808445
1.7263252	0.84797943
1.7269002	0.84724379
1.7274756	0.84703362
1.7280514	0.84661329
1.7286276	0.84692848
1.7292041	0.84734881
1.7297812	0.84766418
1.7303585	0.84776926
1.7309363	0.84734881
1.7315143	0.84703362
1.732093	0.84724379
1.7326717	0.84692848
1.7332511	0.84661329
1.7338307	0.84671831
1.7344109	0.84734881
1.7349913	0.84734881
1.7355722	0.84734881
1.7361534	0.84755898
1.7367351	0.84713864
1.737317	0.84682339
1.7378997	0.84692848
1.7384824	0.84703362
1.7390656	0.84682339
1.7396491	0.84671831
1.7402332	0.84734881
1.7408174	0.84766418
1.7414023	0.84755898
1.7419873	0.84745395
1.7425728	0.84797943
1.7431587	0.84787428
1.7437451	0.84755898
1.7443317	0.84755898
1.7449189	0.84787428
1.7455064	0.84734881
1.7460943	0.84776926
1.7466825	0.84787428
1.7472714	0.84755898
1.7478604	0.84734881
1.7484499	0.84724379
1.7490398	0.84713864
1.7496301	0.84682339
1.7502208	0.84661329
1.7508119	0.84650815
1.7514033	0.84713864
1.7519954	0.84734881
1.7525877	0.84713864
1.7531804	0.84692848
1.7537735	0.84671831
1.754367	0.84661329
1.7549609	0.84692848
1.7555553	0.84713864
1.7561499	0.84713864
1.7567449	0.84692848
1.7573403	0.84608775
1.7579362	0.84598273
1.7585325	0.84671831
1.7591293	0.84724379
1.7597264	0.84661329
1.760324	0.84671831
1.7609218	0.84724379
1.7615204	0.84724379
1.7621191	0.84713864
1.7627183	0.84661329
1.7633178	0.84640312
1.7639178	0.84692848
1.7645181	0.84682339
1.7651191	0.84671831
1.7657201	0.84703362
1.7663218	0.84703362
1.7669238	0.84682339
1.7675263	0.84682339
1.768129	0.84682339
1.7687324	0.84682339
1.769336	0.84671831
1.7699401	0.84713864
1.7705445	0.84713864
1.7711494	0.84703362
1.7717546	0.84703362
1.7723604	0.84682339
1.7729665	0.84692848
1.773573	0.84703362
1.7741799	0.84671831
1.7747874	0.84650815
1.7753952	0.84608775
1.7760036	0.84629792
1.7766122	0.84671831
1.7772213	0.84671831
1.7778307	0.84661329
1.7784407	0.84640312
1.7790509	0.84608775
1.7796618	0.84640312
1.7802728	0.84671831
1.7808841	0.84703362
1.781496	0.84713864
1.7821085	0.84692848
1.7827213	0.84650815
1.7833346	0.84640312
1.7839482	0.84629792
1.7845623	0.8461929
1.7851768	0.8461929
1.785792	0.84608775
1.7864072	0.84608775
1.7870232	0.84535211
1.7876393	0.84503686
1.788256	0.84535211
1.788873	0.84577245
1.7894906	0.84535211
1.7901084	0.8448267
1.790727	0.84503686
1.7913457	0.84493178
1.7919649	0.84493178
1.7925845	0.84535211
1.7932047	0.8448267
1.793825	0.84430122
1.794446	0.84461659
1.7950673	0.84461659
1.795689	0.84461659
1.7963111	0.84430122
1.7969339	0.84398592
1.7975569	0.84430122
1.7981805	0.84440625
1.7988043	0.84377575
1.7994287	0.84377575
1.8000535	0.84377575
1.800679	0.84356558
1.8013045	0.84304011
1.8019307	0.84251469
1.8025571	0.84198922
1.8031842	0.8420943
1.8038116	0.84251469
1.8044394	0.84261972
1.8050677	0.84177905
1.8056965	0.84125358
1.8063256	0.84135866
1.8069552	0.84125358
1.8075852	0.84083319
1.8082157	0.84062302
1.8088466	0.84020269
1.809478	0.83988738
1.8101097	0.83936197
1.8107419	0.83894163
1.8113745	0.83904666
1.8120078	0.83925682
1.8126413	0.8391518
1.8132753	0.83862627
1.8139096	0.83820599
1.8145447	0.83768052
1.8151799	0.83652449
1.8158158	0.83641946
1.8164519	0.83631432
1.8170887	0.83557862
1.8177258	0.83494812
1.8183634	0.83484304
1.8190013	0.83505321
1.8196399	0.83368707
1.8202788	0.83211064
1.8209183	0.83242589
1.8215581	0.83263606
1.8221985	0.8327412
1.8228391	0.83232087
1.8234804	0.83169037
1.8241218	0.83084953
1.824764	0.83011395
1.8254064	0.82843244
1.8260493	0.82654083
1.8266927	0.82738155
1.8273367	0.82790697
1.8279809	0.82654083
1.8286258	0.82517463
1.829271	0.82401872
1.8299167	0.82328308
1.8305628	0.82149655
1.8312097	0.82055068
1.8318566	0.82055068
1.8325043	0.81949973
1.8331522	0.81855398
1.8338007	0.81771314
1.8344495	0.81603175
1.835099	0.81424522
1.8357487	0.81140774
1.8363992	0.81004155
1.83705	0.8089906
1.8377012	0.80751938
1.8383528	0.80772948
1.839005	0.80594295
1.8396575	0.80342078
1.8403107	0.80342078
1.8409641	0.80215973
1.8416178	0.79921716
1.8422722	0.79932231
1.8429272	0.80005789
1.8435825	0.79932231
1.8442384	0.79932231
1.8448946	0.79921716
1.8455515	0.79816628
1.8462087	0.7953288
1.8468666	0.79301673
1.8475248	0.79375243
1.8481835	0.79448807
1.8488425	0.7962746
1.8495022	0.79774588
1.8501621	0.7982713
1.8508228	0.79858667
1.8514837	0.79900706
1.852145	0.79816628
1.8528068	0.79732555
1.8534694	0.79680014
1.8541322	0.79848152
1.8547956	0.80079359
1.8554593	0.80152923
1.8561238	0.80121386
1.8567885	0.80194956
1.8574541	0.80394626
1.8581197	0.80531245
1.858786	0.80541754
1.8594526	0.80394626
1.8601199	0.80552268
1.8607875	0.80814993
1.8614557	0.81056702
1.8621242	0.8120383
1.8627936	0.81308919
1.8634632	0.81392992
1.8641332	0.81456047
1.8648038	0.81603175
1.8654748	0.81781828
1.8661463	0.81886917
1.8668184	0.81876415
1.8674908	0.81760812
1.8681637	0.81949973
1.868837	0.82139134
1.869511	0.82160157
1.8701854	0.82013029
1.8708603	0.81960481
1.8715357	0.82307285
1.8722117	0.82317787
1.872888	0.82139134
1.8735651	0.82307285
1.8742423	0.82517463
1.8749202	0.82559502
1.8755985	0.82601541
1.8762774	0.82548994
1.8769567	0.82517463
1.8776366	0.82654083
1.8783168	0.82727647
1.8789977	0.82738155
1.8796788	0.82685614
1.8803607	0.82622564
1.881043	0.82591027
1.8817258	0.82580525
1.882409	0.82517463
1.8830929	0.82422888
1.883777	0.82212704
1.8844618	0.8220219
1.8851469	0.8220219
1.8858327	0.82191682
1.8865188	0.82076085
1.8872057	0.82013029
1.8878928	0.81949973
1.8885808	0.81844878
1.8892689	0.816347
1.8899578	0.81392992
1.8906469	0.81371969
1.8913368	0.81308919
1.892027	0.81140774
1.8927178	0.81014663
1.893409	0.80857033
1.8941009	0.80720407
1.8947932	0.8060481
1.8954861	0.80447173
1.8961793	0.80258012
1.8968732	0.80047822
1.8975675	0.79816628
1.8982624	0.7960645
1.8989576	0.79238623
1.8996536	0.78996915
1.9003499	0.7896539
1.9010466	0.78933865
1.9017439	0.78755212
1.9024419	0.78397894
1.9031402	0.78250772
1.9038392	0.78208739
1.9045385	0.77903968
1.9052386	0.77620226
1.905939	0.77473098
1.9066402	0.77294445
1.9073416	0.77220875
1.9080436	0.77105272
1.9087461	0.76884586
1.9094492	0.7668491
1.9101527	0.7646423
1.9108568	0.76233023
1.9115614	0.76043862
1.9122664	0.75938773
1.912972	0.75634003
1.9136782	0.753923
1.9143847	0.75329238
1.915092	0.75245172
1.9157996	0.75087529
1.916508	0.75013965
1.9172167	0.7490887
1.9179261	0.74740738
1.9186358	0.74551564
1.9193462	0.74278331
1.9200571	0.73994589
1.9207685	0.73910517
1.9214803	0.73973572
1.9221928	0.73921025
1.9229058	0.73794919
1.9236195	0.73626769
1.9243335	0.73511165
1.9250481	0.73395562
1.9257631	0.73269457
1.9264789	0.73132837
1.927195	0.7301724
1.9279118	0.72901642
1.9286289	0.72796553
1.9293463	0.72722989
1.9300646	0.72617894
1.9307835	0.72523308
1.9315028	0.72481275
1.9322227	0.72428733
1.9329431	0.72386694
1.9336642	0.7231313
1.9343857	0.72281599
1.9351079	0.72229058
1.9358305	0.72134477
1.9365537	0.72144985
1.9372772	0.72166002
1.9380015	0.72155493
1.9387262	0.72144985
1.9394516	0.72208041
1.9401773	0.72323644
1.940904	0.72355163
1.9416308	0.72365677
1.9423584	0.72407711
1.9430864	0.7244975
1.943815	0.72481275
1.9445441	0.7247076
1.9452738	0.725128
1.9460039	0.7254433
1.9467345	0.72586364
1.9474658	0.72617894
1.9481977	0.72628403
1.94893	0.72628403
1.949663	0.72649413
1.9503965	0.72712469
1.9511306	0.72744
1.9518652	0.72701967
1.9526006	0.72670436
1.9533362	0.7268095
1.9540726	0.72670436
1.9548093	0.72670436
1.9555469	0.72691453
1.9562846	0.72691453
1.9570233	0.72701967
1.9577622	0.72649413
1.9585019	0.72617894
1.959242	0.72617894
1.9599829	0.72638911
1.960724	0.72638911
1.961466	0.72586364
1.9622083	0.72575849
1.9629514	0.72628403
1.9636948	0.72617894
1.9644389	0.72596872
1.9651834	0.72565347
1.9659288	0.72565347
1.9666744	0.72596872
1.9674209	0.72586364
1.9681678	0.72554839
1.9689153	0.72565347
1.9696634	0.72554839
1.9704123	0.72565347
1.9711614	0.7254433
1.9719112	0.72523308
1.9726615	0.72533816
1.9734125	0.72565347
1.9741639	0.72533816
1.9749161	0.72554839
1.9756685	0.72617894
1.976422	0.72670436
1.9771756	0.7268095
1.9779301	0.72649413
1.9786849	0.72670436
1.9794405	0.72670436
1.9801965	0.7268095
1.9809532	0.72701967
1.9817104	0.72712469
1.9824681	0.72754514
1.9832264	0.72744
1.9839855	0.72775531
1.984745	0.72775531
1.9855052	0.72796553
1.9862659	0.72849095
1.9870273	0.72901642
1.987789	0.72891128
1.9885516	0.72922653
1.9893147	0.72954184
1.9900783	0.72954184
1.9908425	0.72985709
1.9916074	0.72996217
1.9923728	0.72996217
1.9931389	0.73038256
1.9939053	0.73090804
1.9946727	0.73122323
1.9954402	0.73132837
1.9962088	0.73164368
1.9969776	0.73206407
1.9977473	0.73237926
1.9985173	0.73279965
1.9992882	0.7332201
2.0000594	0.73343021
2.0008314	0.7331149
2.0016038	0.73343021
2.002377	0.73416579
2.0031507	0.73437601
2.0039251	0.73437601
2.0046999	0.73448116
2.0054755	0.7347964
2.0062516	0.7352168
2.0070286	0.73605746
2.0078058	0.73637277
2.0085838	0.73626769
2.0093622	0.73637277
2.0101414	0.73658293
2.010921	0.73710835
2.0117013	0.73731858
2.0124824	0.73731858
2.0132637	0.7375288
2.0140457	0.73794919
2.0148287	0.7381593
2.0156119	0.73847461
2.016396	0.73847461
2.0171804	0.73836946
2.0179658	0.73878986
2.0187516	0.73942035
2.0195379	0.73973572
2.0203249	0.73984075
2.0211127	0.74026114
2.0219009	0.74047136
2.0226898	0.74068147
2.0234792	0.74078655
2.0242696	0.74110186
2.0250602	0.74110186
2.0258517	0.74131203
2.0266438	0.74173242
2.0274363	0.74183744
2.0282295	0.74162728
2.0290234	0.74173242
2.0298178	0.74194252
2.0306129	0.74194252
2.0314085	0.74194252
2.0322044	0.74236292
2.0330014	0.74257308
2.0337989	0.74278331
2.0345972	0.74257308
2.0353961	0.74278331
2.0361953	0.74288839
2.0369956	0.74278331
2.0377963	0.74288839
2.0385981	0.74309856
2.0393999	0.74341393
2.0402026	0.74320358
2.0410056	0.74320358
2.0418096	0.74362403
2.042614	0.74404442
2.0434194	0.74446481
2.044225	0.74456984
2.0450315	0.74446481
2.0458386	0.74456984
2.0466464	0.74456984
2.0474546	0.74467492
2.0482635	0.74488509
2.049073	0.74478
2.0498834	0.74499023
2.0506942	0.74520046
2.0515053	0.74551564
2.0523174	0.74541056
2.0531304	0.74551564
2.0539436	0.74551564
2.0547578	0.74604112
2.0555725	0.74604112
2.0563879	0.74593598
2.057204	0.74614614
2.0580208	0.74667162
2.0588381	0.74698699
2.0596561	0.74698699
2.0604746	0.74709201
2.0612941	0.74730217
2.062114	0.74730217
2.0629346	0.74719715
2.0637558	0.74740738
2.0645773	0.74761748
2.0653996	0.74772257
2.0662231	0.74824804
2.0670469	0.74887854
2.0678713	0.74887854
2.0686965	0.74856335
2.0695224	0.74898368
2.0703487	0.74919391
2.0711763	0.74898368
2.0720038	0.7490887
2.0728326	0.74929899
2.0736616	0.74919391
2.0744915	0.74940401
2.0753219	0.74919391
2.076153	0.7490887
2.0769846	0.74929899
2.0778172	0.7498244
2.0786502	0.75056005
2.0794842	0.75066507
2.0803187	0.75024474
2.0811539	0.75034988
2.0819895	0.75087529
2.0828261	0.75108552
2.0836632	0.75108552
2.084501	0.75108552
2.0853395	0.75129569
2.0861788	0.75140071
2.0870185	0.75192624
2.0878592	0.75213647
2.0887003	0.75192624
2.0895422	0.75203127
2.0903847	0.75234658
2.0912282	0.75234658
2.092072	0.75234658
2.0929167	0.75234658
2.0937619	0.75287205
2.0946081	0.75329238
2.0954545	0.75318724
2.096302	0.75318724
2.0971498	0.75329238
2.0979986	0.75318724
2.0988479	0.75350261
2.0996981	0.75413311
2.1005487	0.75434327
2.1014004	0.75423825
2.1022525	0.75434327
2.1031053	0.75465864
2.1039588	0.75465864
2.1048129	0.75486875
2.1056678	0.75497383
2.1065235	0.7554993
2.1073797	0.75560439
2.1082368	0.75528914
2.1090944	0.75507897
2.1099529	0.75518411
2.1108119	0.75528914
2.1116717	0.75539428
2.1125321	0.7554993
2.1133935	0.75591969
2.1142552	0.75623494
2.115118	0.75623494
2.1159811	0.75591969
2.1168454	0.75602478
2.1177099	0.7561298
2.1185756	0.75634003
2.1194417	0.75644517
2.1203086	0.7561298
2.121176	0.7561298
2.1220446	0.75655019
2.1229134	0.75623494
2.1237831	0.75591969
2.1246536	0.75591969
2.1255245	0.75623494
2.1263962	0.75634003
2.1272688	0.75655019
2.1281419	0.75644517
2.1290162	0.75655019
2.1298907	0.75644517
2.1307662	0.75644517
2.1316423	0.75644517
2.1325192	0.75655019
2.1333966	0.75602478
2.1342752	0.75570953
2.135154	0.75580722
2.1360338	0.75551414
2.1369143	0.75473249
2.1377954	0.75385326
2.1386774	0.75385326
2.1395605	0.75424397
2.1404438	0.75385326
2.1413281	0.75336474
2.1422129	0.75424397
2.1430986	0.75414628
2.1439848	0.75483018
2.144872	0.75492793
2.1457596	0.75424397
2.1466477	0.75356013
2.1475368	0.75297391
2.148427	0.75277853
2.1493175	0.75189918
2.1502092	0.7509222
2.1511011	0.75121534
2.1519942	0.75209457
2.1528878	0.7523877
2.1537826	0.75180155
2.1546776	0.75121534
2.1555736	0.75199687
2.1564703	0.75209457
2.1573677	0.75180155
2.1582658	0.7510199
2.1591649	0.75062913
2.1600645	0.75131303
2.1609645	0.75043368
2.1618655	0.74916363
2.1627674	0.74887055
2.1636701	0.74994522
2.1645734	0.75072682
2.1654775	0.75004292
2.1663826	0.74955446
2.1672883	0.75004292
2.168195	0.74984747
2.169102	0.74994522
2.1700101	0.74847972
2.1709187	0.74769807
2.1718283	0.74828434
2.1727386	0.74750268
2.1736495	0.74701422
2.1745613	0.74633032
2.1754742	0.74701422
2.1763873	0.7465257
2.1773014	0.74535328
2.1782162	0.74554873
2.179132	0.74564642
2.1800482	0.74447405
2.1809654	0.74300849
2.1818831	0.74379009
2.1828015	0.74466944
2.1837208	0.74339932
2.1846411	0.74242234
2.1855621	0.74242234
2.1864841	0.74242234
2.1874065	0.74252003
2.1883299	0.74173844
2.189254	0.7407614
2.1901793	0.73988211
2.1911051	0.73919821
2.1920316	0.73968673
2.1929588	0.74007756
2.193887	0.73919821
2.1948156	0.73870969
2.1957452	0.73783046
2.1966755	0.7371465
2.197607	0.7371465
2.1985388	0.73685342
2.1994717	0.73529023
2.2004051	0.7342155
2.2013395	0.73392236
2.2022746	0.73362935
2.2032106	0.73226148
2.2041473	0.73138225
2.2050848	0.73138225
2.206023	0.73079604
2.2069621	0.73011214
2.207902	0.72913516
2.2088428	0.72825581
2.2097843	0.72776729
2.2107267	0.72737652
2.2116697	0.72659492
2.2126141	0.72522712
2.2135587	0.72473866
2.2145045	0.723957
2.2154505	0.72376162
2.216398	0.72288227
2.2173457	0.72092831
2.2182946	0.71995133
2.2192442	0.72004896
2.2201948	0.71995133
2.2211459	0.71936512
2.2220981	0.71829039
2.2230508	0.71741116
2.2240045	0.71653181
2.2249589	0.71496862
2.2259145	0.71291691
2.2268705	0.71174449
2.2278273	0.71076751
2.228785	0.7101813
2.2297437	0.70861816
2.2307031	0.70744568
2.2316635	0.70676178
2.2326245	0.70637101
2.2335865	0.70490551
2.234549	0.70275611
2.2355127	0.7013883
2.2364771	0.69962972
2.2374425	0.69855499
2.2384083	0.69757807
2.2393754	0.69581938
2.2403431	0.69425625
2.2413118	0.69269305
2.2422812	0.6912275
2.243252	0.69005513
2.2442229	0.68790573
2.2451949	0.68653792
2.2461677	0.68517011
2.2471414	0.68302071
2.2481158	0.680969
2.2490911	0.67940587
2.2500672	0.67725646
2.251044	0.67530239
2.2520218	0.67344612
2.2530005	0.67090589
2.2539799	0.66885418
2.2549605	0.66748643
2.2559416	0.66582555
2.2569239	0.66338307
2.2579067	0.66142899
2.2588909	0.65957272
2.2598755	0.65752101
2.2608612	0.65673935
2.2618475	0.6561532
2.2628348	0.65537161
2.263823	0.65527391
2.264812	0.65517622
2.2658017	0.65517622
2.2667923	0.65507847
2.2677839	0.65517622
2.2687764	0.6554693
2.2697697	0.6561532
2.2707639	0.65781409
2.271759	0.6584003
2.2727549	0.65908426
2.2737517	0.66084284
2.2747495	0.66172206
2.275748	0.66260141
2.2767475	0.66455543
2.2777479	0.66650939
2.278749	0.66797495
2.2797511	0.66953814
2.2807541	0.67090589
2.2817578	0.67315298
2.282763	0.6758886
2.2837684	0.67833114
2.284775	0.68008971
2.2857823	0.68116444
2.2867908	0.68272763
2.2877998	0.68477929
2.28881	0.68722183
2.2898209	0.68878502
2.2908323	0.68995744
2.2918451	0.69142288
2.2928588	0.69279075
2.2938731	0.69464701
2.2948887	0.69650334
2.2959049	0.69865268
2.2969222	0.7007044
2.2979403	0.70187682
2.2989597	0.70256072
2.2999794	0.7035377
2.3010006	0.70451468
2.3020222	0.70627332
2.303045	0.70764112
2.3040683	0.70822734
2.3050931	0.70910656
2.3061182	0.71047443
2.3071454	0.71145141
2.3081722	0.71262383
2.3092005	0.71399158
2.3102295	0.71545714
2.3112597	0.7159456
2.3122904	0.71565247
2.3133223	0.7167272
2.3143549	0.7181927
2.3153882	0.71868122
2.3164227	0.71926743
2.3174584	0.7195605
2.3184946	0.7195605
2.3195322	0.71975595
2.3205702	0.72063518
2.3216095	0.721026
2.3226497	0.72073293
2.3236911	0.7203421
2.324733	0.72073293
2.3257761	0.72122139
2.3268199	0.721026
2.3278646	0.72151452
2.3289104	0.72210073
2.3299572	0.72151452
2.3310046	0.72092831
2.3320534	0.72122139
2.3331029	0.7211237
2.3341534	0.72063518
2.3352048	0.71897429
2.3362572	0.7188766
2.3373103	0.71936512
2.3383648	0.71965826
2.3394198	0.71907204
2.340476	0.71780193
2.3415329	0.71692264
2.342591	0.71623868
2.3436501	0.71575028
2.3447101	0.71526176
2.3457711	0.71506631
2.346833	0.7144801
2.3478959	0.71301466
2.3489597	0.71193993
2.3500245	0.7116468
2.3510904	0.71066982
2.3521569	0.70920432
2.3532248	0.70842272
2.3542933	0.7079342
2.3553631	0.70646876
2.3564336	0.70539403
2.3575051	0.70422167
2.3585775	0.70314693
2.3596511	0.70187682
2.3607256	0.70099753
2.3618011	0.69982517
2.3628776	0.69835961
2.363955	0.69650334
2.3650334	0.69454932
2.3661137	0.69327921
2.3671939	0.6925953
2.3682754	0.69132519
2.3693576	0.6896643
2.3704412	0.68780804
2.3715253	0.68644017
2.3726108	0.68526781
2.373697	0.68360692
2.3747847	0.68204367
2.3758729	0.6801874
2.3769624	0.67842883
2.3780525	0.6773541
2.379144	0.67559552
2.3802361	0.67344612
2.3813298	0.67119902
2.3824239	0.66963583
2.3835192	0.66807264
2.3846154	0.66670483
2.3857129	0.66396922
2.3868113	0.66133136
2.3879108	0.65947497
2.3890109	0.65781409
2.3901126	0.65644634
2.3912148	0.65429693
2.3923185	0.65156132
2.3934228	0.64911884
2.3945284	0.64736021
2.3956349	0.64579701
2.3967426	0.643843
2.397851	0.64169359
2.3989608	0.63925111
2.4000711	0.6371994
2.4011834	0.63534313
2.4022958	0.63319373
2.4034097	0.6313374
2.4045243	0.62938344
2.4056404	0.62752706
2.4067569	0.62537777
2.4078751	0.62293518
2.4089937	0.62137198
2.4101133	0.61990654
2.4112341	0.61805022
2.4123564	0.61629158
2.4134791	0.6146307
2.4146035	0.6124813
2.4157286	0.61003882
2.4168549	0.60818255
2.4179819	0.60710782
2.4191108	0.60593545
2.4202399	0.6044699
2.4213705	0.60202742
2.4225018	0.6000734
2.4236345	0.59772861
2.424768	0.59606773
2.4259028	0.594993
2.4270384	0.59382063
2.4281759	0.59167123
2.4293137	0.58971721
2.4304526	0.58854479
2.4315925	0.58707929
2.4327338	0.5855161
2.4338756	0.58424604
2.435019	0.58229202
2.4361632	0.58063114
2.4373078	0.57906789
2.4384544	0.5781886
2.4396017	0.57682079
2.4407504	0.5745737
2.4419	0.57252198
2.4430506	0.571545
2.4442027	0.57066572
2.4453554	0.56978637
2.4465098	0.56900483
2.447665	0.56744164
2.4488211	0.56548762
2.4499784	0.56402212
2.4511368	0.56245893
2.4522963	0.56157964
2.4534569	0.56099337
2.4546185	0.5599187
2.4557815	0.55835551
2.4569452	0.55737847
2.4581103	0.55571759
2.4592764	0.55444753
2.4604435	0.55376363
2.4616117	0.55278665
2.4627812	0.55171192
2.4639518	0.55063719
2.4651229	0.54966021
2.4662957	0.54858547
2.4674697	0.54760849
2.4686446	0.54663152
2.4698207	0.54565454
2.4709978	0.54516602
2.4721763	0.54506832
2.4733558	0.54448211
2.4745364	0.54350513
2.4757183	0.54291892
2.4769011	0.54233271
2.478085	0.5417465
2.4792702	0.54086721
2.4804564	0.53998792
2.4816439	0.53930402
2.4828324	0.5388155
2.4840217	0.53822929
2.4852126	0.53735
2.4864044	0.53617758
2.4875975	0.53490752
2.4887917	0.53334433
2.4899871	0.5322696
2.4911838	0.53139031
2.4923813	0.5300225
2.4935806	0.52914321
2.4947805	0.52836162
2.4959817	0.52699381
2.497184	0.52591908
2.4983873	0.52455127
2.4995921	0.52328122
2.5007977	0.52220654
2.5020049	0.52074099
2.5032129	0.51976401
2.5044224	0.5190801
2.5056329	0.5177123
2.5068443	0.5162468
2.5080571	0.51536751
2.5092711	0.51390201
2.5104864	0.5132181
2.5117025	0.51272959
2.5129199	0.51145953
2.5141385	0.51048249
2.5153584	0.50999397
2.5165794	0.50950551
2.5178018	0.50882161
2.5190251	0.50833309
2.5202496	0.50804001
2.5214756	0.50755155
2.5227027	0.50735611
2.5239308	0.50735611
2.5251603	0.50716072
2.5263908	0.50618374
2.5276225	0.5059883
2.5288556	0.50589061
2.5300899	0.50510901
2.5313251	0.50501132
2.532562	0.50549978
2.5337996	0.50589061
2.5350387	0.50510901
2.536279	0.5052067
2.5375204	0.50549978
2.538763	0.50540215
2.5400069	0.50491363
2.5412521	0.50364351
2.5424979	0.50266653
2.5437455	0.50295961
2.5449944	0.5030573
2.5462441	0.50286192
2.5474954	0.50188494
2.548748	0.50168949
2.5500016	0.50100559
2.5512564	0.5001263
2.5525131	0.49954012
2.5537705	0.50041944
2.5550292	0.5009079
2.556289	0.50081021
2.5575502	0.50002861
2.5588126	0.49846542
2.5600762	0.49514362
2.561341	0.49240804
2.5626073	0.49182183
2.5638747	0.49211493
2.5651433	0.49309191
2.5664132	0.49416661
2.5676842	0.49279881
2.5689566	0.48937932
2.5702302	0.48859772
2.5715053	0.48908621
2.5727808	0.48586211
2.5740583	0.4851782
2.5753372	0.48420122
2.576617	0.48205182
2.5778983	0.48254031
2.579181	0.48244259
2.5804646	0.47960931
2.5817497	0.47804612
2.5830364	0.47443119
2.5843241	0.47345421
2.585613	0.47423583
2.5869033	0.47228181
2.5881948	0.47179332
2.5894876	0.47198874
2.5907817	0.47159791
2.592077	0.4687646
2.5933733	0.461144
2.5946712	0.45537969
2.5959706	0.45948312
2.5972712	0.46378192
2.598573	0.46456352
2.5998762	0.46270722
2.6011808	0.46026471
2.6024866	0.4586038
2.6037939	0.45616132
2.6051023	0.45371881
2.6064122	0.45362112
2.6077232	0.45479351
2.6090355	0.45489123
2.6103492	0.455282
2.6116643	0.455282
2.6129806	0.45410961
2.6142986	0.45371881
2.6156178	0.45000622
2.6169381	0.448443
2.6182597	0.45049474
2.6195827	0.44854069
2.6209071	0.4498108
2.6222329	0.45283949
2.62356	0.45323029
2.6248877	0.45186251
2.6262174	0.4495177
2.6275485	0.4509832
2.628881	0.44961539
2.6302147	0.4476614
2.6315498	0.4505924
2.6328864	0.45186251
2.6342242	0.45225331
2.6355639	0.45391423
2.6369042	0.45450041
2.6382463	0.45469582
2.6395895	0.45469582
2.6409342	0.45479351
2.6422803	0.45508659
2.6436276	0.45498893
2.6449764	0.45391423
2.6463268	0.45440271
2.6476784	0.45586821
2.6490314	0.45655212
2.6503856	0.45596591
2.6517413	0.45440271
2.6530983	0.45469582
2.6544569	0.455282
2.6558168	0.45557511
2.6571774	0.45684522
2.65854	0.45557511
2.6599042	0.45479351
2.6612697	0.455282
2.6626365	0.45547742
2.6640048	0.45156938
2.6653745	0.44854069
2.6667454	0.4487361
2.6681182	0.4509832
2.6694922	0.44736829
2.6708674	0.4476614
2.6722443	0.45264411
2.6736224	0.45303491
2.6750021	0.45029932
2.676383	0.44717294
2.6777654	0.4468798
2.6791496	0.4476614
2.6805348	0.44990849
2.6819217	0.44922462
2.6833098	0.44717294
2.6846995	0.44639131
2.6860905	0.44570741
2.6874828	0.44502351
2.6888769	0.4440465
2.6902716	0.44248331
2.6916685	0.44004083
2.6930668	0.43554661
2.6944666	0.4331041
2.6958678	0.43339723
2.6972704	0.43349493
2.6986744	0.43115011
2.7000799	0.4272421
2.7014871	0.42411572
2.7028956	0.4225525
2.7043056	0.41971922
2.7057171	0.41659284
2.70713	0.41200092
2.7085443	0.40594351
2.7099602	0.4002769
2.7113776	0.39754128
2.7127967	0.39627123
2.7142169	0.39353561
2.7156389	0.38884601
2.7170622	0.38288629
2.718487	0.37643811
2.7199132	0.36832899
2.7213409	0.3641279
2.7227702	0.36002448
2.7242005	0.35328323
2.7256327	0.34908211
2.7270665	0.34497872
2.7285018	0.33950752
2.7299387	0.33364552
2.7313771	0.3270019
2.7328169	0.3196744
2.7342582	0.31215152
2.7357013	0.30570331
2.7371457	0.2992551
2.7385917	0.29055983
2.7400391	0.2825484
2.741488	0.27717489
2.7429385	0.2733646
2.7443907	0.2679911
2.7458441	0.26183599
2.747299	0.2554855
2.7487557	0.2497212
2.7502139	0.243273
2.7516737	0.2367271
2.753135	0.22969271
2.7545979	0.221779
2.7560623	0.2165032
2.7575283	0.2130837
2.7589962	0.20771019
2.7604654	0.2013597
2.7619359	0.1948138
2.7634082	0.18944031
2.7648821	0.18455529
2.7663574	0.178791
2.7678344	0.17302671
2.7693131	0.1677509
2.7707932	0.16247511
2.772275	0.15798089
2.7737584	0.15290052
2.7752433	0.1473316
2.7767296	0.1414696
2.7782178	0.1360961
2.7797074	0.129941
2.7811987	0.1233951
2.782691	0.11724
2.7841854	0.1112803
2.7856815	0.105516
2.7871792	0.1010218
2.7886784	0.097993098
2.7901793	0.096039101
2.7916818	0.094280496
2.7931859	0.092912696
2.794692	0.0923265
2.7961996	0.091935702
2.7977085	0.091935702
2.7992191	0.092033401
2.8007314	0.091642603
2.8022454	0.090763301
2.803761	0.090274803
2.8052781	0.090177104
2.806797	0.089688607
2.8083177	0.088516206
2.8098397	0.087246098
2.8113635	0.086073697
2.8128889	0.084022
2.8144159	0.081774905
2.8159447	0.080407105
2.8174751	0.078941606
2.8190067	0.077085301
2.8205404	0.075229004
2.8220758	0.073568098
2.8236129	0.072102599
2.8251517	0.070832498
2.8266921	0.068976201
2.8282342	0.0665337
2.829778	0.064482003
2.8313241	0.062821105
2.8328712	0.0610625
2.83442	0.059401602
2.8359706	0.058033802
2.8375227	0.056568302
2.8390768	0.055005103
2.8406324	0.053051103
2.8421898	0.051390201
2.843749	0.049924701
2.84531	0.048361503
2.8468723	0.046993699
2.8484366	0.045235101
2.8500025	0.043183398
2.8515701	0.041815601
2.8531396	0.040936299
2.8547106	0.039861601
2.8562829	0.0385915
2.8578575	0.037126001
2.8594339	0.035465103
2.861012	0.033706501
2.8625917	0.032338701
2.8641732	0.031361703
2.8657565	0.030286999
2.8673415	0.029212302
2.8689287	0.028039901
2.870517	0.0270629
2.8721075	0.026379
2.8736994	0.025597401
2.8752933	0.024815802
2.876889	0.0237411
2.8784864	0.022568701
2.8800855	0.0216894
2.8816857	0.0211032
2.8832886	0.0203216
2.8848929	0.019442301
2.8864994	0.018856101
2.8881073	0.018367602
2.8897173	0.017781401
2.8913291	0.017195201
2.8929424	0.016706701
2.8945582	0.016413601
2.8961751	0.0162182
2.897794	0.0159251
2.8994148	0.0151435
2.9010372	0.0145573
2.9026616	0.014068801
2.9042876	0.0137757
2.9059157	0.0137757
2.9075458	0.0130918
2.9091775	0.0122125
2.9108109	0.0122125
2.9124463	0.012114801
2.9140832	0.012114801
2.9157224	0.0120171
2.9173632	0.011919401
2.9190059	0.0116263
2.9206498	0.0109424
2.922296	0.0109424
2.9239442	0.0108447
2.9255943	0.010649299
2.9272463	0.0105516
2.9289	0.0103562
2.9305558	0.0103562
2.9322133	0.0103562
2.9338732	0.0102585
2.9355345	0.0104539
2.9371977	0.0103562
2.9388628	0.0102585
2.9405298	0.0103562
2.9421985	0.0104539
2.9438694	0.0103562
2.9455421	0.0101608
2.9472167	0.0099654002
2.9488933	0.0100631
2.9505715	0.0102585
2.9522519	0.0103562
2.953934	0.010649299
2.9556181	0.0108447
2.9573042	0.011040101
2.9589922	0.011040101
2.9606814	0.0109424
2.9623733	0.010747001
2.964067	0.0111378
2.9657626	0.0113332
2.9674604	0.0109424
2.9691598	0.011235501
2.9708614	0.0116263
2.9725649	0.011919401
2.9742706	0.0120171
2.9759779	0.012114801
2.9776874	0.0122125
2.9793985	0.0123102
2.9811118	0.012701001
2.9828272	0.0130918
2.9845443	0.0131895
2.9862635	0.0133849
2.9879854	0.0133849
2.9897087	0.0134826
2.9914336	0.013678
2.993161	0.013971101
2.99489	0.0141665
2.9966211	0.0141665
2.9983544	0.014459601
3.0000894	0.0147527
3.001826	0.0147527
3.0035653	0.0147527
3.0053065	0.014948101
3.0070496	0.015241201
3.0087948	0.0154366
3.0105422	0.0154366
3.0122914	0.015827401
3.0140429	0.016120501
3.0157964	0.0163159
3.0175517	0.016413601
3.0193093	0.016609
3.0210688	0.0169998
3.0228302	0.017195201
3.0245938	0.017195201
3.0263596	0.0172929
3.0281272	0.017390599
3.0298975	0.017781401
3.0316694	0.018074501
3.0334435	0.018172201
3.0352194	0.018465301
3.0369976	0.0189538
3.0387776	0.0192469
3.04056	0.0192469
3.0423443	0.0193446
3.0441301	0.020028502
3.0459187	0.0204193
3.0477092	0.0204193
3.0495021	0.020517001
3.0512969	0.0207124
3.0530939	0.020810099
3.054893	0.021200901
3.0566943	0.021591699
3.0584979	0.0219825
3.0603034	0.022471001
3.0621109	0.0226664
3.0639207	0.022764102
3.0657327	0.023252601
3.0675466	0.023252601
3.0693629	0.023350302
3.0711813	0.023545701
3.0730011	0.023545701
3.0748239	0.0241319
3.0766487	0.024913499
3.0784757	0.025304301
3.0803049	0.025304301
3.0821362	0.0254997
3.0839698	0.025988201
3.0858054	0.026672099
3.0876439	0.026965199
3.0894837	0.0267698
3.0913262	0.0267698
3.0931706	0.027258299
3.0950172	0.028039901
3.0968661	0.028333001
3.0987172	0.028430702
3.1005704	0.028626101
3.1024263	0.029310001
3.104284	0.029603101
3.106144	0.029603101
3.1080062	0.029993899
3.1098707	0.030482402
3.1117373	0.030677801
3.1136062	0.030970901
3.1154773	0.031459399
3.1173501	0.031557102
3.1192257	0.031752501
3.1211035	0.032436401
3.1229837	0.033218
3.1248662	0.033413403
3.1267509	0.033608802
3.128638	0.033706501
3.1305273	0.0339019
3.1324193	0.0345858
3.1343131	0.035465103
3.1362092	0.035758201
3.1381078	0.0359536
3.1400084	0.036344402
3.1419115	0.036735203
3.1438167	0.037126001
3.1457245	0.0373214
3.1476347	0.037712201
3.1495469	0.0380053
3.1514616	0.0385915
3.1533785	0.0392754
3.1552978	0.039763901
3.1572194	0.0399593
3.1591434	0.040447801
3.1610696	0.041034002
3.162998	0.0414248
3.1649289	0.041913304
3.1668622	0.042499501
3.168798	0.042890303
3.1707361	0.0433788
3.1726766	0.043867301
3.1746194	0.044551201
3.1765647	0.045039698
3.1785126	0.045332801
3.1804626	0.045625899
3.182415	0.046309799
3.1843698	0.046993699
3.186327	0.047286801
3.1882865	0.047970697
3.1902485	0.0487523
3.1922131	0.049240801
3.19418	0.049533904
3.1961493	0.050022401
3.1981211	0.050901704
3.2000952	0.051683299
3.2020719	0.0522695
3.2040508	0.052758001
3.2060323	0.053148802
3.2080164	0.053735003
3.2100022	0.054516599
3.2119911	0.055200499
3.2139823	0.055884402
3.215976	0.0563729
3.2179723	0.0569591
3.2199712	0.057838403
3.2219722	0.058424603
3.2239761	0.058815401
3.2259824	0.059499301
3.2279911	0.059987798
3.2300024	0.060769401
3.2320161	0.0616487
3.2340324	0.062527999
3.2360511	0.063309602
3.2380724	0.064091198
3.2400961	0.064677402
3.2421229	0.065263599
3.2441516	0.065752104
3.2461832	0.066436
3.2482171	0.067315303
3.2502534	0.067999199
3.2522926	0.068585403
3.2543342	0.069367006
3.2563784	0.070246302
3.2584248	0.071027905
3.2604742	0.071711801
3.262526	0.072493397
3.2645805	0.072981901
3.2666376	0.073568098
3.2686973	0.074252002
3.2707596	0.075033605
3.2728245	0.0760106
3.2748921	0.076792203
3.2769623	0.077183001
3.2790351	0.077866897
3.2811103	0.0787462
3.2831883	0.079723202
3.2852688	0.080602504
3.2873521	0.081286401
3.289438	0.081872597
3.2915258	0.082654208
3.293617	0.083240397
3.2957108	0.0841197
3.2978072	0.084803604
3.2999065	0.085585199
3.3020084	0.086366795
3.3041129	0.087148406
3.3062201	0.0881254
3.3083303	0.089004703
3.3104429	0.089884005
3.3125582	0.090665601
3.314676	0.091154106
3.3167968	0.091838002
3.3189204	0.092619598
3.3210464	0.093303502
3.3231752	0.094085105
3.3253074	0.0949644
3.3274417	0.095648304
3.3295789	0.096429907
3.3317187	0.097211502
3.3338614	0.098090805
3.3360066	0.099067807
3.3381548	0.1000448
3.3403056	0.1005333
3.3424585	0.1009241
3.344615	0.10160801
3.3467741	0.1024873
3.3489361	0.10346431
3.3511009	0.1042459
3.3532684	0.1048321
3.3554389	0.1057114
3.3576121	0.1065907
3.3597887	0.1073723
3.3619676	0.1080562
3.3641491	0.1087401
3.3663337	0.10952171
3.368521	0.1101079
3.3707113	0.1110849
3.3729043	0.1120619
3.3751001	0.1129412
3.3772995	0.1135274
3.3795011	0.11421131
3.3817058	0.11518831
3.383913	0.1159699
3.3861232	0.11655611
3.3883364	0.11724
3.3905525	0.1183147
3.3927715	0.1194871
3.3949924	0.12026871
3.3972173	0.1208549
3.3994448	0.1217342
3.4016755	0.12241811
3.403909	0.1232974
3.4061456	0.1242744
3.408385	0.12495831
3.4106274	0.12583759
3.4128728	0.1266192
3.4151211	0.12769391
3.4173725	0.1288663
3.4196265	0.1292571
3.4218838	0.1301364
3.424144	0.13111341
3.4264071	0.13199271
3.4286733	0.13296971
3.4309425	0.1337513
3.4332149	0.13453291
3.4354899	0.1356076
3.4377682	0.13658459
3.4400494	0.1375616
3.4423335	0.13844091
3.4446208	0.1392225
3.4469111	0.1402972
3.449204	0.1412742
3.4515004	0.14186041
3.4537997	0.14273971
3.4561024	0.1440098
3.4584079	0.14518221
3.4607165	0.1459638
3.4630284	0.14694081
3.4653432	0.1478201
3.4676619	0.14879711
3.4699829	0.1496764
3.472307	0.1503603
3.4746342	0.1512396
3.4769647	0.152412
3.4792981	0.1537798
3.4816349	0.15465909
3.4839747	0.1556361
3.4863167	0.15661311
3.488663	0.15778551
3.4910121	0.15886021
3.4933646	0.1600326
3.4957201	0.16130272
3.4980791	0.1623774
3.5004408	0.16354981
3.5028062	0.1647222
3.5051751	0.16560151
3.5075467	0.1665785
3.5099213	0.1677509
3.5122993	0.1688256
3.5146806	0.16999801
3.517065	0.17107269
3.5194528	0.17195201
3.5218437	0.1731244
3.5242381	0.17429681
3.5266356	0.1754692
3.5290363	0.17664161
3.5314403	0.1775209
3.5338476	0.17888871
3.536258	0.18015879
3.538672	0.18142891
3.5410891	0.1825036
3.5435085	0.18338291
3.5459323	0.18445762
3.5483594	0.1857277
3.5507898	0.1871932
3.5532234	0.18836561
3.5556605	0.189538
3.5581009	0.19090579
3.5605447	0.19217591
3.5629921	0.19344601
3.5654426	0.19471611
3.5678964	0.1959862
3.5703535	0.1972563
3.5728142	0.19842871
3.5752783	0.19930799
3.5777457	0.20057811
3.5802164	0.20204361
3.5826914	0.20350911
3.5851691	0.20477921
3.5876501	0.20604929
3.5901346	0.20731939
3.5926225	0.2083941
3.595114	0.2096642
3.5976088	0.211032
3.6001072	0.21220441
3.6026084	0.21337679
3.6051137	0.2148423
3.6076224	0.21601471
3.6101346	0.21728481
3.6126504	0.218848
3.6151698	0.2202158
3.6176925	0.22138821
3.620219	0.22285371
3.6227491	0.2242215
3.6252825	0.2252962
3.6278193	0.2261755
3.6303599	0.227641
3.6329038	0.22920419
3.6354516	0.23027891
3.6380026	0.23135361
3.6405575	0.2327214
3.6431165	0.2341869
3.6456785	0.23545702
3.6482441	0.2367271
3.6508133	0.23809491
3.6533861	0.23936501
3.6559625	0.24043971
3.6585426	0.24161211
3.6611264	0.24317531
3.6637127	0.2446408
3.6663036	0.24581321
3.6688983	0.24688791
3.6714969	0.24825571
3.6740987	0.24962349
3.6767046	0.25099128
3.6793139	0.25245681
3.6819272	0.25353152
3.6845443	0.25470391
3.687165	0.25607169
3.6897893	0.25753722
3.6924174	0.25900272
3.695049	0.26007739
3.6976848	0.2613475
3.7003241	0.26261762
3.7029672	0.2638877
3.7056146	0.26515779
3.7082653	0.26662332
3.7109196	0.26779571
3.713578	0.26906583
3.7162399	0.2701405
3.7189059	0.27150831
3.7215757	0.27297381
3.7242491	0.27424389
3.7269256	0.27531859
3.7296069	0.27649099
3.7322919	0.27795652
3.7349808	0.27942201
3.7376738	0.28059441
3.7403705	0.28186449
3.7430711	0.28332999
3.7457757	0.28479552
3.7484846	0.28606561
3.7511971	0.28733569
3.7539134	0.2883127
3.7566335	0.2894851
3.7593577	0.29065749
3.7620859	0.29182991
3.764818	0.2931
3.767554	0.29437011
3.770293	0.29554251
3.7730372	0.29681259
3.7757852	0.29798499
3.778537	0.29905969
3.7812932	0.3003298
3.7840533	0.30159992
3.7868173	0.30247921
3.7895856	0.3036516
3.7923579	0.30492172
3.7951343	0.30599639
3.7979145	0.30707109
3.800699	0.30814579
3.8034875	0.30922052
3.8062801	0.31049061
3.8090768	0.31156528
3.8118775	0.31244463
3.8146832	0.31351933
3.8174922	0.31478941
3.8203053	0.31586412
3.8231227	0.3167434
3.8259442	0.31772041
3.8287699	0.3185997
3.8315997	0.31928357
3.8344338	0.32026061
3.837271	0.3211399
3.8401134	0.3222146
3.8429599	0.32309389
3.8458109	0.32416859
3.848666	0.32524329
3.8515253	0.32602492
3.8543887	0.32680652
3.8572567	0.3276858
3.8601296	0.32866281
3.8630059	0.32944441
3.8658867	0.33012831
3.8687716	0.3310076
3.8716609	0.33178923
3.8745544	0.33257082
3.8774524	0.33335242
3.8803546	0.33413398
3.8832617	0.33501333
3.8861728	0.3356972
3.8890882	0.33638114
3.8920078	0.33726043
3.894932	0.3379443
3.8978605	0.33853051
3.9007933	0.33931211
3.9037306	0.33999601
3.9066718	0.34067991
3.9096179	0.3411684
3.9125686	0.34175462
3.9155238	0.34253621
3.9184833	0.34331781
3.9214473	0.34390402
3.9244158	0.34429479
3.9273889	0.34478331
3.9303668	0.34527183
3.9333489	0.34585801
3.9363356	0.34644422
3.9393268	0.3467373
3.9423223	0.34712812
3.9453225	0.347812
3.9483273	0.34830052
3.9513369	0.34869131
3.9543512	0.3491798
3.9573698	0.34976602
3.960393	0.35015678
3.9634209	0.35044992
3.9664533	0.35084072
3.9694903	0.35123149
3.972532	0.35172001
3.9755785	0.35201311
3.9786289	0.35230619
3.9816847	0.35259929
3.984745	0.35299012
3.9878104	0.35347861
3.9908803	0.35377172
3.9939549	0.35426021
3.9970343	0.3547487
4.0001183	0.3550418
4.0032082	0.35572571
4.0063019	0.35631192
4.0094004	0.35660502
4.0125036	0.3568981
4.0156116	0.35719121
4.0187244	0.357582
4.021842	0.35807049
4.0249648	0.35855901
4.028091	0.3590475
4.0312233	0.35934061
4.0343604	0.35982913
4.0375023	0.3602199
4.0406489	0.36041531
4.0438008	0.36080611
4.046958	0.36109921
4.0501194	0.36119694
4.0532866	0.36149001
4.056458	0.36188081
4.0596347	0.3619785
4.0628161	0.3619785
4.0660028	0.36207622
4.0691943	0.36217391
4.0723906	0.36236933
4.0755925	0.36227158
4.0787992	0.36246699
4.0820107	0.36256471
4.0852275	0.36256471
4.0884495	0.3627601
4.0916762	0.3627601
4.0949082	0.3626624
4.0981455	0.3626624
4.1013875	0.3627601
4.1046343	0.3627601
4.1078868	0.3626624
4.1111441	0.36236933
4.1144071	0.36227158
4.1176748	0.36217391
4.1209483	0.36178312
4.1242266	0.36178312
4.1275101	0.36188081
4.1307993	0.3616854
4.1340938	0.36149001
4.137393	0.3612946
4.1406975	0.36100152
4.1440077	0.36080611
4.1473227	0.360513
4.1506433	0.36012223
4.1539693	0.35992682
4.1573014	0.3594383
4.1606379	0.3590475
4.16398	0.35894978
4.1673269	0.3583636
4.1706796	0.35777742
4.1740379	0.35748431
4.1774011	0.35709351
4.1807699	0.35650733
4.1841431	0.35572571
4.1875229	0.3550418
4.190908	0.35426021
4.1942987	0.35347861
4.1976953	0.35269701
4.2010965	0.35191542
4.204504	0.35084072
4.2079167	0.3495706
4.2113357	0.34820279
4.2147593	0.3467373
4.2181888	0.34546718
4.2216239	0.34439251
4.2250643	0.3434155
4.2285104	0.3423408
4.2319622	0.3412661
4.2354198	0.34058222
4.2388835	0.33999601
4.242352	0.33960521
4.2458267	0.33931211
4.2493072	0.33950752
4.2527928	0.3398006
4.2562842	0.33970293
4.2597818	0.33853051
4.2632847	0.3371627
4.2667923	0.3357949
4.2703071	0.33472019
4.2738276	0.33413398
4.2773538	0.3335478
4.2808857	0.33296159
4.2844238	0.3324731
4.2879677	0.3320823
4.2915173	0.33178923
4.2950735	0.33169153
4.298635	0.33159381
4.3022022	0.3313984
4.3057756	0.3313984
4.3093548	0.3313984
4.3129401	0.3313984
4.3165312	0.33130071
4.3201284	0.3310076
4.3237324	0.33081219
4.3273416	0.33061683
4.3309565	0.33042142
4.3345776	0.33003059
4.3382049	0.32983521
4.3418384	0.32954213
4.3454776	0.3288582
4.3491235	0.32836968
4.3527737	0.3280766
4.3564315	0.32749039
4.3600955	0.32680652
4.3637652	0.32641569
4.3674417	0.32592723
4.3711243	0.32524329
4.3748131	0.32465711
4.3785081	0.32416859
4.3822103	0.32348472
4.3859177	0.32270312
4.3896313	0.32182381
4.3933511	0.32123762
4.3970776	0.32035831
4.4008102	0.31957671
4.4045491	0.31879511
4.4082947	0.31801352
4.412045	0.31693882
4.415803	0.31615719
4.4195676	0.31508249
4.4233384	0.31400779
4.4271159	0.3128354
4.4308996	0.31176069
4.43469	0.3105883
4.4384871	0.30922052
4.4422908	0.30775502
4.4461007	0.30609411
4.4499168	0.30453092
4.4537401	0.30296773
4.4575696	0.30130681
4.4614058	0.29974359
4.4652486	0.29798499
4.4690976	0.2963241
4.4729543	0.29466319
4.4768167	0.29319772
4.4806862	0.29173219
4.4845624	0.29036441
4.4884448	0.28880122
4.4923344	0.28714031
4.4962306	0.28557709
4.5001335	0.2840139
4.5040426	0.28235301
4.5079594	0.28078982
4.5118828	0.2789335
4.5158129	0.27697951
4.5197501	0.27512321
4.523694	0.2734623
4.5276446	0.271606
4.5316024	0.26965201
4.5355678	0.2678934
4.5395393	0.2664279
4.5435181	0.26486471
4.5475035	0.26349691
4.551496	0.26232451
4.5554957	0.26115209
4.5595021	0.26007739
4.5635157	0.25929582
4.5675368	0.25861192
4.5715647	0.25792801
4.5755997	0.25753722
4.5796418	0.25685331
4.5836911	0.2562671
4.5877471	0.2555832
4.5918107	0.25499699
4.5958815	0.2544108
4.5999584	0.25362921
4.604044	0.253043
4.6081362	0.2522614
4.612236	0.25167519
4.616343	0.25128442
4.6204576	0.25089362
4.6245794	0.2504051
4.6287084	0.250112
4.6328454	0.24991661
4.6369891	0.24991661
4.6411405	0.24991661
4.6452994	0.24952582
4.6494656	0.2489396
4.6536388	0.24825571
4.6578202	0.24727869
4.6620088	0.2457155
4.6662059	0.24385922
4.6704097	0.2417098
4.6746206	0.23936501
4.6788397	0.23682481
4.6830664	0.23428461
4.6873007	0.2316467
4.6915426	0.22910652
4.6957922	0.22685941
4.7000484	0.22471002
4.7043133	0.2225606
4.7085862	0.22080199
4.7128668	0.2191411
4.717155	0.21767561
4.7214513	0.2165032
4.7257552	0.21552621
4.7300668	0.21464691
4.7343879	0.2137676
4.7387152	0.21298601
4.7430506	0.212009
4.7473941	0.21093431
4.7517457	0.2094688
4.7561049	0.20819871
4.7604723	0.2067332
4.7648478	0.20497459
4.7692318	0.20331369
4.7736235	0.2017505
4.7780232	0.20018731
4.7824311	0.1988195
4.7868466	0.1977448
4.7912707	0.19696321
4.7957029	0.1964747
4.8001437	0.1959862
4.8045907	0.19588852
4.8090477	0.19579081
4.8135128	0.19549771
4.8179865	0.19510691
4.8224683	0.1943253
4.8269582	0.1932506
4.8314571	0.19217591
4.8359637	0.19071041
4.8404803	0.1892449
4.8450041	0.1878771
4.8495364	0.1865093
4.8540773	0.18514152
4.8586264	0.18377371
4.8631845	0.1824059
4.8677506	0.18103811
4.8723259	0.17976801
4.8769083	0.1791818
4.8815002	0.17869331
4.8861008	0.1784002
4.8907104	0.1784002
4.8953285	0.1789864
4.8999557	0.18006112
4.9045911	0.1815266
4.909236	0.18338291
4.9138899	0.1853369
4.9185519	0.18748631
4.923223	0.1897334
4.9279027	0.1919805
4.9325914	0.19403221
4.9372892	0.19588852
4.9419956	0.19754942
4.9467115	0.1988195
4.951437	0.19969881
4.9561706	0.200285
4.9609137	0.2004804
4.9656653	0.2006758
4.9704261	0.2006758
4.9751964	0.20018731
4.9799757	0.19969881
4.9847641	0.1994057
4.9895606	0.1989172
4.9943671	0.19842871
4.9991837	0.1979402
5.0040088	0.19745171
5.0088439	0.197354
5.0136881	0.197354
5.0185413	0.1979402
5.0234041	0.19911261
5.0282774	0.2006758
5.0331593	0.20311831
5.0380507	0.20644011
5.0429511	0.2103481
5.0478616	0.2152331
5.0527816	0.22080199
5.0577111	0.2272502
5.0626502	0.23428461
5.0675998	0.24161211
5.0725584	0.2489396
5.0775266	0.25646251
5.0825043	0.26408309
5.087492	0.271606
5.0924897	0.27912891
5.097497	0.2857725
5.1025143	0.2924161
5.1075401	0.29876661
5.112577	0.30462861
5.1176243	0.31009981
5.1226811	0.31547332
5.127748	0.32026061
5.1328249	0.32495022
5.1379123	0.32924902
5.1430092	0.33305928
5.1481171	0.33657649
5.1532345	0.34038681
5.1583619	0.3437086
5.1634998	0.34693271
5.1686478	0.34986368
5.1738062	0.35259929
5.1789751	0.35494411
5.184154	0.35738662
5.1893444	0.3594383
5.1945438	0.3612946
5.1997542	0.36295551
5.2049747	0.3649095
5.210206	0.3659842
5.2154474	0.36754742
5.2206998	0.3695991
5.2259626	0.3710646
5.2312346	0.37194392
5.2365189	0.3729209
5.2418137	0.3739956
5.2471189	0.375168
5.2524352	0.37594959
5.2577624	0.37682891
5.2631001	0.37741509
5.2684488	0.37809902
5.273809	0.37848979
5.2791796	0.37897831
5.2845607	0.37936908
5.2899532	0.37917373
5.2953568	0.37956449
5.3007712	0.38015071
5.3061967	0.38024843
5.3116336	0.38044378
5.3170795	0.3805415
5.3225384	0.38073689
5.3280087	0.38073689
5.3334904	0.3805415
5.3389831	0.38015071
5.3444872	0.37917373
5.3500028	0.37790361
5.3555293	0.37829441
5.3610692	0.3787829
5.3666191	0.37868521
5.37218	0.37809902
5.3777528	0.37780592
5.3833375	0.3773174
5.3889332	0.37682891
5.3945408	0.37634042
5.4001603	0.37604728
5.4057918	0.375168
5.4114347	0.3739956
5.417089	0.37204161
5.4227557	0.37047839
5.4284339	0.37135768
5.434124	0.37174851
5.439826	0.3707715
5.44554	0.3699899
5.4512644	0.36920834
5.4570026	0.36774281
5.4627528	0.36559343
5.4685154	0.36520261
5.4742899	0.36461642
5.4800768	0.36363938
5.4858756	0.36344403
5.4916868	0.36285782
5.4975119	0.36178312
5.5033479	0.36070842
5.5091963	0.35963371
5.5150576	0.35816821
5.5209308	0.35640961
5.5268164	0.35543263
5.5327148	0.35455328
5.5386262	0.35328323
5.5445509	0.35162231
5.550487	0.34966832
5.5564361	0.34839821
5.562398	0.34771433
5.5683727	0.34644422
5.5743604	0.34361091
5.5803604	0.34136382
5.5863738	0.3415592
5.5923977	0.34107071
5.5984373	0.33931211
5.6044893	0.3375535
5.6105552	0.336088
5.6166334	0.33413398
5.6227255	0.33276621
5.6288304	0.3310076
5.6349487	0.32827201
5.6410818	0.32455942
5.6472268	0.32358241
5.6533852	0.32270312
5.6595569	0.32143301
5.6657424	0.3200652
5.6719413	0.31713423
5.6781535	0.31439862
5.6843796	0.31263998
5.6906204	0.31009981
5.6968741	0.30834121
5.7031412	0.30560562
5.7094221	0.3017953
5.7157168	0.29935279
5.7220259	0.2977896
5.7283483	0.29583561
5.7346849	0.29329541
5.7410331	0.29026669
5.7473979	0.28704262
5.7537766	0.28489318
5.76017	0.28078982
5.7665772	0.27580708
5.7729988	0.27463472
5.7794347	0.2726807
5.7858849	0.2697497
5.7923512	0.2664279
5.7988305	0.26271531
5.8053241	0.25890502
5.811832	0.2544108
5.8183551	0.24825571
5.8248925	0.24376151
5.8314447	0.2409282
5.8380117	0.23780181
5.8445945	0.2338938
5.851191	0.22920419
5.8578029	0.22392841
5.864429	0.218848
5.8710709	0.21406069
5.877727	0.2070263
5.8843989	0.20145741
5.8910856	0.19745171
5.8977852	0.19178511
5.9045024	0.1880725
5.9112349	0.18338291
5.9179831	0.17781399
5.9247465	0.17204972
5.9315252	0.16521071
5.9383197	0.15846941
5.9451299	0.1547568
5.9519572	0.15045801
5.9587984	0.1454753
5.9656553	0.13971101
5.9725285	0.1350214
5.9794173	0.130918
5.9863219	0.1263261
5.9932423	0.1223204
6.0001788	0.11909631
6.0071297	0.1155791
6.0140982	0.1122573
6.0210834	0.109424
6.0280848	0.10698151
6.0351024	0.1042459
6.0421362	0.1008264
6.0491862	0.097797699
6.0562534	0.097309202
6.0633373	0.096429907
6.0704374	0.0948667
6.0775537	0.093987398
6.0846872	0.093791999
6.0918374	0.093401209
6.0990043	0.093205802
6.1061878	0.092619598
6.1133885	0.092521906
6.1206079	0.093987398
6.1278424	0.095550604
6.1350942	0.096429907
6.1423635	0.097504601
6.1496496	0.098774709
6.1569533	0.1000448
6.1642742	0.1017057
6.1716127	0.1033666
6.1789665	0.1040505
6.1863399	0.1050275
6.1937308	0.10717691
6.2011395	0.10864241
6.2085662	0.10981481
6.2160106	0.1108895
6.2234726	0.1122573
6.2309527	0.1135274
6.238452	0.1146998
6.2459679	0.1158722
6.2535024	0.11724
6.261055	0.1185101
6.2686257	0.11968251
6.2762151	0.1208549
6.2838225	0.12241811
6.2914486	0.12388361
6.2990947	0.1252514
6.3067579	0.1266192
6.3144398	0.1283778
6.3221402	0.1301364
6.3298597	0.1316019
6.3375978	0.13218811
6.345355	0.1334582
6.3531313	0.1360961
6.3609242	0.1379524
6.3687387	0.1389294
6.3765721	0.14098111
6.3844252	0.1429351
6.3922973	0.14459601
6.4001889	0.1456707
6.4081001	0.1450845
6.4160309	0.1458661
6.4239826	0.1490902
6.431953	0.15114191
6.4399428	0.15319361
6.4479527	0.1547568
6.4559822	0.15622231
6.4640322	0.1576878
6.4721022	0.15827401
6.4801922	0.15856712
6.4883046	0.15856712
6.4964356	0.16022801
6.5045867	0.1634521
6.5127583	0.1650153
6.5209503	0.16560151
6.5291634	0.1673601
6.5373969	0.16872789
6.545651	0.16921641
6.5539231	0.1695095
6.5622191	0.16980261
6.5705361	0.16941179
6.5788746	0.17048649
6.587234	0.1714635
6.5956144	0.1722451
6.6040168	0.17322211
6.6124401	0.17341749
6.6208863	0.17322211
6.629353	0.1717566
6.6378412	0.1707796
6.6463513	0.1728313
6.6548829	0.17429681
6.6634369	0.17380829
6.6720128	0.172929
6.6806107	0.17253821
6.6892328	0.17302671
6.6978755	0.1731244
6.7065401	0.1718543
6.7152276	0.17107269
6.723937	0.17087731
6.7326698	0.17087731
6.7414246	0.17048649
6.7502027	0.1695095
6.7590008	0.16863021
6.7678242	0.1673601
6.7766714	0.16609
6.7855411	0.16462451
6.7944345	0.1640383
6.8033509	0.1648199
6.8122911	0.16462451
6.8212547	0.1634521
6.8302436	0.163159
6.8392544	0.1634521
6.848289	0.1625728
6.8573475	0.1607165
6.8664303	0.16013031
6.8755369	0.16130272
6.8846679	0.1614981
6.8938227	0.1609119
6.9029989	0.15993491
6.9122028	0.159251
6.9214315	0.15905561
6.9306846	0.1587625
6.9399629	0.15827401
6.9492655	0.15700389
6.9585934	0.1554407
6.9679465	0.1554407
6.9773269	0.15573379
6.9867301	0.1552453
6.9961591	0.15456142
7.0056133	0.15426829
7.0150933	0.1537798
7.0245986	0.1530959
7.0341301	0.1525097
7.0436873	0.1513373
7.0532722	0.1512396
7.0628819	0.15153269
7.0725174	0.1513373
7.0821791	0.15094651
7.0918674	0.1503603
7.1015825	0.1496764
7.1113243	0.14899249
7.1210923	0.1484063
7.1308832	0.14791781
7.1407056	0.14694081
7.1505547	0.1459638
7.1604309	0.14527991
7.1703348	0.1443029
7.1802659	0.1442052
7.1902246	0.14371671
7.200211	0.14244659
7.210228	0.141665
7.2202702	0.14137191
7.23034	0.14078569
7.2404385	0.13990641
7.2505651	0.1390271
7.2607198	0.13824549
7.2709031	0.1370731
7.2811151	0.1362915
7.2913575	0.1356076
7.3016272	0.1343375
7.3119259	0.13316511
7.3222532	0.1320904
7.3326101	0.13042951
7.3429961	0.12915941
7.3534117	0.1280847
7.3638568	0.1268146
7.3743277	0.1252514
7.3848329	0.1236882
7.3953671	0.1223204
7.4059319	0.12075721
7.4165273	0.119194
7.4271526	0.1176308
7.4378085	0.1158722
7.4484949	0.11421131
7.4592152	0.11235501
7.4699631	0.110401
7.4807425	0.108447
7.4915524	0.1067861
7.5023942	0.1048321
7.513267	0.1028781
7.5241718	0.1009241
7.5351081	0.0989701
7.5460782	0.096820697
7.5570784	0.094769001
7.5681105	0.092424199
7.579175	0.090177104
7.5902719	0.087930001
7.6014013	0.085682906
7.6125636	0.083435804
7.6237588	0.080993295
7.6349821	0.078550801
7.6462431	0.076303706
7.6575375	0.073763505
7.6688652	0.071223296
7.6802268	0.068878502
7.6916218	0.066338301
7.7030506	0.063602701
7.7145133	0.060867101
7.7260127	0.057838403
7.7375441	0.054614298
7.7491097	0.051390201
7.7607102	0.048263799
7.7723455	0.045039698
7.7840157	0.0421087
7.7957211	0.039079998
7.8074613	0.035660502
7.8192339	0.032241002
7.8310452	0.029310001
7.8428926	0.026281301
7.8547754	0.023350302
7.8666949	0.0203216
7.8786502	0.017390599
7.8906422	0.0148504
7.9026704	0.012701001
7.9147372	0.011040101
7.9268394	0.0095746005
7.9389782	0.0083045
7.9511547	0.0079137003
7.9633684	0.0074252002
7.9756198	0.0071320999
7.9879088	0.0069367001
8.0002356	0.0069367001
8.0126038	0.0068390002
8.0250072	0.0071320999
8.0374498	0.0073275003
8.0499296	0.0074252002
8.0624495	0.0072298003
8.0750074	0.0074252002
8.0876055	0.0077183
8.1002417	0.0079137003
8.1129141	0.0079137003
8.1256304	0.0080113998
8.1383867	0.0083045
8.1511831	0.0086952997
8.1640196	0.0091838008
8.1768961	0.0095746005
8.1898146	0.0095746005
8.2027731	0.0097699994
8.2157736	0.0102585
8.2288151	0.010649299
8.2418976	0.0108447
8.2550211	0.0111378
8.2681875	0.0113332
8.281395	0.011235501
8.2946453	0.0111378
8.3079386	0.0111378
8.3212767	0.0114309
8.3346548	0.011724
8.3480768	0.011724
8.3615408	0.0116263
8.3750496	0.0114309
8.3886013	0.011724
8.4021969	0.0116263
8.4158373	0.011235501
8.4295158	0.011235501
8.4432449	0.011724
8.4570189	0.011724
8.4708366	0.0116263
8.4847012	0.011235501
8.4986105	0.011235501
8.5125656	0.0114309
8.5265665	0.011528601
8.540616	0.0114309
8.5547094	0.0114309
8.5688496	0.0113332
8.5830364	0.0114309
8.59727	0.0113332
8.6115513	0.0113332
8.6258802	0.011235501
8.6402569	0.011235501
8.6546841	0.0108447
8.6691561	0.0108447
8.6836777	0.0108447
8.6982479	0.010747001
8.7128668	0.0104539
8.7275343	0.0102585
8.7422523	0.0102585
8.75702	0.0102585
8.7718325	0.0100631
8.7866993	0.0101608
8.8016176	0.0108447
8.8165865	0.0116263
8.8316059	0.012407901
8.8466768	0.0127987
8.8617992	0.0133849
8.8769741	0.0145573
8.8922033	0.0153389
8.9074821	0.016120501
8.9228134	0.0169021
8.9381971	0.017781401
8.9536343	0.018465301
8.9691257	0.0190515
8.9846697	0.019833099
9.000268	0.0206147
9.0159235	0.0213963
9.0316315	0.0219825
9.0473928	0.022275601
9.0632105	0.022568701
9.0790825	0.0226664
9.0950108	0.022959501
9.1109953	0.023057202
9.1270351	0.023252601
9.1431274	0.022959501
9.1592817	0.022471001
9.1754923	0.021884799
9.191761	0.0213963
9.2080879	0.0206147
9.224472	0.020028502
9.2409153	0.019833099
9.2574167	0.019442301
9.2739801	0.018856101
9.2906008	0.018367602
9.3072805	0.0179768
9.3240204	0.017488301
9.3408203	0.016706701
9.3576803	0.016120501
9.3746023	0.015241201
9.3915854	0.0145573
9.4086237	0.013971101
9.4257298	0.0133849
9.4428988	0.0128964
9.4601307	0.012701001
9.4774246	0.012701001
9.4947834	0.0125056
9.5122042	0.0125056
9.5296898	0.0129941
9.5472441	0.013580301
9.5648584	0.0138734
9.5825386	0.0141665
9.6002836	0.0150458
9.6180954	0.016120501
9.635973	0.0172929
9.6539164	0.0182699
9.6719275	0.0193446
9.6900091	0.0199308
9.7081556	0.020517001
9.7263699	0.0210055
9.7446527	0.021591699
9.7630043	0.022275601
9.7814245	0.022275601
9.7999153	0.022080202
9.8184757	0.0219825
9.837101	0.022275601
9.8558025	0.022568701
9.8745756	0.022861799
9.8934202	0.023838801
9.9123363	0.0247181
9.9313259	0.025206599
9.950388	0.025108902
9.9695234	0.0250112
9.9887362	0.025402002
10.008019	0.025597401
10.027377	0.0261836
10.04681	0.027258299
10.066319	0.028039901
10.085902	0.028723802
10.105563	0.029603101
10.1253	0.0311663
10.145119	0.032924898
10.165011	0.034683503
10.184982	0.036246698
10.205031	0.0380053
10.22516	0.039861601
10.245367	0.042011
10.265656	0.043965001
10.286023	0.045919001
10.306466	0.0481661
10.326997	0.050510902
10.34761	0.052464902
10.368304	0.054321203
10.389083	0.056470599
10.409945	0.058424603
10.43089	0.060964804
10.45192	0.063309602
10.473039	0.065361299
10.49424	0.0678038
10.515526	0.0705394
10.536899	0.072786503
10.558359	0.074349701
10.579906	0.076499097
10.601542	0.078843899
10.623267	0.080797903
10.645084	0.082654208
10.666988	0.084510505
10.688982	0.086073697
10.711066	0.087636903
10.733243	0.088906996
10.755511	0.089786299
10.777872	0.091056406
10.800325	0.092521906
10.822865	0.093401209
10.845508	0.093889706
10.868244	0.094378203
10.891077	0.0949644
10.914005	0.095355205
10.937031	0.095355205
10.960154	0.095355205
10.983374	0.095452897
11.006698	0.095159799
11.030116	0.095062107
11.053635	0.0949644
11.077253	0.094475903
11.100973	0.093987398
11.124795	0.093401209
11.14872	0.092717305
11.172747	0.092228808
11.196871	0.091740295
11.221107	0.091056406
11.245447	0.090177104
11.269894	0.089786299
11.294447	0.0894932
11.319107	0.088809304
11.343875	0.087734602
11.368752	0.0867576
11.393744	0.086073697
11.418839	0.085585199
11.444047	0.084999003
11.469365	0.084412798
11.494797	0.083728902
11.52034	0.082654208
11.545999	0.081286401
11.571771	0.080504797
11.597663	0.079527803
11.623667	0.0786485
11.649787	0.077866897
11.676025	0.077085301
11.702382	0.076596804
11.728858	0.075815201
11.755454	0.074838199
11.782171	0.074447401
11.809002	0.073861204
11.835962	0.072884202
11.863048	0.072395697
11.890256	0.0718095
11.91759	0.070832498
11.94505	0.069855504
11.972636	0.068878502
12.000351	0.068194598
12.028198	0.067413002
12.056171	0.066729099
12.084274	0.065556705
12.112508	0.064091198
12.140875	0.0637981
12.169374	0.063114204
12.198009	0.062039502
12.226777	0.061453301
12.255688	0.060573999
12.28473	0.059499301
12.31391	0.058522303
12.343228	0.057545301
12.372687	0.056568302
12.402287	0.055884402
12.432029	0.055102799
12.461913	0.054125801
12.491931	0.053441901
12.522105	0.052367199
12.552425	0.051194802
12.582892	0.050413199
12.613507	0.049240801
12.644272	0.047970697
12.675187	0.047189102
12.706254	0.046895999
12.737479	0.046212099
12.768852	0.045723598
12.80038	0.045039698
12.832064	0.043574203
12.863906	0.041913304
12.895905	0.040936299
12.928064	0.040447801
12.960384	0.039666198
12.992874	0.038786903
13.025519	0.038298402
13.05833	0.037126001
13.091305	0.0358559
13.124448	0.035660502
13.157759	0.035074301
13.191238	0.033608802
13.22489	0.032436401
13.258701	0.0311663
13.292698	0.030286999
13.326869	0.0297985
13.361217	0.029212302
13.395742	0.028333001
13.430446	0.0275514
13.46533	0.0267698
13.500397	0.025988201
13.535651	0.025402002
13.571085	0.024229601
13.606705	0.023252601
13.642511	0.022959501
13.678508	0.0219825
13.714694	0.0210055
13.751073	0.020126199
13.787644	0.019833099
13.82442	0.019149201
13.861383	0.018563
13.898545	0.017781401
13.935907	0.016413601
13.97347	0.0153389
14.011236	0.0150458
14.049208	0.0141665
14.087384	0.013678
14.125755	0.013287201
14.16435	0.012701001
14.203156	0.0118217
14.242176	0.0111378
14.281411	0.0109424
14.320862	0.0108447
14.360532	0.010649299
14.400422	0.0103562
14.440542	0.0099654002
14.48088	0.0091838008
14.521442	0.0090861004
14.562233	0.0087930001
14.603253	0.0084998999
14.644506	0.0088907005
14.685991	0.0090861004
14.727713	0.0087930001
14.76966	0.0084022004
14.811859	0.0080113998
14.8543	0.0075229001
14.896984	0.0078159999
14.939916	0.0082068006
14.983094	0.0081091002
15.026524	0.0082068006
15.070205	0.0081091002
15.11415	0.0075229001
15.158343	0.0071320999
15.202796	0.0073275003
15.24751	0.0078159999
15.292488	0.0074252002
15.337732	0.0075229001
15.383245	0.0075229001
15.429028	0.0080113998
15.475092	0.0077183
15.521424	0.0077183
15.568036	0.0085976003
15.614927	0.0092815002
15.662103	0.0095746005
15.709563	0.010649299
15.757313	0.0109424
15.805353	0.011919401
15.853672	0.0129941
15.902304	0.0127987
15.951234	0.0126033
16.000465	0.0130918
16.050003	0.013287201
16.099848	0.0128964
16.150003	0.0128964
16.200472	0.0129941
16.251265	0.012407901
16.30237	0.011919401
16.353796	0.0118217
16.405548	0.0120171
16.45763	0.0123102
16.510042	0.0116263
16.56279	0.010747001
16.615877	0.011040101
16.669313	0.0109424
16.723085	0.011040101
16.777206	0.0108447
16.831676	0.010747001
16.886503	0.0104539
16.941689	0.0099654002
16.997234	0.0092815002
17.053146	0.0096723
17.109409	0.0100631
17.166063	0.0093792006
17.223093	0.0088907005
17.280504	0.0094769001
17.338299	0.0101608
17.396481	0.0105516
17.455055	0.0105516
17.514025	0.0109424
17.573404	0.011040101
17.633179	0.0111378
17.693359	0.0113332
17.753954	0.0120171
17.814964	0.0116263
17.876394	0.011919401
17.938251	0.0125056
18.000536	0.0120171
18.063269	0.0113332
18.126427	0.012407901
18.190027	0.0126033
18.254078	0.0131895
18.318579	0.0142642
18.383539	0.0138734
18.448961	0.013287201
18.514851	0.014459601
18.58119	0.015241201
18.648029	0.015827401
18.715351	0.0169998
18.783159	0.017390599
18.851461	0.017097501
18.920263	0.017488301
18.989569	0.016706701
19.059383	0.016120501
19.129725	0.016609
19.200575	0.0169998
19.271952	0.0189538
19.343863	0.020810099
19.416311	0.0213963
19.489305	0.022080202
19.562849	0.0203216
19.636951	0.0199308
19.711594	0.0203216
19.786827	0.0199308
19.862638	0.021591699
19.939034	0.023643401
20.016018	0.022568701
20.093599	0.022275601
20.171785	0.0226664
20.250582	0.022861799
20.330009	0.0226664
20.410049	0.023252601
20.490723	0.022471001
20.572035	0.021591699
20.653994	0.023350302
20.73661	0.026965199
20.819889	0.025304301
20.903841	0.022568701
20.988487	0.024425
21.073807	0.0275514
21.159821	0.028039901
21.246542	0.028919201
21.333977	0.029993899
21.422132	0.030775502
21.511023	0.033706501
21.600651	0.0352697
21.691	0.037028302
21.782139	0.036832899
21.874046	0.036930602
21.966734	0.0392754
22.060209	0.039763901
22.154484	0.037126001
22.249567	0.0345858
22.34547	0.036832899
22.442221	0.0339996
22.539797	0.029212302
22.638224	0.0297985
22.737514	0.034488101
22.837679	0.0352697
22.93873	0.038298402
23.04068	0.042890303
23.143541	0.042011
23.247343	0.040545501
23.35206	0.043085702
23.457727	0.0467983
23.564352	0.0467983
23.671953	0.045235101
23.78054	0.049045403
23.890127	0.050413199
24.000731	0.049338501
24.112324	0.047384501
24.224998	0.045723598
24.338732	0.045235101
24.453537	0.045039698
24.569429	0.045430504
24.686426	0.0421087
