# Jarosite, Chemical Formula: K(Fe+3)3(SO4)2(OH)6
# Sample ID: GDS98_K_90C_Syn
# wavelengths (microns), reflectance
1.4340675	0.7534914
1.4344643	0.75223202
1.4348613	0.75242579
1.4352585	0.75184453
1.4356561	0.75145698
1.4360538	0.75058514
1.4364517	0.75000387
1.4368497	0.74951947
1.4372482	0.74942261
1.4376467	0.74893826
1.4380456	0.74874449
1.4384446	0.74816322
1.4388438	0.74738824
1.4392433	0.7459352
1.439643	0.74496639
1.4400429	0.74486953
1.4404429	0.7450633
1.4408432	0.74351323
1.4412439	0.74273831
1.4416445	0.74244761
1.4420457	0.74254459
1.4424468	0.74206018
1.4428483	0.74118829
1.4432499	0.74002582
1.443652	0.73944455
1.4440541	0.73934764
1.4444566	0.73886329
1.444859	0.73789459
1.445262	0.73653835
1.4456649	0.73576325
1.4460682	0.73576325
1.4464716	0.73547268
1.4468753	0.7352789
1.4472792	0.73411638
1.4476835	0.73266339
1.4480878	0.73266339
1.4484924	0.73227584
1.4488972	0.73111331
1.4493023	0.72956336
1.4497076	0.72878832
1.4501131	0.72791648
1.4505187	0.72723836
1.4509248	0.72646332
1.4513309	0.72588205
1.4517374	0.72539771
1.4521439	0.72442889
1.4525509	0.72326648
1.452958	0.72229773
1.4533653	0.72142583
1.4537728	0.72055399
1.4541807	0.71958524
1.4545887	0.71919769
1.4549969	0.71803528
1.4554054	0.71696967
1.4558141	0.71677583
1.456223	0.71522588
1.4566324	0.71386963
1.4570416	0.71328837
1.4574513	0.71251345
1.4578612	0.71164149
1.4582713	0.71047902
1.4586816	0.70912272
1.4590921	0.70776653
1.4595029	0.70708841
1.4599138	0.70670092
1.460325	0.7060228
1.4607365	0.70495713
1.4611483	0.70369786
1.4615602	0.70253527
1.4619724	0.70253527
1.4623848	0.70234156
1.4627974	0.70156652
1.4632103	0.70108217
1.4636234	0.70040405
1.4640367	0.69953221
1.4644502	0.69885403
1.4648641	0.69788533
1.4652781	0.69730407
1.4656924	0.6971103
1.4661069	0.69691652
1.4665216	0.69594783
1.4669366	0.69507593
1.4673518	0.69468838
1.4677672	0.69459158
1.4681829	0.69459158
1.4685988	0.69459158
1.469015	0.69546342
1.4694314	0.69488215
1.469848	0.69371969
1.4702649	0.69362277
1.470682	0.69401032
1.4710993	0.69410717
1.471517	0.6933322
1.4719347	0.69294471
1.4723527	0.69381654
1.472771	0.69410717
1.4731897	0.69352597
1.4736084	0.69323534
1.4740274	0.6933322
1.4744467	0.69352597
1.4748662	0.69468838
1.4752858	0.69585091
1.4757057	0.69614154
1.476126	0.69497907
1.4765463	0.6947853
1.476967	0.69507593
1.4773879	0.69536656
1.477809	0.69623846
1.4782305	0.69672281
1.478652	0.69662595
1.4790739	0.69691652
1.479496	0.69652903
1.4799184	0.69633526
1.480341	0.69643217
1.4807638	0.69701344
1.4811869	0.69730407
1.4816102	0.69681972
1.4820337	0.69720721
1.4824575	0.69807905
1.4828815	0.69807905
1.4833061	0.69798213
1.4837304	0.69827282
1.4841553	0.69895095
1.4845803	0.69924152
1.4850056	0.69914466
1.4854311	0.69943529
1.4858568	0.69924152
1.4862827	0.69953221
1.4867089	0.70001656
1.4871353	0.69991964
1.4875621	0.69972587
1.4879889	0.69962901
1.4884162	0.69991964
1.4888437	0.70030713
1.4892714	0.70059782
1.4896992	0.7008884
1.4901278	0.70098537
1.4905561	0.70098537
1.4909849	0.70069468
1.4914138	0.70079154
1.491843	0.70146966
1.4922724	0.7022447
1.4927021	0.7022447
1.493132	0.70214778
1.4935622	0.70185715
1.4939926	0.70214778
1.4944233	0.7028259
1.4948542	0.70340717
1.4952854	0.70379466
1.4957168	0.70427907
1.4961485	0.70379466
1.4965804	0.70398843
1.4970125	0.7045697
1.4974447	0.70486033
1.4978775	0.70495713
1.4983103	0.70427907
1.4987437	0.70427907
1.499177	0.70524776
1.4996107	0.70611966
1.5000446	0.70679772
1.5004789	0.70689464
1.5009133	0.70728219
1.5013479	0.70747584
1.5017828	0.70699155
1.502218	0.70689464
1.5026534	0.70757282
1.5030892	0.70757282
1.503525	0.70815408
1.5039612	0.70825088
1.5043976	0.70815408
1.5048344	0.7083478
1.5052713	0.70873523
1.5057086	0.70863843
1.506146	0.70941341
1.5065837	0.71047902
1.5070215	0.71076959
1.5074598	0.71086657
1.5078982	0.71057588
1.5083369	0.71076959
1.5087758	0.71096337
1.5092151	0.71106029
1.5096546	0.71125394
1.5100944	0.71183521
1.5105344	0.71280402
1.5109746	0.71290082
1.5114151	0.71280402
1.511856	0.71299779
1.5122969	0.71328837
1.5127382	0.71357906
1.5131798	0.71328837
1.5136217	0.71348208
1.5140636	0.7144509
1.514506	0.71512896
1.5149485	0.71532279
1.5153915	0.71561331
1.5158345	0.71600085
1.5162779	0.71580714
1.5167215	0.71532279
1.5171654	0.71561331
1.5176095	0.71609777
1.518054	0.71658212
1.5184987	0.71667898
1.5189435	0.71716338
1.5193887	0.71764773
1.5198342	0.71764773
1.5202799	0.71764773
1.5207258	0.71784145
1.521172	0.71900398
1.5216186	0.71958524
1.5220653	0.71939147
1.5225123	0.71958524
1.5229596	0.71977895
1.5234071	0.71987587
1.5238549	0.72065085
1.524303	0.72181338
1.5247513	0.72210395
1.5251998	0.72191024
1.5256486	0.72181338
1.5260978	0.72239465
1.5265471	0.72307271
1.5269967	0.72287899
1.5274466	0.72336328
1.5278969	0.72404146
1.5283473	0.72452587
1.528798	0.72462273
1.529249	0.72452587
1.5297003	0.72471958
1.5301517	0.72520399
1.5306035	0.72520399
1.5310555	0.72578526
1.5315078	0.7263664
1.5319604	0.72665709
1.5324134	0.72704458
1.5328665	0.72656018
1.5333198	0.72694767
1.5337734	0.72781956
1.5342274	0.72830397
1.5346816	0.72849774
1.5351361	0.72859454
1.5355908	0.72878832
1.5360456	0.72946644
1.5365007	0.72966021
1.5369563	0.72966021
1.537412	0.7300477
1.5378683	0.73111331
1.5383245	0.73198515
1.5387812	0.73208207
1.539238	0.73208207
1.5396953	0.73227584
1.5401527	0.73208207
1.5406104	0.73246956
1.5410683	0.73363203
1.5415267	0.73421329
1.5419852	0.73392272
1.542444	0.73372895
1.5429029	0.73401958
1.5433626	0.73518199
1.5438222	0.73556954
1.5442821	0.73537576
1.5447421	0.73586017
1.5452026	0.73663515
1.5456632	0.73770082
1.5461243	0.73799139
1.5465856	0.73760396
1.5470469	0.73750705
1.5475086	0.73799139
1.5479708	0.73857266
1.5484331	0.73866957
1.5488957	0.73857266
1.5493586	0.73934764
1.5498219	0.73954141
1.5502852	0.73963827
1.5507492	0.74012268
1.5512131	0.74060702
1.5516775	0.74070388
1.552142	0.74070388
1.5526069	0.74060702
1.553072	0.74070388
1.5535375	0.74128515
1.5540031	0.74157578
1.5544689	0.74196333
1.5549351	0.74244761
1.5554017	0.74283516
1.5558684	0.74293196
1.5563356	0.74293196
1.5568029	0.74380392
1.5572705	0.74438512
1.5577384	0.74428827
1.5582068	0.74457884
1.5586753	0.7450633
1.5591441	0.74554765
1.5596131	0.746032
1.5600824	0.74622571
1.560552	0.74651641
1.561022	0.74680698
1.5614921	0.74700081
1.5619628	0.74709761
1.5624335	0.74719453
1.5629046	0.74767888
1.5633758	0.74806643
1.5638475	0.74787259
1.5643194	0.74806643
1.5647916	0.74855077
1.565264	0.74903506
1.5657365	0.74922895
1.5662096	0.7497133
1.5666829	0.75058514
1.5671564	0.75077891
1.5676304	0.75097263
1.5681045	0.75106949
1.5685791	0.75097263
1.5690538	0.75087577
1.5695291	0.75145698
1.5700043	0.7521351
1.57048	0.75184453
1.5709559	0.75223202
1.5714321	0.75271636
1.5719085	0.75291014
1.5723853	0.75291014
1.5728624	0.75291014
1.5733397	0.7534914
1.5738174	0.75397575
1.5742953	0.7544601
1.5747734	0.75436324
1.5752521	0.75426632
1.5757308	0.7549445
1.5762099	0.75562263
1.5766892	0.75552577
1.5771688	0.75475079
1.5776488	0.75523514
1.5781291	0.75571948
1.5786096	0.75601012
1.5790905	0.7558164
1.5795716	0.7558164
1.5800531	0.75620389
1.5805347	0.75717258
1.5810168	0.75756007
1.5814991	0.75736636
1.5819818	0.75717258
1.5824646	0.75756007
1.5829479	0.75804454
1.5834312	0.75843197
1.5839151	0.7587226
1.5843991	0.75891638
1.5848837	0.75901324
1.5853683	0.75881946
1.5858533	0.75930387
1.5863385	0.75998199
1.5868242	0.75978822
1.58731	0.75969136
1.5877962	0.75998199
1.5882826	0.7595945
1.5887693	0.75969136
1.5892563	0.76066011
1.5897436	0.76085383
1.5902313	0.76085383
1.5907192	0.76066011
1.5912075	0.76085383
1.591696	0.76153195
1.5921849	0.76153195
1.592674	0.76143509
1.5931635	0.76172572
1.5936533	0.76162893
1.5941433	0.76153195
1.5946337	0.76162893
1.5951242	0.76221019
1.5956153	0.76230699
1.5961065	0.7625007
1.5965984	0.76279134
1.5970901	0.76298511
1.5975825	0.76279134
1.5980748	0.76317883
1.5985676	0.76279134
1.5990607	0.76346946
1.5995542	0.76385701
1.6000477	0.76405072
1.6005416	0.76453507
1.6010358	0.76472878
1.6015304	0.76492262
1.6020253	0.76521325
1.6025206	0.76531005
1.603016	0.76540697
1.6035119	0.76598817
1.604008	0.76627886
1.6045047	0.76598817
1.6050013	0.7657944
1.6054984	0.76560074
1.6059958	0.7657944
1.6064935	0.76618195
1.6069914	0.76637566
1.6074898	0.76637566
1.6079884	0.76676321
1.608487	0.76724756
1.6089861	0.76734447
1.6094857	0.76686013
1.6099856	0.76695693
1.6104858	0.76763505
1.6109861	0.76811945
1.611487	0.76802254
1.6119881	0.76821637
1.6124896	0.76850694
1.6129912	0.76889443
1.6134933	0.76918507
1.6139956	0.76918507
1.6144984	0.76899135
1.6150012	0.76889443
1.6155045	0.76841009
1.616008	0.7686038
1.6165122	0.76918507
1.6170163	0.76966941
1.6175209	0.76957262
1.6180257	0.7694757
1.6185309	0.76986325
1.6190363	0.77005696
1.6195421	0.77005696
1.6200482	0.77034754
1.6205544	0.77063823
1.6210611	0.77102578
1.6215682	0.77131629
1.6220756	0.77141315
1.6225833	0.7718007
1.6230912	0.77189749
1.6235996	0.77189749
1.6241082	0.77189749
1.6246173	0.77209139
1.6251266	0.77276945
1.6256363	0.77286631
1.6261462	0.77286631
1.6266564	0.77286631
1.627167	0.77257574
1.6276779	0.77247876
1.6281891	0.77335066
1.6287007	0.77354437
1.6292125	0.77373821
1.6297247	0.77373821
1.6302372	0.77354437
1.6307501	0.77422261
1.6312631	0.77451319
1.6317767	0.77431947
1.6322904	0.77412564
1.6328044	0.77422261
1.6333188	0.77441633
1.6338336	0.77412564
1.6343486	0.77373821
1.6348641	0.77431947
1.6353798	0.77451319
1.6358958	0.77499753
1.6364123	0.77567571
1.6369292	0.77606314
1.637446	0.77538508
1.6379635	0.77586949
1.6384811	0.77586949
1.6389992	0.77548194
1.6395175	0.7755788
1.6400362	0.77625692
1.6405551	0.77664441
1.6410745	0.77654755
1.6415942	0.77616006
1.6421142	0.77654755
1.6426344	0.77674133
1.6431552	0.7769351
1.643676	0.77683812
1.6441975	0.77654755
1.644719	0.77654755
1.6452409	0.77654755
1.6457632	0.77654755
1.6462859	0.77674133
1.6468087	0.77703196
1.6473321	0.77741939
1.6478556	0.77771002
1.6483797	0.77703196
1.648904	0.77635378
1.6494286	0.77683812
1.6499535	0.77761322
1.6504788	0.77732253
1.6510044	0.7769351
1.6515305	0.77722567
1.6520567	0.77751631
1.6525834	0.77800065
1.6531103	0.77809757
1.6536378	0.7779038
1.6541654	0.77761322
1.6546935	0.77741939
1.6552217	0.77761322
1.6557504	0.77761322
1.6562793	0.77780694
1.6568087	0.77761322
1.6573384	0.77780694
1.6578683	0.778485
1.6583985	0.7779038
1.6589293	0.77751631
1.6594603	0.77761322
1.6599917	0.77771002
1.6605233	0.77761322
1.6610554	0.77800065
1.6615878	0.77829129
1.6621207	0.7783882
1.6626537	0.7779038
1.6631873	0.77780694
1.6637208	0.77829129
1.664255	0.77819449
1.6647894	0.77819449
1.6653243	0.77829129
1.6658593	0.77819449
1.6663947	0.77867883
1.6669306	0.77906626
1.6674668	0.77867883
1.6680032	0.778485
1.6685401	0.77867883
1.6690773	0.77877563
1.6696149	0.77858192
1.6701527	0.77887255
1.670691	0.7792601
1.6712295	0.7792601
1.6717685	0.77945381
1.6723077	0.77964747
1.6728474	0.77945381
1.6733873	0.77955067
1.6739277	0.7793569
1.6744683	0.7792601
1.6750095	0.7793569
1.6755508	0.77945381
1.6760926	0.77964747
1.6766347	0.77964747
1.6771772	0.7793569
1.6777198	0.77945381
1.6782631	0.77993816
1.6788064	0.77993816
1.6793501	0.77974445
1.6798942	0.77984136
1.6804388	0.78022879
1.6809837	0.78032571
1.6815289	0.78042251
1.6820744	0.78061628
1.6826205	0.78032571
1.6831667	0.77955067
1.6837136	0.78013188
1.6842605	0.78042251
1.684808	0.78032571
1.6853557	0.78061628
1.6859038	0.78100377
1.6864522	0.78071308
1.687001	0.78032571
1.6875501	0.78051943
1.6881	0.78100377
1.6886498	0.78139132
1.6892	0.78158504
1.6897506	0.7816819
1.6903015	0.78110063
1.6908529	0.78100377
1.6914046	0.78158504
1.6919565	0.7816819
1.6925087	0.78129435
1.6930614	0.78148818
1.6936146	0.78177875
1.694168	0.78197259
1.6947218	0.78245693
1.695276	0.78274751
1.6958306	0.78255379
1.6963854	0.78255379
1.6969409	0.78265065
1.6974965	0.78245693
1.6980526	0.78255379
1.6986089	0.78284442
1.6991657	0.78284442
1.6997228	0.78255379
1.7002803	0.78255379
1.7008381	0.78265065
1.7013963	0.78245693
1.7019548	0.78235996
1.7025138	0.78245693
1.703073	0.78294128
1.7036328	0.7830382
1.7041928	0.7830382
1.7047533	0.78313506
1.7053139	0.78255379
1.705875	0.78245693
1.7064364	0.78245693
1.7069983	0.78265065
1.7075605	0.78274751
1.7081233	0.78255379
1.7086862	0.78255379
1.7092496	0.78255379
1.7098132	0.78226316
1.7103775	0.78226316
1.7109419	0.78245693
1.7115068	0.78245693
1.712072	0.78274751
1.7126377	0.78274751
1.7132035	0.78265065
1.7137699	0.78294128
1.7143366	0.7830382
1.7149036	0.7830382
1.715471	0.78274751
1.7160389	0.78255379
1.7166071	0.78245693
1.7171758	0.78226316
1.7177447	0.78177875
1.7183142	0.78177875
1.7188838	0.78245693
1.7194541	0.78255379
1.7200245	0.78216624
1.7205955	0.78245693
1.7211666	0.78274751
1.7217383	0.78235996
1.7223103	0.78206939
1.7228827	0.78177875
1.7234554	0.78206939
1.7240288	0.78206939
1.7246022	0.78197259
1.7251762	0.78177875
1.7257504	0.78129435
1.7263252	0.78119755
1.7269002	0.78148818
1.7274756	0.78177875
1.7280514	0.78148818
1.7286276	0.78139132
1.7292041	0.78148818
1.7297812	0.78129435
1.7303585	0.78119755
1.7309363	0.78129435
1.7315143	0.78061628
1.732093	0.78022879
1.7326717	0.78013188
1.7332511	0.78013188
1.7338307	0.78051943
1.7344109	0.78051943
1.7349913	0.78032571
1.7355722	0.78003502
1.7361534	0.78061628
1.7367351	0.78003502
1.737317	0.77955067
1.7378997	0.77964747
1.7384824	0.77964747
1.7390656	0.78013188
1.7396491	0.78003502
1.7402332	0.77964747
1.7408174	0.77945381
1.7414023	0.7792601
1.7419873	0.7793569
1.7425728	0.77964747
1.7431587	0.77974445
1.7437451	0.77974445
1.7443317	0.77945381
1.7449189	0.77945381
1.7455064	0.7793569
1.7460943	0.77916318
1.7466825	0.77887255
1.7472714	0.77887255
1.7478604	0.77867883
1.7484499	0.77858192
1.7490398	0.778485
1.7496301	0.7783882
1.7502208	0.77858192
1.7508119	0.7783882
1.7514033	0.77819449
1.7519954	0.77819449
1.7525877	0.77819449
1.7531804	0.77829129
1.7537735	0.778485
1.754367	0.778485
1.7549609	0.77809757
1.7555553	0.7779038
1.7561499	0.77771002
1.7567449	0.77771002
1.7573403	0.77741939
1.7579362	0.77751631
1.7585325	0.77741939
1.7591293	0.77741939
1.7597264	0.77741939
1.760324	0.77703196
1.7609218	0.7769351
1.7615204	0.77674133
1.7621191	0.77654755
1.7627183	0.77674133
1.7633178	0.7769351
1.7639178	0.77683812
1.7645181	0.77654755
1.7651191	0.77645069
1.7657201	0.77645069
1.7663218	0.77625692
1.7669238	0.77625692
1.7675263	0.77616006
1.768129	0.77616006
1.7687324	0.77606314
1.769336	0.77567571
1.7699401	0.77577251
1.7705445	0.77586949
1.7711494	0.77586949
1.7717546	0.77567571
1.7723604	0.77528822
1.7729665	0.7755788
1.773573	0.77548194
1.7741799	0.77538508
1.7747874	0.77567571
1.7753952	0.77586949
1.7760036	0.77567571
1.7766122	0.77499753
1.7772213	0.77480382
1.7778307	0.7747069
1.7784407	0.77480382
1.7790509	0.77499753
1.7796618	0.77528822
1.7802728	0.77499753
1.7808841	0.77422261
1.781496	0.77393192
1.7821085	0.77393192
1.7827213	0.77383506
1.7833346	0.77422261
1.7839482	0.77412564
1.7845623	0.77354437
1.7851768	0.77344757
1.785792	0.7732538
1.7864072	0.77296317
1.7870232	0.77286631
1.7876393	0.77335066
1.788256	0.77286631
1.788873	0.77267259
1.7894906	0.77276945
1.7901084	0.77257574
1.790727	0.77218819
1.7913457	0.77189749
1.7919649	0.77170384
1.7925845	0.77151012
1.7932047	0.77160692
1.793825	0.77199441
1.794446	0.77199441
1.7950673	0.77131629
1.795689	0.77034754
1.7963111	0.77015382
1.7969339	0.77073509
1.7975569	0.77112257
1.7981805	0.77073509
1.7988043	0.77015382
1.7994287	0.76976627
1.8000535	0.76976627
1.800679	0.76966941
1.8013045	0.76899135
1.8019307	0.7686038
1.8025571	0.76841009
1.8031842	0.76831317
1.8038116	0.7686038
1.8044394	0.7686038
1.8050677	0.76821637
1.8056965	0.76724756
1.8063256	0.7665695
1.8069552	0.7665695
1.8075852	0.76676321
1.8082157	0.76666635
1.8088466	0.7665695
1.809478	0.76608509
1.8101097	0.76540697
1.8107419	0.76511633
1.8113745	0.76472878
1.8120078	0.76434135
1.8126413	0.76405072
1.8132753	0.76443821
1.8139096	0.76414758
1.8145447	0.7633726
1.8151799	0.76240385
1.8158158	0.76259756
1.8164519	0.76259756
1.8170887	0.76230699
1.8177258	0.7620163
1.8183634	0.7619195
1.8190013	0.7619195
1.8196399	0.76017576
1.8202788	0.75881946
1.8209183	0.75911015
1.8215581	0.75920695
1.8221985	0.75949758
1.8228391	0.75969136
1.8234804	0.75978822
1.8241218	0.75940073
1.824764	0.75881946
1.8254064	0.75630075
1.8260493	0.75387889
1.8266927	0.7550413
1.8273367	0.75610697
1.8279809	0.75533199
1.8286258	0.7544601
1.829271	0.75387889
1.8299167	0.75252265
1.8305628	0.75019765
1.8312097	0.74961638
1.8318566	0.75000387
1.8325043	0.74922895
1.8331522	0.74893826
1.8338007	0.74816322
1.8344495	0.74583828
1.835099	0.74351323
1.8357487	0.74089772
1.8363992	0.7399289
1.83705	0.73944455
1.8377012	0.73789459
1.8383528	0.73828202
1.839005	0.73634452
1.8396575	0.73353517
1.8403107	0.73353517
1.8409641	0.73121023
1.8416178	0.72752893
1.8422722	0.72811019
1.8429272	0.72878832
1.8435825	0.72752893
1.8442384	0.7262696
1.8448946	0.72530079
1.8455515	0.72375083
1.8462087	0.71987587
1.8468666	0.71619457
1.8475248	0.715904
1.8481835	0.71600085
1.8488425	0.71745402
1.8495022	0.71784145
1.8501621	0.71726018
1.8508228	0.71726018
1.8514837	0.71755081
1.852145	0.71629155
1.8528068	0.71464467
1.8534694	0.71328837
1.8541322	0.71474153
1.8547956	0.71735716
1.8554593	0.71735716
1.8561238	0.71571022
1.8567885	0.715904
1.8574541	0.71793836
1.8581197	0.71919769
1.858786	0.71793836
1.8594526	0.715904
1.8601199	0.71755081
1.8607875	0.72026336
1.8614557	0.72191024
1.8621242	0.72268522
1.8627936	0.72384775
1.8634632	0.72433209
1.8641332	0.72501022
1.8648038	0.72665709
1.8654748	0.72840083
1.8661463	0.72898209
1.8668184	0.72791648
1.8674908	0.7262696
1.8681637	0.72888523
1.868837	0.73111331
1.869511	0.73140389
1.8701854	0.72946644
1.8708603	0.72840083
1.8715357	0.73188829
1.8722117	0.73179144
1.872888	0.72946644
1.8735651	0.73111331
1.8742423	0.7332446
1.8749202	0.73314768
1.8755985	0.73285705
1.8762774	0.73111331
1.8769567	0.72946644
1.8776366	0.73024142
1.8783168	0.73014462
1.8789977	0.72869146
1.8796788	0.72675395
1.8803607	0.72442889
1.881043	0.7225883
1.8817258	0.72142583
1.882409	0.71987587
1.8830929	0.71696967
1.883777	0.71377271
1.8844618	0.71261024
1.8851469	0.71106029
1.8858327	0.70931649
1.8865188	0.70689464
1.8872057	0.70505404
1.8878928	0.70350397
1.8885808	0.70146966
1.8892689	0.69817591
1.8899578	0.6947853
1.8906469	0.69391346
1.8913368	0.69226658
1.892027	0.68994159
1.8927178	0.6885854
1.893409	0.68674469
1.8941009	0.6849041
1.8947932	0.68306351
1.8954861	0.68083543
1.8961793	0.67821974
1.8968732	0.67570096
1.8975675	0.67308545
1.8982624	0.67056668
1.8989576	0.66669166
1.8996536	0.66407603
1.9003499	0.66339791
1.9010466	0.66271979
1.9017439	0.66068542
1.9024419	0.65700418
1.9031402	0.65545422
1.9038392	0.65458232
1.9045385	0.65099794
1.9052386	0.64751053
1.905939	0.646348
1.9066402	0.64489484
1.9073416	0.64421672
1.9080436	0.64305425
1.9087461	0.64140743
1.9094492	0.63976055
1.9101527	0.63772613
1.9108568	0.63520736
1.9115614	0.63356048
1.9122664	0.63249487
1.912972	0.62978238
1.9136782	0.62823236
1.9143847	0.62852299
1.915092	0.6276511
1.9157996	0.62561679
1.916508	0.62406683
1.9172167	0.62329173
1.9179261	0.62241995
1.9186358	0.62096679
1.9193462	0.61835116
1.9200571	0.61621988
1.9207685	0.61602622
1.9214803	0.61718863
1.9221928	0.6168012
1.9229058	0.61563867
1.9236195	0.61418557
1.9243335	0.61350739
1.9250481	0.61331373
1.9257631	0.6125387
1.9264789	0.61147308
1.927195	0.61098874
1.9279118	0.60982621
1.9286289	0.60905117
1.9293463	0.60914814
1.9300646	0.6087606
1.9307835	0.60779184
1.9315028	0.60769498
1.9322227	0.60798556
1.9329431	0.60750127
1.9336642	0.60662937
1.9343857	0.60691994
1.9351079	0.60730743
1.9358305	0.60643566
1.9365537	0.60604811
1.9372772	0.60595125
1.9380015	0.60585433
1.9387262	0.60575747
1.9394516	0.60546684
1.9401773	0.60575747
1.940904	0.60566056
1.9416308	0.60575747
1.9423584	0.60575747
1.9430864	0.60546684
1.943815	0.60507929
1.9445441	0.60507929
1.9452738	0.60517627
1.9460039	0.6049825
1.9467345	0.60507929
1.9474658	0.60507929
1.9481977	0.60478872
1.94893	0.60449809
1.949663	0.60420746
1.9503965	0.60449809
1.9511306	0.60440123
1.9518652	0.60401368
1.9526006	0.60372311
1.9533362	0.60381997
1.9540726	0.60381997
1.9548093	0.60343242
1.9555469	0.60352933
1.9562846	0.60362619
1.9570233	0.60352933
1.9577622	0.60323876
1.9585019	0.60256058
1.959242	0.60256058
1.9599829	0.60275435
1.960724	0.60285121
1.961466	0.60256058
1.9622083	0.60246372
1.9629514	0.60236681
1.9636948	0.6026575
1.9644389	0.6026575
1.9651834	0.60236681
1.9659288	0.60246372
1.9666744	0.60285121
1.9674209	0.60285121
1.9681678	0.60256058
1.9689153	0.60256058
1.9696634	0.60256058
1.9704123	0.60256058
1.9711614	0.60285121
1.9719112	0.60314184
1.9726615	0.60343242
1.9734125	0.60372311
1.9741639	0.60352933
1.9749161	0.60381997
1.9756685	0.60401368
1.976422	0.60391688
1.9771756	0.60352933
1.9779301	0.60352933
1.9786849	0.60372311
1.9794405	0.6041106
1.9801965	0.60449809
1.9809532	0.6046918
1.9817104	0.60478872
1.9824681	0.60546684
1.9832264	0.60566056
1.9839855	0.60595125
1.984745	0.60633868
1.9855052	0.60595125
1.9862659	0.60614496
1.9870273	0.60643566
1.987789	0.60653245
1.9885516	0.60711372
1.9893147	0.60779184
1.9900783	0.60779184
1.9908425	0.60769498
1.9916074	0.6078887
1.9923728	0.60827625
1.9931389	0.60837305
1.9939053	0.6084699
1.9946727	0.60905117
1.9954402	0.60963243
1.9962088	0.60972941
1.9969776	0.60963243
1.9977473	0.60972941
1.9985173	0.61011678
1.9992882	0.61050433
2.0000594	0.61069804
2.0008314	0.61079502
2.0016038	0.61089182
2.002377	0.61108559
2.0031507	0.6116668
2.0039251	0.612248
2.0046999	0.61215121
2.0054755	0.612248
2.0062516	0.6125387
2.0070286	0.61263555
2.0078058	0.61282927
2.0085838	0.6130231
2.0093622	0.61341053
2.0101414	0.61389488
2.010921	0.61437935
2.0117013	0.61437935
2.0124824	0.61408871
2.0132637	0.61457306
2.0140457	0.61486369
2.0148287	0.61505741
2.0156119	0.61544496
2.016396	0.61554176
2.0171804	0.61592931
2.0179658	0.61641365
2.0187516	0.61631685
2.0195379	0.61631685
2.0203249	0.6168012
2.0211127	0.61670429
2.0219009	0.61699492
2.0226898	0.61747926
2.0234792	0.61767304
2.0242696	0.6177699
2.0250602	0.61796373
2.0258517	0.61835116
2.0266438	0.618545
2.0274363	0.61844808
2.0282295	0.61864179
2.0290234	0.61873865
2.0298178	0.61883551
2.0306129	0.61893237
2.0314085	0.61902934
2.0322044	0.61922306
2.0330014	0.61980432
2.0337989	0.61990118
2.0345972	0.62009495
2.0353961	0.62057924
2.0361953	0.62057924
2.0369956	0.62067622
2.0377963	0.62096679
2.0385981	0.62116057
2.0393999	0.62145114
2.0402026	0.62183869
2.0410056	0.62212932
2.0418096	0.62222612
2.042614	0.6220324
2.0434194	0.62174183
2.044225	0.62222612
2.0450315	0.62280744
2.0458386	0.6229043
2.0466464	0.62300116
2.0474546	0.62329173
2.0482635	0.62348557
2.049073	0.6237762
2.0498834	0.62406683
2.0506942	0.62396991
2.0515053	0.62416363
2.0523174	0.62445432
2.0531304	0.62464803
2.0539436	0.62503558
2.0547578	0.62551987
2.0555725	0.6258105
2.0563879	0.6258105
2.057204	0.62571371
2.0580208	0.6261012
2.0588381	0.62677932
2.0596561	0.62687612
2.0604746	0.62658548
2.0612941	0.62648863
2.062114	0.62677932
2.0629346	0.62697303
2.0637558	0.62706989
2.0645773	0.62745738
2.0653996	0.62755424
2.0662231	0.62755424
2.0670469	0.62794173
2.0678713	0.62794173
2.0686965	0.62784493
2.0695224	0.62842619
2.0703487	0.62871677
2.0711763	0.6290074
2.0720038	0.6290074
2.0728326	0.62891054
2.0736616	0.6290074
2.0744915	0.62939489
2.0753219	0.6295886
2.076153	0.62949181
2.0769846	0.62997615
2.0778172	0.63036364
2.0786502	0.6304605
2.0794842	0.6304605
2.0803187	0.6304605
2.0811539	0.6304605
2.0819895	0.63065428
2.0828261	0.63055742
2.0836632	0.63075113
2.084501	0.63113868
2.0853395	0.63152605
2.0861788	0.63162303
2.0870185	0.63181674
2.0878592	0.63181674
2.0887003	0.63210738
2.0895422	0.63239801
2.0903847	0.63249487
2.0912282	0.63268864
2.092072	0.6327855
2.0929167	0.63259178
2.0937619	0.63259178
2.0946081	0.63307613
2.0954545	0.63336676
2.096302	0.63307613
2.0971498	0.63317293
2.0979986	0.63375425
2.0988479	0.63414174
2.0996981	0.63443238
2.1005487	0.63414174
2.1014004	0.6342386
2.1022525	0.63452929
2.1031053	0.63472301
2.1039588	0.63481981
2.1048129	0.63481981
2.1056678	0.63481981
2.1065235	0.63501364
2.1073797	0.63530421
2.1082368	0.63549799
2.1090944	0.63549799
2.1099529	0.63549799
2.1108119	0.63578862
2.1116717	0.63617617
2.1125321	0.63607925
2.1133935	0.63588548
2.1142552	0.63578862
2.115118	0.63578862
2.1159811	0.63627297
2.1168454	0.6365636
2.1177099	0.63675731
2.1185756	0.6365636
2.1194417	0.63666052
2.1203086	0.63695109
2.121176	0.63685423
2.1220446	0.63685423
2.1229134	0.63675731
2.1237831	0.63675731
2.1246536	0.63695109
2.1255245	0.63714486
2.1263962	0.63733858
2.1272688	0.63685423
2.1281419	0.63675731
2.1290162	0.63675731
2.1298907	0.6365636
2.1307662	0.6364668
2.1316423	0.6364668
2.1325192	0.63666052
2.1333966	0.63576424
2.1342752	0.6356746
2.135154	0.63639164
2.1360338	0.63657081
2.1369143	0.63576424
2.1377954	0.6356746
2.1386774	0.63603312
2.1395605	0.63576424
2.1404438	0.63540578
2.1413281	0.63549542
2.1422129	0.63522649
2.1430986	0.63495767
2.1439848	0.63549542
2.144872	0.63433039
2.1457596	0.63343418
2.1466477	0.63388228
2.1475368	0.63406146
2.148427	0.63379258
2.1493175	0.63280684
2.1502092	0.63119364
2.1511011	0.63182098
2.1519942	0.63262755
2.1528878	0.63253796
2.1537826	0.63146251
2.1546776	0.63092476
2.1555736	0.63101441
2.1564703	0.63020778
2.1573677	0.62993896
2.1582658	0.62984937
2.1591649	0.62868422
2.1600645	0.62868422
2.1609645	0.62922198
2.1618655	0.62868422
2.1627674	0.62841541
2.1636701	0.62814653
2.1645734	0.62769842
2.1654775	0.62787771
2.1663826	0.62734002
2.1672883	0.6264438
2.168195	0.62536836
2.169102	0.62536836
2.1700101	0.62545794
2.1709187	0.62465137
2.1718283	0.62393439
2.1727386	0.62330711
2.1736495	0.62214202
2.1745613	0.62169397
2.1754742	0.62187314
2.1763873	0.62124586
2.1773014	0.62034965
2.1782162	0.61990154
2.179132	0.61990154
2.1800482	0.61981189
2.1809654	0.61855721
2.1818831	0.61748177
2.1828015	0.61739218
2.1837208	0.61694407
2.1846411	0.61577898
2.1855621	0.61443466
2.1864841	0.61425549
2.1874065	0.61425549
2.1883299	0.61326963
2.189254	0.61174613
2.1901793	0.61201495
2.1911051	0.61165649
2.1920316	0.61076027
2.1929588	0.6109395
2.193887	0.60950559
2.1948156	0.60825092
2.1957452	0.60816133
2.1966755	0.60780281
2.197607	0.6073547
2.1985388	0.60627925
2.1994717	0.60466611
2.2004051	0.60493493
2.2013395	0.60502464
2.2022746	0.60475576
2.2032106	0.60403877
2.2041473	0.6027841
2.2050848	0.60269445
2.206023	0.60296339
2.2069621	0.60179824
2.207902	0.60108131
2.2088428	0.60045403
2.2097843	0.59937853
2.2107267	0.59857196
2.2116697	0.59857196
2.2126141	0.59857196
2.2135587	0.59830308
2.2145045	0.59758615
2.2154505	0.59686917
2.216398	0.59651071
2.2173457	0.59561449
2.2182946	0.5950768
2.2192442	0.59462869
2.2201948	0.59355325
2.2211459	0.59256744
2.2220981	0.59211934
2.2230508	0.59185046
2.2240045	0.59158158
2.2249589	0.59104389
2.2259145	0.58987886
2.2268705	0.58916187
2.2278273	0.58880341
2.228785	0.58853453
2.2297437	0.58719021
2.2307031	0.58584595
2.2316635	0.58593553
2.2326245	0.58521855
2.2335865	0.5837847
2.234549	0.58235073
2.2355127	0.58163375
2.2364771	0.58064795
2.2374425	0.57939327
2.2384083	0.57840747
2.2393754	0.57724243
2.2403431	0.57536036
2.2413118	0.57347834
2.2422812	0.57016242
2.243252	0.56747377
2.2442229	0.56684649
2.2451949	0.56603986
2.2461677	0.56308246
2.2471414	0.55985612
2.2481158	0.55761564
2.2490911	0.55483741
2.2500672	0.55161107
2.251044	0.5486536
2.2520218	0.54587537
2.2530005	0.54336601
2.2539799	0.54184252
2.2549605	0.5395124
2.2559416	0.53718227
2.2569239	0.53512102
2.2579067	0.53270125
2.2588909	0.53099847
2.2598755	0.52956456
2.2608612	0.52822024
2.2618475	0.52813065
2.2628348	0.5275929
2.263823	0.52741367
2.264812	0.52750331
2.2658017	0.52678633
2.2667923	0.52580053
2.2677839	0.5260694
2.2687764	0.52696556
2.2697697	0.52795142
2.2707639	0.52857876
2.271759	0.53028154
2.2727549	0.53207392
2.2737517	0.53243238
2.2747495	0.53297013
2.275748	0.53449363
2.2767475	0.53574836
2.2777479	0.53807843
2.278749	0.54040861
2.2797511	0.54202175
2.2807541	0.54327643
2.2817578	0.54578578
2.282763	0.54829514
2.2837684	0.55008757
2.284775	0.55161107
2.2857823	0.55322421
2.2867908	0.55510628
2.2877998	0.55734676
2.28881	0.55922878
2.2898209	0.56075233
2.2908323	0.56218624
2.2918451	0.56433713
2.2928588	0.56666726
2.2938731	0.56890774
2.2948887	0.5708794
2.2959049	0.57240289
2.2969222	0.57383686
2.2979403	0.57553959
2.2989597	0.5764358
2.2999794	0.57849705
2.3010006	0.58064795
2.3020222	0.5821715
2.303045	0.58333659
2.3040683	0.58468086
2.3050931	0.58602518
2.3061182	0.58710057
2.3071454	0.58781761
2.3081722	0.58907223
2.3092005	0.59005809
2.3102295	0.59140235
2.3112597	0.59229851
2.3122904	0.59301555
2.3133223	0.59373248
2.3143549	0.59480786
2.3153882	0.59597301
2.3164227	0.59633142
2.3174584	0.59642112
2.3184946	0.59677953
2.3195322	0.59731728
2.3205702	0.59785497
2.3216095	0.59767574
2.3226497	0.59749651
2.3236911	0.59794462
2.324733	0.59902006
2.3257761	0.5991993
2.3268199	0.59875119
2.3278646	0.59803426
2.3289104	0.59749651
2.3299572	0.59740692
2.3310046	0.59785497
2.3320534	0.59722763
2.3331029	0.59588337
2.3341534	0.59597301
2.3352048	0.5960626
2.3362572	0.59516639
2.3373103	0.59444946
2.3383648	0.59373248
2.3394198	0.59310514
2.340476	0.5924778
2.3415329	0.59220892
2.342591	0.59167123
2.3436501	0.59041655
2.3447101	0.58907223
2.3457711	0.588893
2.346833	0.58862412
2.3478959	0.58808643
2.3489597	0.5873695
2.3500245	0.58647329
2.3510904	0.58521855
2.3521569	0.58432239
2.3532248	0.58333659
2.3542933	0.58270919
2.3553631	0.58118564
2.3564336	0.57993102
2.3575051	0.5785867
2.3585775	0.57751125
2.3596511	0.57679433
2.3607256	0.57536036
2.3618011	0.57383686
2.3628776	0.57258213
2.363955	0.57150668
2.3650334	0.57016242
2.3661137	0.56836998
2.3671939	0.56756341
2.3682754	0.56648797
2.3693576	0.56478524
2.3704412	0.5637098
2.3715253	0.56191736
2.3726108	0.56039381
2.373697	0.55967689
2.3747847	0.55824298
2.3758729	0.55609208
2.3769624	0.55412042
2.3780525	0.55250728
2.379144	0.55134225
2.3802361	0.55017716
2.3813298	0.54811591
2.3824239	0.54587537
2.3835192	0.54462069
2.3846154	0.54390377
2.3857129	0.54229063
2.3868113	0.54040861
2.3879108	0.53861618
2.3890109	0.53709263
2.3901126	0.53556907
2.3912148	0.53422481
2.3923185	0.53279084
2.3934228	0.53099847
2.3945284	0.52983344
2.3956349	0.52822024
2.3967426	0.52615899
2.397851	0.52472508
2.3989608	0.52329117
2.4000711	0.52140915
2.4011834	0.5198856
2.4022958	0.51863092
2.4034097	0.5172866
2.4045243	0.51603192
2.4056404	0.51441878
2.4067569	0.51307446
2.4078751	0.51146132
2.4089937	0.50975853
2.4101133	0.50850385
2.4112341	0.50751805
2.4123564	0.50581527
2.4134791	0.50447094
2.4146035	0.50330591
2.4157286	0.50205123
2.4168549	0.50079656
2.4179819	0.49945226
2.4191108	0.49801832
2.4202399	0.49676365
2.4213705	0.49550897
2.4225018	0.49425429
2.4236345	0.49282035
2.424768	0.4912968
2.4259028	0.48950443
2.4270384	0.48753276
2.4281759	0.48591962
2.4293137	0.48484418
2.4304526	0.48296216
2.4315925	0.48125941
2.4327338	0.47955662
2.4338756	0.47767457
2.435019	0.47588217
2.4361632	0.47471714
2.4373078	0.47364166
2.4384544	0.4714908
2.4396017	0.46889183
2.4407504	0.4673683
2.4419	0.46611363
2.4430506	0.46387312
2.4442027	0.46163261
2.4453554	0.46064678
2.4465098	0.45903364
2.447665	0.45670348
2.4488211	0.45428377
2.4499784	0.45249137
2.4511368	0.45114708
2.4522963	0.44998202
2.4534569	0.44818962
2.4546185	0.44648683
2.4557815	0.44415671
2.4569452	0.44200581
2.4581103	0.44048226
2.4592764	0.43940684
2.4604435	0.43806255
2.4616117	0.43680787
2.4627812	0.43537393
2.4639518	0.43385041
2.4651229	0.43205801
2.4662957	0.43098256
2.4674697	0.42919019
2.4686446	0.42775625
2.4698207	0.42721853
2.4709978	0.42587423
2.4721763	0.42417145
2.4733558	0.42309603
2.4745364	0.42246866
2.4757183	0.4213036
2.4769011	0.41960084
2.478085	0.41861501
2.4792702	0.4177188
2.4804564	0.41664335
2.4816439	0.41511983
2.4828324	0.41377553
2.4840217	0.41270006
2.4852126	0.41162464
2.4864044	0.41045961
2.4875975	0.40920493
2.4887917	0.40786061
2.4899871	0.40705401
2.4911838	0.40579933
2.4923813	0.40436542
2.4935806	0.40328997
2.4947805	0.40212494
2.4959817	0.40104946
2.497184	0.39988443
2.4983873	0.39916748
2.4995921	0.39871937
2.5007977	0.39800239
2.5020049	0.39701658
2.5032129	0.39647886
2.5044224	0.3961204
2.5056329	0.39576188
2.5068443	0.39576188
2.5080571	0.39549303
2.5092711	0.39459684
2.5104864	0.39405912
2.5117025	0.39379027
2.5129199	0.39361101
2.5141385	0.39352143
2.5153584	0.39361101
2.5165794	0.39396951
2.5178018	0.39396951
2.5190251	0.39370063
2.5202496	0.39325255
2.5214756	0.39325255
2.5227027	0.39325255
2.5239308	0.39316291
2.5251603	0.39325255
2.5263908	0.39298368
2.5276225	0.39316291
2.5288556	0.39298368
2.5300899	0.3927148
2.5313251	0.39208749
2.532562	0.39154977
2.5337996	0.39181864
2.5350387	0.39128092
2.536279	0.39110166
2.5375204	0.39101204
2.538763	0.39119127
2.5400069	0.39092243
2.5412521	0.38966772
2.5424979	0.38868192
2.5437455	0.38886115
2.5449944	0.38886115
2.5462441	0.38823384
2.5474954	0.38715836
2.548748	0.3867999
2.5500016	0.38590369
2.5512564	0.38491791
2.5525131	0.38438016
2.5537705	0.38464901
2.5550292	0.38446981
2.556289	0.38339436
2.5575502	0.38285661
2.5588126	0.38115385
2.5600762	0.37730017
2.561341	0.37461159
2.5626073	0.37371537
2.5638747	0.37380502
2.5651433	0.37488046
2.5664132	0.37568703
2.5676842	0.37362576
2.5689566	0.37030983
2.5702302	0.37004098
2.5715053	0.36950326
2.5727808	0.36609769
2.5740583	0.36564958
2.5753372	0.36448455
2.576617	0.36278173
2.5778983	0.36314023
2.579181	0.36242327
2.5804646	0.35973465
2.5817497	0.35794228
2.5830364	0.35435748
2.5843241	0.35417822
2.585613	0.35408863
2.5869033	0.35077265
2.5881948	0.34942836
2.5894876	0.349518
2.5907817	0.34969723
2.592077	0.34700865
2.5933733	0.34037673
2.5946712	0.33598536
2.5959706	0.33974943
2.5972712	0.34252763
2.598573	0.34288609
2.5998762	0.34190029
2.6011808	0.34001827
2.6024866	0.33822587
2.6037939	0.33544764
2.6051023	0.33311754
2.6064122	0.33374485
2.6077232	0.33473068
2.6090355	0.3348203
2.6103492	0.33517879
2.6116643	0.33499953
2.6129806	0.33428258
2.6142986	0.33383447
2.6156178	0.32998082
2.6169381	0.32854691
2.6182597	0.33007047
2.6195827	0.32827806
2.6209071	0.32908463
2.6222329	0.33105624
2.62356	0.3312355
2.6248877	0.32953271
2.6262174	0.32747146
2.6275485	0.32854691
2.628881	0.32684413
2.6302147	0.3253206
2.6315498	0.32774031
2.6328864	0.3276507
2.6342242	0.3276507
2.6355639	0.32899499
2.6369042	0.32935348
2.6382463	0.32908463
2.6395895	0.32845727
2.6409342	0.32782996
2.6422803	0.32756111
2.6436276	0.327113
2.6449764	0.32612717
2.6463268	0.32630643
2.6476784	0.32666489
2.6490314	0.32639602
2.6503856	0.32567906
2.6517413	0.32433477
2.6530983	0.32397628
2.6544569	0.3235282
2.6558168	0.3237074
2.6571774	0.32442439
2.65854	0.32272163
2.6599042	0.32137731
2.6612697	0.32110843
2.6626365	0.32039148
2.6640048	0.31644821
2.6653745	0.3132219
2.6667454	0.3132219
2.6681182	0.31447658
2.6694922	0.31053329
2.6708674	0.31062293
2.6722443	0.3137596
2.6736224	0.31295303
2.6750021	0.3098163
2.676383	0.30659002
2.6777654	0.30569381
2.6791496	0.30488724
2.6805348	0.30515608
2.6819217	0.30363256
2.6833098	0.30157128
2.6846995	0.29959965
2.6860905	0.29709029
2.6874828	0.29484978
2.6888769	0.29198197
2.6902716	0.28875563
2.6916685	0.28427461
2.6930668	0.2782701
2.6944666	0.27378908
2.6958678	0.270742
2.6972704	0.26769492
2.6986744	0.26258659
2.7000799	0.25622356
2.7014871	0.250936
2.7028956	0.24663423
2.7043056	0.24134664
2.7057171	0.23641755
2.70713	0.23148845
2.7085443	0.225932
2.7099602	0.22064444
2.7113776	0.21795583
2.7127967	0.21643229
2.7142169	0.21356446
2.7156389	0.20989002
2.7170622	0.2056779
2.718487	0.20056956
2.7199132	0.19447538
2.7213409	0.19106984
2.7227702	0.18757465
2.7242005	0.1824663
2.7256327	0.17959848
2.7270665	0.1765514
2.7285018	0.17251849
2.7299387	0.16812712
2.7313771	0.16373573
2.7328169	0.15916511
2.7342582	0.15495297
2.7357013	0.15181628
2.7371457	0.14805223
2.7385917	0.1429439
2.7400391	0.1384629
2.741488	0.13496771
2.7429385	0.13227911
2.7443907	0.12887356
2.7458441	0.12537837
2.747299	0.12134548
2.7487557	0.1174022
2.7502139	0.11390702
2.7516737	0.11059108
2.753135	0.10664779
2.7545979	0.10207718
2.7560623	0.099119715
2.7575283	0.096879221
2.7589962	0.094369859
2.7604654	0.091412395
2.7619359	0.088006832
2.7634082	0.085676722
2.7648821	0.08361546
2.7663574	0.080747619
2.7678344	0.077969402
2.7693131	0.075460039
2.7707932	0.073129915
2.772275	0.071337521
2.7737584	0.06909702
2.7752433	0.06667728
2.7767296	0.064616017
2.7782178	0.062644377
2.7797074	0.060672738
2.7811987	0.058701098
2.782691	0.056639835
2.7841854	0.054578576
2.7856815	0.052517317
2.7871792	0.050814539
2.7886784	0.049291
2.7901793	0.048125938
2.7916818	0.047050498
2.7931859	0.045975059
2.794692	0.044720378
2.7961996	0.043286458
2.7977085	0.041942157
2.7992191	0.040687479
2.8007314	0.039253559
2.8022454	0.038446981
2.803761	0.037461158
2.8052781	0.036296099
2.806797	0.035668761
2.8083177	0.034862179
2.8098397	0.033697121
2.8113635	0.032621678
2.8128889	0.031635858
2.8144159	0.0309189
2.8159447	0.030022699
2.8174751	0.02903688
2.8190067	0.0282303
2.8205404	0.027244478
2.8220758	0.026527518
2.8236129	0.02581056
2.8251517	0.024824739
2.8266921	0.023928538
2.8282342	0.023301199
2.829778	0.022673858
2.8313241	0.022136139
2.8328712	0.021419181
2.83442	0.02079184
2.8359706	0.01998526
2.8375227	0.019537158
2.8390768	0.018820198
2.8406324	0.018013619
2.8421898	0.01738628
2.843749	0.01666932
2.84531	0.01595236
2.8468723	0.015504259
2.8484366	0.015414639
2.8500025	0.01487692
2.8515701	0.01424958
2.8531396	0.01407034
2.8547106	0.013622239
2.8562829	0.01317414
2.8578575	0.01245718
2.8594339	0.01191946
2.861012	0.01174022
2.8625917	0.01174022
2.8641732	0.01147136
2.8657565	0.01057516
2.8673415	0.010037439
2.8689287	0.0098581994
2.870517	0.0095893396
2.8721075	0.0091412393
2.8736994	0.0087827602
2.8752933	0.0085138995
2.876889	0.00833466
2.8784864	0.0082450397
2.8800855	0.0081554195
2.8816857	0.0079761799
2.8832886	0.0076176994
2.8848929	0.0077073197
2.8864994	0.0077969399
2.8881073	0.0075280797
2.8897173	0.0073488397
2.8913291	0.0071695996
2.8929424	0.0067214998
2.8945582	0.0067214998
2.8961751	0.0069903601
2.897794	0.0070799794
2.8994148	0.0069007399
2.9010372	0.0069007399
2.9026616	0.0066318796
2.9042876	0.0064526401
2.9059157	0.0061837793
2.9075458	0.0062733996
2.9091775	0.0065422598
2.9108109	0.0063630198
2.9124463	0.00609416
2.9140832	0.0061837793
2.9157224	0.0066318796
2.9173632	0.0067214998
2.9190059	0.0063630198
2.9206498	0.0063630198
2.922296	0.0064526401
2.9239442	0.0062733996
2.9255943	0.0061837793
2.9272463	0.0063630198
2.9289	0.0067214998
2.9305558	0.0069007399
2.9322133	0.0068111196
2.9338732	0.0069007399
2.9355345	0.0068111196
2.9371977	0.0069007399
2.9388628	0.0069903601
2.9405298	0.0069007399
2.9421985	0.0069903601
2.9438694	0.0071695996
2.9455421	0.0069903601
2.9472167	0.0069903601
2.9488933	0.0074384599
2.9505715	0.0076176994
2.9522519	0.0077969399
2.953934	0.0081554195
2.9556181	0.00833466
2.9573042	0.0079761799
2.9589922	0.0080658002
2.9606814	0.0082450397
2.9623733	0.0085138995
2.964067	0.00833466
2.9657626	0.0079761799
2.9674604	0.0080658002
2.9691598	0.00833466
2.9708614	0.0081554195
2.9725649	0.0082450397
2.9742706	0.0084242802
2.9759779	0.00869314
2.9776874	0.0087827602
2.9793985	0.00869314
2.9811118	0.0085138995
2.9828272	0.0084242802
2.9845443	0.0087827602
2.9862635	0.0088723795
2.9879854	0.00869314
2.9897087	0.00833466
2.9914336	0.0085138995
2.993161	0.0092308596
2.99489	0.0094100991
2.9966211	0.0092308596
2.9983544	0.0089619989
3.0000894	0.0088723795
3.001826	0.00905162
3.0035653	0.00905162
3.0053065	0.0091412393
3.0070496	0.0093204798
3.0087948	0.0094997194
3.0105422	0.0097685792
3.0122914	0.0094997194
3.0140429	0.0092308596
3.0157964	0.0092308596
3.0175517	0.0093204798
3.0193093	0.0094997194
3.0210688	0.0095893396
3.0228302	0.0095893396
3.0245938	0.0094100991
3.0263596	0.0095893396
3.0281272	0.0095893396
3.0298975	0.0094100991
3.0316694	0.0093204798
3.0334435	0.0092308596
3.0352194	0.0094100991
3.0369976	0.0097685792
3.0387776	0.01012706
3.04056	0.0099478196
3.0423443	0.0094997194
3.0441301	0.0095893396
3.0459187	0.0098581994
3.0477092	0.0099478196
3.0495021	0.0099478196
3.0512969	0.0099478196
3.0530939	0.010037439
3.054893	0.01012706
3.0566943	0.01039592
3.0584979	0.01057516
3.0603034	0.01057516
3.0621109	0.01039592
3.0639207	0.010485539
3.0657327	0.01066478
3.0675466	0.01039592
3.0693629	0.01039592
3.0711813	0.010485539
3.0730011	0.01039592
3.0748239	0.010754399
3.0766487	0.01102326
3.0784757	0.01111288
3.0803049	0.01102326
3.0821362	0.01084402
3.0839698	0.01102326
3.0858054	0.01111288
3.0876439	0.011202499
3.0894837	0.01129212
3.0913262	0.01138174
3.0931706	0.011202499
3.0950172	0.01129212
3.0968661	0.01174022
3.0987172	0.0116506
3.1005704	0.01147136
3.1024263	0.01147136
3.104284	0.01191946
3.106144	0.01200908
3.1080062	0.01191946
3.1098707	0.01200908
3.1117373	0.01200908
3.1136062	0.01200908
3.1154773	0.01191946
3.1173501	0.01191946
3.1192257	0.01174022
3.1211035	0.01200908
3.1229837	0.012367559
3.1248662	0.01245718
3.1267509	0.012367559
3.128638	0.012546799
3.1305273	0.01272604
3.1324193	0.012994899
3.1343131	0.013263759
3.1362092	0.01317414
3.1381078	0.012994899
3.1400084	0.01308452
3.1419115	0.01317414
3.1438167	0.013353379
3.1457245	0.013353379
3.1476347	0.01398072
3.1495469	0.01442882
3.1514616	0.01407034
3.1533785	0.01407034
3.1552978	0.014339199
3.1572194	0.014339199
3.1591434	0.01442882
3.1610696	0.01442882
3.162998	0.014339199
3.1649289	0.01442882
3.1668622	0.014608059
3.168798	0.014697679
3.1707361	0.014966539
3.1726766	0.01514578
3.1746194	0.01514578
3.1765647	0.015414639
3.1785126	0.0156835
3.1804626	0.0156835
3.182415	0.015862739
3.1843698	0.015773119
3.186327	0.01595236
3.1882865	0.016310839
3.1902485	0.0161316
3.1922131	0.01622122
3.19418	0.016490079
3.1961493	0.016579701
3.1981211	0.01666932
3.2000952	0.01693818
3.2020719	0.017027799
3.2040508	0.01720704
3.2060323	0.017475899
3.2080164	0.01756552
3.2100022	0.017744759
3.2119911	0.017923998
3.2139823	0.018282479
3.215976	0.018551338
3.2179723	0.018820198
3.2199712	0.018820198
3.2219722	0.018999439
3.2239761	0.01908906
3.2259824	0.019268299
3.2279911	0.019537158
3.2300024	0.019806018
3.2320161	0.019626779
3.2340324	0.019626779
3.2360511	0.020074878
3.2380724	0.02052298
3.2400961	0.020971078
3.2421229	0.021150321
3.2441516	0.021239938
3.2461832	0.021598419
3.2482171	0.021598419
3.2502534	0.021508798
3.2522926	0.0219569
3.2543342	0.022404999
3.2563784	0.02249462
3.2584248	0.022584239
3.2604742	0.022853099
3.262526	0.023032339
3.2645805	0.023301199
3.2666376	0.023570059
3.2686973	0.023749299
3.2707596	0.023928538
3.2728245	0.023838921
3.2748921	0.02410778
3.2769623	0.0246455
3.2790351	0.025003979
3.2811103	0.025093598
3.2831883	0.025272839
3.2852688	0.025631318
3.2873521	0.02581056
3.289438	0.02590018
3.2915258	0.026258659
3.293617	0.026437899
3.2957108	0.02661714
3.2978072	0.027244478
3.2999065	0.027692581
3.3020084	0.027782198
3.3041129	0.027871819
3.3062201	0.0282303
3.3083303	0.02849916
3.3104429	0.028678399
3.3125582	0.028857639
3.314676	0.029126499
3.3167968	0.029395359
3.3189204	0.029664218
3.3210464	0.030022699
3.3231752	0.030201938
3.3253074	0.030381178
3.3274417	0.030829279
3.3295789	0.031367
3.3317187	0.03190472
3.3338614	0.032173578
3.3360066	0.032263201
3.3381548	0.032442439
3.3403056	0.03280092
3.3424585	0.033159401
3.344615	0.033607498
3.3467741	0.034055598
3.3489361	0.03423484
3.3511009	0.034414079
3.3532684	0.034951799
3.3554389	0.035579138
3.3576121	0.035937618
3.3597887	0.036385719
3.3619676	0.03665458
3.3641491	0.036923438
3.3663337	0.0371923
3.368521	0.037550777
3.3707113	0.038088497
3.3729043	0.038446981
3.3751001	0.038626216
3.3772995	0.038895078
3.3795011	0.039253559
3.3817058	0.039880898
3.383913	0.040239379
3.3861232	0.04050824
3.3883364	0.040956337
3.3905525	0.041225199
3.3927715	0.041494057
3.3949924	0.04203178
3.3972173	0.042838361
3.3994448	0.043376081
3.4016755	0.043555316
3.403909	0.044093039
3.4061456	0.044720378
3.408385	0.045078855
3.4106274	0.045347717
3.4128728	0.045795817
3.4151211	0.046333537
3.4173725	0.046871256
3.4196265	0.047140118
3.4218838	0.047498599
3.424144	0.047857076
3.4264071	0.04830518
3.4286733	0.049022138
3.4309425	0.049649477
3.4332149	0.05027682
3.4354899	0.050545678
3.4377682	0.050814539
3.4400494	0.051352259
3.4423335	0.051979598
3.4446208	0.052427698
3.4469111	0.05269656
3.449204	0.053323895
3.4515004	0.053951237
3.4537997	0.054399338
3.4561024	0.054757819
3.4584079	0.055205919
3.4607165	0.055654019
3.4630284	0.0564606
3.4653432	0.05699832
3.4676619	0.05744642
3.4699829	0.058073759
3.472307	0.058611479
3.4746342	0.059238821
3.4769647	0.059866156
3.4792981	0.060493495
3.4816349	0.06085198
3.4839747	0.0613897
3.4863167	0.062106658
3.488663	0.062644377
3.4910121	0.063092478
3.4933646	0.063719817
3.4957201	0.064436778
3.4980791	0.065064117
3.5004408	0.065691456
3.5028062	0.066408418
3.5051751	0.066946134
3.5075467	0.067394242
3.5099213	0.067931958
3.5122993	0.068648919
3.5146806	0.069186635
3.517065	0.069724359
3.5194528	0.070441321
3.5218437	0.071247898
3.5242381	0.071875237
3.5266356	0.072323337
3.5290363	0.072950676
3.5314403	0.073488399
3.5338476	0.074026115
3.536258	0.074653454
3.538672	0.075460039
3.5410891	0.076445863
3.5435085	0.076983579
3.5459323	0.077252433
3.5483594	0.077790156
3.5507898	0.078596741
3.5532234	0.079313695
3.5556605	0.079851411
3.5581009	0.080478758
3.5605447	0.08119572
3.5629921	0.081823058
3.5654426	0.08254002
3.5678964	0.083167359
3.5703535	0.083705075
3.5728142	0.084511653
3.5752783	0.085318238
3.5777457	0.085945576
3.5802164	0.086483292
3.5826914	0.087200262
3.5851691	0.088096455
3.5876501	0.088813417
3.5901346	0.089440756
3.5926225	0.090068094
3.595114	0.090874679
3.5976088	0.09177088
3.6001072	0.092398219
3.6026084	0.093115173
3.6051137	0.093921758
3.6076224	0.094459482
3.6101346	0.095176436
3.6126504	0.095983021
3.6151698	0.096520737
3.6176925	0.097237691
3.620219	0.097954661
3.6227491	0.098761238
3.6252825	0.099567816
3.6278193	0.10019515
3.6303599	0.10073288
3.6329038	0.10153946
3.6354516	0.10234603
3.6380026	0.10288376
3.6405575	0.10369034
3.6431165	0.10458654
3.6456785	0.10521388
3.6482441	0.10602045
3.6508133	0.10682704
3.6533861	0.10727514
3.6559625	0.10781286
3.6585426	0.10870906
3.6611264	0.1093364
3.6637127	0.10987411
3.6663036	0.11050145
3.6688983	0.11148728
3.6714969	0.11256272
3.6740987	0.11319005
3.6767046	0.11372777
3.6793139	0.11453436
3.6819272	0.11516169
3.6845443	0.11587865
3.687165	0.11686447
3.6897893	0.11758143
3.6924174	0.1182984
3.695049	0.1191946
3.6976848	0.11991155
3.7003241	0.12062852
3.7029672	0.12134548
3.7056146	0.12206243
3.7082653	0.12268978
3.7109196	0.12349635
3.713578	0.12421332
3.7162399	0.12475104
3.7189059	0.125468
3.7215757	0.12618496
3.7242491	0.12690191
3.7269256	0.12761888
3.7296069	0.12842545
3.7322919	0.12923203
3.7349808	0.12985937
3.7376738	0.13066596
3.7403705	0.13156216
3.7430711	0.1321895
3.7457757	0.13263761
3.7484846	0.13326494
3.7511971	0.13407151
3.7539134	0.13460924
3.7566335	0.13505733
3.7593577	0.13568468
3.7620859	0.13649125
3.764818	0.13729784
3.767554	0.13792518
3.770293	0.1384629
3.7730372	0.13900061
3.7757852	0.13980719
3.778537	0.14061376
3.7812932	0.14106187
3.7840533	0.14168921
3.7868173	0.14231655
3.7895856	0.1429439
3.7923579	0.14375047
3.7951343	0.14437781
3.7979145	0.14482592
3.800699	0.14536363
3.8034875	0.1460806
3.8062801	0.14670794
3.8090768	0.14751452
3.8118775	0.14832109
3.8146832	0.14903805
3.8174922	0.14948615
3.8203053	0.15002388
3.8231227	0.15056159
3.8259442	0.15118894
3.8287699	0.15199551
3.8315997	0.15280209
3.8344338	0.15333982
3.837271	0.1536983
3.8401134	0.15414639
3.8429599	0.15468413
3.8458109	0.15531147
3.848666	0.1559388
3.8515253	0.15647651
3.8543887	0.15701424
3.8572567	0.15755194
3.8601296	0.15800005
3.8630059	0.15853778
3.8658867	0.15916511
3.8687716	0.15970282
3.8716609	0.16006131
3.8745544	0.16050942
3.8774524	0.1608679
3.8803546	0.16131599
3.8832617	0.16194333
3.8861728	0.16239144
3.8890882	0.16274992
3.8920078	0.16319801
3.894932	0.16373573
3.8978605	0.16418384
3.9007933	0.16445269
3.9037306	0.16490079
3.9066718	0.16534889
3.9096179	0.16561775
3.9125686	0.16588661
3.9155238	0.16624509
3.9184833	0.1666932
3.9214473	0.16714129
3.9244158	0.16741015
3.9273889	0.16767903
3.9303668	0.16821674
3.9333489	0.16866483
3.9363356	0.16893369
3.9393268	0.16911294
3.9423223	0.16947141
3.9453225	0.16974027
3.9483273	0.16991951
3.9513369	0.17009877
3.9543512	0.17054684
3.9573698	0.17072611
3.960393	0.17081571
3.9634209	0.1711742
3.9664533	0.17144305
3.9694903	0.17162229
3.972532	0.17216001
3.9755785	0.17260812
3.9786289	0.17278735
3.9816847	0.17314583
3.984745	0.17350432
3.9878104	0.17386279
3.9908803	0.17422126
3.9939549	0.17466937
3.9970343	0.17502786
4.0001183	0.17538632
4.0032082	0.1756552
4.0063019	0.17592406
4.0094004	0.17637216
4.0125036	0.17673063
4.0156116	0.17699949
4.0187244	0.17708911
4.021842	0.17735797
4.0249648	0.17780608
4.028091	0.17798531
4.0312233	0.17825417
4.0343604	0.17861265
4.0375023	0.17888151
4.0406489	0.17906076
4.0438008	0.17932962
4.046958	0.17950885
4.0501194	0.17959848
4.0532866	0.17977771
4.056458	0.17986733
4.0596347	0.17995696
4.0628161	0.18022582
4.0660028	0.1805843
4.0691943	0.18076353
4.0723906	0.18085316
4.0755925	0.18103239
4.0787992	0.18121164
4.0820107	0.18139087
4.0852275	0.1814805
4.0884495	0.18157011
4.0916762	0.18174936
4.0949082	0.18192859
4.0981455	0.18210784
4.1013875	0.18219745
4.1046343	0.18219745
4.1078868	0.18210784
4.1111441	0.18228707
4.1144071	0.1824663
4.1176748	0.1823767
4.1209483	0.1824663
4.1242266	0.1823767
4.1275101	0.1823767
4.1307993	0.18264556
4.1340938	0.18291441
4.137393	0.18282479
4.1406975	0.18282479
4.1440077	0.18282479
4.1473227	0.18291441
4.1506433	0.18291441
4.1539693	0.18282479
4.1573014	0.18273517
4.1606379	0.18255593
4.16398	0.18273517
4.1673269	0.18282479
4.1706796	0.18273517
4.1740379	0.18255593
4.1774011	0.18255593
4.1807699	0.18264556
4.1841431	0.18228707
4.1875229	0.18201822
4.190908	0.18210784
4.1942987	0.18192859
4.1976953	0.18157011
4.2010965	0.18121164
4.204504	0.18085316
4.2079167	0.18040505
4.2113357	0.17986733
4.2147593	0.17932962
4.2181888	0.17888151
4.2216239	0.17843342
4.2250643	0.17780608
4.2285104	0.1774476
4.2319622	0.17735797
4.2354198	0.17717874
4.2388835	0.17708911
4.242352	0.17699949
4.2458267	0.17708911
4.2493072	0.17735797
4.2527928	0.17798531
4.2562842	0.17816454
4.2597818	0.17762683
4.2632847	0.17699949
4.2667923	0.17646177
4.2703071	0.17610329
4.2738276	0.17592406
4.2773538	0.1756552
4.2808857	0.17556557
4.2844238	0.17538632
4.2879677	0.17529672
4.2915173	0.17547596
4.2950735	0.17556557
4.298635	0.17547596
4.3022022	0.17538632
4.3057756	0.17556557
4.3093548	0.1756552
4.3129401	0.1756552
4.3165312	0.1756552
4.3201284	0.1756552
4.3237324	0.17583443
4.3273416	0.17592406
4.3309565	0.17583443
4.3345776	0.1757448
4.3382049	0.1757448
4.3418384	0.1756552
4.3454776	0.17556557
4.3491235	0.17529672
4.3527737	0.17511746
4.3564315	0.17511746
4.3600955	0.17493823
4.3637652	0.17457975
4.3674417	0.17431089
4.3711243	0.17404203
4.3748131	0.17377318
4.3785081	0.17359392
4.3822103	0.17341469
4.3859177	0.17314583
4.3896313	0.17287698
4.3933511	0.17251849
4.3970776	0.17207038
4.4008102	0.17189115
4.4045491	0.17162229
4.4082947	0.17144305
4.412045	0.17108457
4.415803	0.17054684
4.4195676	0.17000914
4.4233384	0.16965066
4.4271159	0.16911294
4.4308996	0.16857523
4.43469	0.16812712
4.4384871	0.1675894
4.4422908	0.16696206
4.4461007	0.16642433
4.4499168	0.16570738
4.4537401	0.16481118
4.4575696	0.16400458
4.4614058	0.16319801
4.4652486	0.16230181
4.4690976	0.16131599
4.4729543	0.16033016
4.4768167	0.15943398
4.4806862	0.15844814
4.4845624	0.15746234
4.4884448	0.15647651
4.4923344	0.15531147
4.4962306	0.15414639
4.5001335	0.15316059
4.5040426	0.15208513
4.5079594	0.15109931
4.5118828	0.15011351
4.5158129	0.14912768
4.5197501	0.14805223
4.523694	0.14706641
4.5276446	0.14599098
4.5316024	0.14482592
4.5355678	0.14366086
4.5395393	0.14267504
4.5435181	0.1415996
4.5475035	0.1403449
4.551496	0.13917986
4.5554957	0.13801479
4.5595021	0.13693936
4.5635157	0.13604315
4.5675368	0.13496771
4.5715647	0.13380265
4.5755997	0.13290645
4.5796418	0.13192064
4.5836911	0.13102444
4.5877471	0.13048671
4.5918107	0.12994899
4.5958815	0.12932165
4.5999584	0.12887356
4.604044	0.12851506
4.6081362	0.12824622
4.612236	0.12833583
4.616343	0.12824622
4.6204576	0.12824622
4.6245794	0.1281566
4.6287084	0.1281566
4.6328454	0.12824622
4.6369891	0.12842545
4.6411405	0.1286047
4.6452994	0.12887356
4.6494656	0.1290528
4.6536388	0.12923203
4.6578202	0.12941128
4.6620088	0.12923203
4.6662059	0.1290528
4.6704097	0.12887356
4.6746206	0.12851506
4.6788397	0.1281566
4.6830664	0.12743963
4.6873007	0.12654343
4.6915426	0.12555762
4.6957922	0.12430294
4.7000484	0.12313788
4.7043133	0.12188319
4.7085862	0.12027004
4.7128668	0.1187465
4.717155	0.1174022
4.7214513	0.11614752
4.7257552	0.11489284
4.7300668	0.11345892
4.7343879	0.11229386
4.7387152	0.11139766
4.7430506	0.11050145
4.7473941	0.10960525
4.7517457	0.1088883
4.7561049	0.1084402
4.7604723	0.10790247
4.7648478	0.107544
4.7692318	0.10709589
4.7736235	0.10655817
4.7780232	0.1061997
4.7824311	0.10557235
4.7868466	0.1048554
4.7912707	0.10413844
4.7957029	0.1035111
4.8001437	0.10270452
4.8045907	0.10207718
4.8090477	0.10171869
4.8135128	0.10153946
4.8179865	0.10171869
4.8224683	0.10198756
4.8269582	0.10234603
4.8314571	0.10279413
4.8359637	0.10324224
4.8404803	0.1035111
4.8450041	0.10360072
4.8495364	0.10360072
4.8540773	0.1035111
4.8586264	0.103063
4.8631845	0.10297337
4.8677506	0.10288376
4.8723259	0.10243566
4.8769083	0.10180832
4.8815002	0.10118098
4.8861008	0.10073288
4.8907104	0.10019515
4.8953285	0.099747054
4.8999557	0.099388577
4.9045911	0.0990301
4.909236	0.098850854
4.9138899	0.098582
4.9185519	0.098492377
4.923223	0.098402753
4.9279027	0.098402753
4.9325914	0.098492377
4.9372892	0.098671615
4.9419956	0.099209338
4.9467115	0.099836677
4.951437	0.10064325
4.9561706	0.10153946
4.9609137	0.10270452
4.9656653	0.10377996
4.9704261	0.10503463
4.9751964	0.10646856
4.9799757	0.1079921
4.9847641	0.10942601
4.9895606	0.11094955
4.9943671	0.11238348
4.9991837	0.11363816
5.0040088	0.11498246
5.0088439	0.11632676
5.0136881	0.11722296
5.0185413	0.11793991
5.0234041	0.11865687
5.0282774	0.1191946
5.0331593	0.1196427
5.0380507	0.12000118
5.0429511	0.12018041
5.0478616	0.12027004
5.0527816	0.12035965
5.0577111	0.1205389
5.0626502	0.12080775
5.0675998	0.12125586
5.0725584	0.12188319
5.0775266	0.12260016
5.0825043	0.12349635
5.087492	0.12510951
5.0924897	0.12708116
5.097497	0.12941128
5.1025143	0.1321895
5.1075401	0.13550544
5.112577	0.13909024
5.1176243	0.14330238
5.1226811	0.14769375
5.127748	0.15208513
5.1328249	0.15665574
5.1379123	0.16131599
5.1430092	0.16606586
5.1481171	0.17045723
5.1532345	0.17466937
5.1583619	0.17852303
5.1634998	0.18228707
5.1686478	0.18587187
5.1738062	0.18927743
5.1789751	0.1923245
5.184154	0.19501312
5.1893444	0.19761209
5.1945438	0.19994222
5.1997542	0.20191385
5.2049747	0.20406473
5.210206	0.20576751
5.2154474	0.20764954
5.2206998	0.20971079
5.2259626	0.21141356
5.2312346	0.2128475
5.2365189	0.21410218
5.2418137	0.21535686
5.2471189	0.21661153
5.2524352	0.2177766
5.2577624	0.21894164
5.2631001	0.21992747
5.2684488	0.22064444
5.273809	0.22127177
5.2791796	0.22225758
5.2845607	0.22297455
5.2899532	0.22333303
5.2953568	0.22422923
5.3007712	0.22512543
5.3061967	0.22575277
5.3116336	0.22638011
5.3170795	0.22691783
5.3225384	0.22736594
5.3280087	0.22763479
5.3334904	0.22799328
5.3389831	0.22826214
5.3444872	0.22790365
5.3500028	0.22736594
5.3555293	0.22799328
5.3610692	0.22862062
5.3666191	0.22915833
5.37218	0.22924796
5.3777528	0.22906871
5.3833375	0.22906871
5.3889332	0.22906871
5.3945408	0.22897908
5.4001603	0.22862062
5.4057918	0.22817251
5.4114347	0.22790365
5.417089	0.2267386
5.4227557	0.2258424
5.4284339	0.22664897
5.434124	0.22709708
5.439826	0.22655934
5.44554	0.22602163
5.4512644	0.22575277
5.4570026	0.22512543
5.4627528	0.22387075
5.4685154	0.22360189
5.4742899	0.22324342
5.4800768	0.22261608
5.4858756	0.22279532
5.4916868	0.22261608
5.4975119	0.22180949
5.5033479	0.22100291
5.5091963	0.22055481
5.5150576	0.21974823
5.5209308	0.21858317
5.5268164	0.21795583
5.5327148	0.21750773
5.5386262	0.21679077
5.5445509	0.21553609
5.550487	0.21419178
5.5564361	0.21329558
5.562398	0.21275787
5.5683727	0.2119513
5.5743604	0.21006927
5.5803604	0.20872498
5.5863738	0.20863536
5.5923977	0.20818725
5.5984373	0.20693257
5.6044893	0.20585714
5.6105552	0.20496093
5.6166334	0.20370626
5.6227255	0.20272043
5.6288304	0.20128651
5.6349487	0.19922525
5.6410818	0.19680551
5.6472268	0.19599894
5.6533852	0.19510272
5.6595569	0.19456501
5.6657424	0.19366881
5.6719413	0.19160755
5.6781535	0.19008401
5.6843796	0.18900856
5.6906204	0.18730579
5.6968741	0.18605112
5.7031412	0.18398987
5.7094221	0.18139087
5.7157168	0.17986733
5.7220259	0.17879188
5.7283483	0.17717874
5.7346849	0.17529672
5.7410331	0.17323545
5.7473979	0.1711742
5.7537766	0.16956103
5.76017	0.16651395
5.7665772	0.16310839
5.7729988	0.16257067
5.7794347	0.16140562
5.7858849	0.15943398
5.7923512	0.15710385
5.7988305	0.15450487
5.8053241	0.15199551
5.811832	0.14885882
5.8183551	0.14473629
5.8248925	0.1420477
5.8314447	0.14007606
5.8380117	0.13801479
5.8445945	0.13550544
5.851191	0.13236873
5.8578029	0.12869431
5.864429	0.125468
5.8710709	0.12242091
5.877727	0.11767106
5.8843989	0.11444474
5.8910856	0.11229386
5.8977852	0.1088883
5.9045024	0.10682704
5.9112349	0.10386957
5.9179831	0.10037439
5.9247465	0.096699975
5.9315252	0.092487834
5.9383197	0.088634171
5.9451299	0.086393677
5.9519572	0.083525844
5.9587984	0.080478758
5.9656553	0.076983579
5.9725285	0.074026115
5.9794173	0.071247898
5.9863219	0.068380058
5.9932423	0.065691456
6.0001788	0.063719817
6.0071297	0.06130008
6.0140982	0.058790717
6.0210834	0.056729458
6.0280848	0.054488957
6.0351024	0.052338079
6.0421362	0.049918339
6.0491862	0.047588218
6.0562534	0.047050498
6.0633373	0.046154302
6.0704374	0.044809997
6.0775537	0.044003416
6.0846872	0.043376081
6.0918374	0.042659119
6.0990043	0.042121399
6.1061878	0.041314818
6.1133885	0.040866718
6.1206079	0.041404437
6.1278424	0.04203178
6.1350942	0.042569499
6.1423635	0.043196838
6.1496496	0.044182658
6.1569533	0.045258097
6.1642742	0.046781637
6.1716127	0.048125938
6.1789665	0.049022138
6.1863399	0.050545678
6.1937308	0.05260694
6.2011395	0.054040857
6.2085662	0.055385161
6.2160106	0.056908697
6.2234726	0.058432236
6.2309527	0.059776541
6.238452	0.061210457
6.2459679	0.062554754
6.2535024	0.06380944
6.261055	0.06515374
6.2686257	0.066498034
6.2762151	0.067752719
6.2838225	0.069007397
6.2914486	0.070351698
6.2990947	0.071337521
6.3067579	0.072144091
6.3144398	0.073040299
6.3221402	0.0739365
6.3298597	0.0748327
6.3375978	0.075101554
6.345355	0.075639278
6.3531313	0.077073194
6.3609242	0.077879772
6.3687387	0.078059018
6.3765721	0.078955218
6.3844252	0.079851411
6.3922973	0.080478758
6.4001889	0.080837235
6.4081001	0.080030657
6.4160309	0.08012028
6.4239826	0.081912674
6.431953	0.082988113
6.4399428	0.083705075
6.4479527	0.084332414
6.4559822	0.084959753
6.4640322	0.085497476
6.4721022	0.085497476
6.4801922	0.085497476
6.4883046	0.085138999
6.4964356	0.085587099
6.5045867	0.087289877
6.5127583	0.088006832
6.5209503	0.088186078
6.5291634	0.089171901
6.5373969	0.089888856
6.545651	0.090247341
6.5539231	0.090516195
6.5622191	0.090605818
6.5705361	0.090247341
6.5788746	0.091053918
6.587234	0.091860496
6.5956144	0.092308603
6.6040168	0.092935935
6.6124401	0.093204796
6.6208863	0.093025558
6.629353	0.091950119
6.6378412	0.091412395
6.6463513	0.092756703
6.6548829	0.093652897
6.6634369	0.093563274
6.6720128	0.093115173
6.6806107	0.092756703
6.6892328	0.092935935
6.6978755	0.092935935
6.7065401	0.092308603
6.7152276	0.091950119
6.723937	0.091950119
6.7326698	0.091950119
6.7414246	0.091860496
6.7502027	0.091412395
6.7590008	0.090964295
6.7678242	0.090247341
6.7766714	0.089261517
6.7855411	0.088186078
6.7944345	0.087917216
6.8033509	0.088186078
6.8122911	0.087917216
6.8212547	0.087021016
6.8302436	0.086483292
6.8392544	0.086572915
6.848289	0.085945576
6.8573475	0.084511653
6.8664303	0.083973937
6.8755369	0.084511653
6.8846679	0.084511653
6.8938227	0.083973937
6.9029989	0.083256975
6.9122028	0.082898498
6.9214315	0.08254002
6.9306846	0.08200229
6.9399629	0.081554197
6.9492655	0.080747619
6.9585934	0.079851411
6.9679465	0.08012028
6.9773269	0.080209896
6.9867301	0.079851411
6.9961591	0.079492941
7.0056133	0.079313695
7.0150933	0.078865595
7.0245986	0.078596741
7.0341301	0.078059018
7.0436873	0.077252433
7.0532722	0.077431679
7.0628819	0.077521302
7.0725174	0.077162817
7.0821791	0.076714717
7.0918674	0.07635624
7.1015825	0.075818524
7.1113243	0.075011939
7.1210923	0.074563839
7.1308832	0.074294969
7.1407056	0.073667638
7.1505547	0.073040299
7.1604309	0.072502576
7.1703348	0.072054476
7.1802659	0.072054476
7.1902246	0.07196486
7.200211	0.07151676
7.210228	0.071158275
7.2202702	0.070889421
7.23034	0.070351698
7.2404385	0.069903597
7.2505651	0.069455497
7.2607198	0.068828158
7.2709031	0.068111196
7.2811151	0.067483857
7.2913575	0.067035757
7.3016272	0.066318803
7.3119259	0.065243356
7.3222532	0.064526401
7.3326101	0.063719817
7.3429961	0.062823616
7.3534117	0.061927419
7.3638568	0.061031215
7.3743277	0.059866156
7.3848329	0.058790717
7.3953671	0.057715278
7.4059319	0.056550216
7.4165273	0.055564396
7.4271526	0.054309718
7.4378085	0.052965418
7.4484949	0.051531501
7.4592152	0.05027682
7.4699631	0.049022138
7.4807425	0.04776746
7.4915524	0.046512779
7.5023942	0.045078855
7.513267	0.0439138
7.5241718	0.042479876
7.5351081	0.041135579
7.5460782	0.039701656
7.5570784	0.038357358
7.5681105	0.036923438
7.579175	0.035489518
7.5902719	0.034145217
7.6014013	0.032980159
7.6125636	0.031546239
7.6237588	0.030381178
7.6349821	0.029126499
7.6462431	0.027871819
7.6575375	0.026527518
7.6688652	0.025272839
7.6802268	0.02410778
7.6916218	0.022853099
7.7030506	0.021419181
7.7145133	0.020074878
7.7260127	0.018909819
7.7375441	0.017655138
7.7491097	0.01640046
7.7607102	0.01514578
7.7723455	0.01380148
7.7840157	0.01272604
7.7957211	0.0116506
7.8074613	0.0103063
7.8192339	0.00905162
7.8310452	0.0082450397
7.8428926	0.0073488397
7.8547754	0.0064526401
7.8666949	0.00573568
7.8786502	0.0051083397
7.8906422	0.0043017599
7.9026704	0.0036744198
7.9147372	0.0033159398
7.9268394	0.00304708
7.9389782	0.0026885998
7.9511547	0.0025093597
7.9633684	0.00233012
7.9756198	0.0022404997
7.9879088	0.0020612599
8.0002356	0.0020612599
8.0126038	0.0021508799
8.0250072	0.0022404997
8.0374498	0.00241974
8.0499296	0.00277822
8.0624495	0.00286784
8.0750074	0.00286784
8.0876055	0.0031366998
8.1002417	0.0035847998
8.1129141	0.0037640398
8.1256304	0.0039432799
8.1383867	0.0043913801
8.1511831	0.0048394799
8.1640196	0.0050187195
8.1768961	0.0052875802
8.1898146	0.00555644
8.2027731	0.0060045398
8.2157736	0.0064526401
8.2288151	0.0065422598
8.2418976	0.0064526401
8.2550211	0.0065422598
8.2681875	0.0069007399
8.281395	0.0071695996
8.2946453	0.0074384599
8.3079386	0.0075280797
8.3212767	0.0077073197
8.3346548	0.0077969399
8.3480768	0.0077969399
8.3615408	0.0077073197
8.3750496	0.0077073197
8.3886013	0.0080658002
8.4021969	0.0082450397
8.4158373	0.0080658002
8.4295158	0.0079761799
8.4432449	0.0078865597
8.4570189	0.0078865597
8.4708366	0.0077969399
8.4847012	0.0077969399
8.4986105	0.0077073197
8.5125656	0.0075280797
8.5265665	0.0075280797
8.540616	0.0074384599
8.5547094	0.0073488397
8.5688496	0.0070799794
8.5830364	0.0069903601
8.59727	0.0070799794
8.6115513	0.0069903601
8.6258802	0.0064526401
8.6402569	0.0061837793
8.6546841	0.0062733996
8.6691561	0.0061837793
8.6836777	0.0060045398
8.6982479	0.00573568
8.7128668	0.00555644
8.7275343	0.0053771995
8.7422523	0.00519796
8.75702	0.0050187195
8.7718325	0.0049290997
8.7866993	0.0048394799
8.8016176	0.0047498597
8.8165865	0.0048394799
8.8316059	0.0048394799
8.8466768	0.00519796
8.8617992	0.0052875802
8.8769741	0.0052875802
8.8922033	0.0060045398
8.9074821	0.0068111196
8.9228134	0.0071695996
8.9381971	0.0074384599
8.9536343	0.0080658002
8.9691257	0.0087827602
8.9846697	0.0093204798
9.000268	0.0098581994
9.0159235	0.01012706
9.0316315	0.01066478
9.0473928	0.011202499
9.0632105	0.0116506
9.0790825	0.011829839
9.0950108	0.01218832
9.1109953	0.01245718
9.1270351	0.01290528
9.1431274	0.01353262
9.1592817	0.01424958
9.1754923	0.0147873
9.191761	0.014966539
9.2080879	0.014966539
9.224472	0.014697679
9.2409153	0.01424958
9.2574167	0.01380148
9.2739801	0.01317414
9.2906008	0.012367559
9.3072805	0.01147136
9.3240204	0.01057516
9.3408203	0.010216679
9.3576803	0.0097685792
9.3746023	0.0089619989
9.3915854	0.0084242802
9.4086237	0.0084242802
9.4257298	0.0082450397
9.4428988	0.0076176994
9.4601307	0.0075280797
9.4774246	0.0074384599
9.4947834	0.0072592199
9.5122042	0.0074384599
9.5296898	0.0078865597
9.5472441	0.0079761799
9.5648584	0.0078865597
9.5825386	0.0077969399
9.6002836	0.0078865597
9.6180954	0.00833466
9.635973	0.00869314
9.6539164	0.0091412393
9.6719275	0.0095893396
9.6900091	0.0099478196
9.7081556	0.01039592
9.7263699	0.01084402
9.7446527	0.01147136
9.7630043	0.01191946
9.7814245	0.012367559
9.7999153	0.012815659
9.8184757	0.013263759
9.837101	0.01353262
9.8558025	0.013891099
9.8745756	0.014608059
9.8934202	0.015504259
9.9123363	0.016579701
9.9313259	0.018013619
9.950388	0.019447539
9.9695234	0.019895639
9.9887362	0.019626779
10.008019	0.01864096
10.027377	0.017923998
10.04681	0.01783438
10.066319	0.018013619
10.085902	0.01756552
10.105563	0.017296659
10.1253	0.017296659
10.145119	0.01720704
10.165011	0.01684856
10.184982	0.016579701
10.205031	0.01666932
10.22516	0.01666932
10.245367	0.01666932
10.265656	0.01666932
10.286023	0.017027799
10.306466	0.01693818
10.326997	0.017027799
10.34761	0.01756552
10.368304	0.018013619
10.389083	0.018013619
10.409945	0.018013619
10.43089	0.018192859
10.45192	0.018551338
10.473039	0.019178679
10.49424	0.019806018
10.515526	0.020433359
10.536899	0.021239938
10.558359	0.0219569
10.579906	0.023301199
10.601542	0.025093598
10.623267	0.026527518
10.645084	0.027871819
10.666988	0.029126499
10.688982	0.030381178
10.711066	0.031635858
10.733243	0.033069778
10.755511	0.034503698
10.777872	0.03575838
10.800325	0.0367442
10.822865	0.037640397
10.845508	0.038715839
10.868244	0.039791279
10.891077	0.04050824
10.914005	0.041404437
10.937031	0.042300642
10.960154	0.042838361
10.983374	0.043107219
11.006698	0.043465696
11.030116	0.0439138
11.053635	0.044003416
11.077253	0.044182658
11.100973	0.044361901
11.124795	0.044272278
11.14872	0.044093039
11.172747	0.043734558
11.196871	0.043555316
11.221107	0.043465696
11.245447	0.043376081
11.269894	0.043196838
11.294447	0.042748738
11.319107	0.041942157
11.343875	0.041404437
11.368752	0.040866718
11.393744	0.040687479
11.418839	0.04059786
11.444047	0.040149756
11.469365	0.039880898
11.494797	0.039074317
11.52034	0.038357358
11.545999	0.038267739
11.571771	0.038357358
11.597663	0.038088497
11.623667	0.037819639
11.649787	0.037461158
11.676025	0.036833819
11.702382	0.036833819
11.728858	0.036833819
11.755454	0.03620648
11.782171	0.036116861
11.809002	0.036116861
11.835962	0.035847995
11.863048	0.035399899
11.890256	0.035131041
11.91759	0.03477256
11.94505	0.034414079
11.972636	0.034503698
12.000351	0.034593318
12.028198	0.034593318
12.056171	0.034503698
12.084274	0.034145217
12.112508	0.033786736
12.140875	0.033428259
12.169374	0.033159401
12.198009	0.03289054
12.226777	0.032173578
12.255688	0.031635858
12.28473	0.031367
12.31391	0.03145662
12.343228	0.031008517
12.372687	0.030470798
12.402287	0.029933078
12.432029	0.029484978
12.461913	0.029216118
12.491931	0.02876802
12.522105	0.02876802
12.552425	0.028319918
12.582892	0.027692581
12.613507	0.027154859
12.644272	0.026706759
12.675187	0.02607942
12.706254	0.025541699
12.737479	0.024735117
12.768852	0.024197398
12.80038	0.024287019
12.832064	0.02437664
12.863906	0.023928538
12.895905	0.02321158
12.928064	0.02294272
12.960384	0.02249462
12.992874	0.0219569
13.025519	0.021777658
13.05833	0.021867279
13.091305	0.021329559
13.124448	0.020881461
13.157759	0.020702219
13.191238	0.020074878
13.22489	0.019268299
13.258701	0.018999439
13.292698	0.018909819
13.326869	0.0183721
13.361217	0.017923998
13.395742	0.017923998
13.430446	0.017296659
13.46533	0.016041979
13.500397	0.0156835
13.535651	0.0156835
13.571085	0.015235399
13.606705	0.01424958
13.642511	0.013891099
13.678508	0.01407034
13.714694	0.014159959
13.751073	0.013891099
13.787644	0.013353379
13.82442	0.012546799
13.861383	0.01218832
13.898545	0.011560979
13.935907	0.010933639
13.97347	0.010754399
14.011236	0.01012706
14.049208	0.010037439
14.087384	0.010037439
14.125755	0.0094997194
14.16435	0.00869314
14.203156	0.0082450397
14.242176	0.0080658002
14.281411	0.0077969399
14.320862	0.0080658002
14.360532	0.0076176994
14.400422	0.0068111196
14.440542	0.0063630198
14.48088	0.0068111196
14.521442	0.0067214998
14.562233	0.00573568
14.603253	0.0054668197
14.644506	0.00555644
14.685991	0.0053771995
14.727713	0.0053771995
14.76966	0.0050187195
14.811859	0.0051083397
14.8543	0.0052875802
14.896984	0.0053771995
14.939916	0.0053771995
14.983094	0.0054668197
15.026524	0.0054668197
15.070205	0.0059149195
15.11415	0.0058252998
15.158343	0.0062733996
15.202796	0.0061837793
15.24751	0.00555644
15.292488	0.0059149195
15.337732	0.0059149195
15.383245	0.00573568
15.429028	0.00555644
15.475092	0.00573568
15.521424	0.0054668197
15.568036	0.00519796
15.614927	0.0063630198
15.662103	0.0067214998
15.709563	0.0075280797
15.757313	0.0088723795
15.805353	0.0099478196
15.853672	0.0096789598
15.902304	0.0098581994
15.951234	0.01039592
16.000465	0.010754399
16.050003	0.01012706
16.099848	0.0091412393
16.150003	0.00833466
16.200472	0.0081554195
16.251265	0.0081554195
16.30237	0.0082450397
16.353796	0.0082450397
16.405548	0.00833466
16.45763	0.0081554195
16.510042	0.0079761799
16.56279	0.0079761799
16.615877	0.0077073197
16.669313	0.0074384599
16.723085	0.0081554195
16.777206	0.0080658002
16.831676	0.0074384599
16.886503	0.0077969399
16.941689	0.0081554195
16.997234	0.0074384599
17.053146	0.0077073197
17.109409	0.00905162
17.166063	0.0099478196
17.223093	0.0099478196
17.280504	0.0095893396
17.338299	0.00905162
17.396481	0.0088723795
17.455055	0.0091412393
17.514025	0.010216679
17.573404	0.010485539
17.633179	0.010754399
17.693359	0.010037439
17.753954	0.0094100991
17.814964	0.0093204798
17.876394	0.0093204798
17.938251	0.0099478196
18.000536	0.010754399
18.063269	0.010933639
18.126427	0.01084402
18.190027	0.01039592
18.254078	0.01084402
18.318579	0.012277939
18.383539	0.01272604
18.448961	0.01272604
18.514851	0.012815659
18.58119	0.01191946
18.648029	0.012367559
18.715351	0.015056159
18.783159	0.014966539
18.851461	0.013891099
18.920263	0.01424958
18.989569	0.014966539
19.059383	0.01640046
19.129725	0.01595236
19.200575	0.015414639
19.271952	0.014966539
19.343863	0.015235399
19.416311	0.01720704
19.489305	0.01693818
19.562849	0.01640046
19.636951	0.01684856
19.711594	0.01666932
19.786827	0.017475899
19.862638	0.018909819
19.939034	0.018730579
20.016018	0.018820198
20.093599	0.018999439
20.171785	0.018013619
20.250582	0.016310839
20.330009	0.015235399
20.410049	0.01532502
20.490723	0.01442882
20.572035	0.013443
20.653994	0.0156835
20.73661	0.018282479
20.819889	0.018282479
20.903841	0.01693818
20.988487	0.01666932
21.073807	0.018461719
21.159821	0.019178679
21.246542	0.020074878
21.333977	0.02025412
21.422132	0.023301199
21.511023	0.025183219
21.600651	0.024824739
21.691	0.02276348
21.782139	0.022673858
21.874046	0.024824739
21.966734	0.025631318
22.060209	0.023570059
22.154484	0.024555879
22.249567	0.023570059
22.34547	0.021508798
22.442221	0.020612599
22.539797	0.020881461
22.638224	0.021508798
22.737514	0.022853099
22.837679	0.025003979
22.93873	0.02903688
23.04068	0.032711297
23.143541	0.030470798
23.247343	0.027602959
23.35206	0.02903688
23.457727	0.028857639
23.564352	0.027513338
23.671953	0.029395359
23.78054	0.034682937
23.890127	0.036475338
24.000731	0.036923438
24.112324	0.031635858
24.224998	0.031277377
24.338732	0.040239379
24.453537	0.042390257
24.569429	0.037550777
24.686426	0.031994339
24.804543	0.027871819
