# Jarosite, Chemical Formula: K(Fe+3)3(SO4)2(OH)6
# Sample ID: GDS99_K_200C_Syn
# wavelengths (microns), reflectance
1.4242183	0.7620815
1.4246095	0.76145524
1.425001	0.7607246
1.425393	0.76020271
1.4257849	0.75999397
1.4261771	0.76009834
1.4265696	0.75905442
1.4269623	0.75821942
1.4273552	0.75811499
1.4277484	0.75790626
1.4281417	0.75832379
1.4285352	0.75811499
1.428929	0.75717562
1.429323	0.75634056
1.4297171	0.75602746
1.4301115	0.75602746
1.4305061	0.75560993
1.4309008	0.75498366
1.4312959	0.75467044
1.4316912	0.75425303
1.4320866	0.75456613
1.4324824	0.75404418
1.4328783	0.75341785
1.4332745	0.75320911
1.4336708	0.75247848
1.4340675	0.75185221
1.4344643	0.75143468
1.4348613	0.75174785
1.4352585	0.75133032
1.4356561	0.75091279
1.4360538	0.75049525
1.4364517	0.75007778
1.4368497	0.74924266
1.4372482	0.74892962
1.4376467	0.7477814
1.4380456	0.74746823
1.4384446	0.74788576
1.4388438	0.7477814
1.4392433	0.74840766
1.439643	0.7477814
1.4400429	0.74663317
1.4404429	0.74632001
1.4408432	0.74558938
1.4412439	0.74496311
1.4416445	0.74423248
1.4420457	0.74350184
1.4424468	0.74329299
1.4428483	0.74297988
1.4432499	0.74193609
1.443652	0.74141419
1.4440541	0.74068356
1.4444566	0.73974407
1.444859	0.7391178
1.445262	0.73901343
1.4456649	0.73870021
1.4460682	0.73786521
1.4464716	0.73723894
1.4468753	0.73629951
1.4472792	0.73421198
1.4476835	0.73243743
1.4480878	0.73170674
1.4484924	0.73045421
1.4488972	0.72867978
1.4493023	0.72753149
1.4497076	0.72596586
1.4501131	0.7246089
1.4505187	0.72314763
1.4509248	0.72168624
1.4513309	0.72064245
1.4517374	0.71918112
1.4521439	0.71834612
1.4525509	0.71709359
1.452958	0.715841
1.4533653	0.7147972
1.4537728	0.71354461
1.4541807	0.71270955
1.4545887	0.71145695
1.4549969	0.71041316
1.4554054	0.70947379
1.4558141	0.70822126
1.456223	0.70675981
1.4566324	0.70592481
1.4570416	0.70488101
1.4574513	0.70373285
1.4578612	0.70227158
1.4582713	0.7003926
1.4586816	0.69924444
1.4590921	0.69788754
1.4595029	0.69548678
1.4599138	0.69277287
1.460325	0.69026774
1.4607365	0.68713635
1.4611483	0.68431807
1.4615602	0.68087345
1.4619724	0.67565453
1.4623848	0.67168808
1.4627974	0.66793031
1.4632103	0.66271132
1.4636234	0.65790981
1.4640367	0.65436083
1.4644502	0.64997691
1.4648641	0.64527977
1.4652781	0.64131331
1.4656924	0.6380775
1.4661069	0.63578117
1.4665216	0.63588554
1.4669366	0.63630307
1.4673518	0.6375556
1.4677672	0.63933009
1.4681829	0.64058268
1.4685988	0.64131331
1.469015	0.64173084
1.4694314	0.64204395
1.469848	0.64287901
1.4702649	0.6446535
1.470682	0.64684552
1.4710993	0.64893305
1.471517	0.65216887
1.4719347	0.65676165
1.4723527	0.66239822
1.472771	0.66824347
1.4731897	0.67377561
1.4736084	0.67889029
1.4740274	0.68379617
1.4744467	0.68797135
1.4748662	0.6918335
1.4752858	0.69475609
1.4757057	0.6982007
1.476126	0.7011233
1.4765463	0.70321095
1.476967	0.70561165
1.4773879	0.70728171
1.477809	0.70822126
1.4782305	0.70895189
1.478652	0.70936942
1.4790739	0.71072632
1.479496	0.71145695
1.4799184	0.71177012
1.480341	0.71291834
1.4807638	0.71344018
1.4811869	0.71302271
1.4816102	0.71291834
1.4820337	0.71281385
1.4824575	0.71260518
1.4828815	0.71323144
1.4833061	0.71302271
1.4837304	0.71291834
1.4841553	0.71302271
1.4845803	0.71302271
1.4850056	0.71229208
1.4854311	0.71250081
1.4858568	0.71312708
1.4862827	0.71250081
1.4867089	0.71270955
1.4871353	0.71250081
1.4875621	0.71197885
1.4879889	0.71239644
1.4884162	0.71333581
1.4888437	0.71333581
1.4892714	0.71291834
1.4896992	0.71250081
1.4901278	0.71344018
1.4905561	0.71375334
1.4909849	0.71323144
1.4914138	0.71344018
1.491843	0.7147972
1.4922724	0.71490157
1.4927021	0.7151103
1.493132	0.71552783
1.4935622	0.7151103
1.4939926	0.71521467
1.4944233	0.71594536
1.4948542	0.71709359
1.4952854	0.71709359
1.4957168	0.71646726
1.4961485	0.71625847
1.4965804	0.71594536
1.4970125	0.71604973
1.4974447	0.716676
1.4978775	0.716676
1.4983103	0.7161541
1.4987437	0.715841
1.499177	0.71636283
1.4996107	0.716676
1.5000446	0.71604973
1.5004789	0.71542346
1.5009133	0.7153191
1.5013479	0.71521467
1.5017828	0.71500593
1.502218	0.71521467
1.5026534	0.7153191
1.5030892	0.71458834
1.503525	0.71490157
1.5039612	0.71573657
1.5043976	0.71573657
1.5048344	0.7151103
1.5052713	0.71469283
1.5057086	0.71437961
1.506146	0.71458834
1.5065837	0.7153191
1.5070215	0.7151103
1.5074598	0.71469283
1.5078982	0.7147972
1.5083369	0.71500593
1.5087758	0.7151103
1.5092151	0.71552783
1.5096546	0.7156322
1.5100944	0.71625847
1.5105344	0.7161541
1.5109746	0.7156322
1.5114151	0.715841
1.511856	0.71604973
1.5122969	0.7156322
1.5127382	0.7153191
1.5131798	0.7156322
1.5136217	0.7156322
1.5140636	0.7156322
1.514506	0.7161541
1.5149485	0.7156322
1.5153915	0.71521467
1.5158345	0.71542346
1.5162779	0.715841
1.5167215	0.715841
1.5171654	0.7156322
1.5176095	0.71604973
1.518054	0.71646726
1.5184987	0.71657163
1.5189435	0.71730226
1.5193887	0.71792859
1.5198342	0.71761549
1.5202799	0.71792859
1.5207258	0.71824175
1.521172	0.71865922
1.5216186	0.71928549
1.5220653	0.72012055
1.5225123	0.72085118
1.5229596	0.72074682
1.5234071	0.72116441
1.5238549	0.72210377
1.524303	0.72262573
1.5247513	0.7229389
1.5251998	0.72304326
1.5256486	0.72283441
1.5260978	0.72314763
1.5265471	0.72366953
1.5269967	0.72440016
1.5274466	0.72492206
1.5278969	0.72523522
1.5283473	0.72586149
1.528798	0.72680086
1.529249	0.72700965
1.5297003	0.72711402
1.5301517	0.72742712
1.5306035	0.72753149
1.5310555	0.72742712
1.5315078	0.72763604
1.5319604	0.72794914
1.5324134	0.72867978
1.5328665	0.72909731
1.5333198	0.72972357
1.5337734	0.73003674
1.5342274	0.73076737
1.5346816	0.73222864
1.5351361	0.73295933
1.5355908	0.73316807
1.5360456	0.73442072
1.5365007	0.73515135
1.5369563	0.73629951
1.537412	0.73807395
1.5378683	0.73859584
1.5383245	0.73922211
1.5387812	0.7404747
1.539238	0.74120545
1.5396953	0.74235362
1.5401527	0.74350184
1.5406104	0.74454558
1.5410683	0.74527627
1.5415267	0.74621564
1.5419852	0.74736387
1.542444	0.74788576
1.5429029	0.74872077
1.5433626	0.74997342
1.5438222	0.75091279
1.5442821	0.75164342
1.5447421	0.75258285
1.5452026	0.75279158
1.5456632	0.75310475
1.5461243	0.75383544
1.5465856	0.75425303
1.5470469	0.75456613
1.5475086	0.75540119
1.5479708	0.75613183
1.5484331	0.75634056
1.5488957	0.75634056
1.5493586	0.75665373
1.5498219	0.75748873
1.5502852	0.75895005
1.5507492	0.75895005
1.5512131	0.75926316
1.5516775	0.76093334
1.552142	0.76135087
1.5526069	0.76166397
1.553072	0.7620815
1.5535375	0.76302093
1.5540031	0.7636472
1.5544689	0.76333404
1.5549351	0.76406467
1.5554017	0.764691
1.5558684	0.76531732
1.5563356	0.76625669
1.5568029	0.76730055
1.5572705	0.76823997
1.5577384	0.76897061
1.5582068	0.76928371
1.5586753	0.76990998
1.5591441	0.77064073
1.5596131	0.77116251
1.5600824	0.7717889
1.560552	0.77231073
1.561022	0.77251953
1.5614921	0.77304149
1.5619628	0.77418965
1.5624335	0.77554661
1.5629046	0.77638161
1.5633758	0.77627724
1.5638475	0.77648604
1.5643194	0.77690351
1.5647916	0.77721667
1.565264	0.77784294
1.5657365	0.77826047
1.5662096	0.77857357
1.5666829	0.77940857
1.5671564	0.77993053
1.5676304	0.78087002
1.5681045	0.78180945
1.5685791	0.78201818
1.5690538	0.78191382
1.5695291	0.78233129
1.5700043	0.78274882
1.57048	0.78306198
1.5709559	0.78285319
1.5714321	0.78285319
1.5719085	0.78389698
1.5723853	0.78504515
1.5728624	0.78494078
1.5733397	0.78483641
1.5738174	0.78556705
1.5742953	0.78588015
1.5747734	0.78556705
1.5752521	0.78629768
1.5757308	0.78713286
1.5762099	0.7876547
1.5766892	0.78828102
1.5771688	0.78890729
1.5776488	0.78922039
1.5781291	0.79005545
1.5786096	0.79068172
1.5790905	0.79089046
1.5795716	0.79109919
1.5800531	0.79224735
1.5805347	0.79276931
1.5810168	0.79256058
1.5814991	0.79297817
1.5819818	0.79391754
1.5824646	0.7945438
1.5829479	0.7947526
1.5834312	0.7950657
1.5839151	0.79569197
1.5843991	0.79600513
1.5848837	0.79652709
1.5853683	0.7969445
1.5858533	0.79736209
1.5863385	0.79788399
1.5868242	0.79840589
1.58731	0.79903215
1.5877962	0.79903215
1.5882826	0.79861462
1.5887693	0.79924089
1.5892563	0.79976285
1.5897436	0.79997158
1.5902313	0.80080664
1.5907192	0.80111974
1.5912075	0.80205923
1.591696	0.80226791
1.5921849	0.80216354
1.592674	0.80216354
1.5931635	0.80258113
1.5936533	0.80299866
1.5941433	0.80383366
1.5946337	0.80445993
1.5951242	0.80487746
1.5956153	0.8050862
1.5961065	0.8050862
1.5965984	0.80529493
1.5970901	0.80529493
1.5975825	0.80602568
1.5980748	0.80654758
1.5985676	0.80633879
1.5990607	0.80633879
1.5995542	0.80748701
1.6000477	0.80884391
1.6005416	0.80936581
1.6010358	0.8095746
1.6015304	0.80915707
1.6020253	0.80926144
1.6025206	0.8095746
1.603016	0.80988771
1.6035119	0.81030524
1.604008	0.81103587
1.6045047	0.81166214
1.6050013	0.81207967
1.6054984	0.81260169
1.6059958	0.81260169
1.6064935	0.81270605
1.6069914	0.81291479
1.6074898	0.81333232
1.6079884	0.81406295
1.608487	0.81458485
1.6089861	0.81416738
1.6094857	0.81395859
1.6099856	0.81479365
1.6104858	0.81594181
1.6109861	0.81583738
1.611487	0.81521112
1.6119881	0.81552428
1.6124896	0.81646365
1.6129912	0.81677681
1.6134933	0.81740308
1.6139956	0.81782061
1.6144984	0.81761181
1.6150012	0.81792498
1.6155045	0.81834257
1.616008	0.81844693
1.6165122	0.81907326
1.6170163	0.81949079
1.6175209	0.82011706
1.6180257	0.82022142
1.6185309	0.82011706
1.6190363	0.82022142
1.6195421	0.82095206
1.6200482	0.82157832
1.6205544	0.82189149
1.6210611	0.82230896
1.6215682	0.82324839
1.6220756	0.82356149
1.6225833	0.82366598
1.6230912	0.82387471
1.6235996	0.82408339
1.6241082	0.82439661
1.6246173	0.82491851
1.6251266	0.82512724
1.6256363	0.82512724
1.6261462	0.82523161
1.6266564	0.82575357
1.627167	0.82575357
1.6276779	0.82627547
1.6281891	0.82711047
1.6287007	0.8272149
1.6292125	0.827528
1.6297247	0.82846749
1.6302372	0.82825863
1.6307501	0.82825863
1.6312631	0.8285718
1.6317767	0.82940686
1.6322904	0.82951128
1.6328044	0.82961565
1.6333188	0.82982439
1.6338336	0.83013755
1.6343486	0.82961565
1.6348641	0.82961565
1.6353798	0.83034629
1.6358958	0.83128572
1.6364123	0.83222514
1.6369292	0.83253831
1.637446	0.83180755
1.6379635	0.83222514
1.6384811	0.83264267
1.6389992	0.83264267
1.6395175	0.83274704
1.6400362	0.83347768
1.6405551	0.83347768
1.6410745	0.83326894
1.6415942	0.83358204
1.6421142	0.8337909
1.6426344	0.83368653
1.6431552	0.83420843
1.643676	0.83493906
1.6441975	0.83504343
1.644719	0.83525217
1.6452409	0.8351478
1.6457632	0.83493906
1.6462859	0.83504343
1.6468087	0.8351478
1.6473321	0.8346259
1.6478556	0.83483469
1.6483797	0.8351478
1.648904	0.83556533
1.6494286	0.83577406
1.6499535	0.83608723
1.6504788	0.83598286
1.6510044	0.83629596
1.6515305	0.83660913
1.6520567	0.83640033
1.6525834	0.83629596
1.6531103	0.83619159
1.6536378	0.83660913
1.6541654	0.83692223
1.6546935	0.83713102
1.6552217	0.83681786
1.6557504	0.8365047
1.6562793	0.83660913
1.6568087	0.83660913
1.6573384	0.83681786
1.6578683	0.8365047
1.6583985	0.8365047
1.6589293	0.83713102
1.6594603	0.83775729
1.6599917	0.83796602
1.6605233	0.83744413
1.6610554	0.83733976
1.6615878	0.83744413
1.6621207	0.83796602
1.6626537	0.83859235
1.6631873	0.83848804
1.6637208	0.83848804
1.664255	0.83869672
1.6647894	0.83869672
1.6653243	0.83900994
1.6658593	0.83921868
1.6663947	0.83880109
1.6669306	0.83859235
1.6674668	0.83880109
1.6680032	0.83890557
1.6685401	0.83911431
1.6690773	0.83932304
1.6696149	0.83953184
1.6701527	0.83921868
1.670691	0.83900994
1.6712295	0.83932304
1.6717685	0.83953184
1.6723077	0.83974057
1.6728474	0.83953184
1.6733873	0.83942741
1.6739277	0.83942741
1.6744683	0.83974057
1.6750095	0.83984494
1.6755508	0.84005368
1.6760926	0.83994931
1.6766347	0.84068
1.6771772	0.84068
1.6777198	0.84057558
1.6782631	0.84047121
1.6788064	0.84005368
1.6793501	0.84078437
1.6798942	0.84120184
1.6804388	0.84130627
1.6809837	0.84130627
1.6815289	0.84172374
1.6820744	0.84214127
1.6826205	0.84182811
1.6831667	0.841515
1.6837136	0.84182811
1.6842605	0.84214127
1.684808	0.84224564
1.6853557	0.84214127
1.6859038	0.8425588
1.6864522	0.84276754
1.687001	0.84245443
1.6875501	0.84245443
1.6881	0.84297627
1.6886498	0.84297627
1.6892	0.8428719
1.6897506	0.84328943
1.6903015	0.8433938
1.6908529	0.84328943
1.6914046	0.84349817
1.6919565	0.8436026
1.6925087	0.8436026
1.6930614	0.84402007
1.6936146	0.8447507
1.694168	0.84495962
1.6947218	0.84433323
1.695276	0.84464633
1.6958306	0.84527272
1.6963854	0.84527272
1.6969409	0.84495962
1.6974965	0.84495962
1.6980526	0.84600341
1.6986089	0.84631652
1.6991657	0.84610778
1.6997228	0.84600341
1.7002803	0.84610778
1.7008381	0.84631652
1.7013963	0.84610778
1.7019548	0.84621215
1.7025138	0.84610778
1.703073	0.84589899
1.7036328	0.84589899
1.7041928	0.84600341
1.7047533	0.84621215
1.7053139	0.84621215
1.705875	0.84652525
1.7064364	0.84662968
1.7069983	0.84662968
1.7075605	0.84694278
1.7081233	0.84715158
1.7086862	0.84694278
1.7092496	0.84631652
1.7098132	0.84600341
1.7103775	0.84610778
1.7109419	0.84621215
1.7115068	0.84642088
1.712072	0.84683841
1.7126377	0.84673405
1.7132035	0.84662968
1.7137699	0.84652525
1.7143366	0.84631652
1.7149036	0.84652525
1.715471	0.84642088
1.7160389	0.84642088
1.7166071	0.84610778
1.7171758	0.84600341
1.7177447	0.84631652
1.7183142	0.84652525
1.7188838	0.84621215
1.7194541	0.84621215
1.7200245	0.84589899
1.7205955	0.84527272
1.7211666	0.8444376
1.7217383	0.8444376
1.7223103	0.8447507
1.7228827	0.84506398
1.7234554	0.84548151
1.7240288	0.84569025
1.7246022	0.84537715
1.7251762	0.84558588
1.7257504	0.84516835
1.7263252	0.84464633
1.7269002	0.84454197
1.7274756	0.84412444
1.7280514	0.8439157
1.7286276	0.84381133
1.7292041	0.84318507
1.7297812	0.8428719
1.7303585	0.8433938
1.7309363	0.84370697
1.7315143	0.84318507
1.732093	0.8430807
1.7326717	0.84266317
1.7332511	0.84266317
1.7338307	0.84297627
1.7344109	0.84297627
1.7349913	0.84276754
1.7355722	0.84224564
1.7361534	0.84193254
1.7367351	0.8420369
1.737317	0.84214127
1.7378997	0.84182811
1.7384824	0.84141064
1.7390656	0.84088874
1.7396491	0.84078437
1.7402332	0.84109747
1.7408174	0.84078437
1.7414023	0.84036684
1.7419873	0.84036684
1.7425728	0.84036684
1.7431587	0.84026247
1.7437451	0.84026247
1.7443317	0.83963621
1.7449189	0.83942741
1.7455064	0.83911431
1.7460943	0.83921868
1.7466825	0.83932304
1.7472714	0.83932304
1.7478604	0.83869672
1.7484499	0.83786166
1.7490398	0.83786166
1.7496301	0.83817476
1.7502208	0.83807039
1.7508119	0.83765286
1.7514033	0.83744413
1.7519954	0.83733976
1.7525877	0.83681786
1.7531804	0.8365047
1.7537735	0.83640033
1.754367	0.83660913
1.7549609	0.83671349
1.7555553	0.83629596
1.7561499	0.83577406
1.7567449	0.8356697
1.7573403	0.83493906
1.7579362	0.83452153
1.7585325	0.83483469
1.7591293	0.83525217
1.7597264	0.83483469
1.760324	0.83452153
1.7609218	0.83473027
1.7615204	0.83441716
1.7621191	0.83389527
1.7627183	0.83420843
1.7633178	0.83420843
1.7639178	0.8343128
1.7645181	0.83420843
1.7651191	0.8337909
1.7657201	0.83347768
1.7663218	0.83347768
1.7669238	0.83347768
1.7675263	0.83326894
1.768129	0.83337331
1.7687324	0.83358204
1.769336	0.83326894
1.7699401	0.83337331
1.7705445	0.83326894
1.7711494	0.83264267
1.7717546	0.83264267
1.7723604	0.83274704
1.7729665	0.83253831
1.773573	0.83222514
1.7741799	0.83191204
1.7747874	0.83232951
1.7753952	0.83274704
1.7760036	0.83253831
1.7766122	0.83201641
1.7772213	0.83191204
1.7778307	0.83170319
1.7784407	0.83128572
1.7790509	0.83086818
1.7796618	0.83065945
1.7802728	0.83055502
1.7808841	0.83065945
1.781496	0.83045065
1.7821085	0.83034629
1.7827213	0.83034629
1.7833346	0.83003312
1.7839482	0.82972002
1.7845623	0.82940686
1.7851768	0.82930249
1.785792	0.82930249
1.7864072	0.82909375
1.7870232	0.82878053
1.7876393	0.82888502
1.788256	0.82825863
1.788873	0.82784116
1.7894906	0.827528
1.7901084	0.82711047
1.790727	0.8270061
1.7913457	0.82731926
1.7919649	0.82711047
1.7925845	0.82679737
1.7932047	0.82658863
1.793825	0.82596236
1.794446	0.8256492
1.7950673	0.82554483
1.795689	0.82512724
1.7963111	0.82481414
1.7969339	0.82450098
1.7975569	0.82418787
1.7981805	0.82366598
1.7988043	0.82335275
1.7994287	0.82335275
1.8000535	0.82293522
1.800679	0.82272649
1.8013045	0.82241338
1.8019307	0.82220459
1.8025571	0.82168269
1.8031842	0.82074332
1.8038116	0.81980389
1.8044394	0.81907326
1.8050677	0.81886435
1.8056965	0.81813371
1.8063256	0.81729871
1.8069552	0.81708992
1.8075852	0.81604618
1.8082157	0.81448048
1.8088466	0.81385422
1.809478	0.81395859
1.8101097	0.81354105
1.8107419	0.81239295
1.8113745	0.81103587
1.8120078	0.8100965
1.8126413	0.80967897
1.8132753	0.80936581
1.8139096	0.80863518
1.8145447	0.80780017
1.8151799	0.80706942
1.8158158	0.80654758
1.8164519	0.80592132
1.8170887	0.80539936
1.8177258	0.80477309
1.8183634	0.80445993
1.8190013	0.80414683
1.8196399	0.80331177
1.8202788	0.80226791
1.8209183	0.80216354
1.8215581	0.80174601
1.8221985	0.80153728
1.8228391	0.80153728
1.8234804	0.80174601
1.8241218	0.80132854
1.824764	0.80018038
1.8254064	0.79913652
1.8260493	0.79882336
1.8266927	0.79851025
1.8273367	0.79757082
1.8279809	0.79652709
1.8286258	0.7955876
1.829271	0.79433507
1.8299167	0.79245621
1.8305628	0.79057729
1.8312097	0.78880286
1.8318566	0.78661096
1.8325043	0.78389698
1.8331522	0.78139192
1.8338007	0.77857357
1.8344495	0.77523339
1.835099	0.77168447
1.8357487	0.76813555
1.8363992	0.76542169
1.83705	0.76218587
1.8377012	0.75842816
1.8383528	0.7551924
1.839005	0.75133032
1.8396575	0.74705076
1.8403107	0.74381489
1.8409641	0.7401616
1.8416178	0.73577762
1.8422722	0.73233306
1.8429272	0.7287842
1.8435825	0.7246089
1.8442384	0.72095555
1.8448946	0.71698922
1.8455515	0.71323144
1.8462087	0.70947379
1.8468666	0.70623791
1.8475248	0.70404601
1.8481835	0.70279342
1.8488425	0.70185405
1.8495022	0.70101887
1.8501621	0.70122766
1.8508228	0.70227158
1.8514837	0.70394158
1.852145	0.70592481
1.8528068	0.70832562
1.8534694	0.71083069
1.8541322	0.71354461
1.8547956	0.71678036
1.8554593	0.71918112
1.8561238	0.72012055
1.8567885	0.72043365
1.8574541	0.72064245
1.8581197	0.72032928
1.858786	0.71928549
1.8594526	0.7171979
1.8601199	0.71552783
1.8607875	0.71500593
1.8614557	0.7147972
1.8621242	0.71427524
1.8627936	0.71385771
1.8634632	0.71396208
1.8641332	0.7147972
1.8648038	0.71636283
1.8654748	0.71834612
1.8661463	0.72012055
1.8668184	0.72231263
1.8674908	0.72502643
1.8681637	0.72857541
1.868837	0.73233306
1.869511	0.73588204
1.8701854	0.73974407
1.8708603	0.74444121
1.8715357	0.74934703
1.8722117	0.75320911
1.872888	0.75707126
1.8735651	0.76155961
1.8742423	0.76552606
1.8749202	0.76855308
1.8755985	0.7710582
1.8762774	0.77293706
1.8769567	0.77450275
1.8776366	0.77617288
1.8783168	0.77690351
1.8789977	0.77711231
1.8796788	0.77773857
1.8803607	0.77784294
1.881043	0.77742541
1.8817258	0.77742541
1.882409	0.77711231
1.8830929	0.77669477
1.883777	0.77575529
1.8844618	0.77544224
1.8851469	0.77460712
1.8858327	0.77345896
1.8865188	0.77231073
1.8872057	0.77147573
1.8878928	0.77001446
1.8885808	0.76844871
1.8892689	0.76688302
1.8899578	0.76489973
1.8906469	0.76291651
1.8913368	0.76093334
1.892027	0.75905442
1.8927178	0.75665373
1.893409	0.75414866
1.8941009	0.75185221
1.8947932	0.74945152
1.8954861	0.74736387
1.8961793	0.74485874
1.8968732	0.74235362
1.8975675	0.73984843
1.8982624	0.73755205
1.8989576	0.73483825
1.8996536	0.7325418
1.9003499	0.730663
1.9010466	0.72847104
1.9017439	0.72617459
1.9024419	0.7237739
1.9031402	0.72199941
1.9038392	0.72022492
1.9045385	0.71824175
1.9052386	0.71657163
1.905939	0.7147972
1.9066402	0.71260518
1.9073416	0.71124822
1.9080436	0.71030879
1.9087461	0.70874316
1.9094492	0.70696855
1.9101527	0.70498538
1.9108568	0.70394158
1.9115614	0.70352411
1.9122664	0.70300221
1.912972	0.70154077
1.9136782	0.70028824
1.9143847	0.69997513
1.915092	0.6995576
1.9157996	0.69882697
1.916508	0.69851381
1.9172167	0.6982007
1.9179261	0.69747001
1.9186358	0.69653064
1.9193462	0.69569552
1.9200571	0.69548678
1.9207685	0.69548678
1.9214803	0.69548678
1.9221928	0.69517362
1.9229058	0.69506925
1.9236195	0.69517362
1.9243335	0.69559115
1.9250481	0.69548678
1.9257631	0.69548678
1.9264789	0.69527805
1.927195	0.69538242
1.9279118	0.69559115
1.9286289	0.69569552
1.9293463	0.69590437
1.9300646	0.69600874
1.9307835	0.69590437
1.9315028	0.69590437
1.9322227	0.69611311
1.9329431	0.69642627
1.9336642	0.69684374
1.9343857	0.69726127
1.9351079	0.69799191
1.9358305	0.69851381
1.9365537	0.69882697
1.9372772	0.69893134
1.9380015	0.69914007
1.9387262	0.69934887
1.9394516	0.69997513
1.9401773	0.70070577
1.940904	0.70070577
1.9416308	0.7009145
1.9423584	0.7011233
1.9430864	0.70164526
1.943815	0.70268905
1.9445441	0.70300221
1.9452738	0.70289785
1.9460039	0.70362848
1.9467345	0.70446348
1.9474658	0.70488101
1.9481977	0.70488101
1.94893	0.70498538
1.949663	0.70582044
1.9503965	0.70655107
1.9511306	0.70665544
1.9518652	0.70686418
1.9526006	0.7071774
1.9533362	0.70728171
1.9540726	0.7076993
1.9548093	0.7080124
1.9555469	0.70811677
1.9562846	0.70832562
1.9570233	0.70863873
1.9577622	0.70884752
1.9585019	0.70884752
1.959242	0.70874316
1.9599829	0.70905626
1.960724	0.70957816
1.961466	0.71010005
1.9622083	0.71062195
1.9629514	0.71114385
1.9636948	0.71114385
1.9644389	0.71093506
1.9651834	0.71114385
1.9659288	0.71124822
1.9666744	0.71156132
1.9674209	0.71187449
1.9681678	0.71239644
1.9689153	0.71281385
1.9696634	0.71270955
1.9704123	0.71260518
1.9711614	0.71312708
1.9719112	0.71354461
1.9726615	0.71364897
1.9734125	0.71417087
1.9741639	0.71469283
1.9749161	0.7153191
1.9756685	0.71573657
1.976422	0.71594536
1.9771756	0.71625847
1.9779301	0.71688473
1.9786849	0.71761549
1.9794405	0.71813732
1.9801965	0.71845049
1.9809532	0.71845049
1.9817104	0.71876365
1.9824681	0.71918112
1.9832264	0.71918112
1.9839855	0.71907675
1.984745	0.71918112
1.9855052	0.71959865
1.9862659	0.71970302
1.9870273	0.72001618
1.987789	0.72022492
1.9885516	0.72053808
1.9893147	0.72053808
1.9900783	0.72032928
1.9908425	0.72032928
1.9916074	0.72043365
1.9923728	0.72043365
1.9931389	0.72064245
1.9939053	0.72064245
1.9946727	0.72074682
1.9954402	0.72085118
1.9962088	0.72085118
1.9969776	0.72074682
1.9977473	0.72085118
1.9985173	0.72116441
1.9992882	0.72147751
2.0000594	0.72137314
2.0008314	0.72126877
2.0016038	0.72126877
2.002377	0.72147751
2.0031507	0.72179067
2.0039251	0.72179067
2.0046999	0.72158188
2.0054755	0.72179067
2.0062516	0.72210377
2.0070286	0.72199941
2.0078058	0.72189504
2.0085838	0.72199941
2.0093622	0.722417
2.0101414	0.7229389
2.010921	0.72304326
2.0117013	0.72283441
2.0124824	0.723252
2.0132637	0.72335637
2.0140457	0.72335637
2.0148287	0.7237739
2.0156119	0.72440016
2.016396	0.72450453
2.0171804	0.72387826
2.0179658	0.72366953
2.0187516	0.72366953
2.0195379	0.72387826
2.0203249	0.72419143
2.0211127	0.72387826
2.0219009	0.72356516
2.0226898	0.72335637
2.0234792	0.7229389
2.0242696	0.72314763
2.0250602	0.7229389
2.0258517	0.72252136
2.0266438	0.72199941
2.0274363	0.72158188
2.0282295	0.72158188
2.0290234	0.72126877
2.0298178	0.72074682
2.0306129	0.72043365
2.0314085	0.72022492
2.0322044	0.71991175
2.0330014	0.71959865
2.0337989	0.71907675
2.0345972	0.71845049
2.0353961	0.71813732
2.0361953	0.71761549
2.0369956	0.71730226
2.0377963	0.7171979
2.0385981	0.71688473
2.0393999	0.71625847
2.0402026	0.7156322
2.0410056	0.71552783
2.0418096	0.71542346
2.042614	0.7151103
2.0434194	0.7151103
2.044225	0.71521467
2.0450315	0.71469283
2.0458386	0.71396208
2.0466464	0.71364897
2.0474546	0.71364897
2.0482635	0.71354461
2.049073	0.71302271
2.0498834	0.71250081
2.0506942	0.71229208
2.0515053	0.71239644
2.0523174	0.71197885
2.0531304	0.71114385
2.0539436	0.71093506
2.0547578	0.71051759
2.0555725	0.71010005
2.0563879	0.70968252
2.057204	0.70947379
2.0580208	0.70926499
2.0588381	0.70905626
2.0596561	0.70811677
2.0604746	0.70738608
2.0612941	0.70675981
2.062114	0.70623791
2.0629346	0.70571601
2.0637558	0.70540291
2.0645773	0.70477664
2.0653996	0.70456785
2.0662231	0.70394158
2.0670469	0.70331532
2.0678713	0.70248032
2.0686965	0.70174968
2.0695224	0.70122766
2.0703487	0.7009145
2.0711763	0.70018387
2.0720038	0.69945323
2.0728326	0.69914007
2.0736616	0.69840944
2.0744915	0.69757444
2.0753219	0.69715691
2.076153	0.69684374
2.0769846	0.69694811
2.0778172	0.69673938
2.0786502	0.69611311
2.0794842	0.69580001
2.0803187	0.69517362
2.0811539	0.6945473
2.0819895	0.69423419
2.0828261	0.69433856
2.0836632	0.69423419
2.084501	0.69402546
2.0853395	0.69402546
2.0861788	0.69392103
2.0870185	0.69392103
2.0878592	0.69360793
2.0887003	0.69308603
2.0895422	0.69277287
2.0903847	0.69256413
2.0912282	0.69235539
2.092072	0.6916247
2.0929167	0.69120723
2.0937619	0.69058096
2.0946081	0.68985021
2.0954545	0.68922395
2.096302	0.68891084
2.0971498	0.68838894
2.0979986	0.68765825
2.0988479	0.68692756
2.0996981	0.68651009
2.1005487	0.68588382
2.1014004	0.68515307
2.1022525	0.6845268
2.1031053	0.68390054
2.1039588	0.6831699
2.1048129	0.68275237
2.1056678	0.68202174
2.1065235	0.68118668
2.1073797	0.68024719
2.1082368	0.67972529
2.1090944	0.67920339
2.1099529	0.67868149
2.1108119	0.67826402
2.1116717	0.67753339
2.1125321	0.67722023
2.1133935	0.67690706
2.1142552	0.67638522
2.115118	0.67565453
2.1159811	0.67523706
2.1168454	0.67461067
2.1177099	0.67408878
2.1185756	0.67367125
2.1194417	0.67304498
2.1203086	0.67262745
2.121176	0.67231435
2.1220446	0.67168808
2.1229134	0.67074865
2.1237831	0.66980916
2.1246536	0.66928738
2.1255245	0.66866094
2.1263962	0.66793031
2.1272688	0.6670953
2.1281419	0.66646904
2.1290162	0.66594714
2.1298907	0.66500771
2.1307662	0.66385949
2.1316423	0.66323322
2.1325192	0.66292012
2.1333966	0.66187626
2.1342752	0.66083246
2.135154	0.66010183
2.1360338	0.65957993
2.1369143	0.6593712
2.1377954	0.65853608
2.1386774	0.65759671
2.1395605	0.65697044
2.1404438	0.65603101
2.1413281	0.65540469
2.1422129	0.65488279
2.1430986	0.65404779
2.1439848	0.65321267
2.144872	0.65279514
2.1457596	0.6520645
2.1466477	0.65102071
2.1475368	0.6501857
2.148427	0.64945507
2.1493175	0.64872438
2.1502092	0.64788926
2.1511011	0.64694989
2.1519942	0.64611483
2.1528878	0.64496666
2.1537826	0.64392287
2.1546776	0.64308786
2.1555736	0.64204395
2.1564703	0.64131331
2.1573677	0.64058268
2.1582658	0.63943452
2.1591649	0.63828635
2.1600645	0.63713813
2.1609645	0.6359899
2.1618655	0.6351549
2.1627674	0.634633
2.1636701	0.63338047
2.1645734	0.63191909
2.1654775	0.63097966
2.1663826	0.62983149
2.1672883	0.62868333
2.168195	0.62784827
2.169102	0.62659568
2.1700101	0.62534314
2.1709187	0.62398618
2.1718283	0.62283802
2.1727386	0.6216898
2.1736495	0.62085479
2.1745613	0.61991531
2.1754742	0.61845404
2.1763873	0.61741024
2.1773014	0.61626202
2.1782162	0.61490506
2.179132	0.61354816
2.1800482	0.61208683
2.1809654	0.61031234
2.1818831	0.60853791
2.1828015	0.60707659
2.1837208	0.60551083
2.1846411	0.60373634
2.1855621	0.60154438
2.1864841	0.59945679
2.1874065	0.59789109
2.1883299	0.59622103
2.189254	0.59465528
2.1901793	0.59256768
2.1911051	0.59016693
2.1920316	0.58828807
2.1929588	0.58609611
2.193887	0.58432162
2.1948156	0.58254719
2.1957452	0.5807727
2.1966755	0.57868505
2.197607	0.57670188
2.1985388	0.57524055
2.1994717	0.57388359
2.2004051	0.57221347
2.2013395	0.57043904
2.2022746	0.56845582
2.2032106	0.56657696
2.2041473	0.5646981
2.2050848	0.56271487
2.206023	0.56041849
2.2069621	0.55885279
2.207902	0.5581221
2.2088428	0.5572871
2.2097843	0.55613893
2.2107267	0.55593014
2.2116697	0.55613893
2.2126141	0.55634761
2.2135587	0.55634761
2.2145045	0.5564521
2.2154505	0.55707836
2.216398	0.557809
2.2173457	0.5581221
2.2182946	0.55822653
2.2192442	0.55833089
2.2201948	0.55791336
2.2211459	0.5581221
2.2220981	0.55801773
2.2230508	0.55760026
2.2240045	0.557809
2.2249589	0.55770463
2.2259145	0.55760026
2.2268705	0.557809
2.2278273	0.55853963
2.228785	0.55968785
2.2297437	0.56073165
2.2307031	0.56198424
2.2316635	0.5638631
2.2326245	0.56532437
2.2335865	0.56647259
2.234549	0.56678575
2.2355127	0.56668139
2.2364771	0.56636816
2.2374425	0.5657419
2.2384083	0.56525713
2.2393754	0.5632214
2.2403431	0.56205809
2.2413118	0.56273669
2.2422812	0.5625428
2.243252	0.56196117
2.2442229	0.56070095
2.2451949	0.55895603
2.2461677	0.55575699
2.2471414	0.55061924
2.2481158	0.54519057
2.2490911	0.53821087
2.2500672	0.52977711
2.251044	0.52047086
2.2520218	0.50961357
2.2530005	0.50011349
2.2539799	0.49100113
2.2549605	0.48053157
2.2559416	0.47219476
2.2569239	0.46550587
2.2579067	0.45891395
2.2588909	0.45290369
2.2598755	0.44834751
2.2608612	0.44408214
2.2618475	0.44107699
2.2628348	0.43894431
2.263823	0.43807185
2.264812	0.43884739
2.2658017	0.4403984
2.2667923	0.44272497
2.2677839	0.44631177
2.2687764	0.44960773
2.2697697	0.45241895
2.2707639	0.45484248
2.271759	0.45794457
2.2727549	0.45998031
2.2737517	0.46104664
2.2747495	0.46269462
2.275748	0.46521506
2.2767475	0.46948043
2.2777479	0.4764601
2.278749	0.4858633
2.2797511	0.49759305
2.2807541	0.51126158
2.2817578	0.52609336
2.282763	0.53947109
2.2837684	0.55042535
2.284775	0.55866522
2.2857823	0.56525713
2.2867908	0.57126743
2.2877998	0.57553279
2.28881	0.57766545
2.2898209	0.57795626
2.2908323	0.57650214
2.2918451	0.57330316
2.2928588	0.56855309
2.2938731	0.56293058
2.2948887	0.55701727
2.2959049	0.55061924
2.2969222	0.54548138
2.2979403	0.54296094
2.2989597	0.54344565
2.2999794	0.54712939
2.3010006	0.55226719
2.3020222	0.56021625
2.303045	0.57049191
2.3040683	0.5806706
2.3050931	0.59036458
2.3061182	0.59947693
2.3071454	0.60684443
2.3081722	0.61363018
2.3092005	0.61925268
2.3102295	0.62380892
2.3112597	0.62739569
2.3122904	0.63049775
2.3133223	0.63263047
2.3143549	0.6341815
2.3153882	0.63573247
2.3164227	0.63718665
2.3174584	0.63902843
2.3184946	0.64116114
2.3195322	0.64251834
2.3205702	0.64348775
2.3216095	0.64387548
2.3226497	0.64494181
2.3236911	0.64591122
2.324733	0.64658976
2.3257761	0.64717144
2.3268199	0.64726835
2.3278646	0.64785004
2.3289104	0.64843172
2.3299572	0.64804393
2.3310046	0.64852864
2.3320534	0.64872247
2.3331029	0.64833468
2.3341534	0.6489163
2.3352048	0.64843172
2.3362572	0.64804393
2.3373103	0.64775306
2.3383648	0.64688063
2.3394198	0.64717144
2.340476	0.64697754
2.3415329	0.64591122
2.342591	0.64503872
2.3436501	0.64455408
2.3447101	0.64377856
2.3457711	0.64261526
2.346833	0.64203364
2.3478959	0.64154893
2.3489597	0.64009482
2.3500245	0.6388346
2.3510904	0.63786519
2.3521569	0.63650805
2.3532248	0.63524777
2.3542933	0.63466614
2.3553631	0.63369679
2.3564336	0.63321209
2.3575051	0.6323396
2.3585775	0.63146716
2.3596511	0.62943143
2.3607256	0.6276865
2.3618011	0.6263293
2.3628776	0.62448752
2.363955	0.62303334
2.3650334	0.62148231
2.3661137	0.61934966
2.3671939	0.617217
2.3682754	0.61508435
2.3693576	0.61333936
2.3704412	0.61178839
2.3715253	0.6097526
2.3726108	0.60732907
2.373697	0.60403317
2.3747847	0.60141575
2.3758729	0.59899223
2.3769624	0.59589016
2.3780525	0.59298199
2.379144	0.58939517
2.3802361	0.5858084
2.3813298	0.58212471
2.3824239	0.57815015
2.3835192	0.5746603
2.3846154	0.57155824
2.3857129	0.56729287
2.3868113	0.56360918
2.3879108	0.55963463
2.3890109	0.5560478
2.3901126	0.55265492
2.3912148	0.54945588
2.3923185	0.54654771
2.3934228	0.54334873
2.3945284	0.53985888
2.3956349	0.53685373
2.3967426	0.53472102
2.397851	0.53278226
2.3989608	0.53064954
2.4000711	0.52832299
2.4011834	0.52667505
2.4022958	0.52512395
2.4034097	0.52357298
2.4045243	0.52211881
2.4056404	0.52095556
2.4067569	0.52056783
2.4078751	0.52047086
2.4089937	0.52066475
2.4101133	0.52153718
2.4112341	0.52337909
2.4123564	0.52463931
2.4134791	0.52589947
2.4146035	0.52754748
2.4157286	0.529971
2.4168549	0.53171587
2.4179819	0.53365469
2.4191108	0.53539962
2.4202399	0.53733844
2.4213705	0.5390833
2.4225018	0.54053748
2.4236345	0.54208845
2.424768	0.54257315
2.4259028	0.54228234
2.4270384	0.54267013
2.4281759	0.54276705
2.4293137	0.54286397
2.4304526	0.54237926
2.4315925	0.54140991
2.4327338	0.53956801
2.4338756	0.53704762
2.435019	0.53481799
2.4361632	0.53326696
2.4373078	0.53074652
2.4384544	0.5281291
2.4396017	0.52512395
2.4407504	0.52153718
2.4419	0.51756269
2.4430506	0.51320034
2.4442027	0.50786865
2.4453554	0.50253695
2.4465098	0.49720526
2.447665	0.49197051
2.4488211	0.48702657
2.4499784	0.48140404
2.4511368	0.47490907
2.4522963	0.46977124
2.4534569	0.46560284
2.4546185	0.4619191
2.4557815	0.45842925
2.4569452	0.45571491
2.4581103	0.45406693
2.4592764	0.4536792
2.4604435	0.45416391
2.4616117	0.45523027
2.4627812	0.45619965
2.4639518	0.4565874
2.4651229	0.45629659
2.4662957	0.45755678
2.4674697	0.45939866
2.4686446	0.4601742
2.4698207	0.46172521
2.4709978	0.4624038
2.4721763	0.46211299
2.4733558	0.46220991
2.4745364	0.46269462
2.4757183	0.46317932
2.4769011	0.46327627
2.478085	0.46298543
2.4792702	0.46250072
2.4804564	0.46172521
2.4816439	0.46065891
2.4828324	0.45910785
2.4840217	0.45668435
2.4852126	0.4538731
2.4864044	0.45018935
2.4875975	0.44553623
2.4887917	0.44049537
2.4899871	0.43564835
2.4911838	0.43012279
2.4923813	0.42372471
2.4935806	0.41635731
2.4947805	0.40821436
2.4959817	0.40007138
2.497184	0.392607
2.4983873	0.38708141
2.4995921	0.38427016
2.5007977	0.38407627
2.5020049	0.38611203
2.5032129	0.39066821
2.5044224	0.39667851
2.5056329	0.40327042
2.5068443	0.4100562
2.5080571	0.41567871
2.5092711	0.41936246
2.5104864	0.42246452
2.5117025	0.42479107
2.5129199	0.42624518
2.5141385	0.42769927
2.5153584	0.42837787
2.5165794	0.42789316
2.5178018	0.42643905
2.5190251	0.42566356
2.5202496	0.42527577
2.5214756	0.42401558
2.5227027	0.42275533
2.5239308	0.42197981
2.5251603	0.42071959
2.5263908	0.41994408
2.5276225	0.41955632
2.5288556	0.41955632
2.5300899	0.41936246
2.5313251	0.41897467
2.532562	0.41926548
2.5337996	0.42023492
2.5350387	0.41945937
2.536279	0.41916856
2.5375204	0.41975021
2.538763	0.42013794
2.5400069	0.41945937
2.5412521	0.41936246
2.5424979	0.41936246
2.5437455	0.41887775
2.5449944	0.41848996
2.5462441	0.41800529
2.5474954	0.41713279
2.548748	0.41674507
2.5500016	0.41567871
2.5512564	0.41373992
2.5525131	0.41160724
2.5537705	0.41054088
2.5550292	0.40908679
2.556289	0.40753576
2.5575502	0.40540305
2.5588126	0.40259182
2.5600762	0.39958668
2.561341	0.39667851
2.5626073	0.39435193
2.5638747	0.3921223
2.5651433	0.39066821
2.5664132	0.38960186
2.5676842	0.38785693
2.5689566	0.38543344
2.5702302	0.38349462
2.5715053	0.38174972
2.5727808	0.37893847
2.5740583	0.37670887
2.5753372	0.37380064
2.576617	0.37079549
2.5778983	0.3686628
2.579181	0.36536685
2.5804646	0.3606168
2.5817497	0.35625452
2.5830364	0.3514075
2.5843241	0.34704518
2.585613	0.34239209
2.5869033	0.33657569
2.5881948	0.33143786
2.5894876	0.32717249
2.5907817	0.32310104
2.592077	0.31873873
2.5933733	0.3136009
2.5946712	0.30972332
2.5959706	0.30943251
2.5972712	0.30875391
2.598573	0.30768755
2.5998762	0.30603957
2.6011808	0.30400386
2.6024866	0.30264667
2.6037939	0.30148339
2.6051023	0.30090177
2.6064122	0.30158034
2.6077232	0.30284056
2.6090355	0.30448851
2.6103492	0.30652428
2.6116643	0.30836615
2.6129806	0.30933553
2.6142986	0.30952942
2.6156178	0.30788144
2.6169381	0.30613649
2.6182597	0.30477938
2.6195827	0.30254975
2.6209071	0.30167729
2.6222329	0.30158034
2.62356	0.30099869
2.6248877	0.30177423
2.6262174	0.30322832
2.6275485	0.30671817
2.628881	0.30933553
2.6302147	0.31282538
2.6315498	0.31825402
2.6328864	0.32271326
2.6342242	0.32688168
2.6355639	0.33056539
2.6369042	0.33424911
2.6382463	0.33783588
2.6395895	0.34016246
2.6409342	0.34151962
2.6422803	0.34229514
2.6436276	0.34258598
2.6449764	0.34200433
2.6463268	0.34190738
2.6476784	0.34181044
2.6490314	0.34103492
2.6503856	0.33967775
2.6517413	0.33841756
2.6530983	0.33812669
2.6544569	0.33802977
2.6558168	0.33890224
2.6571774	0.34064716
2.65854	0.34113184
2.6599042	0.34181044
2.6612697	0.34297371
2.6626365	0.34355536
2.6640048	0.34219819
2.6653745	0.34122881
2.6667454	0.34132573
2.6681182	0.34229514
2.6694922	0.34142271
2.6708674	0.34258598
2.6722443	0.34481558
2.6736224	0.3453972
2.6750021	0.34617275
2.676383	0.34752992
2.6777654	0.35005033
2.6791496	0.35266772
2.6805348	0.35557592
2.6819217	0.35693306
2.6833098	0.35732085
2.6846995	0.3579025
2.6860905	0.3577086
2.6874828	0.35654533
2.6888769	0.35499427
2.6902716	0.35276467
2.6916685	0.34946871
2.6930668	0.34510639
2.6944666	0.34190738
2.6958678	0.33948386
2.6972704	0.33676958
2.6986744	0.33269811
2.7000799	0.32833579
2.7014871	0.32397348
2.7028956	0.32019281
2.7043056	0.3165091
2.7057171	0.31253457
2.70713	0.30778453
2.7085443	0.30274361
2.7099602	0.29789662
2.7113776	0.2937282
2.7127967	0.28936589
2.7142169	0.28403419
2.7156389	0.27841169
2.7170622	0.27220753
2.718487	0.26600334
2.7199132	0.25999308
2.7213409	0.25514609
2.7227702	0.24991132
2.7242005	0.2438041
2.7256327	0.23924792
2.7270665	0.2350795
2.7285018	0.23052332
2.7299387	0.22499774
2.7313771	0.21947215
2.7328169	0.21423741
2.7342582	0.20909958
2.7357013	0.20396176
2.7371457	0.19814536
2.7385917	0.19232896
2.7400391	0.18767585
2.741488	0.1832166
2.7429385	0.1788543
2.7443907	0.17468588
2.7458441	0.17071135
2.747299	0.16634905
2.7487557	0.16218062
2.7502139	0.15810913
2.7516737	0.15423153
2.753135	0.15025701
2.7545979	0.14579776
2.7560623	0.1420171
2.7575283	0.13920584
2.7589962	0.13590989
2.7604654	0.13193534
2.7619359	0.12844551
2.7634082	0.12621588
2.7648821	0.1240832
2.7663574	0.1216597
2.7678344	0.11981785
2.7693131	0.11787904
2.7707932	0.11574636
2.772275	0.11400145
2.7737584	0.11206264
2.7752433	0.10983302
2.7767296	0.10779728
2.7782178	0.10624624
2.7797074	0.10537378
2.7811987	0.10450132
2.782691	0.10333804
2.7841854	0.10265946
2.7856815	0.1022717
2.7871792	0.10169005
2.7886784	0.10081761
2.7901793	0.10023596
2.7916818	0.099460438
2.7931859	0.098491043
2.794692	0.097230814
2.7961996	0.096358359
2.7977085	0.095195077
2.7992191	0.093644045
2.8007314	0.091705233
2.8022454	0.089960322
2.803761	0.088312343
2.8052781	0.086761296
2.806797	0.084725559
2.8083177	0.082495943
2.8098397	0.08007244
2.8113635	0.077842824
2.8128889	0.075225443
2.8144159	0.072511122
2.8159447	0.070378438
2.8174751	0.068051882
2.8190067	0.065434501
2.8205404	0.063592635
2.8220758	0.062138543
2.8236129	0.060587499
2.8251517	0.059230343
2.8266921	0.057776239
2.8282342	0.056612961
2.829778	0.05612826
2.8313241	0.055546619
2.8328712	0.054480281
2.83442	0.053607818
2.8359706	0.052832302
2.8375227	0.051959839
2.8390768	0.05099044
2.8406324	0.049730219
2.8421898	0.048373058
2.843749	0.04740366
2.84531	0.0465312
2.8468723	0.0450771
2.8484366	0.043332182
2.8500025	0.041878078
2.8515701	0.040617857
2.8531396	0.0392607
2.8547106	0.0378066
2.8562829	0.036643319
2.8578575	0.035189219
2.8594339	0.0334443
2.861012	0.031699382
2.8625917	0.029954461
2.8641732	0.0281126
2.8657565	0.026173798
2.8673415	0.02442888
2.8689287	0.022683959
2.870517	0.021132918
2.8721075	0.020163521
2.8736994	0.019388
2.8752933	0.019000242
2.876889	0.01861248
2.8784864	0.018321659
2.8800855	0.01822472
2.8816857	0.0179339
2.8832886	0.017643081
2.8848929	0.016867559
2.8864994	0.016188979
2.8881073	0.015898159
2.8897173	0.01570428
2.8913291	0.01541346
2.8929424	0.01521958
2.8945582	0.01492876
2.8961751	0.014831821
2.897794	0.014831821
2.8994148	0.014637941
2.9010372	0.01434712
2.9026616	0.013571599
2.9042876	0.01347466
2.9059157	0.01347466
2.9075458	0.01289302
2.9091775	0.0121175
2.9108109	0.01134198
2.9124463	0.010857279
2.9140832	0.0101787
2.9157224	0.0094031803
2.9173632	0.0090154205
2.9190059	0.0085307201
2.9206498	0.0083368402
2.922296	0.0081429603
2.9239442	0.0078521399
2.9255943	0.0081429603
2.9272463	0.0083368402
2.9289	0.0085307201
2.9305558	0.0088215405
2.9322133	0.0087246001
2.9338732	0.0086276596
2.9355345	0.0086276596
2.9371977	0.0084337797
2.9388628	0.00891848
2.9405298	0.0095970603
2.9421985	0.0098878797
2.9438694	0.0101787
2.9455421	0.01095422
2.9472167	0.01202056
2.9488933	0.013086899
2.9505715	0.01395936
2.9522519	0.014250181
2.953934	0.01444406
2.9556181	0.01473488
2.9573042	0.01521958
2.9589922	0.016188979
2.9606814	0.01754614
2.9623733	0.018806361
2.964067	0.02006658
2.9657626	0.02152068
2.9674604	0.02287784
2.9691598	0.024138059
2.9708614	0.025301339
2.9725649	0.02656156
2.9742706	0.027530961
2.9759779	0.0281126
2.9776874	0.028597299
2.9793985	0.028888119
2.9811118	0.02946976
2.9828272	0.03014834
2.9845443	0.03014834
2.9862635	0.03014834
2.9879854	0.03014834
2.9897087	0.030245282
2.9914336	0.03014834
2.993161	0.02985752
2.99489	0.02946976
2.9966211	0.029275881
2.9983544	0.029275881
3.0000894	0.02917894
3.001826	0.029760579
3.0035653	0.029954461
3.0053065	0.029663641
3.0070496	0.0295667
3.0087948	0.0295667
3.0105422	0.02917894
3.0122914	0.028985061
3.0140429	0.028888119
3.0157964	0.028985061
3.0175517	0.02917894
3.0193093	0.0295667
3.0210688	0.030342219
3.0228302	0.031117741
3.0245938	0.032281019
3.0263596	0.0334443
3.0281272	0.033832058
3.0298975	0.03421982
3.0316694	0.035092279
3.0334435	0.036061682
3.0352194	0.037031081
3.0369976	0.038000483
3.0387776	0.038969878
3.04056	0.04003622
3.0423443	0.041199498
3.0441301	0.042362779
3.0459187	0.043623
3.0477092	0.044883221
3.0495021	0.045852616
3.0512969	0.04662814
3.0530939	0.04740366
3.054893	0.04808224
3.0566943	0.048760816
3.0584979	0.04953634
3.0603034	0.049924102
3.0621109	0.049924102
3.0639207	0.049827162
3.0657327	0.050021037
3.0675466	0.05031186
3.0693629	0.050408803
3.0711813	0.050408803
3.0730011	0.05031186
3.0748239	0.050117981
3.0766487	0.050602678
3.0784757	0.051281258
3.0803049	0.05176596
3.0821362	0.05166902
3.0839698	0.051572081
3.0858054	0.051572081
3.0876439	0.05176596
3.0894837	0.052250661
3.0913262	0.052347597
3.0931706	0.052153721
3.0950172	0.052153721
3.0968661	0.052347597
3.0987172	0.052541479
3.1005704	0.05322006
3.1024263	0.05389864
3.104284	0.054771099
3.106144	0.056225199
3.1080062	0.057970122
3.1098707	0.05971504
3.1117373	0.060975261
3.1136062	0.062041599
3.1154773	0.063010998
3.1173501	0.063495703
3.1192257	0.06407734
3.1211035	0.064852856
3.1229837	0.065046743
3.1248662	0.065046743
3.1267509	0.065046743
3.128638	0.065143682
3.1305273	0.065240622
3.1324193	0.065240622
3.1343131	0.065143682
3.1362092	0.064755917
3.1381078	0.064271219
3.1400084	0.063786522
3.1419115	0.063495703
3.1438167	0.063010998
3.1457245	0.062817119
3.1476347	0.063010998
3.1495469	0.062817119
3.1514616	0.062526301
3.1533785	0.062429357
3.1552978	0.062914059
3.1572194	0.063883461
3.1591434	0.064562038
3.1610696	0.065337561
3.162998	0.066403903
3.1649289	0.067179419
3.1668622	0.067761056
3.168798	0.068245761
3.1707361	0.069021277
3.1726766	0.069699861
3.1746194	0.070669256
3.1765647	0.072026417
3.1785126	0.073092759
3.1804626	0.073965222
3.182415	0.074934617
3.1843698	0.076097898
3.186327	0.076873414
3.1882865	0.077745877
3.1902485	0.078812219
3.1922131	0.079684682
3.19418	0.080460198
3.1961493	0.081332661
3.1981211	0.082108177
3.2000952	0.082786761
3.2020719	0.083465338
3.2040508	0.083853103
3.2060323	0.084531672
3.2080164	0.085501082
3.2100022	0.086082719
3.2119911	0.086664364
3.2139823	0.087149061
3.215976	0.08743988
3.2179723	0.087536819
3.2199712	0.087536819
3.2219722	0.087633759
3.2239761	0.087827645
3.2259824	0.088215396
3.2279911	0.088312343
3.2300024	0.088312343
3.2320161	0.08879704
3.2340324	0.089281738
3.2360511	0.089669503
3.2380724	0.090154201
3.2400961	0.090638898
3.2421229	0.091026656
3.2441516	0.091511361
3.2461832	0.091608301
3.2482171	0.092189938
3.2502534	0.093062401
3.2522926	0.093547098
3.2543342	0.094128743
3.2563784	0.094807319
3.2584248	0.095582835
3.2604742	0.096455298
3.262526	0.097327761
3.2645805	0.098200217
3.2666376	0.09897574
3.2686973	0.099945143
3.2707596	0.10081761
3.2728245	0.10139924
3.2748921	0.10207782
3.2769623	0.10256252
3.2790351	0.10295028
3.2811103	0.10343498
3.2831883	0.10411356
3.2852688	0.10459826
3.2873521	0.10498602
3.289438	0.10537378
3.2915258	0.10556766
3.293617	0.10585847
3.2957108	0.10624624
3.2978072	0.10653706
3.2999065	0.10673094
3.3020084	0.10721564
3.3041129	0.1076034
3.3062201	0.10799117
3.3083303	0.1085728
3.3104429	0.10896056
3.3125582	0.10915444
3.314676	0.10934832
3.3167968	0.10973608
3.3189204	0.11022078
3.3210464	0.11060854
3.3231752	0.11109324
3.3253074	0.11157794
3.3274417	0.1119657
3.3295789	0.11225652
3.3317187	0.1124504
3.3338614	0.11274122
3.3360066	0.11332286
3.3381548	0.11371062
3.3403056	0.11419532
3.3424585	0.1143892
3.344615	0.11458308
3.3467741	0.11468001
3.3489361	0.11458308
3.3511009	0.1148739
3.3532684	0.11545555
3.3554389	0.1158433
3.3576121	0.11594024
3.3597887	0.11613412
3.3619676	0.11623106
3.3641491	0.11623106
3.3663337	0.11652188
3.368521	0.11661882
3.3707113	0.11690964
3.3729043	0.11720046
3.3751001	0.11739434
3.3772995	0.11749128
3.3795011	0.11807292
3.3817058	0.1187515
3.383913	0.11884844
3.3861232	0.11913926
3.3883364	0.1197209
3.3905525	0.11991478
3.3927715	0.12010866
3.3949924	0.12049642
3.3972173	0.12078724
3.3994448	0.12127194
3.4016755	0.1216597
3.403909	0.12185358
3.4061456	0.12204746
3.408385	0.12224134
3.4106274	0.12262911
3.4128728	0.12291992
3.4151211	0.12350155
3.4173725	0.1240832
3.4196265	0.12447096
3.4218838	0.1245679
3.424144	0.12495566
3.4264071	0.12544036
3.4286733	0.12582812
3.4309425	0.12582812
3.4332149	0.12621588
3.4354899	0.12708834
3.4377682	0.1274761
3.4400494	0.12776692
3.4423335	0.12825163
3.4446208	0.12863939
3.4469111	0.12912408
3.449204	0.1294149
3.4515004	0.12951183
3.4537997	0.12980266
3.4561024	0.13009349
3.4584079	0.1303843
3.4607165	0.13077205
3.4630284	0.13145064
3.4653432	0.13212922
3.4676619	0.1323231
3.4699829	0.1323231
3.472307	0.13242003
3.4746342	0.13290474
3.4769647	0.13338944
3.4792981	0.1337772
3.4816349	0.13387413
3.4839747	0.13435884
3.4863167	0.13464966
3.488663	0.13494048
3.4910121	0.1352313
3.4933646	0.13542518
3.4957201	0.13571599
3.4980791	0.13629764
3.5004408	0.13649152
3.5028062	0.1366854
3.5051751	0.13707316
3.5075467	0.13755786
3.5099213	0.13775174
3.5122993	0.13784868
3.5146806	0.13804255
3.517065	0.13852726
3.5194528	0.13891502
3.5218437	0.1391089
3.5242381	0.13939972
3.5266356	0.13988441
3.5290363	0.14046606
3.5314403	0.14114465
3.5338476	0.14162934
3.536258	0.14211404
3.538672	0.1425018
3.5410891	0.14269568
3.5435085	0.14298651
3.5459323	0.14356814
3.5483594	0.14405283
3.5507898	0.14453754
3.5532234	0.14511918
3.5556605	0.14570081
3.5581009	0.14608859
3.5605447	0.14628246
3.5629921	0.14667022
3.5654426	0.14744574
3.5678964	0.14763962
3.5703535	0.14802738
3.5728142	0.14851208
3.5752783	0.14880291
3.5777457	0.14899677
3.5802164	0.14948149
3.5826914	0.14996618
3.5851691	0.15025701
3.5876501	0.15025701
3.5901346	0.15025701
3.5926225	0.1507417
3.595114	0.15112947
3.5976088	0.15132333
3.6001072	0.15171111
3.6026084	0.15209885
3.6051137	0.15229274
3.6076224	0.15277743
3.6101346	0.15316519
3.6126504	0.15355296
3.6151698	0.1541346
3.6176925	0.15481317
3.620219	0.15539482
3.6227491	0.15578258
3.6252825	0.15617034
3.6278193	0.15646115
3.6303599	0.15694587
3.6329038	0.15743056
3.6354516	0.15791526
3.6380026	0.15810913
3.6405575	0.15830302
3.6431165	0.15869078
3.6456785	0.15907854
3.6482441	0.15956324
3.6508133	0.159951
3.6533861	0.16033876
3.6559625	0.16082345
3.6585426	0.16101734
3.6611264	0.16121122
3.6637127	0.16150203
3.6663036	0.16179286
3.6688983	0.16227756
3.6714969	0.16256838
3.6740987	0.16276225
3.6767046	0.1630531
3.6793139	0.16324696
3.6819272	0.16344084
3.6845443	0.16411941
3.687165	0.16460413
3.6897893	0.16470107
3.6924174	0.16499189
3.695049	0.16518576
3.6976848	0.1652827
3.7003241	0.16567047
3.7029672	0.16615516
3.7056146	0.16654292
3.7082653	0.16693068
3.7109196	0.16712455
3.713578	0.1672215
3.7162399	0.16751231
3.7189059	0.16799703
3.7215757	0.16828784
3.7242491	0.16857865
3.7269256	0.16857865
3.7296069	0.16857865
3.7322919	0.16886948
3.7349808	0.16916029
3.7376738	0.16945112
3.7403705	0.16983888
3.7430711	0.17003277
3.7457757	0.17022663
3.7484846	0.17022663
3.7511971	0.17032358
3.7539134	0.17022663
3.7566335	0.17022663
3.7593577	0.17051746
3.7620859	0.17080827
3.764818	0.17119604
3.767554	0.17119604
3.770293	0.1710991
3.7730372	0.17100216
3.7757852	0.17100216
3.778537	0.17129299
3.7812932	0.1715838
3.7840533	0.17168075
3.7868173	0.1715838
3.7895856	0.17168075
3.7923579	0.17197156
3.7951343	0.17197156
3.7979145	0.17197156
3.800699	0.17216544
3.8034875	0.17216544
3.8062801	0.17226239
3.8090768	0.17245625
3.8118775	0.17265014
3.8146832	0.17284402
3.8174922	0.17284402
3.8203053	0.17294097
3.8231227	0.1730379
3.8259442	0.1730379
3.8287699	0.1730379
3.8315997	0.17294097
3.8344338	0.17313483
3.837271	0.17323178
3.8401134	0.17313483
3.8429599	0.17294097
3.8458109	0.17294097
3.848666	0.1730379
3.8515253	0.1730379
3.8543887	0.1730379
3.8572567	0.17323178
3.8601296	0.17342566
3.8630059	0.17332873
3.8658867	0.1730379
3.8687716	0.17313483
3.8716609	0.17313483
3.8745544	0.17313483
3.8774524	0.17323178
3.8803546	0.17313483
3.8832617	0.17332873
3.8861728	0.17323178
3.8890882	0.17294097
3.8920078	0.17294097
3.894932	0.17294097
3.8978605	0.17274708
3.9007933	0.1725532
3.9037306	0.17245625
3.9066718	0.17235933
3.9096179	0.17226239
3.9125686	0.17206849
3.9155238	0.17206849
3.9184833	0.17197156
3.9214473	0.17187461
3.9244158	0.17177768
3.9273889	0.1715838
3.9303668	0.17148685
3.9333489	0.17148685
3.9363356	0.17129299
3.9393268	0.17080827
3.9423223	0.17042051
3.9453225	0.17042051
3.9483273	0.17032358
3.9513369	0.16974193
3.9543512	0.16925724
3.9573698	0.16896643
3.960393	0.16848172
3.9634209	0.16780314
3.9664533	0.16663986
3.9694903	0.1652827
3.972532	0.16392554
3.9755785	0.1638286
3.9786289	0.16499189
3.9816847	0.16644597
3.984745	0.16751231
3.9878104	0.16780314
3.9908803	0.16790009
3.9939549	0.16799703
3.9970343	0.16809395
4.0001183	0.16809395
4.0032082	0.16799703
4.0063019	0.16809395
4.0094004	0.16790009
4.0125036	0.16760926
4.0156116	0.16731845
4.0187244	0.1672215
4.021842	0.16741537
4.0249648	0.16751231
4.028091	0.1672215
4.0312233	0.16712455
4.0343604	0.16702762
4.0375023	0.16702762
4.0406489	0.16693068
4.0438008	0.1667368
4.046958	0.16663986
4.0501194	0.16654292
4.0532866	0.16625211
4.056458	0.16625211
4.0596347	0.16615516
4.0628161	0.16596128
4.0660028	0.16615516
4.0691943	0.16596128
4.0723906	0.16567047
4.0755925	0.16547658
4.0787992	0.1652827
4.0820107	0.16518576
4.0852275	0.16499189
4.0884495	0.16499189
4.0916762	0.16489494
4.0949082	0.16460413
4.0981455	0.16441023
4.1013875	0.16460413
4.1046343	0.1643133
4.1078868	0.1638286
4.1111441	0.16363472
4.1144071	0.16353779
4.1176748	0.16353779
4.1209483	0.16334391
4.1242266	0.16315001
4.1275101	0.16315001
4.1307993	0.16324696
4.1340938	0.1630531
4.137393	0.1628592
4.1406975	0.16295615
4.1440077	0.16276225
4.1473227	0.16247143
4.1506433	0.16247143
4.1539693	0.16247143
4.1573014	0.16208367
4.1606379	0.16188981
4.16398	0.16169593
4.1673269	0.16140509
4.1706796	0.16111428
4.1740379	0.16101734
4.1774011	0.16072652
4.1807699	0.16043569
4.1841431	0.16014488
4.1875229	0.15975711
4.190908	0.15956324
4.1942987	0.15927242
4.1976953	0.15859385
4.2010965	0.15801221
4.204504	0.15781832
4.2079167	0.15762444
4.2113357	0.15743056
4.2147593	0.15723668
4.2181888	0.15684892
4.2216239	0.15646115
4.2250643	0.15597646
4.2285104	0.15549175
4.2319622	0.15520094
4.2354198	0.155104
4.2388835	0.15471625
4.242352	0.15423153
4.2458267	0.15384378
4.2493072	0.15355296
4.2527928	0.15306824
4.2562842	0.15238969
4.2597818	0.15161416
4.2632847	0.15112947
4.2667923	0.15083864
4.2703071	0.15045089
4.2738276	0.14996618
4.2773538	0.14967535
4.2808857	0.14919066
4.2844238	0.14870596
4.2879677	0.14860903
4.2915173	0.14880291
4.2950735	0.14860903
4.298635	0.14851208
4.3022022	0.14851208
4.3057756	0.14851208
4.3093548	0.14880291
4.3129401	0.14909372
4.3165312	0.14938454
4.3201284	0.14957842
4.3237324	0.1497723
4.3273416	0.14996618
4.3309565	0.15025701
4.3345776	0.15045089
4.3382049	0.1507417
4.3418384	0.15083864
4.3454776	0.15112947
4.3491235	0.15151721
4.3527737	0.15161416
4.3564315	0.15161416
4.3600955	0.15161416
4.3637652	0.15171111
4.3674417	0.15151721
4.3711243	0.15132333
4.3748131	0.15132333
4.3785081	0.1512264
4.3822103	0.1507417
4.3859177	0.15025701
4.3896313	0.14986923
4.3933511	0.14948149
4.3970776	0.14919066
4.4008102	0.14889984
4.4045491	0.14851208
4.4082947	0.14793044
4.412045	0.14763962
4.415803	0.14725186
4.4195676	0.14676715
4.4233384	0.1463794
4.4271159	0.14599164
4.4308996	0.14550693
4.43469	0.14502224
4.4384871	0.14434366
4.4422908	0.14376202
4.4461007	0.14337426
4.4499168	0.14298651
4.4537401	0.1425018
4.4575696	0.14162934
4.4614058	0.14085382
4.4652486	0.14007831
4.4690976	0.13901195
4.4729543	0.13804255
4.4768167	0.13726704
4.4806862	0.1362007
4.4845624	0.13484354
4.4884448	0.1332925
4.4923344	0.1318384
4.4962306	0.1303843
4.5001335	0.12902714
4.5040426	0.12757304
4.5079594	0.12631282
4.5118828	0.12553729
4.5158129	0.12485871
4.5197501	0.12427709
4.523694	0.12379238
4.5276446	0.12340462
4.5316024	0.12272604
4.5355678	0.12175664
4.5395393	0.12078724
4.5435181	0.11962396
4.5475035	0.1182668
4.551496	0.11661882
4.5554957	0.11468001
4.5595021	0.1129351
4.5635157	0.11080242
4.5675368	0.10828198
4.5715647	0.10585847
4.5755997	0.10333804
4.5796418	0.10081761
4.5836911	0.098491043
4.5877471	0.096455298
4.5918107	0.094807319
4.5958815	0.093837924
4.5999584	0.093353227
4.604044	0.093450159
4.6081362	0.093837924
4.612236	0.09461344
4.616343	0.095582835
4.6204576	0.096746117
4.6245794	0.098006345
4.6287084	0.099169627
4.6328454	0.10013902
4.6369891	0.10139924
4.6411405	0.10256252
4.6452994	0.1037258
4.6494656	0.10488908
4.6536388	0.10585847
4.6578202	0.10682788
4.6620088	0.10770033
4.6662059	0.10847586
4.6704097	0.1090575
4.6746206	0.1095422
4.6788397	0.10973608
4.6830664	0.10944526
4.6873007	0.10837892
4.6915426	0.10673094
4.6957922	0.1051799
4.7000484	0.10333804
4.7043133	0.10159312
4.7085862	0.099654324
4.7128668	0.09761858
4.717155	0.095873654
4.7214513	0.094031796
4.7257552	0.092286877
4.7300668	0.090638898
4.7343879	0.08889398
4.7387152	0.086858235
4.7430506	0.084919438
4.7473941	0.083271459
4.7517457	0.082011245
4.7561049	0.081235714
4.7604723	0.081332661
4.7648478	0.082108177
4.7692318	0.083174527
4.7736235	0.084143922
4.7780232	0.084725559
4.7824311	0.084628619
4.7868466	0.083562277
4.7912707	0.081914298
4.7957029	0.08016938
4.8001437	0.078327522
4.8045907	0.076291777
4.8090477	0.074159101
4.8135128	0.072608061
4.8179865	0.072123364
4.8224683	0.073480524
4.8269582	0.076388717
4.8314571	0.080460198
4.8359637	0.084337801
4.8404803	0.087052114
4.8450041	0.088700093
4.8495364	0.08889398
4.8540773	0.087827645
4.8586264	0.086082719
4.8631845	0.083756156
4.8677506	0.081138782
4.8723259	0.078521401
4.8769083	0.076097898
4.8815002	0.073674396
4.8861008	0.07134784
4.8907104	0.069215164
4.8953285	0.06698554
4.8999557	0.064658985
4.9045911	0.06272018
4.909236	0.060587499
4.9138899	0.05835788
4.9185519	0.056225199
4.923223	0.054189458
4.9279027	0.052056782
4.9325914	0.050021037
4.9372892	0.0479853
4.9419956	0.046046499
4.9467115	0.044010762
4.951437	0.041878078
4.9561706	0.04013316
4.9609137	0.0392607
4.9656653	0.039842341
4.9704261	0.042265836
4.9751964	0.04594956
4.9799757	0.050602678
4.9847641	0.05603132
4.9895606	0.061653841
4.9943671	0.06698554
4.9991837	0.071735598
5.0040088	0.075225443
5.0088439	0.077648945
5.0136881	0.079103038
5.0185413	0.079490803
5.0234041	0.079199977
5.0282774	0.078521401
5.0331593	0.077551998
5.0380507	0.076194845
5.0429511	0.074546859
5.0478616	0.072705001
5.0527816	0.070184559
5.0577111	0.06698554
5.0626502	0.063301824
5.0675998	0.059230343
5.0725584	0.055061921
5.0775266	0.050796561
5.0825043	0.0465312
5.087492	0.04304136
5.0924897	0.040423982
5.097497	0.039551519
5.1025143	0.040520918
5.1075401	0.043623
5.112577	0.0479853
5.1176243	0.05322006
5.1226811	0.059230343
5.127748	0.06553144
5.1328249	0.07144478
5.1379123	0.07716424
5.1430092	0.082495943
5.1481171	0.08743988
5.1532345	0.091899119
5.1583619	0.095970601
5.1634998	0.099557377
5.1686478	0.10295028
5.1738062	0.10624624
5.1789751	0.10915444
5.184154	0.11186875
5.1893444	0.1143892
5.1945438	0.11681271
5.1997542	0.11904231
5.2049747	0.12098113
5.210206	0.12272604
5.2154474	0.12427709
5.2206998	0.12582812
5.2259626	0.12728222
5.2312346	0.12844551
5.2365189	0.12960878
5.2418137	0.13057818
5.2471189	0.13145064
5.2524352	0.13212922
5.2577624	0.13261393
5.2631001	0.13309862
5.2684488	0.13358332
5.273809	0.13406801
5.2791796	0.13455272
5.2845607	0.13464966
5.2899532	0.13484354
5.2953568	0.13513437
5.3007712	0.13532823
5.3061967	0.13542518
5.3116336	0.13532823
5.3170795	0.13513437
5.3225384	0.1352313
5.3280087	0.1352313
5.3334904	0.1352313
5.3389831	0.1352313
5.3444872	0.1352313
5.3500028	0.13503742
5.3555293	0.13484354
5.3610692	0.13445579
5.3666191	0.13416496
5.37218	0.13387413
5.3777528	0.13368025
5.3833375	0.13348639
5.3889332	0.13319556
5.3945408	0.13280781
5.4001603	0.13251698
5.4057918	0.13212922
5.4114347	0.13193534
5.417089	0.13154759
5.4227557	0.13115983
5.4284339	0.13096595
5.434124	0.13048124
5.439826	0.13009349
5.44554	0.12980266
5.4512644	0.1294149
5.4570026	0.1289302
5.4627528	0.12844551
5.4685154	0.12805773
5.4742899	0.12757304
5.4800768	0.12708834
5.4858756	0.12660365
5.4916868	0.12611894
5.4975119	0.12563424
5.5033479	0.12514955
5.5091963	0.12447096
5.5150576	0.12388932
5.5209308	0.12330768
5.5268164	0.12272604
5.5327148	0.1221444
5.5386262	0.12156276
5.5445509	0.12088418
5.550487	0.12030254
5.5564361	0.11962396
5.562398	0.1187515
5.5683727	0.11807292
5.5743604	0.11739434
5.5803604	0.11661882
5.5863738	0.1158433
5.5923977	0.11506778
5.5984373	0.11429226
5.6044893	0.1134198
5.6105552	0.11264428
5.6166334	0.11177182
5.6227255	0.11089936
5.6288304	0.1100269
5.6349487	0.10944526
5.6410818	0.10886361
5.6472268	0.10818504
5.6533852	0.1076034
5.6595569	0.10692482
5.6657424	0.1061493
5.6719413	0.10537378
5.6781535	0.10469519
5.6843796	0.10411356
5.6906204	0.10353192
5.6968741	0.10295028
5.7031412	0.10217477
5.7094221	0.10139924
5.7157168	0.10062372
5.7220259	0.10013902
5.7283483	0.099654324
5.7346849	0.099169627
5.7410331	0.098684914
5.7473979	0.098103277
5.7537766	0.09761858
5.76017	0.097230814
5.7665772	0.096843064
5.7729988	0.096552238
5.7794347	0.095970601
5.7858849	0.095485903
5.7923512	0.09471038
5.7988305	0.094322622
5.8053241	0.093740977
5.811832	0.092965461
5.8183551	0.092092998
5.8248925	0.091414422
5.8314447	0.090445019
5.8380117	0.089378677
5.8445945	0.088312343
5.851191	0.087246001
5.8578029	0.086179666
5.864429	0.085113317
5.8710709	0.084143922
5.877727	0.083368398
5.8843989	0.08298064
5.8910856	0.082495943
5.8977852	0.082011245
5.9045024	0.08162348
5.9112349	0.080847964
5.9179831	0.079781622
5.9247465	0.078812219
5.9315252	0.077842824
5.9383197	0.076873414
5.9451299	0.075904019
5.9519572	0.074643798
5.9587984	0.073577456
5.9656553	0.072414175
5.9725285	0.071153961
5.9794173	0.06989374
5.9863219	0.068827406
5.9932423	0.067373298
6.0001788	0.066016138
6.0071297	0.064562038
6.0140982	0.063204877
6.0210834	0.06194466
6.0280848	0.060684439
6.0351024	0.059424218
6.0421362	0.058067061
6.0491862	0.056903783
6.0562534	0.056225199
6.0633373	0.055449679
6.0704374	0.05457722
6.0775537	0.0538017
6.0846872	0.052929237
6.0918374	0.051862899
6.0990043	0.050796561
6.1061878	0.049633279
6.1133885	0.04885776
6.1206079	0.048566941
6.1278424	0.048663881
6.1350942	0.049245521
6.1423635	0.050699618
6.1496496	0.052735362
6.1569533	0.05467416
6.1642742	0.056322142
6.1716127	0.057776239
6.1789665	0.05893952
6.1863399	0.060102798
6.1937308	0.061363019
6.2011395	0.062526301
6.2085662	0.063689582
6.2160106	0.064852856
6.2234726	0.066016138
6.2309527	0.06708248
6.238452	0.068051882
6.2459679	0.068633519
6.2535024	0.069215164
6.261055	0.06999068
6.2686257	0.070669256
6.2762151	0.070960082
6.2838225	0.071250901
6.2914486	0.071541719
6.2990947	0.071735598
6.3067579	0.071832538
6.3144398	0.071832538
6.3221402	0.071832538
6.3298597	0.071735598
6.3375978	0.07144478
6.345355	0.07134784
6.3531313	0.07144478
6.3609242	0.07134784
6.3687387	0.071250901
6.3765721	0.071541719
6.3844252	0.071929477
6.3922973	0.072220303
6.4001889	0.072317243
6.4081001	0.072511122
6.4160309	0.07289888
6.4239826	0.073383577
6.431953	0.073577456
6.4399428	0.073771343
6.4479527	0.073868282
6.4559822	0.073674396
6.4640322	0.073383577
6.4721022	0.073092759
6.4801922	0.07289888
6.4883046	0.072705001
6.4964356	0.07280194
6.5045867	0.07289888
6.5127583	0.07280194
6.5209503	0.07280194
6.5291634	0.072995819
6.5373969	0.073286638
6.545651	0.073674396
6.5539231	0.074159101
6.5622191	0.074449919
6.5705361	0.074934617
6.5788746	0.07571014
6.587234	0.076097898
6.5956144	0.076194845
6.6040168	0.076194845
6.6124401	0.075904019
6.6208863	0.075613201
6.629353	0.075225443
6.6378412	0.074837677
6.6463513	0.074643798
6.6548829	0.07425604
6.6634369	0.073674396
6.6720128	0.073092759
6.6806107	0.072317243
6.6892328	0.071638659
6.6978755	0.070863143
6.7065401	0.06999068
6.7152276	0.069215164
6.723937	0.068245761
6.7326698	0.067179419
6.7414246	0.066113077
6.7502027	0.065143682
6.7590008	0.06407734
6.7678242	0.062914059
6.7766714	0.061556902
6.7855411	0.06039362
6.7944345	0.05903646
6.8033509	0.057776239
6.8122911	0.056612961
6.8212547	0.055643562
6.8302436	0.05457722
6.8392544	0.053510878
6.848289	0.05244454
6.8573475	0.051281258
6.8664303	0.050408803
6.8755369	0.049827162
6.8846679	0.049148582
6.8938227	0.048373058
6.9029989	0.047791418
6.9122028	0.04740366
6.9214315	0.046918962
6.9306846	0.046240382
6.9399629	0.045658741
6.9492655	0.044980161
6.9585934	0.044204637
6.9679465	0.043623
6.9773269	0.043235242
6.9867301	0.042750541
6.9961591	0.0421689
7.0056133	0.041781139
7.0150933	0.041587263
7.0245986	0.041393381
7.0341301	0.041102558
7.0436873	0.04081174
7.0532722	0.040327042
7.0628819	0.039939277
7.0725174	0.039551519
7.0821791	0.039163761
7.0918674	0.038775999
7.1015825	0.038194358
7.1113243	0.03790354
7.1210923	0.0378066
7.1308832	0.037612721
7.1407056	0.037031081
7.1505547	0.03644944
7.1604309	0.036061682
7.1703348	0.03567392
7.1802659	0.035092279
7.1902246	0.034413703
7.200211	0.033638179
7.210228	0.033056539
7.2202702	0.032571841
7.23034	0.032184079
7.2404385	0.031796318
7.2505651	0.031505499
7.2607198	0.0310208
7.2709031	0.030439161
7.2811151	0.030245282
7.2913575	0.02985752
7.3016272	0.0295667
7.3119259	0.029275881
7.3222532	0.028888119
7.3326101	0.028500361
7.3429961	0.028209541
7.3534117	0.027821781
7.3638568	0.02724014
7.3743277	0.02656156
7.3848329	0.026173798
7.3953671	0.025979919
7.4059319	0.02578604
7.4165273	0.025592159
7.4271526	0.025301339
7.4378085	0.02481664
7.4484949	0.02433194
7.4592152	0.02404112
7.4699631	0.023847239
7.4807425	0.02365336
7.4915524	0.02336254
7.5023942	0.023071719
7.513267	0.023071719
7.5241718	0.022683959
7.5351081	0.022296201
7.5460782	0.022102319
7.5570784	0.021617621
7.5681105	0.021132918
7.579175	0.02074516
7.5902719	0.020163521
7.6014013	0.01967882
7.6125636	0.019000242
7.6237588	0.018321659
7.6349821	0.01783696
7.6462431	0.0174492
7.6575375	0.01715838
7.6688652	0.016964499
7.6802268	0.016576741
7.6916218	0.016285921
7.7030506	0.0159951
7.7145133	0.01570428
7.7260127	0.01531652
7.7375441	0.014831821
7.7491097	0.014541
7.7607102	0.01415324
7.7723455	0.01366854
7.7840157	0.013086899
7.7957211	0.01231138
7.8074613	0.0116328
7.8192339	0.011148101
7.8310452	0.01076034
7.8428926	0.0099848192
7.8547754	0.0092092995
7.8666949	0.0085307201
7.8786502	0.0080460198
7.8906422	0.00746438
7.9026704	0.0067857997
7.9147372	0.0063011004
7.9268394	0.00591334
7.9389782	0.0057194601
7.9511547	0.0055255797
7.9633684	0.0050408803
7.9756198	0.00455618
7.9879088	0.0043623
8.0002356	0.0041684201
8.0126038	0.0039745397
8.0250072	0.0039745397
8.0374498	0.0040714801
8.0499296	0.0041684201
8.0624495	0.0039745397
8.0750074	0.00368372
8.0876055	0.00368372
8.1002417	0.0038776
8.1129141	0.0037806602
8.1256304	0.0038776
8.1383867	0.0042653601
8.1511831	0.00445924
8.1640196	0.00445924
8.1768961	0.0048469999
8.1898146	0.0052347598
8.2027731	0.0053317002
8.2157736	0.0054286397
8.2288151	0.0058164001
8.2418976	0.00610722
8.2550211	0.0062041599
8.2681875	0.0064949798
8.281395	0.0065919203
8.2946453	0.0067857997
8.3079386	0.0068827402
8.3212767	0.0068827402
8.3346548	0.0069796802
8.3480768	0.0070766201
8.3615408	0.0070766201
8.3750496	0.0070766201
8.3886013	0.0072705001
8.4021969	0.00736744
8.4158373	0.0072705001
8.4295158	0.0071735601
8.4432449	0.0070766201
8.4570189	0.0071735601
8.4708366	0.00736744
8.4847012	0.00736744
8.4986105	0.0072705001
8.5125656	0.0072705001
8.5265665	0.00736744
8.540616	0.0072705001
8.5547094	0.0071735601
8.5688496	0.0070766201
8.5830364	0.0068827402
8.59727	0.0067857997
8.6115513	0.0063011004
8.6258802	0.00601028
8.6402569	0.0063011004
8.6546841	0.0062041599
8.6691561	0.00610722
8.6836777	0.00591334
8.6982479	0.00591334
8.7128668	0.0058164001
8.7275343	0.0055255797
8.7422523	0.0054286397
8.75702	0.0057194601
8.7718325	0.0058164001
8.7866993	0.0056225201
8.8016176	0.0056225201
8.8165865	0.0056225201
8.8316059	0.0056225201
8.8466768	0.0057194601
8.8617992	0.00591334
8.8769741	0.0065919203
8.8922033	0.0077551999
8.9074821	0.00911236
8.9228134	0.0106634
8.9381971	0.012505259
8.9536343	0.0140563
8.9691257	0.01531652
8.9846697	0.01638286
9.000268	0.01754614
9.0159235	0.018321659
9.0316315	0.01851554
9.0473928	0.01851554
9.0632105	0.01861248
9.0790825	0.018418599
9.0950108	0.01822472
9.1109953	0.01812778
9.1270351	0.01812778
9.1431274	0.018321659
9.1592817	0.01851554
9.1754923	0.01861248
9.191761	0.018806361
9.2080879	0.0189033
9.224472	0.019000242
9.2409153	0.019097179
9.2574167	0.01929106
9.2739801	0.01929106
9.2906008	0.019194121
9.3072805	0.01861248
9.3240204	0.0174492
9.3408203	0.016576741
9.3576803	0.015898159
9.3746023	0.01531652
9.3915854	0.01492876
9.4086237	0.01395936
9.4257298	0.01240832
9.4428988	0.01134198
9.4601307	0.01027564
9.4774246	0.0092092995
9.4947834	0.0085307201
9.5122042	0.0076582599
9.5296898	0.0064949798
9.5472441	0.0052347598
9.5648584	0.00445924
9.5825386	0.0038776
9.6002836	0.0034898401
9.6180954	0.0034898401
9.635973	0.0040714801
9.6539164	0.0047500604
9.6719275	0.00591334
9.6900091	0.0075613204
9.7081556	0.00911236
9.7263699	0.010857279
9.7446527	0.01231138
9.7630043	0.01347466
9.7814245	0.0140563
9.7999153	0.014637941
9.8184757	0.0150257
9.837101	0.01531652
9.8558025	0.015607339
9.8745756	0.0155104
9.8934202	0.015898159
9.9123363	0.016285921
9.9313259	0.01754614
9.950388	0.02006658
9.9695234	0.02219926
9.9887362	0.022780901
10.008019	0.023071719
10.027377	0.023459481
10.04681	0.023847239
10.066319	0.024525819
10.085902	0.02510746
10.105563	0.025592159
10.1253	0.02627074
10.145119	0.026755439
10.165011	0.027627898
10.184982	0.028597299
10.205031	0.029372821
10.22516	0.030051399
10.245367	0.030729979
10.265656	0.031796318
10.286023	0.032571841
10.306466	0.03286266
10.326997	0.033056539
10.34761	0.03286266
10.368304	0.032959599
10.389083	0.033056539
10.409945	0.033056539
10.43089	0.033347361
10.45192	0.033638179
10.473039	0.033832058
10.49424	0.033832058
10.515526	0.034122881
10.536899	0.034607582
10.558359	0.034607582
10.579906	0.034704521
10.601542	0.035092279
10.623267	0.035480041
10.645084	0.03577086
10.666988	0.036061682
10.688982	0.036158621
10.711066	0.036546379
10.733243	0.036934141
10.755511	0.03712802
10.777872	0.037418839
10.800325	0.037515782
10.822865	0.0378066
10.845508	0.038291298
10.868244	0.038388241
10.891077	0.038291298
10.914005	0.038291298
10.937031	0.038388241
10.960154	0.038485181
10.983374	0.038388241
11.006698	0.038388241
11.030116	0.038775999
11.053635	0.038388241
11.077253	0.037709661
11.100973	0.03712802
11.124795	0.036255561
11.14872	0.035480041
11.172747	0.035286162
11.196871	0.034801461
11.221107	0.034122881
11.245447	0.03354124
11.269894	0.03286266
11.294447	0.03208714
11.319107	0.031214679
11.343875	0.030245282
11.368752	0.029372821
11.393744	0.028791182
11.418839	0.0281126
11.444047	0.027918721
11.469365	0.027627898
11.494797	0.02685238
11.52034	0.026755439
11.545999	0.027434019
11.571771	0.027918721
11.597663	0.0281126
11.623667	0.0281126
11.649787	0.028500361
11.676025	0.029275881
11.702382	0.02985752
11.728858	0.0295667
11.755454	0.029760579
11.782171	0.0305361
11.809002	0.031117741
11.835962	0.03140856
11.863048	0.031893261
11.890256	0.03276572
11.91759	0.033735119
11.94505	0.034122881
11.972636	0.034607582
12.000351	0.035383098
12.028198	0.035867799
12.056171	0.0363525
12.084274	0.036546379
12.112508	0.036255561
12.140875	0.03567392
12.169374	0.035189219
12.198009	0.03499534
12.226777	0.034801461
12.255688	0.0348984
12.28473	0.034607582
12.31391	0.034122881
12.343228	0.03354124
12.372687	0.032959599
12.402287	0.032474902
12.432029	0.032377958
12.461913	0.0319902
12.491931	0.031214679
12.522105	0.0310208
12.552425	0.03014834
12.582892	0.029082
12.613507	0.028791182
12.644272	0.02840342
12.675187	0.02772484
12.706254	0.027434019
12.737479	0.026464619
12.768852	0.02549522
12.80038	0.025204401
12.832064	0.024719698
12.863906	0.023750301
12.895905	0.02297478
12.928064	0.022393139
12.960384	0.02249008
12.992874	0.022393139
13.025519	0.0218115
13.05833	0.0208421
13.091305	0.019775759
13.124448	0.019388
13.157759	0.019484939
13.191238	0.019484939
13.22489	0.019097179
13.258701	0.01851554
13.292698	0.0179339
13.326869	0.0174492
13.361217	0.01706144
13.395742	0.01706144
13.430446	0.016867559
13.46533	0.015607339
13.500397	0.014831821
13.535651	0.01444406
13.571085	0.01444406
13.606705	0.01444406
13.642511	0.01386242
13.678508	0.01328078
13.714694	0.013086899
13.751073	0.012602201
13.787644	0.01192362
13.82442	0.010857279
13.861383	0.01037258
13.898545	0.0096939998
13.935907	0.0087246001
13.97347	0.0086276596
14.011236	0.0083368402
14.049208	0.00746438
14.087384	0.0071735601
14.125755	0.0063011004
14.16435	0.0055255797
14.203156	0.0053317002
14.242176	0.0051378198
14.281411	0.00445924
14.320862	0.00368372
14.360532	0.00368372
14.400422	0.00358678
14.440542	0.0032959601
14.48088	0.0028112601
14.521442	0.0024234999
14.562233	0.0019388
14.603253	0.00213268
14.644506	0.00222962
14.685991	0.0019388
14.727713	0.0016479801
14.76966	0.00174492
14.811859	0.00232656
14.8543	0.0028112601
14.896984	0.00310208
14.939916	0.00300514
14.983094	0.00300514
15.026524	0.0040714801
15.070205	0.0046531199
15.11415	0.0041684201
15.158343	0.0042653601
15.202796	0.00445924
15.24751	0.0047500604
15.292488	0.0051378198
15.337732	0.0051378198
15.383245	0.0050408803
15.429028	0.0049439399
15.475092	0.0046531199
15.521424	0.0040714801
15.568036	0.0038776
15.614927	0.0051378198
15.662103	0.0070766201
15.709563	0.0080460198
15.757313	0.0083368402
15.805353	0.0085307201
15.853672	0.0087246001
15.902304	0.0086276596
15.951234	0.0084337797
16.000465	0.0078521399
16.050003	0.00736744
16.099848	0.00736744
16.150003	0.0069796802
16.200472	0.0062041599
16.251265	0.0053317002
16.30237	0.0050408803
16.353796	0.0049439399
16.405548	0.00445924
16.45763	0.0033928999
16.510042	0.0031990199
16.56279	0.0033928999
16.615877	0.0032959601
16.669313	0.00300514
16.723085	0.0037806602
16.777206	0.00445924
16.831676	0.0046531199
16.886503	0.0056225201
16.941689	0.0052347598
16.997234	0.0050408803
17.053146	0.0056225201
17.109409	0.00610722
17.166063	0.0058164001
17.223093	0.00601028
17.280504	0.0064949798
17.338299	0.0071735601
17.396481	0.0068827402
17.455055	0.0068827402
17.514025	0.0076582599
17.573404	0.0069796802
17.633179	0.0055255797
17.693359	0.0043623
17.753954	0.0055255797
17.814964	0.00610722
17.876394	0.0063980399
17.938251	0.0067857997
18.000536	0.0066888598
18.063269	0.0076582599
18.126427	0.010081761
18.190027	0.01202056
18.254078	0.013086899
18.318579	0.01347466
18.383539	0.01386242
18.448961	0.015607339
18.514851	0.01715838
18.58119	0.01609204
18.648029	0.0150257
18.715351	0.01638286
18.783159	0.017352261
18.851461	0.016285921
18.920263	0.0164798
18.989569	0.016964499
19.059383	0.01754614
19.129725	0.01783696
19.200575	0.018030841
19.271952	0.0179339
19.343863	0.017255319
19.416311	0.016964499
19.489305	0.017255319
19.562849	0.017255319
19.636951	0.015607339
19.711594	0.0159951
19.786827	0.017255319
19.862638	0.018030841
19.939034	0.018418599
20.016018	0.017255319
20.093599	0.016867559
20.171785	0.0155104
20.250582	0.013183841
20.330009	0.01337772
20.410049	0.01337772
20.490723	0.01240832
20.572035	0.01192362
20.653994	0.01202056
20.73661	0.01182668
20.819889	0.012505259
20.903841	0.0150257
20.988487	0.016867559
21.073807	0.01851554
21.159821	0.017740021
21.246542	0.016285921
21.333977	0.01677062
21.422132	0.019388
21.511023	0.020939039
21.600651	0.02152068
21.691	0.02297478
21.782139	0.0232656
21.874046	0.021714559
21.966734	0.01958188
22.060209	0.018418599
22.154484	0.01677062
22.249567	0.017352261
22.34547	0.01783696
22.442221	0.01706144
22.539797	0.019775759
22.638224	0.022102319
22.737514	0.02404112
22.837679	0.022393139
22.93873	0.02442888
23.04068	0.0281126
23.143541	0.030245282
23.247343	0.028888119
23.35206	0.027918721
23.457727	0.02840342
23.564352	0.030342219
23.671953	0.030826921
23.78054	0.029663641
23.890127	0.026367681
24.000731	0.025010519
24.112324	0.02627074
24.224998	0.027627898
24.338732	0.026755439
24.453537	0.027627898
24.569429	0.030439161
24.686426	0.033638179
24.804543	0.035964739
