# Lizardite, Chemical Formula: Mg3Si2O5(OH)4
# Sample ID: NMNHR4687.c_70um
# wavelengths (microns), reflectance
1.3447871	0.53310162
1.345136	0.53346002
1.3454852	0.5335198
1.3458345	0.5337587
1.346184	0.53447556
1.3465335	0.53483403
1.3468834	0.53567034
1.3472334	0.53656644
1.3475837	0.53674567
1.347934	0.53656644
1.3482846	0.53680533
1.3486353	0.53704429
1.3489863	0.53734297
1.3493373	0.53823906
1.3496888	0.53794038
1.3500402	0.53823906
1.3503917	0.5387767
1.3507435	0.53871697
1.3510957	0.5388962
1.3514478	0.53925461
1.3518003	0.53919488
1.3521528	0.53931433
1.3525057	0.53949362
1.3528585	0.53925461
1.3532118	0.53895593
1.3535651	0.53883648
1.3539187	0.53853774
1.3542722	0.53823906
1.3546262	0.53847802
1.3549802	0.53835851
1.3553345	0.53788066
1.3556889	0.53728324
1.3560435	0.53644699
1.3563982	0.53567034
1.3567532	0.53555083
1.3571084	0.53555083
1.3574637	0.53561062
1.3578192	0.53596902
1.358175	0.53614825
1.3585309	0.53668588
1.3588871	0.53716379
1.3592433	0.53752226
1.3595998	0.53692484
1.3599564	0.53722358
1.3603133	0.53788066
1.3606703	0.53841835
1.3610276	0.53811961
1.361385	0.53883648
1.3617427	0.53961307
1.3621005	0.54015076
1.3624585	0.54003119
1.3628166	0.53973252
1.3631749	0.53991175
1.3635335	0.54110646
1.3638922	0.54254025
1.3642511	0.54379469
1.3646102	0.54487002
1.3649695	0.5455271
1.3653289	0.54582572
1.3656886	0.54648286
1.3660485	0.54737902
1.3664085	0.54821533
1.3667688	0.54845428
1.3671292	0.54863346
1.3674898	0.54917109
1.3678507	0.54935032
1.3682116	0.55048531
1.3685728	0.55084378
1.3689343	0.55048531
1.3692958	0.55048531
1.3696576	0.55108273
1.3700196	0.55150092
1.3703818	0.55150092
1.3707441	0.55173987
1.3711067	0.5517996
1.3714694	0.5517996
1.3718324	0.55209827
1.3721954	0.55162036
1.3725587	0.55102301
1.3729222	0.5509035
1.3732859	0.55150092
1.3736497	0.55173987
1.3740138	0.55114245
1.374378	0.55108273
1.3747425	0.55138141
1.3751072	0.55185932
1.3754721	0.55191904
1.375837	0.55126196
1.3762023	0.5506646
1.3765677	0.55042565
1.3769335	0.55060482
1.3772992	0.55048531
1.3776653	0.5492906
1.3780315	0.54851401
1.3783978	0.54708028
1.3787644	0.54367524
1.3791313	0.53734297
1.3794982	0.52641094
1.3798655	0.50848955
1.3802328	0.48429567
1.3806005	0.46040046
1.3809682	0.44528678
1.3813362	0.44080645
1.3817043	0.44325566
1.3820726	0.45126063
1.382441	0.46440297
1.3828099	0.48005426
1.3831787	0.49474981
1.3835479	0.50502473
1.3839172	0.51016223
1.3842868	0.51093882
1.3846565	0.50932592
1.3850266	0.50532347
1.3853966	0.49988729
1.385767	0.49445117
1.3861375	0.48913446
1.3865082	0.4860878
1.3868792	0.48507226
1.3872503	0.48602808
1.3876216	0.48770076
1.387993	0.48973185
1.3883647	0.49194217
1.3887366	0.49325645
1.3891087	0.49433172
1.3894811	0.49510828
1.3898535	0.49546668
1.3902262	0.49528748
1.3905991	0.49474981
1.3909724	0.49355507
1.3913456	0.49271876
1.3917192	0.49212134
1.3920929	0.4914642
1.3924669	0.48973185
1.3928409	0.4873423
1.3932153	0.48471382
1.3935897	0.48166719
1.3939645	0.47868034
1.3943394	0.47593236
1.3947146	0.47366232
1.3950899	0.4713923
1.3954654	0.46924171
1.3958411	0.46738988
1.3962171	0.46637431
1.3965932	0.46619508
1.3969696	0.4666132
1.397346	0.46792749
1.3977228	0.46930143
1.3980998	0.47151178
1.398477	0.47461814
1.3988543	0.47814271
1.3992319	0.48190615
1.3996096	0.48465413
1.3999877	0.48787999
1.4003658	0.49206164
1.4007442	0.4949888
1.4011228	0.49701989
1.4015017	0.49899125
1.4018805	0.50066382
1.4022598	0.50167942
1.4026392	0.50353134
1.4030188	0.5055027
1.4033985	0.50777274
1.4037787	0.51123756
1.4041588	0.51476204
1.4045392	0.51870477
1.4049199	0.52222925
1.4053007	0.52497721
1.4056817	0.52736676
1.406063	0.52957708
1.4064443	0.53190684
1.406826	0.53477424
1.4072078	0.53680533
1.40759	0.53800011
1.4079722	0.53919488
1.4083548	0.54068834
1.4087374	0.54212207
1.4091204	0.54367524
1.4095035	0.54510891
1.4098868	0.54618424
1.4102703	0.54684138
1.4106542	0.54714
1.411038	0.5476777
1.4114223	0.54881269
1.4118066	0.54970878
1.4121914	0.55030614
1.4125761	0.5506646
1.4129611	0.55078405
1.4133463	0.5506646
1.4137318	0.5509035
1.4141173	0.55173987
1.4145032	0.55168009
1.4148892	0.55185932
1.4152753	0.55191904
1.4156618	0.55185932
1.4160485	0.55132169
1.4164354	0.55132169
1.4168226	0.55126196
1.4172099	0.55108273
1.4175974	0.55072433
1.4179851	0.55030614
1.4183733	0.55000746
1.4187614	0.54952955
1.4191499	0.5492906
1.4195384	0.54899192
1.4199272	0.54881269
1.4203162	0.54839456
1.4207056	0.5476777
1.4210949	0.54708028
1.4214847	0.54696083
1.4218745	0.54654264
1.4222647	0.54630369
1.422655	0.54636341
1.4230455	0.54630369
1.4234362	0.54672188
1.4238272	0.54678154
1.4242183	0.54624397
1.4246095	0.54606473
1.425001	0.54594529
1.425393	0.54576606
1.4257849	0.54534793
1.4261771	0.54522842
1.4265696	0.5451687
1.4269623	0.54522842
1.4273552	0.54564661
1.4277484	0.54576606
1.4281417	0.54594529
1.4285352	0.54606473
1.428929	0.54624397
1.429323	0.54636341
1.4297171	0.54630369
1.4301115	0.54606473
1.4305061	0.54618424
1.4309008	0.54672188
1.4312959	0.54702055
1.4316912	0.54737902
1.4320866	0.54791665
1.4324824	0.54755819
1.4328783	0.54731923
1.4332745	0.54719979
1.4336708	0.54737902
1.4340675	0.54779714
1.4344643	0.54833478
1.4348613	0.54863346
1.4352585	0.54863346
1.4356561	0.54851401
1.4360538	0.54863346
1.4364517	0.54875296
1.4368497	0.54869324
1.4372482	0.54911137
1.4376467	0.5494101
1.4380456	0.54917109
1.4384446	0.54917109
1.4388438	0.54946983
1.4392433	0.54911137
1.439643	0.54857373
1.4400429	0.54875296
1.4404429	0.54911137
1.4408432	0.549649
1.4412439	0.549649
1.4416445	0.54952955
1.4420457	0.5494101
1.4424468	0.54946983
1.4428483	0.54982823
1.4432499	0.54952955
1.443652	0.54917109
1.4440541	0.5492906
1.4444566	0.54923087
1.444859	0.54970878
1.445262	0.54994774
1.4456649	0.549649
1.4460682	0.54935032
1.4464716	0.54935032
1.4468753	0.5494101
1.4472792	0.54982823
1.4476835	0.54994774
1.4480878	0.54976851
1.4484924	0.54923087
1.4488972	0.54911137
1.4493023	0.54899192
1.4497076	0.54887241
1.4501131	0.54899192
1.4505187	0.54899192
1.4509248	0.54875296
1.4513309	0.54887241
1.4517374	0.54887241
1.4521439	0.54887241
1.4525509	0.54875296
1.452958	0.54827505
1.4533653	0.54815561
1.4537728	0.54851401
1.4541807	0.54869324
1.4545887	0.54845428
1.4549969	0.54797637
1.4554054	0.54821533
1.4558141	0.54863346
1.456223	0.54863346
1.4566324	0.54851401
1.4570416	0.54839456
1.4574513	0.54821533
1.4578612	0.54827505
1.4582713	0.54827505
1.4586816	0.54809582
1.4590921	0.54809582
1.4595029	0.54827505
1.4599138	0.54827505
1.460325	0.54809582
1.4607365	0.54821533
1.4611483	0.54797637
1.4615602	0.54785693
1.4619724	0.54773742
1.4623848	0.54761797
1.4627974	0.54743868
1.4632103	0.54731923
1.4636234	0.54731923
1.4640367	0.54791665
1.4644502	0.54785693
1.4648641	0.54791665
1.4652781	0.54785693
1.4656924	0.54725951
1.4661069	0.54702055
1.4665216	0.54719979
1.4669366	0.54725951
1.4673518	0.54725951
1.4677672	0.54672188
1.4681829	0.54672188
1.4685988	0.54708028
1.469015	0.54737902
1.4694314	0.54749846
1.469848	0.54761797
1.4702649	0.54755819
1.470682	0.54708028
1.4710993	0.54684138
1.471517	0.54672188
1.4719347	0.54690111
1.4723527	0.54684138
1.472771	0.54648286
1.4731897	0.54654264
1.4736084	0.54660243
1.4740274	0.54672188
1.4744467	0.54624397
1.4748662	0.54600501
1.4752858	0.54666215
1.4757057	0.54654264
1.476126	0.54594529
1.4765463	0.54618424
1.476967	0.54618424
1.4773879	0.54606473
1.477809	0.54636341
1.4782305	0.54654264
1.478652	0.54618424
1.4790739	0.54594529
1.479496	0.54582572
1.4799184	0.54582572
1.480341	0.54564661
1.4807638	0.54594529
1.4811869	0.54624397
1.4816102	0.54630369
1.4820337	0.54624397
1.4824575	0.54576606
1.4828815	0.54534793
1.4833061	0.5455271
1.4837304	0.54564661
1.4841553	0.54546738
1.4845803	0.54534793
1.4850056	0.54522842
1.4854311	0.54534793
1.4858568	0.5455271
1.4862827	0.54558682
1.4867089	0.54534793
1.4871353	0.54534793
1.4875621	0.54528815
1.4879889	0.54510891
1.4884162	0.5451687
1.4888437	0.54504913
1.4892714	0.54487002
1.4896992	0.5451687
1.4901278	0.5451687
1.4905561	0.54522842
1.4909849	0.54528815
1.4914138	0.54475045
1.491843	0.544631
1.4922724	0.54510891
1.4927021	0.54504913
1.493132	0.5451687
1.4935622	0.54498947
1.4939926	0.544631
1.4944233	0.54427266
1.4948542	0.54439205
1.4952854	0.54433233
1.4957168	0.54457134
1.4961485	0.54451156
1.4965804	0.54445177
1.4970125	0.54433233
1.4974447	0.54397386
1.4978775	0.54403371
1.4983103	0.54397386
1.4987437	0.54385448
1.499177	0.54409337
1.4996107	0.54385448
1.5000446	0.54379469
1.5004789	0.54409337
1.5009133	0.54385448
1.5013479	0.54337656
1.5017828	0.54307789
1.502218	0.54331678
1.5026534	0.54373497
1.5030892	0.54367524
1.503525	0.54343623
1.5039612	0.54343623
1.5043976	0.5435558
1.5048344	0.54331678
1.5052713	0.5430181
1.5057086	0.54259998
1.506146	0.5423013
1.5065837	0.54254025
1.5070215	0.54248053
1.5074598	0.5423013
1.5078982	0.54212207
1.5083369	0.54212207
1.5087758	0.54212207
1.5092151	0.54206228
1.5096546	0.54212207
1.5100944	0.54206228
1.5105344	0.5417636
1.5109746	0.5417636
1.5114151	0.54170382
1.511856	0.54188311
1.5122969	0.54194283
1.5127382	0.54164416
1.5131798	0.5417636
1.5136217	0.54158437
1.5140636	0.54146492
1.514506	0.54146492
1.5149485	0.54134548
1.5153915	0.54104674
1.5158345	0.54128569
1.5162779	0.54116625
1.5167215	0.54086757
1.5171654	0.54098701
1.5176095	0.54104674
1.518054	0.54116625
1.5184987	0.54134548
1.5189435	0.54122603
1.5193887	0.54104674
1.5198342	0.54092723
1.5202799	0.54062855
1.5207258	0.54056889
1.521172	0.5405091
1.5216186	0.54044944
1.5220653	0.54074806
1.5225123	0.54074806
1.5229596	0.54068834
1.5234071	0.54044944
1.5238549	0.54009092
1.524303	0.53997147
1.5247513	0.5397923
1.5251998	0.53973252
1.5256486	0.53997147
1.5260978	0.54009092
1.5265471	0.54027015
1.5269967	0.54027015
1.5274466	0.53985196
1.5278969	0.53991175
1.5283473	0.53967279
1.528798	0.53961307
1.529249	0.5397923
1.5297003	0.53967279
1.5301517	0.53955328
1.5306035	0.53973252
1.5310555	0.53949362
1.5315078	0.53955328
1.5319604	0.53961307
1.5324134	0.53913516
1.5328665	0.53895593
1.5333198	0.53937405
1.5337734	0.53949362
1.5342274	0.53949362
1.5346816	0.53925461
1.5351361	0.53931433
1.5355908	0.53943384
1.5360456	0.53925461
1.5365007	0.53907537
1.5369563	0.53919488
1.537412	0.53901565
1.5378683	0.53919488
1.5383245	0.53943384
1.5387812	0.53925461
1.539238	0.53919488
1.5396953	0.53937405
1.5401527	0.53949362
1.5406104	0.53937405
1.5410683	0.53919488
1.5415267	0.53907537
1.5419852	0.53907537
1.542444	0.53913516
1.5429029	0.53925461
1.5433626	0.53925461
1.5438222	0.53931433
1.5442821	0.53937405
1.5447421	0.53925461
1.5452026	0.53949362
1.5456632	0.53943384
1.5461243	0.53907537
1.5465856	0.5388962
1.5470469	0.5387767
1.5475086	0.53907537
1.5479708	0.53937405
1.5484331	0.53937405
1.5488957	0.53919488
1.5493586	0.53913516
1.5498219	0.53913516
1.5502852	0.53895593
1.5507492	0.53901565
1.5512131	0.53931433
1.5516775	0.53937405
1.552142	0.53925461
1.5526069	0.53931433
1.553072	0.53925461
1.5535375	0.53913516
1.5540031	0.53913516
1.5544689	0.53907537
1.5549351	0.53907537
1.5554017	0.53901565
1.5558684	0.53913516
1.5563356	0.53919488
1.5568029	0.53883648
1.5572705	0.53901565
1.5577384	0.53913516
1.5582068	0.53919488
1.5586753	0.53913516
1.5591441	0.5387767
1.5596131	0.53901565
1.5600824	0.53919488
1.560552	0.53907537
1.561022	0.53913516
1.5614921	0.53913516
1.5619628	0.53883648
1.5624335	0.5388962
1.5629046	0.5388962
1.5633758	0.53859746
1.5638475	0.53847802
1.5643194	0.53853774
1.5647916	0.53859746
1.565264	0.53853774
1.5657365	0.53865725
1.5662096	0.53883648
1.5666829	0.53853774
1.5671564	0.53841835
1.5676304	0.53871697
1.5681045	0.53871697
1.5685791	0.53835851
1.5690538	0.53835851
1.5695291	0.53829879
1.5700043	0.53805983
1.57048	0.53805983
1.5709559	0.53817934
1.5714321	0.53835851
1.5719085	0.53823906
1.5723853	0.53847802
1.5728624	0.53835851
1.5733397	0.53817934
1.5738174	0.53829879
1.5742953	0.53847802
1.5747734	0.53829879
1.5752521	0.53811961
1.5757308	0.53805983
1.5762099	0.53794038
1.5766892	0.53788066
1.5771688	0.53794038
1.5776488	0.53835851
1.5781291	0.53817934
1.5786096	0.53788066
1.5790905	0.53776121
1.5795716	0.53752226
1.5800531	0.5376417
1.5805347	0.53800011
1.5810168	0.53794038
1.5814991	0.5376417
1.5819818	0.53758192
1.5824646	0.53770143
1.5829479	0.53770143
1.5834312	0.53758192
1.5839151	0.53734297
1.5843991	0.53740281
1.5848837	0.53740281
1.5853683	0.5376417
1.5858533	0.53770143
1.5863385	0.53734297
1.5868242	0.53734297
1.58731	0.53746247
1.5877962	0.53704429
1.5882826	0.53686512
1.5887693	0.53716379
1.5892563	0.53728324
1.5897436	0.5376417
1.5902313	0.53770143
1.5907192	0.5376417
1.5912075	0.53734297
1.591696	0.53716379
1.5921849	0.53734297
1.592674	0.53734297
1.5931635	0.53704429
1.5936533	0.53692484
1.5941433	0.53686512
1.5946337	0.53698456
1.5951242	0.53686512
1.5956153	0.53686512
1.5961065	0.53716379
1.5965984	0.53698456
1.5970901	0.53692484
1.5975825	0.53680533
1.5980748	0.53680533
1.5985676	0.53704429
1.5990607	0.53698456
1.5995542	0.53668588
1.6000477	0.53698456
1.6005416	0.53716379
1.6010358	0.53716379
1.6015304	0.53728324
1.6020253	0.53710413
1.6025206	0.53698456
1.603016	0.53710413
1.6035119	0.53668588
1.604008	0.53656644
1.6045047	0.53656644
1.6050013	0.53668588
1.6054984	0.53716379
1.6059958	0.53716379
1.6064935	0.53692484
1.6069914	0.53686512
1.6074898	0.53692484
1.6079884	0.53704429
1.608487	0.53698456
1.6089861	0.53710413
1.6094857	0.53734297
1.6099856	0.53734297
1.6104858	0.53752226
1.6109861	0.53728324
1.611487	0.53680533
1.6119881	0.53698456
1.6124896	0.53716379
1.6129912	0.53716379
1.6134933	0.53686512
1.6139956	0.53680533
1.6144984	0.53704429
1.6150012	0.53692484
1.6155045	0.53692484
1.616008	0.53704429
1.6165122	0.53728324
1.6170163	0.53722358
1.6175209	0.53704429
1.6180257	0.53728324
1.6185309	0.53728324
1.6190363	0.53710413
1.6195421	0.53704429
1.6200482	0.53728324
1.6205544	0.53734297
1.6210611	0.53740281
1.6215682	0.53752226
1.6220756	0.53752226
1.6225833	0.53740281
1.6230912	0.53722358
1.6235996	0.53704429
1.6241082	0.53704429
1.6246173	0.53680533
1.6251266	0.53680533
1.6256363	0.53692484
1.6261462	0.53686512
1.6266564	0.53686512
1.627167	0.53728324
1.6276779	0.53728324
1.6281891	0.53698456
1.6287007	0.53650665
1.6292125	0.5362677
1.6297247	0.53614825
1.6302372	0.53656644
1.6307501	0.53680533
1.6312631	0.53698456
1.6317767	0.53686512
1.6322904	0.53686512
1.6328044	0.53692484
1.6333188	0.53698456
1.6338336	0.53674567
1.6343486	0.53656644
1.6348641	0.53650665
1.6353798	0.53674567
1.6358958	0.53674567
1.6364123	0.53632742
1.6369292	0.53620797
1.637446	0.53632742
1.6379635	0.53644699
1.6384811	0.53602874
1.6389992	0.53584957
1.6395175	0.53596902
1.6400362	0.53614825
1.6405551	0.53638721
1.6410745	0.53632742
1.6415942	0.53638721
1.6421142	0.53632742
1.6426344	0.53614825
1.6431552	0.53578985
1.643676	0.53567034
1.6441975	0.53578985
1.644719	0.53584957
1.6452409	0.53573006
1.6457632	0.53578985
1.6462859	0.53578985
1.6468087	0.53584957
1.6473321	0.53584957
1.6478556	0.53549117
1.6483797	0.53537166
1.648904	0.53537166
1.6494286	0.53537166
1.6499535	0.53543139
1.6504788	0.53573006
1.6510044	0.53555083
1.6515305	0.53531188
1.6520567	0.53543139
1.6525834	0.53537166
1.6531103	0.53507298
1.6536378	0.5350132
1.6541654	0.53495347
1.6546935	0.53495347
1.6552217	0.5350132
1.6557504	0.53477424
1.6562793	0.53477424
1.6568087	0.53489375
1.6573384	0.53495347
1.6578683	0.53495347
1.6583985	0.5350132
1.6589293	0.53483403
1.6594603	0.53483403
1.6599917	0.53489375
1.6605233	0.53477424
1.6610554	0.53471458
1.6615878	0.53441584
1.6621207	0.53447556
1.6626537	0.53477424
1.6631873	0.5346548
1.6637208	0.53435612
1.664255	0.53423661
1.6647894	0.53423661
1.6653243	0.53417689
1.6658593	0.53429639
1.6663947	0.53441584
1.6669306	0.53453529
1.6674668	0.53453529
1.6680032	0.53435612
1.6685401	0.53447556
1.6690773	0.53447556
1.6696149	0.53417689
1.6701527	0.53405744
1.670691	0.53393793
1.6712295	0.53393793
1.6717685	0.53405744
1.6723077	0.53417689
1.6728474	0.53423661
1.6733873	0.53417689
1.6739277	0.53405744
1.6744683	0.53393793
1.6750095	0.53381848
1.6755508	0.53387821
1.6760926	0.53399765
1.6766347	0.53411716
1.6771772	0.53405744
1.6777198	0.53411716
1.6782631	0.53393793
1.6788064	0.53381848
1.6793501	0.53393793
1.6798942	0.53417689
1.6804388	0.53393793
1.6809837	0.53399765
1.6815289	0.53399765
1.6820744	0.53381848
1.6826205	0.5337587
1.6831667	0.53399765
1.6837136	0.53393793
1.6842605	0.53363925
1.684808	0.5337587
1.6853557	0.53393793
1.6859038	0.53399765
1.6864522	0.53381848
1.687001	0.53346002
1.6875501	0.5335198
1.6881	0.53369898
1.6886498	0.53346002
1.6892	0.53346002
1.6897506	0.53357953
1.6903015	0.53334051
1.6908529	0.5334003
1.6914046	0.5334003
1.6919565	0.53328085
1.6925087	0.53328085
1.6930614	0.5335198
1.6936146	0.5334003
1.694168	0.53346002
1.6947218	0.53363925
1.695276	0.53363925
1.6958306	0.53346002
1.6963854	0.53322107
1.6969409	0.53310162
1.6974965	0.53310162
1.6980526	0.53310162
1.6986089	0.53328085
1.6991657	0.53328085
1.6997228	0.53304189
1.7002803	0.53286266
1.7008381	0.53286266
1.7013963	0.53298211
1.7019548	0.53292239
1.7025138	0.53262371
1.703073	0.53250426
1.7036328	0.53262371
1.7041928	0.53262371
1.7047533	0.53262371
1.7053139	0.53274322
1.705875	0.53274322
1.7064364	0.53262371
1.7069983	0.53238475
1.7075605	0.53220552
1.7081233	0.53208607
1.7086862	0.5321458
1.7092496	0.53220552
1.7098132	0.53220552
1.7103775	0.53220552
1.7109419	0.53196657
1.7115068	0.53190684
1.712072	0.53190684
1.7126377	0.53184712
1.7132035	0.5317874
1.7137699	0.5316081
1.7143366	0.53130943
1.7149036	0.53101081
1.715471	0.53095096
1.7160389	0.53118998
1.7166071	0.53130943
1.7171758	0.53113025
1.7177447	0.5308913
1.7183142	0.53077185
1.7188838	0.53083158
1.7194541	0.53059262
1.7200245	0.53041339
1.7205955	0.53041339
1.7211666	0.53035367
1.7217383	0.53017449
1.7223103	0.52999526
1.7228827	0.52993554
1.7234554	0.52993554
1.7240288	0.52981603
1.7246022	0.52993554
1.7251762	0.52987576
1.7257504	0.52975631
1.7263252	0.52957708
1.7269002	0.52957708
1.7274756	0.52963674
1.7280514	0.52951735
1.7286276	0.52945763
1.7292041	0.52921861
1.7297812	0.52909917
1.7303585	0.52903944
1.7309363	0.52891994
1.7315143	0.52897972
1.732093	0.52891994
1.7326717	0.52891994
1.7332511	0.52880049
1.7338307	0.52862126
1.7344109	0.52862126
1.7349913	0.52874076
1.7355722	0.52886021
1.7361534	0.52897972
1.7367351	0.52880049
1.737317	0.52862126
1.7378997	0.52856147
1.7384824	0.52850181
1.7390656	0.52862126
1.7396491	0.52862126
1.7402332	0.52856147
1.7408174	0.52838236
1.7414023	0.52820313
1.7419873	0.52832258
1.7425728	0.52820313
1.7431587	0.52826279
1.7437451	0.52820313
1.7443317	0.52814335
1.7449189	0.52808362
1.7455064	0.52820313
1.7460943	0.52826279
1.7466825	0.52814335
1.7472714	0.52808362
1.7478604	0.52790439
1.7484499	0.52784467
1.7490398	0.52784467
1.7496301	0.52790439
1.7502208	0.52790439
1.7508119	0.52814335
1.7514033	0.5280239
1.7519954	0.52772522
1.7525877	0.5276655
1.7531804	0.52748621
1.7537735	0.52748621
1.754367	0.52760565
1.7549609	0.5276655
1.7555553	0.52748621
1.7561499	0.5276655
1.7567449	0.52772522
1.7573403	0.5276655
1.7579362	0.5276655
1.7585325	0.52730703
1.7591293	0.52706808
1.7597264	0.52700835
1.760324	0.52724725
1.7609218	0.52730703
1.7615204	0.52724725
1.7621191	0.52724725
1.7627183	0.52718753
1.7633178	0.52718753
1.7639178	0.52718753
1.7645181	0.52700835
1.7651191	0.52700835
1.7657201	0.52682906
1.7663218	0.52670962
1.7669238	0.52694857
1.7675263	0.52694857
1.768129	0.5267694
1.7687324	0.52670962
1.769336	0.52670962
1.7699401	0.52670962
1.7705445	0.52670962
1.7711494	0.52664995
1.7717546	0.52659017
1.7723604	0.52670962
1.7729665	0.52670962
1.773573	0.52664995
1.7741799	0.52670962
1.7747874	0.52670962
1.7753952	0.52670962
1.7760036	0.52659017
1.7766122	0.52635127
1.7772213	0.52629149
1.7778307	0.52629149
1.7784407	0.52617198
1.7790509	0.52617198
1.7796618	0.52611226
1.7802728	0.52599281
1.7808841	0.52593303
1.781496	0.52593303
1.7821085	0.52599281
1.7827213	0.52599281
1.7833346	0.5257538
1.7839482	0.52533567
1.7845623	0.52539545
1.7851768	0.52545512
1.785792	0.52545512
1.7864072	0.52533567
1.7870232	0.52533567
1.7876393	0.52533567
1.788256	0.52521616
1.788873	0.52509671
1.7894906	0.52515644
1.7901084	0.52503699
1.790727	0.52467859
1.7913457	0.52473831
1.7919649	0.52467859
1.7925845	0.52443957
1.7932047	0.52443957
1.793825	0.52437991
1.794446	0.52437991
1.7950673	0.52432013
1.795689	0.52420068
1.7963111	0.52396172
1.7969339	0.52384222
1.7975569	0.52360332
1.7981805	0.52348375
1.7988043	0.52354354
1.7994287	0.52342409
1.8000535	0.52336431
1.800679	0.52318507
1.8013045	0.52300596
1.8019307	0.5228864
1.8025571	0.52294618
1.8031842	0.52276695
1.8038116	0.52240849
1.8044394	0.52216953
1.8050677	0.52205008
1.8056965	0.52205008
1.8063256	0.52199036
1.8069552	0.52181113
1.8075852	0.5217514
1.8082157	0.5216319
1.8088466	0.52157223
1.809478	0.52145267
1.8101097	0.52127355
1.8107419	0.52115399
1.8113745	0.52097481
1.8120078	0.52091509
1.8126413	0.52091509
1.8132753	0.52061641
1.8139096	0.52019817
1.8145447	0.52013844
1.8151799	0.52061641
1.8158158	0.52061641
1.8164519	0.52025795
1.8170887	0.52013844
1.8177258	0.52031767
1.8183634	0.5203774
1.8190013	0.52025795
1.8196399	0.52061641
1.8202788	0.52109426
1.8209183	0.52079558
1.8215581	0.52079558
1.8221985	0.52067608
1.8228391	0.5203774
1.8234804	0.52019817
1.8241218	0.52013844
1.824764	0.52007872
1.8254064	0.52055663
1.8260493	0.52127355
1.8266927	0.52073586
1.8273367	0.52007872
1.8279809	0.52019817
1.8286258	0.5203774
1.829271	0.52043712
1.8299167	0.52061641
1.8305628	0.52073586
1.8312097	0.5204969
1.8318566	0.51995927
1.8325043	0.51983976
1.8331522	0.51960081
1.8338007	0.51966053
1.8344495	0.52001899
1.835099	0.52031767
1.8357487	0.52055663
1.8363992	0.5204969
1.83705	0.52055663
1.8377012	0.52067608
1.8383528	0.51960081
1.839005	0.51966053
1.8396575	0.52043712
1.8403107	0.51978004
1.8409641	0.51989949
1.8416178	0.52073586
1.8422722	0.52001899
1.8429272	0.51906317
1.8435825	0.51870477
1.8442384	0.51864505
1.8448946	0.51852554
1.8455515	0.51852554
1.8462087	0.51930213
1.8468666	0.52031767
1.8475248	0.51995927
1.8481835	0.51930213
1.8488425	0.51846576
1.8495022	0.51822692
1.8501621	0.51810735
1.8508228	0.51780868
1.8514837	0.51756978
1.852145	0.51798791
1.8528068	0.51846576
1.8534694	0.51882422
1.8541322	0.51846576
1.8547956	0.51745027
1.8554593	0.51715159
1.8561238	0.5176295
1.8567885	0.51780868
1.8574541	0.51721132
1.8581197	0.51703209
1.858786	0.51751
1.8594526	0.51840609
1.8601199	0.51804763
1.8607875	0.51715159
1.8614557	0.51667368
1.8621242	0.51655418
1.8627936	0.51661396
1.8634632	0.51673341
1.8641332	0.51685292
1.8648038	0.51655418
1.8654748	0.51613605
1.8661463	0.51613605
1.8668184	0.51673341
1.8674908	0.5176295
1.8681637	0.51715159
1.868837	0.51619577
1.869511	0.51619577
1.8701854	0.51697236
1.8708603	0.51756978
1.8715357	0.51655418
1.8722117	0.51619577
1.872888	0.51679313
1.8735651	0.51601654
1.8742423	0.51482183
1.8749202	0.5146426
1.8755985	0.51452315
1.8762774	0.51458287
1.8769567	0.51446331
1.8776366	0.5135076
1.8783168	0.51291019
1.8789977	0.51261145
1.8796788	0.51255178
1.8803607	0.51237255
1.881043	0.51189464
1.8817258	0.51123756
1.882409	0.51099855
1.8830929	0.51117778
1.883777	0.51135701
1.8844618	0.51075959
1.8851469	0.51016223
1.8858327	0.50968426
1.8865188	0.50938559
1.8872057	0.50920647
1.8878928	0.50884801
1.8885808	0.50831032
1.8892689	0.50842988
1.8899578	0.50854933
1.8906469	0.50783241
1.8913368	0.50729477
1.892027	0.5071156
1.8927178	0.50669742
1.893409	0.50645846
1.8941009	0.50610006
1.8947932	0.50544292
1.8954861	0.50496501
1.8961793	0.50454688
1.8968732	0.50406897
1.8975675	0.50377029
1.8982624	0.50341183
1.8989576	0.50377029
1.8996536	0.50359106
1.9003499	0.50233656
1.9010466	0.50138074
1.9017439	0.50102234
1.9024419	0.50132096
1.9031402	0.50054443
1.9038392	0.49934968
1.9045385	0.49940938
1.9052386	0.49964833
1.905939	0.49893147
1.9066402	0.49827433
1.9073416	0.49731857
1.9080436	0.49654195
1.9087461	0.49624327
1.9094492	0.49594459
1.9101527	0.49582508
1.9108568	0.49582508
1.9115614	0.49546668
1.9122664	0.49492902
1.912972	0.49522772
1.9136782	0.49528748
1.9143847	0.49445117
1.915092	0.4939135
1.9157996	0.49397326
1.916508	0.49403304
1.9172167	0.49355507
1.9179261	0.4933759
1.9186358	0.4933759
1.9193462	0.49385375
1.9200571	0.49445117
1.9207685	0.49403304
1.9214803	0.49313691
1.9221928	0.49283823
1.9229058	0.49283823
1.9236195	0.49313691
1.9243335	0.49307716
1.9250481	0.49247977
1.9257631	0.49212134
1.9264789	0.49218109
1.927195	0.49218109
1.9279118	0.49218109
1.9286289	0.49218109
1.9293463	0.49164349
1.9300646	0.4914642
1.9307835	0.49152398
1.9315028	0.4914045
1.9322227	0.4910461
1.9329431	0.4910461
1.9336642	0.49116552
1.9343857	0.49092659
1.9351079	0.49080712
1.9358305	0.49080712
1.9365537	0.49062791
1.9372772	0.49032924
1.9380015	0.49032924
1.9387262	0.49038896
1.9394516	0.49032924
1.9401773	0.48997083
1.940904	0.48973185
1.9416308	0.48961237
1.9423584	0.48949286
1.9430864	0.48937339
1.943815	0.48931369
1.9445441	0.48901501
1.9452738	0.48883572
1.9460039	0.48865658
1.9467345	0.48829812
1.9474658	0.48811889
1.9481977	0.48793975
1.94893	0.48782021
1.949663	0.48758128
1.9503965	0.48722285
1.9511306	0.48680466
1.9518652	0.48644623
1.9526006	0.48620734
1.9533362	0.48578912
1.9540726	0.48555019
1.9548093	0.48543072
1.9555469	0.48531121
1.9562846	0.48489311
1.9570233	0.48459443
1.9577622	0.48435545
1.9585019	0.48423597
1.959242	0.483758
1.9599829	0.48339963
1.960724	0.48310092
1.961466	0.48286197
1.9622083	0.48256329
1.9629514	0.48232433
1.9636948	0.48214513
1.9644389	0.48184645
1.9651834	0.48142827
1.9659288	0.48112959
1.9666744	0.48089063
1.9674209	0.48065168
1.9681678	0.480353
1.9689153	0.47999457
1.9696634	0.47957641
1.9704123	0.47927773
1.9711614	0.47915828
1.9719112	0.47885951
1.9726615	0.47850114
1.9734125	0.47814271
1.9741639	0.47796348
1.9749161	0.47790375
1.9756685	0.47772452
1.976422	0.47772452
1.9771756	0.47754529
1.9779301	0.47724661
1.9786849	0.47700763
1.9794405	0.47694793
1.9801965	0.47694793
1.9809532	0.47682843
1.9817104	0.47664925
1.9824681	0.47658947
1.9832264	0.47652975
1.9839855	0.47658947
1.984745	0.47658947
1.9855052	0.47664925
1.9862659	0.47652975
1.9870273	0.47647002
1.987789	0.47647002
1.9885516	0.47635049
1.9893147	0.47629079
1.9900783	0.47629079
1.9908425	0.47623107
1.9916074	0.47611162
1.9923728	0.47593236
1.9931389	0.47587267
1.9939053	0.47599211
1.9946727	0.47629079
1.9954402	0.47623107
1.9962088	0.47599211
1.9969776	0.47599211
1.9977473	0.47599211
1.9985173	0.47617134
1.9992882	0.47629079
2.0000594	0.4764103
2.0008314	0.47652975
2.0016038	0.47676873
2.002377	0.47694793
2.0031507	0.47718689
2.0039251	0.47754529
2.0046999	0.47778425
2.0054755	0.47778425
2.0062516	0.47772452
2.0070286	0.47796348
2.0078058	0.47814271
2.0085838	0.47826216
2.0093622	0.4783816
2.0101414	0.47862059
2.010921	0.47879982
2.0117013	0.47868034
2.0124824	0.47868034
2.0132637	0.47885951
2.0140457	0.47885951
2.0148287	0.47874004
2.0156119	0.47874004
2.016396	0.47885951
2.0171804	0.47885951
2.0179658	0.47879982
2.0187516	0.47874004
2.0195379	0.47868034
2.0203249	0.47862059
2.0211127	0.47868034
2.0219009	0.47862059
2.0226898	0.47862059
2.0234792	0.47874004
2.0242696	0.47868034
2.0250602	0.47874004
2.0258517	0.47868034
2.0266438	0.47850114
2.0274363	0.47844139
2.0282295	0.47844139
2.0290234	0.47856084
2.0298178	0.47868034
2.0306129	0.47874004
2.0314085	0.47897899
2.0322044	0.47903875
2.0330014	0.47903875
2.0337989	0.47927773
2.0345972	0.47951666
2.0353961	0.47939712
2.0361953	0.47951666
2.0369956	0.47987509
2.0377963	0.47999457
2.0385981	0.480353
2.0393999	0.48059192
2.0402026	0.48059192
2.0410056	0.48095036
2.0418096	0.48130882
2.042614	0.48172691
2.0434194	0.48202565
2.044225	0.48220488
2.0450315	0.48274249
2.0458386	0.4831607
2.0466464	0.48339963
2.0474546	0.48387754
2.0482635	0.48423597
2.049073	0.4844749
2.0498834	0.48495281
2.0506942	0.48525149
2.0515053	0.4857294
2.0523174	0.48614755
2.0531304	0.48626703
2.0539436	0.48644623
2.0547578	0.48692417
2.0555725	0.48722285
2.0563879	0.48722285
2.057204	0.48740208
2.0580208	0.48758128
2.0588381	0.48758128
2.0596561	0.48758128
2.0604746	0.48782021
2.0612941	0.48787999
2.062114	0.48776048
2.0629346	0.48758128
2.0637558	0.48764104
2.0645773	0.48782021
2.0653996	0.48776048
2.0662231	0.48764104
2.0670469	0.48758128
2.0678713	0.48758128
2.0686965	0.48751941
2.0695224	0.48733395
2.0703487	0.48702475
2.0711763	0.48696291
2.0720038	0.48640639
2.0728326	0.48603535
2.0736616	0.48634455
2.0744915	0.48640639
2.0753219	0.48547888
2.076153	0.48547888
2.0769846	0.48516968
2.0778172	0.48473677
2.0786502	0.48442763
2.0794842	0.48368558
2.0803187	0.48288167
2.0811539	0.48220149
2.0819895	0.48220149
2.0828261	0.48226333
2.0836632	0.48133579
2.084501	0.48028457
2.0853395	0.48034638
2.0861788	0.47972804
2.0870185	0.478986
2.0878592	0.47842944
2.0887003	0.47787294
2.0895422	0.47737822
2.0903847	0.47663617
2.0912282	0.47632703
2.092072	0.47626519
2.0929167	0.47570866
2.0937619	0.47484294
2.0946081	0.47459558
2.0954545	0.47447193
2.096302	0.47403908
2.0971498	0.47372988
2.0979986	0.47323516
2.0988479	0.47286415
2.0996981	0.47286415
2.1005487	0.47274053
2.1014004	0.47292602
2.1022525	0.47298786
2.1031053	0.47249314
2.1039588	0.47206029
2.1048129	0.47144192
2.1056678	0.47138008
2.1065235	0.4711946
2.1073797	0.47088543
2.1082368	0.47026703
2.1090944	0.4697105
2.1099529	0.46927762
2.1108119	0.469154
2.1116717	0.46903032
2.1125321	0.46896848
2.1133935	0.46865928
2.1142552	0.46841195
2.115118	0.46754622
2.1159811	0.46797907
2.1168454	0.4682264
2.1177099	0.46859744
2.1185756	0.46921581
2.1194417	0.46933946
2.1203086	0.4688448
2.121176	0.46927762
2.1220446	0.46989605
2.1229134	0.47032887
2.1237831	0.46995786
2.1246536	0.4694013
2.1255245	0.46927762
2.1263962	0.46921581
2.1272688	0.46903032
2.1281419	0.4688448
2.1290162	0.46723706
2.1298907	0.46587664
2.1307662	0.4658148
2.1316423	0.46519643
2.1325192	0.4646399
2.1333966	0.46445441
2.1342752	0.46451619
2.135154	0.46451619
2.1360338	0.46488726
2.1369143	0.46538198
2.1377954	0.46587664
2.1386774	0.46630952
2.1395605	0.46680418
2.1404438	0.46711338
2.1413281	0.46742254
2.1422129	0.46797907
2.1430986	0.46804094
2.1439848	0.46841195
2.144872	0.4694013
2.1457596	0.47032887
2.1466477	0.47082359
2.1475368	0.47144192
2.148427	0.47255501
2.1493175	0.47342071
2.1502092	0.47379172
2.1511011	0.47416273
2.1519942	0.47459558
2.1528878	0.47533762
2.1537826	0.47595599
2.1546776	0.4763889
2.1555736	0.47675988
2.1564703	0.47682172
2.1573677	0.47694537
2.1582658	0.47768742
2.1591649	0.47830579
2.1600645	0.47824398
2.1609645	0.47873864
2.1618655	0.47910967
2.1627674	0.47892419
2.1636701	0.47886235
2.1645734	0.47910967
2.1654775	0.47917145
2.1663826	0.47917145
2.1672883	0.479357
2.168195	0.47960436
2.169102	0.47985169
2.1700101	0.48003724
2.1709187	0.47954252
2.1718283	0.47910967
2.1727386	0.47917145
2.1736495	0.47917145
2.1745613	0.47948065
2.1754742	0.47948065
2.1763873	0.47948065
2.1773014	0.479357
2.1782162	0.47948065
2.179132	0.47991356
2.1800482	0.48016086
2.1809654	0.47978985
2.1818831	0.47910967
2.1828015	0.47910967
2.1837208	0.47941884
2.1846411	0.47904783
2.1855621	0.478986
2.1864841	0.47880048
2.1874065	0.4786768
2.1883299	0.47873864
2.189254	0.47873864
2.1901793	0.47873864
2.1911051	0.478986
2.1920316	0.47892419
2.1929588	0.478986
2.193887	0.47880048
2.1948156	0.47886235
2.1957452	0.47880048
2.1966755	0.47873864
2.197607	0.47855315
2.1985388	0.47873864
2.1994717	0.47855315
2.2004051	0.47824398
2.2013395	0.47762558
2.2022746	0.47719276
2.2032106	0.47713092
2.2041473	0.47787294
2.2050848	0.47805846
2.206023	0.47744009
2.2069621	0.47750193
2.207902	0.47774923
2.2088428	0.4772546
2.2097843	0.47688356
2.2107267	0.47682172
2.2116697	0.47626519
2.2126141	0.47564679
2.2135587	0.47595599
2.2145045	0.47564679
2.2154505	0.4750903
2.216398	0.47428641
2.2173457	0.47366807
2.2182946	0.47323516
2.2192442	0.47274053
2.2201948	0.47224581
2.2211459	0.47156563
2.2220981	0.47107089
2.2230508	0.47057623
2.2240045	0.46952501
2.2249589	0.46878299
2.2259145	0.46797907
2.2268705	0.46742254
2.2278273	0.46624765
2.228785	0.46470174
2.2297437	0.46303216
2.2307031	0.4619191
2.2316635	0.46012583
2.2326245	0.45808524
2.2335865	0.45616832
2.234549	0.4541277
2.2355127	0.45122135
2.2364771	0.44831505
2.2374425	0.44577977
2.2384083	0.44342998
2.2393754	0.44083288
2.2403431	0.43903953
2.2413118	0.43737
2.2422812	0.43594778
2.243252	0.43483466
2.2442229	0.4337216
2.2451949	0.43285593
2.2461677	0.43199021
2.2471414	0.4310008
2.2481158	0.43001145
2.2490911	0.42889833
2.2500672	0.42846552
2.251044	0.42815632
2.2520218	0.42778534
2.2530005	0.42766166
2.2539799	0.42747611
2.2549605	0.42759982
2.2559416	0.42784715
2.2569239	0.42809448
2.2579067	0.42797086
2.2588909	0.42704329
2.2598755	0.42599207
2.2608612	0.42407516
2.2618475	0.42172533
2.2628348	0.41881901
2.263823	0.41560352
2.264812	0.41127497
2.2658017	0.40682274
2.2667923	0.40311253
2.2677839	0.39909315
2.2687764	0.39556849
2.2697697	0.39229113
2.2707639	0.39018869
2.271759	0.38907561
2.2727549	0.38759157
2.2737517	0.38722053
2.2747495	0.38746789
2.275748	0.38740602
2.2767475	0.38796255
2.2777479	0.38889012
2.278749	0.38907561
2.2797511	0.38876641
2.2807541	0.38827175
2.2817578	0.38796255
2.282763	0.38759157
2.2837684	0.38709688
2.284775	0.38598382
2.2857823	0.38443789
2.2867908	0.38208809
2.2877998	0.37998566
2.28881	0.37751222
2.2898209	0.37454405
2.2908323	0.37200874
2.2918451	0.36984447
2.2928588	0.36798936
2.2938731	0.36619613
2.2948887	0.36489755
2.2959049	0.36390817
2.2969222	0.36285692
2.2979403	0.36223859
2.2989597	0.36106369
2.2999794	0.35964143
2.3010006	0.35828105
2.3020222	0.35667327
2.303045	0.35438532
2.3040683	0.35203555
2.3050931	0.34950024
2.3061182	0.34721228
2.3071454	0.34486249
2.3081722	0.34195617
2.3092005	0.3389262
2.3102295	0.33595803
2.3112597	0.33286619
2.3122904	0.33033091
2.3133223	0.32711539
2.3143549	0.32346705
2.3153882	0.31975684
2.3164227	0.31573749
2.3174584	0.31085238
2.3184946	0.30646199
2.3195322	0.30219525
2.3205702	0.29761934
2.3216095	0.29304343
2.3226497	0.28951877
2.3236911	0.28753999
2.324733	0.28704533
2.3257761	0.28815836
2.3268199	0.29044631
2.3278646	0.29322895
2.3289104	0.29625896
2.3299572	0.29848507
2.3310046	0.30009282
2.3320534	0.3008967
2.3331029	0.30083486
2.3341534	0.30077302
2.3352048	0.30151507
2.3362572	0.30312282
2.3373103	0.30559629
2.3383648	0.30837893
2.3394198	0.31215096
2.340476	0.31722158
2.3415329	0.32297236
2.342591	0.32884681
2.3436501	0.33552516
2.3447101	0.34344026
2.3457711	0.35178816
2.346833	0.35945591
2.3478959	0.36638162
2.3489597	0.37219429
2.3500245	0.3770175
2.3510904	0.38066584
2.3521569	0.38369587
2.3532248	0.38629302
2.3542933	0.38802439
2.3553631	0.38913745
2.3564336	0.39037421
2.3575051	0.39148724
2.3585775	0.39210564
2.3596511	0.39272401
2.3607256	0.39358968
2.3618011	0.39346603
2.3628776	0.39272401
2.363955	0.39167276
2.3650334	0.38969398
2.3661137	0.38740602
2.3671939	0.38462344
2.3682754	0.38085139
2.3693576	0.37683201
2.3704412	0.37324548
2.3715253	0.37002996
2.3726108	0.36724734
2.373697	0.36526856
2.3747847	0.36384633
2.3758729	0.3632898
2.3769624	0.36291876
2.3780525	0.36304244
2.379144	0.36384633
2.3802361	0.36489755
2.3813298	0.3656396
2.3824239	0.36681446
2.3835192	0.3680512
2.3846154	0.3692261
2.3857129	0.36978263
2.3868113	0.36996815
2.3879108	0.37027732
2.3890109	0.36990634
2.3901126	0.36854589
2.3912148	0.36730918
2.3923185	0.36613429
2.3934228	0.36489755
2.3945284	0.36335164
2.3956349	0.36205307
2.3967426	0.36137286
2.397851	0.36124918
2.3989608	0.36100185
2.4000711	0.36137286
2.4011834	0.36186755
2.4022958	0.36162022
2.4034097	0.36100185
2.4045243	0.36075449
2.4056404	0.36131102
2.4067569	0.36174387
2.4078751	0.36155838
2.4089937	0.36143467
2.4101133	0.36162022
2.4112341	0.36180571
2.4123564	0.36155838
2.4134791	0.36124918
2.4146035	0.36100185
2.4157286	0.36093998
2.4168549	0.36063081
2.4179819	0.36050716
2.4191108	0.36007428
2.4202399	0.35964143
2.4213705	0.35976508
2.4225018	0.36050716
2.4236345	0.36131102
2.424768	0.36205307
2.4259028	0.36254773
2.4270384	0.36254773
2.4281759	0.36236224
2.4293137	0.36155838
2.4304526	0.36038348
2.4315925	0.35828105
2.4327338	0.35562205
2.4338756	0.3533341
2.435019	0.3509225
2.4361632	0.34906736
2.4373078	0.34795433
2.4384544	0.34715044
2.4396017	0.34647024
2.4407504	0.34628472
2.4419	0.34659392
2.4430506	0.3473978
2.4442027	0.34869638
2.4453554	0.35030413
2.4465098	0.35240653
2.447665	0.35518917
2.4488211	0.35797185
2.4499784	0.36093998
2.4511368	0.36378446
2.4522963	0.36669081
2.4534569	0.3692261
2.4546185	0.37151405
2.4557815	0.37367833
2.4569452	0.37547159
2.4581103	0.37670836
2.4592764	0.37745038
2.4604435	0.37775958
2.4616117	0.37782136
2.4627812	0.3770175
2.4639518	0.37615177
2.4651229	0.37479138
2.4662957	0.37330729
2.4674697	0.37200874
2.4686446	0.37027732
2.4698207	0.367742
2.4709978	0.36551589
2.4721763	0.36310431
2.4733558	0.35982695
2.4745364	0.35611674
2.4757183	0.35290125
2.4769011	0.35011858
2.478085	0.34708861
2.4792702	0.34430596
2.4804564	0.34158516
2.4816439	0.33867887
2.4828324	0.33682376
2.4840217	0.33558699
2.4852126	0.33478314
2.4864044	0.33435029
2.4875975	0.33453581
2.4887917	0.33478314
2.4899871	0.3347213
2.4911838	0.33441213
2.4923813	0.33404109
2.4935806	0.33342272
2.4947805	0.3326807
2.4959817	0.33156765
2.497184	0.33014539
2.4983873	0.32859948
2.4995921	0.32655886
2.5007977	0.32439461
2.5020049	0.3221685
2.5032129	0.31957135
2.5044224	0.31678867
2.5056329	0.31406787
2.5068443	0.31177992
2.5080571	0.30961564
2.5092711	0.30794606
2.5104864	0.30726585
2.5117025	0.30738953
2.5129199	0.3074514
2.5141385	0.30856445
2.5153584	0.31004849
2.5165794	0.31177992
2.5178018	0.31363502
2.5190251	0.31555197
2.5202496	0.31790173
2.5214756	0.32074624
2.5227027	0.32346705
2.5239308	0.32631153
2.5251603	0.32903233
2.5263908	0.33132029
2.5276225	0.33342272
2.5288556	0.33527783
2.5300899	0.33682376
2.5313251	0.33836967
2.532562	0.33929721
2.5337996	0.33966821
2.5350387	0.3396064
2.536279	0.33948272
2.5375204	0.3389262
2.538763	0.33812231
2.5400069	0.33738026
2.5412521	0.33707109
2.5424979	0.33719477
2.5437455	0.33700925
2.5449944	0.3365764
2.5462441	0.33645272
2.5474954	0.33608171
2.548748	0.33546335
2.5500016	0.3350305
2.5512564	0.33465946
2.5525131	0.33360824
2.5537705	0.33206233
2.5550292	0.33020723
2.556289	0.32866132
2.5575502	0.32680622
2.5588126	0.32519847
2.5600762	0.32495114
2.561341	0.32550764
2.5626073	0.32581684
2.5638747	0.3266207
2.5651433	0.32761011
2.5664132	0.32897049
2.5676842	0.3308256
2.5689566	0.33317539
2.5702302	0.3347213
2.5715053	0.33601984
2.5727808	0.33799863
2.5740583	0.33917353
2.5753372	0.34010109
2.576617	0.34152332
2.5778983	0.34220353
2.579181	0.34313107
2.5804646	0.34424412
2.5817497	0.34498617
2.5830364	0.34603739
2.5843241	0.3470268
2.585613	0.34715044
2.5869033	0.34807795
2.5881948	0.34857267
2.5894876	0.34906736
2.5907817	0.34968576
2.592077	0.35079882
2.5933733	0.35339594
2.5946712	0.35624042
2.5959706	0.35617858
2.5972712	0.35611674
2.598573	0.35605493
2.5998762	0.35667327
2.6011808	0.35760084
2.6024866	0.35821921
2.6037939	0.35865203
2.6051023	0.35902306
2.6064122	0.35859025
2.6077232	0.35803372
2.6090355	0.35778633
2.6103492	0.35797185
2.6116643	0.35821921
2.6129806	0.35846654
2.6142986	0.35883757
2.6156178	0.36007428
2.6169381	0.36081633
2.6182597	0.36075449
2.6195827	0.36149651
2.6209071	0.36205307
2.6222329	0.36162022
2.62356	0.3619912
2.6248877	0.36267143
2.6262174	0.36359897
2.6275485	0.36322793
2.628881	0.36347529
2.6302147	0.36384633
2.6315498	0.36304244
2.6328864	0.3626096
2.6342242	0.36211491
2.6355639	0.36106369
2.6369042	0.36038348
2.6382463	0.35945591
2.6395895	0.35809553
2.6409342	0.35611674
2.6422803	0.35382879
2.6436276	0.35079882
2.6449764	0.3473978
2.6463268	0.34294555
2.6476784	0.33799863
2.6490314	0.33311355
2.6503856	0.32921782
2.6517413	0.3269299
2.6530983	0.32563132
2.6544569	0.32439461
2.6558168	0.32371438
2.6571774	0.32334337
2.65854	0.32365254
2.6599042	0.32309604
2.6612697	0.32229218
2.6626365	0.32117909
2.6640048	0.32037523
2.6653745	0.31889114
2.6667454	0.31617033
2.6681182	0.3125838
2.6694922	0.30998665
2.6708674	0.30584362
2.6722443	0.30009282
2.6736224	0.29483673
2.6750021	0.28914776
2.676383	0.28271675
2.6777654	0.27504903
2.6791496	0.2663919
2.6805348	0.25736377
2.6819217	0.24845929
2.6833098	0.23899831
2.6846995	0.2286716
2.6860905	0.21710818
2.6874828	0.20344229
2.6888769	0.18736477
2.6902716	0.16770075
2.6916685	0.14519224
2.6930668	0.11946823
2.6944666	0.091579944
2.6958678	0.064804718
2.6972704	0.041059475
2.6986744	0.023250546
2.7000799	0.014531592
2.7014871	0.012181802
2.7028956	0.0115016
2.7043056	0.010388542
2.7057171	0.0090899747
2.70713	0.0076058968
2.7085443	0.006802022
2.7099602	0.0065546753
2.7113776	0.0066165123
2.7127967	0.0066783484
2.7142169	0.0069875317
2.7156389	0.0071730413
2.7170622	0.0076677338
2.718487	0.0085334452
2.7199132	0.0093373209
2.7213409	0.01007936
2.7227702	0.010883234
2.7242005	0.011377927
2.7256327	0.011748946
2.7270665	0.01205813
2.7285018	0.012243639
2.7299387	0.012614658
2.7313771	0.013047514
2.7328169	0.01329486
2.7342582	0.013665879
2.7357013	0.014284246
2.7371457	0.015088121
2.7385917	0.015953831
2.7400391	0.016448526
2.741488	0.017376073
2.7429385	0.01904566
2.7443907	0.02139545
2.7458441	0.024239933
2.747299	0.027640942
2.7487557	0.032031339
2.7502139	0.036792751
2.7516737	0.041925188
2.753135	0.046933949
2.7545979	0.051633529
2.7560623	0.05583841
2.7575283	0.059301265
2.7589962	0.061898395
2.7604654	0.063629821
2.7619359	0.06412451
2.7634082	0.063073292
2.7648821	0.060476154
2.7663574	0.056518614
2.7678344	0.05200455
2.7693131	0.047428641
2.7707932	0.04328559
2.772275	0.04007009
2.7737584	0.037658464
2.7752433	0.035988878
2.7767296	0.034999494
2.7782178	0.034566637
2.7797074	0.034937654
2.7811987	0.035803366
2.782691	0.036607243
2.7841854	0.03741112
2.7856815	0.038338669
2.7871792	0.039389886
2.7886784	0.040255599
2.7901793	0.040935803
2.7916818	0.041430496
2.7931859	0.041554168
2.794692	0.041430496
2.7961996	0.041183151
2.7977085	0.040626619
2.7992191	0.039822746
2.8007314	0.038771521
2.8022454	0.037287444
2.803761	0.035432346
2.8052781	0.03376276
2.806797	0.032340523
2.8083177	0.030794607
2.8098397	0.029434204
2.8113635	0.028506653
2.8128889	0.027888289
2.8144159	0.027579106
2.8159447	0.027393594
2.8174751	0.027517268
2.8190067	0.028011961
2.8205404	0.028568491
2.8220758	0.02931053
2.8236129	0.030176243
2.8251517	0.031289298
2.8266921	0.032773376
2.8282342	0.034319293
2.829778	0.035927042
2.8313241	0.037843976
2.8328712	0.04007009
2.83442	0.042172533
2.8359706	0.044522323
2.8375227	0.047057621
2.8390768	0.049716596
2.8406324	0.05268475
2.8421898	0.055714741
2.843749	0.05862106
2.84531	0.061341871
2.8468723	0.063939005
2.8484366	0.066659816
2.8500025	0.069195114
2.8515701	0.071606733
2.8531396	0.074018359
2.8547106	0.076244473
2.8562829	0.078470595
2.8578575	0.080325693
2.8594339	0.082118951
2.861012	0.083974048
2.8625917	0.085519962
2.8641732	0.086694852
2.8657565	0.087869756
2.8673415	0.089106478
2.8689287	0.09009587
2.870517	0.090652399
2.8721075	0.091085255
2.8736994	0.091518112
2.8752933	0.091765448
2.876889	0.091827296
2.8784864	0.091827296
2.8800855	0.091394439
2.8816857	0.090776078
2.8832886	0.090281382
2.8848929	0.089663006
2.8864994	0.088735461
2.8881073	0.087807924
2.8897173	0.086880371
2.8913291	0.085890986
2.8929424	0.084716089
2.8945582	0.0835412
2.8961751	0.082428135
2.897794	0.081253238
2.8994148	0.080016509
2.9010372	0.078656107
2.9026616	0.07741937
2.9042876	0.076368146
2.9059157	0.075131424
2.9075458	0.073832847
2.9091775	0.072967142
2.9108109	0.072039589
2.9124463	0.071112044
2.9140832	0.070370011
2.9157224	0.069813475
2.9173632	0.069380619
2.9190059	0.06888593
2.9206498	0.068514906
2.922296	0.068082049
2.9239442	0.067834705
2.9255943	0.067711033
2.9272463	0.067401856
2.9289	0.067092665
2.9305558	0.067092665
2.9322133	0.067216337
2.9338732	0.067092665
2.9355345	0.067030832
2.9371977	0.067092665
2.9388628	0.067216337
2.9405298	0.067216337
2.9421985	0.067463689
2.9438694	0.067896537
2.9455421	0.068267561
2.9472167	0.068576753
2.9488933	0.06888593
2.9505715	0.069442458
2.9522519	0.070246331
2.953934	0.071050204
2.9556181	0.072039589
2.9573042	0.073214486
2.9589922	0.074265711
2.9606814	0.075440601
2.9623733	0.076924682
2.964067	0.078594267
2.9657626	0.080449365
2.9674604	0.082366303
2.9691598	0.084159561
2.9708614	0.086014651
2.9725649	0.08805526
2.9742706	0.09003403
2.9759779	0.0920128
2.9776874	0.094115242
2.9793985	0.096217692
2.9811118	0.09794911
2.9828272	0.099742375
2.9845443	0.10165931
2.9862635	0.10339072
2.9879854	0.1048748
2.9897087	0.10648256
2.9914336	0.1080903
2.993161	0.10938887
2.99489	0.11081111
2.9966211	0.11217152
2.9983544	0.11347008
3.0000894	0.11464497
3.001826	0.11557253
3.0035653	0.11656191
3.0053065	0.1175513
3.0070496	0.11860253
3.0087948	0.11965375
3.0105422	0.12064313
3.0122914	0.12138517
3.0140429	0.12200353
3.0157964	0.12286925
3.0175517	0.12354945
3.0193093	0.12429149
3.0210688	0.12528086
3.0228302	0.12608474
3.0245938	0.12651761
3.0263596	0.1271978
3.0281272	0.12806351
3.0298975	0.12874371
3.0316694	0.12923841
3.0334435	0.12979494
3.0352194	0.13041331
3.0369976	0.1310935
3.0387776	0.13183555
3.04056	0.13245392
3.0423443	0.13301045
3.0441301	0.13375248
3.0459187	0.13424717
3.0477092	0.13486552
3.0495021	0.13554575
3.0512969	0.13628778
3.0530939	0.13709165
3.054893	0.13758634
3.0566943	0.13820472
3.0584979	0.13900858
3.0603034	0.13968879
3.0621109	0.14043082
3.0639207	0.14123471
3.0657327	0.14185306
3.0675466	0.14228591
3.0693629	0.14284246
3.0711813	0.14339899
3.0730011	0.14389367
3.0748239	0.14438836
3.0766487	0.14469755
3.0784757	0.14525408
3.0803049	0.14581062
3.0821362	0.14611979
3.0839698	0.14642897
3.0858054	0.14661448
3.0876439	0.14673814
3.0894837	0.14704734
3.0913262	0.14735653
3.0931706	0.14741836
3.0950172	0.14772755
3.0968661	0.1481604
3.0987172	0.14853142
3.1005704	0.14896427
3.1024263	0.1495208
3.104284	0.15020099
3.106144	0.15075754
3.1080062	0.15112855
3.1098707	0.15174693
3.1117373	0.15230344
3.1136062	0.15267445
3.1154773	0.15298365
3.1173501	0.1534165
3.1192257	0.15384936
3.1211035	0.15403487
3.1229837	0.15446773
3.1248662	0.15490058
3.1267509	0.1552716
3.128638	0.15564263
3.1305273	0.15601364
3.1324193	0.15657017
3.1343131	0.15712671
3.1362092	0.15774506
3.1381078	0.15823975
3.1400084	0.15891996
3.1419115	0.15960015
3.1438167	0.16046587
3.1457245	0.1615171
3.1476347	0.16225913
3.1495469	0.16312484
3.1514616	0.16399056
3.1533785	0.16479443
3.1552978	0.1654128
3.1572194	0.16621667
3.1591434	0.16702054
3.1610696	0.16770075
3.162998	0.16831912
3.1649289	0.16906115
3.1668622	0.16967951
3.168798	0.17023605
3.1707361	0.17091626
3.1726766	0.17165828
3.1746194	0.17221484
3.1765647	0.17295685
3.1785126	0.17388441
3.1804626	0.17450279
3.182415	0.17512114
3.1843698	0.17580134
3.186327	0.17654338
3.1882865	0.17722358
3.1902485	0.17765644
3.1922131	0.17827481
3.19418	0.17883132
3.1961493	0.17938787
3.1981211	0.1799444
3.2000952	0.18062459
3.2020719	0.18118112
3.2040508	0.1814903
3.2060323	0.18198501
3.2080164	0.18241787
3.2100022	0.1826652
3.2119911	0.1828507
3.2139823	0.18303622
3.215976	0.18291254
3.2179723	0.18254153
3.2199712	0.18210866
3.2219722	0.18186131
3.2239761	0.18161397
3.2259824	0.1814903
3.2279911	0.18155216
3.2300024	0.18173765
3.2320161	0.18192317
3.2340324	0.18223235
3.2360511	0.18272702
3.2380724	0.18328355
3.2400961	0.18390194
3.2421229	0.18464397
3.2441516	0.18544784
3.2461832	0.1860662
3.2482171	0.1865609
3.2502534	0.18717927
3.2522926	0.18785948
3.2543342	0.188416
3.2563784	0.18897253
3.2584248	0.18934354
3.2604742	0.18971457
3.262526	0.19033292
3.2645805	0.19088948
3.2666376	0.19119863
3.2686973	0.19156967
3.2707596	0.19187884
3.2728245	0.19218802
3.2748921	0.19243538
3.2769623	0.19274455
3.2790351	0.19299191
3.2811103	0.19342478
3.2831883	0.19385761
3.2852688	0.19441414
3.2873521	0.19503251
3.289438	0.19571272
3.2915258	0.19626923
3.293617	0.19701128
3.2957108	0.19775333
3.2978072	0.19861904
3.2999065	0.19948475
3.3020084	0.20041229
3.3041129	0.20133983
3.3062201	0.20214373
3.3083303	0.20300944
3.3104429	0.20412248
3.3125582	0.20498818
3.314676	0.2056684
3.3167968	0.20641042
3.3189204	0.20727614
3.3210464	0.20814185
3.3231752	0.2088839
3.3253074	0.2093786
3.3274417	0.20974961
3.3295789	0.2102443
3.3317187	0.210739
3.3338614	0.21092449
3.3360066	0.21117187
3.3381548	0.21135737
3.3403056	0.21123371
3.3424585	0.21104819
3.344615	0.21080081
3.3467741	0.2104298
3.3489361	0.20999695
3.3511009	0.20944044
3.3532684	0.20894575
3.3554389	0.20845105
3.3576121	0.20783266
3.3597887	0.20696695
3.3619676	0.20597759
3.3641491	0.2048645
3.3663337	0.2038133
3.368521	0.20307125
3.3707113	0.2026384
3.3729043	0.20270024
3.3751001	0.20313311
3.3772995	0.2038133
3.3795011	0.2048645
3.3817058	0.20591573
3.383913	0.20696695
3.3861232	0.207709
3.3883364	0.20832737
3.3905525	0.20869838
3.3927715	0.20851286
3.3949924	0.20789452
3.3972173	0.20684329
3.3994448	0.20579208
3.4016755	0.2048645
3.403909	0.20424616
3.4061456	0.2038133
3.408385	0.20356596
3.4106274	0.20375146
3.4128728	0.20424616
3.4151211	0.2052974
3.4173725	0.20696695
3.4196265	0.20876023
3.4218838	0.21098635
3.424144	0.21333613
3.4264071	0.21543856
3.4286733	0.2176647
3.4309425	0.21958162
3.4332149	0.22118938
3.4354899	0.22267348
3.4377682	0.22415753
3.4400494	0.22551793
3.4423335	0.22675468
3.4446208	0.22792956
3.4469111	0.22910444
3.449204	0.23027936
3.4515004	0.23133057
3.4537997	0.2322581
3.4561024	0.23330933
3.4584079	0.23398954
3.4607165	0.23429872
3.4630284	0.23448424
3.4653432	0.23466973
3.4676619	0.23460791
3.4699829	0.23448424
3.472307	0.23436058
3.4746342	0.23448424
3.4769647	0.23497893
3.4792981	0.23547363
3.4816349	0.23590648
3.4839747	0.23627751
3.4863167	0.23677219
3.488663	0.23708136
3.4910121	0.23720506
3.4933646	0.23726688
3.4957201	0.23726688
3.4980791	0.23763789
3.5004408	0.23844178
3.5028062	0.23986402
3.5051751	0.24190462
3.5075467	0.2442544
3.5099213	0.24691336
3.5122993	0.24957237
3.5146806	0.25223133
3.517065	0.25458112
3.5194528	0.25655988
3.5218437	0.25847682
3.5242381	0.26039377
3.5266356	0.26193967
3.5290363	0.2633619
3.5314403	0.26466048
3.5338476	0.26589721
3.536258	0.26688659
3.538672	0.2675668
3.5410891	0.26824701
3.5435085	0.26905087
3.5459323	0.26991656
3.5483594	0.27065864
3.5507898	0.27133882
3.5532234	0.272019
3.5556605	0.27257556
3.5581009	0.27337945
3.5605447	0.27412146
3.5629921	0.27480164
3.5654426	0.27554372
3.5678964	0.27622393
3.5703535	0.27678046
3.5728142	0.27733698
3.5752783	0.27795532
3.5777457	0.27863553
3.5802164	0.2792539
3.5826914	0.27974862
3.5851691	0.28030512
3.5876501	0.28086165
3.5901346	0.28135633
3.5926225	0.28178918
3.595114	0.2822839
3.5976088	0.28271675
3.6001072	0.2831496
3.6026084	0.28364429
3.6051137	0.28413901
3.6076224	0.28444818
3.6101346	0.28481922
3.6126504	0.28531387
3.6151698	0.28568491
3.6176925	0.28611776
3.620219	0.28648877
3.6227491	0.28685978
3.6252825	0.28741634
3.6278193	0.28772551
3.6303599	0.28797287
3.6329038	0.28834388
3.6354516	0.28859121
3.6380026	0.28896224
3.6405575	0.28945693
3.6431165	0.28970429
3.6456785	0.29001346
3.6482441	0.29032263
3.6508133	0.29069367
3.6533861	0.29112652
3.6559625	0.29149756
3.6585426	0.29180673
3.6611264	0.29199225
3.6637127	0.29205409
3.6663036	0.29248694
3.6688983	0.29310527
3.6714969	0.29353815
3.6740987	0.29359999
3.6767046	0.29378548
3.6793139	0.29421836
3.6819272	0.29446569
3.6845443	0.29446569
3.687165	0.29446569
3.6897893	0.29434201
3.6924174	0.293971
3.695049	0.29341447
3.6976848	0.29310527
3.7003241	0.29335266
3.7029672	0.293971
3.7056146	0.29471305
3.7082653	0.29557875
3.7109196	0.2963208
3.713578	0.29693916
3.7162399	0.29743385
3.7189059	0.29792854
3.7215757	0.29854688
3.7242491	0.29910344
3.7269256	0.29953629
3.7296069	0.29996917
3.7322919	0.30027834
3.7349808	0.30058751
3.7376738	0.30083486
3.7403705	0.30114403
3.7430711	0.30139139
3.7457757	0.30170059
3.7484846	0.30188608
3.7511971	0.3020716
3.7539134	0.30231893
3.7566335	0.30268994
3.7593577	0.30299914
3.7620859	0.30318466
3.764818	0.30349386
3.767554	0.30374119
3.770293	0.30398855
3.7730372	0.30429772
3.7757852	0.30448323
3.778537	0.30473056
3.7812932	0.30497789
3.7840533	0.30528709
3.7868173	0.30559629
3.7895856	0.30584362
3.7923579	0.30609098
3.7951343	0.30621463
3.7979145	0.30640015
3.800699	0.30670935
3.8034875	0.30695668
3.8062801	0.30726585
3.8090768	0.30757505
3.8118775	0.30763692
3.8146832	0.30769873
3.8174922	0.30800793
3.8203053	0.30819342
3.8231227	0.30837893
3.8259442	0.30862626
3.8287699	0.30887362
3.8315997	0.30905911
3.8344338	0.30936831
3.837271	0.30961564
3.8401134	0.309863
3.8429599	0.31004849
3.8458109	0.31017217
3.848666	0.31041956
3.8515253	0.31060505
3.8543887	0.31066689
3.8572567	0.31085238
3.8601296	0.31109974
3.8630059	0.31122342
3.8658867	0.31140891
3.8687716	0.31165627
3.8716609	0.31165627
3.8745544	0.31177992
3.8774524	0.31196544
3.8803546	0.31215096
3.8832617	0.31227461
3.8861728	0.31233647
3.8890882	0.31233647
3.8920078	0.31246012
3.894932	0.31264564
3.8978605	0.31264564
3.9007933	0.31264564
3.9037306	0.31276932
3.9066718	0.31283113
3.9096179	0.312893
3.9125686	0.31301665
3.9155238	0.31307852
3.9184833	0.31307852
3.9214473	0.31314033
3.9244158	0.31307852
3.9273889	0.31307852
3.9303668	0.31307852
3.9333489	0.31295484
3.9363356	0.31283113
3.9393268	0.31283113
3.9423223	0.31276932
3.9453225	0.31276932
3.9483273	0.31283113
3.9513369	0.31276932
3.9543512	0.31270748
3.9573698	0.31264564
3.960393	0.31252199
3.9634209	0.31239831
3.9664533	0.31233647
3.9694903	0.31233647
3.972532	0.3122128
3.9755785	0.3122128
3.9786289	0.31233647
3.9816847	0.3122128
3.984745	0.31208912
3.9878104	0.31208912
3.9908803	0.31202728
3.9939549	0.31196544
3.9970343	0.31196544
4.0001183	0.31196544
4.0032082	0.31184179
4.0063019	0.31159443
4.0094004	0.31140891
4.0125036	0.31140891
4.0156116	0.31122342
4.0187244	0.31109974
4.021842	0.3110379
4.0249648	0.31109974
4.028091	0.3110379
4.0312233	0.31091422
4.0343604	0.31079057
4.0375023	0.31054321
4.0406489	0.31029588
4.0438008	0.31011036
4.046958	0.30992484
4.0501194	0.30992484
4.0532866	0.30980116
4.056458	0.30973935
4.0596347	0.30955383
4.0628161	0.30943015
4.0660028	0.30930647
4.0691943	0.30912095
4.0723906	0.30881178
4.0755925	0.3086881
4.0787992	0.30862626
4.0820107	0.30856445
4.0852275	0.30837893
4.0884495	0.30831707
4.0916762	0.30806974
4.0949082	0.30769873
4.0981455	0.3074514
4.1013875	0.30732769
4.1046343	0.30720401
4.1078868	0.30708036
4.1111441	0.30689484
4.1144071	0.306833
4.1176748	0.30664751
4.1209483	0.30633831
4.1242266	0.30609098
4.1275101	0.30590546
4.1307993	0.30584362
4.1340938	0.30571997
4.137393	0.30547258
4.1406975	0.30522528
4.1440077	0.30497789
4.1473227	0.30473056
4.1506433	0.30448323
4.1539693	0.30429772
4.1573014	0.30417404
4.1606379	0.3041122
4.16398	0.30380303
4.1673269	0.30349386
4.1706796	0.30337018
4.1740379	0.30318466
4.1774011	0.30293733
4.1807699	0.30268994
4.1841431	0.30250445
4.1875229	0.30231893
4.190908	0.3020716
4.1942987	0.3020716
4.1976953	0.30231893
4.2010965	0.30256632
4.204504	0.30287546
4.2079167	0.30330834
4.2113357	0.30392671
4.2147593	0.30460688
4.2181888	0.30516341
4.2216239	0.30547258
4.2250643	0.3056581
4.2285104	0.30578181
4.2319622	0.30584362
4.2354198	0.30553445
4.2388835	0.30522528
4.242352	0.30473056
4.2458267	0.30386487
4.2493072	0.30262813
4.2527928	0.30114403
4.2562842	0.30015466
4.2597818	0.30058751
4.2632847	0.30157691
4.2667923	0.30188608
4.2703071	0.30200976
4.2738276	0.3017624
4.2773538	0.30145323
4.2808857	0.30114403
4.2844238	0.3008967
4.2879677	0.30064937
4.2915173	0.30027834
4.2950735	0.29978365
4.298635	0.29941261
4.3022022	0.29891795
4.3057756	0.29842326
4.3093548	0.29786673
4.3129401	0.29724833
4.3165312	0.29675364
4.3201284	0.29625896
4.3237324	0.29570243
4.3273416	0.29526958
4.3309565	0.29483673
4.3345776	0.29440388
4.3382049	0.293971
4.3418384	0.29359999
4.3454776	0.29329079
4.3491235	0.29298162
4.3527737	0.29273427
4.3564315	0.2924251
4.3600955	0.29211593
4.3637652	0.29199225
4.3674417	0.29180673
4.3711243	0.29162124
4.3748131	0.29149756
4.3785081	0.2912502
4.3822103	0.29100284
4.3859177	0.29087919
4.3896313	0.29075551
4.3933511	0.29063183
4.3970776	0.29032263
4.4008102	0.2900753
4.4045491	0.28982797
4.4082947	0.28982797
4.412045	0.28964245
4.415803	0.28945693
4.4195676	0.2892096
4.4233384	0.28890041
4.4271159	0.28871489
4.4308996	0.28865308
4.43469	0.28859121
4.4384871	0.28834388
4.4422908	0.28803468
4.4461007	0.28784919
4.4499168	0.28772551
4.4537401	0.28741634
4.4575696	0.28716898
4.4614058	0.28704533
4.4652486	0.28673613
4.4690976	0.28648877
4.4729543	0.28630325
4.4768167	0.28605592
4.4806862	0.28580856
4.4845624	0.28568491
4.4884448	0.28537571
4.4923344	0.28519022
4.4962306	0.28494287
4.5001335	0.28469554
4.5040426	0.28444818
4.5079594	0.28413901
4.5118828	0.28376797
4.5158129	0.28345877
4.5197501	0.28302595
4.523694	0.28265491
4.5276446	0.28222206
4.5316024	0.28178918
4.5355678	0.28141817
4.5395393	0.28086165
4.5435181	0.2804288
4.5475035	0.28011963
4.551496	0.27968675
4.5554957	0.27937758
4.5595021	0.27900654
4.5635157	0.27851188
4.5675368	0.27814084
4.5715647	0.27764615
4.5755997	0.27727515
4.5796418	0.27690411
4.5836911	0.27647126
4.5877471	0.27610025
4.5918107	0.27560556
4.5958815	0.27511087
4.5999584	0.27473983
4.604044	0.27430701
4.6081362	0.27381229
4.612236	0.27331761
4.616343	0.27282292
4.6204576	0.2723282
4.6245794	0.27183351
4.6287084	0.27133882
4.6328454	0.27084413
4.6369891	0.27034944
4.6411405	0.26985475
4.6452994	0.26923639
4.6494656	0.26861802
4.6536388	0.26806149
4.6578202	0.2675668
4.6620088	0.26707208
4.6662059	0.26651558
4.6704097	0.2660827
4.6746206	0.26564986
4.6788397	0.26527885
4.6830664	0.26472235
4.6873007	0.26416579
4.6915426	0.26373294
4.6957922	0.26311454
4.7000484	0.26243433
4.7043133	0.26175416
4.7085862	0.26119763
4.7128668	0.26020825
4.717155	0.25928068
4.7214513	0.25829133
4.7257552	0.25736377
4.7300668	0.25606519
4.7343879	0.25482845
4.7387152	0.25322074
4.7430506	0.25155112
4.7473941	0.2498197
4.7517457	0.24796461
4.7561049	0.24604768
4.7604723	0.24382156
4.7648478	0.24171913
4.7692318	0.2391838
4.7736235	0.23689586
4.7780232	0.2344224
4.7824311	0.23219629
4.7868466	0.22990833
4.7912707	0.22823873
4.7957029	0.22669284
4.8001437	0.22551793
4.8045907	0.22465222
4.8090477	0.22428121
4.8135128	0.22421935
4.8179865	0.22428121
4.8224683	0.22465222
4.8269582	0.22502324
4.8314571	0.22551793
4.8359637	0.22607446
4.8404803	0.22663099
4.8450041	0.22706385
4.8495364	0.22743487
4.8540773	0.22780588
4.8586264	0.22786771
4.8631845	0.22786771
4.8677506	0.22768222
4.8723259	0.22737302
4.8769083	0.22663099
4.8815002	0.22570345
4.8861008	0.22465222
4.8907104	0.22353916
4.8953285	0.22205509
4.8999557	0.22038548
4.9045911	0.21859223
4.909236	0.2169845
4.9138899	0.21562408
4.9185519	0.21438736
4.923223	0.21321245
4.9279027	0.21240859
4.9325914	0.21185204
4.9372892	0.21129552
4.9419956	0.210739
4.9467115	0.21018247
4.951437	0.20944044
4.9561706	0.20851286
4.9609137	0.20733799
4.9656653	0.20603941
4.9704261	0.20474087
4.9751964	0.20350413
4.9799757	0.20226739
4.9847641	0.2010925
4.9895606	0.19991758
4.9943671	0.19911371
4.9991837	0.19837168
5.0040088	0.19793884
5.0088439	0.19762965
5.0136881	0.19756782
5.0185413	0.19775333
5.0234041	0.19781515
5.0282774	0.19787699
5.0331593	0.19818617
5.0380507	0.19849534
5.0429511	0.19886638
5.0478616	0.19923739
5.0527816	0.19960842
5.0577111	0.19991758
5.0626502	0.20028862
5.0675998	0.20059781
5.0725584	0.20103064
5.0775266	0.20152535
5.0825043	0.20214373
5.087492	0.20245291
5.0924897	0.2026384
5.097497	0.20282392
5.1025143	0.20307125
5.1075401	0.20319493
5.112577	0.20338045
5.1176243	0.20362778
5.1226811	0.20393698
5.127748	0.20424616
5.1328249	0.20474087
5.1379123	0.20535921
5.1430092	0.20610127
5.1481171	0.2066578
5.1532345	0.20709065
5.1583619	0.20733799
5.1634998	0.207709
5.1686478	0.20808004
5.1738062	0.20838922
5.1789751	0.20851286
5.184154	0.20845105
5.1893444	0.20832737
5.1945438	0.20832737
5.1997542	0.20808004
5.2049747	0.20746166
5.210206	0.2071525
5.2154474	0.2063486
5.2206998	0.20492636
5.2259626	0.2038133
5.2312346	0.20270024
5.2365189	0.20152535
5.2418137	0.20004128
5.2471189	0.19861904
5.2524352	0.19707313
5.2577624	0.19565089
5.2631001	0.19404311
5.2684488	0.19243538
5.273809	0.19076578
5.2791796	0.1890962
5.2845607	0.18730295
5.2899532	0.18581885
5.2953568	0.18377826
5.3007712	0.18142846
5.3061967	0.17914052
5.3116336	0.17685257
5.3170795	0.1745646
5.3225384	0.17221484
5.3280087	0.16974136
5.3334904	0.16714421
5.3389831	0.1645471
5.3444872	0.16250648
5.3500028	0.16052771
5.3555293	0.15786874
5.3610692	0.15539528
5.3666191	0.153602
5.37218	0.1520561
5.3777528	0.15063386
5.3833375	0.14939713
5.3889332	0.14840774
5.3945408	0.14748019
5.4001603	0.14649081
5.4057918	0.14581062
5.4114347	0.14543959
5.417089	0.14531592
5.4227557	0.14506857
5.4284339	0.14358449
5.434124	0.14253327
5.439826	0.1419149
5.44554	0.14123471
5.4512644	0.14030716
5.4570026	0.13968879
5.4627528	0.1391941
5.4685154	0.1380192
5.4742899	0.13678247
5.4800768	0.13573125
5.4858756	0.1341235
5.4916868	0.13288677
5.4975119	0.13183555
5.5033479	0.13084616
5.5091963	0.12960944
5.5150576	0.12874371
5.5209308	0.12787801
5.5268164	0.1270123
5.5327148	0.12627025
5.5386262	0.1258374
5.5445509	0.12552822
5.550487	0.12540455
5.5564361	0.12503353
5.562398	0.12460068
5.5683727	0.12441515
5.5743604	0.12497169
5.5803604	0.12509535
5.5863738	0.12422965
5.5923977	0.12354945
5.5984373	0.12336393
5.6044893	0.12280741
5.6105552	0.12218904
5.6166334	0.12163252
5.6227255	0.1207668
5.6288304	0.11996292
5.6349487	0.1195919
5.6410818	0.11940639
5.6472268	0.11792232
5.6533852	0.11650008
5.6595569	0.11495417
5.6657424	0.11334642
5.6719413	0.11260437
5.6781535	0.11136764
5.6843796	0.10982173
5.6906204	0.10877051
5.6968741	0.10734827
5.7031412	0.10617337
5.7094221	0.10555501
5.7157168	0.10425643
5.7220259	0.1028342
5.7283483	0.10147379
5.7346849	0.1002989
5.7410331	0.099371351
5.7473979	0.098629311
5.7537766	0.097207069
5.76017	0.096897893
5.7665772	0.09677422
5.7729988	0.09516646
5.7794347	0.093682386
5.7858849	0.092569329
5.7923512	0.091579944
5.7988305	0.090776078
5.8053241	0.089910358
5.811832	0.089415662
5.8183551	0.08935383
5.8248925	0.088488117
5.8314447	0.086818524
5.8380117	0.085087106
5.8445945	0.083726704
5.851191	0.082737312
5.8578029	0.081747934
5.864429	0.080449365
5.8710709	0.078965291
5.877727	0.078470595
5.8843989	0.076677337
5.8910856	0.0747604
5.8977852	0.073152646
5.9045024	0.070679188
5.9112349	0.068947762
5.9179831	0.067525521
5.9247465	0.066226959
5.9315252	0.065794103
5.9383197	0.06486655
5.9451299	0.063073292
5.9519572	0.061836563
5.9587984	0.06103269
5.9656553	0.060909014
5.9725285	0.060476154
5.9794173	0.060043298
5.9863219	0.06022881
5.9932423	0.059981462
6.0001788	0.059610445
6.0071297	0.059734117
6.0140982	0.059857793
6.0210834	0.059548613
6.0280848	0.059239421
6.0351024	0.059115753
6.0421362	0.05979595
6.0491862	0.060166974
6.0562534	0.058497384
6.0633373	0.057569839
6.0704374	0.057260655
6.0775537	0.056271266
6.0846872	0.054910865
6.0918374	0.05392148
6.0990043	0.053055767
6.1061878	0.052437402
6.1133885	0.051757202
6.1206079	0.0503968
6.1278424	0.049283735
6.1350942	0.048541699
6.1423635	0.048047006
6.1496496	0.047552314
6.1569533	0.047243133
6.1642742	0.046624769
6.1716127	0.046068236
6.1789665	0.046191905
6.1863399	0.046253745
6.1937308	0.045759056
6.2011395	0.045511708
6.2085662	0.045511708
6.2160106	0.045759056
6.2234726	0.045882724
6.2309527	0.0460064
6.238452	0.046315581
6.2459679	0.046624769
6.2535024	0.046995785
6.261055	0.047490478
6.2686257	0.048232518
6.2762151	0.048789047
6.2838225	0.049221903
6.2914486	0.049716596
6.2990947	0.050334956
6.3067579	0.050767813
6.3144398	0.051138837
6.3221402	0.051448021
6.3298597	0.051819034
6.3375978	0.052437402
6.345355	0.052746587
6.3531313	0.052313734
6.3609242	0.05225189
6.3687387	0.052561074
6.3765721	0.052499238
6.3844252	0.05225189
6.3922973	0.05225189
6.4001889	0.052437402
6.4081001	0.053364955
6.4160309	0.05385964
6.4239826	0.053241279
6.431953	0.053303111
6.4399428	0.053550459
6.4479527	0.053983316
6.4559822	0.054539844
6.4640322	0.055343717
6.4721022	0.056704123
6.4801922	0.058064524
6.4883046	0.059734117
6.4964356	0.061094522
6.5045867	0.061774727
6.5127583	0.063073292
6.5209503	0.06486655
6.5291634	0.066041447
6.5373969	0.067463689
6.545651	0.069133274
6.5539231	0.070617355
6.5622191	0.071915917
6.5705361	0.07352367
6.5788746	0.074203871
6.587234	0.074574888
6.5956144	0.074945912
6.6040168	0.075007744
6.6124401	0.075255096
6.6208863	0.075440601
6.629353	0.076182641
6.6378412	0.076491825
6.6463513	0.075193256
6.6548829	0.074080199
6.6634369	0.073647343
6.6720128	0.07352367
6.6806107	0.073214486
6.6892328	0.072286941
6.6978755	0.071606733
6.7065401	0.071421228
6.7152276	0.070926532
6.723937	0.070122659
6.7326698	0.069195114
6.7414246	0.068267561
6.7502027	0.067587361
6.7590008	0.067030832
6.7678242	0.066597976
6.7766714	0.066041447
6.7855411	0.065546751
6.7944345	0.064681046
6.8033509	0.063691661
6.8122911	0.063258804
6.8212547	0.063258804
6.8302436	0.06294962
6.8392544	0.062393092
6.848289	0.062269419
6.8573475	0.062516764
6.8664303	0.062145744
6.8755369	0.060970847
6.8846679	0.06022881
6.8938227	0.059672277
6.9029989	0.059053913
6.9122028	0.058311872
6.9214315	0.057693511
6.9306846	0.057136983
6.9399629	0.056580447
6.9492655	0.056271266
6.9585934	0.056147598
6.9679465	0.055467393
6.9773269	0.054787189
6.9867301	0.054416176
6.9961591	0.054045152
7.0056133	0.053550459
7.0150933	0.053303111
7.0245986	0.052932099
7.0341301	0.052499238
7.0436873	0.052375562
7.0532722	0.051880877
7.0628819	0.051324349
7.0725174	0.050829656
7.0821791	0.050520469
7.0918674	0.050458632
7.1015825	0.0503968
7.1113243	0.050211284
7.1210923	0.049963944
7.1308832	0.049778428
7.1407056	0.049716596
7.1505547	0.04959292
7.1604309	0.049345579
7.1703348	0.048974555
7.1802659	0.048479866
7.1902246	0.048047006
7.200211	0.047737822
7.210228	0.047304966
7.2202702	0.046810277
7.23034	0.046253745
7.2404385	0.045820888
7.2505651	0.045264363
7.2607198	0.044584159
7.2709031	0.04402763
7.2811151	0.043347426
7.2913575	0.042605389
7.3016272	0.041987024
7.3119259	0.041430496
7.3222532	0.040873967
7.3326101	0.040379275
7.3429961	0.039822746
7.3534117	0.039204378
7.3638568	0.038647849
7.3743277	0.037967648
7.3848329	0.037225608
7.3953671	0.036545407
7.4059319	0.035865206
7.4165273	0.035246838
7.4271526	0.034628473
7.4378085	0.033948269
7.4484949	0.033268068
7.4592152	0.032587867
7.4699631	0.031969503
7.4807425	0.031412974
7.4915524	0.030794607
7.5023942	0.030052569
7.513267	0.029372366
7.5241718	0.028754
7.5351081	0.028197471
7.5460782	0.027764615
7.5570784	0.027393594
7.5681105	0.02696074
7.579175	0.026651556
7.5902719	0.026280537
7.6014013	0.025909517
7.6125636	0.025785845
7.6237588	0.025476662
7.6349821	0.025167478
7.6462431	0.024858298
7.6575375	0.02479646
7.6688652	0.024549114
7.6802268	0.024178097
7.6916218	0.023930747
7.7030506	0.023868911
7.7145133	0.023683401
7.7260127	0.02337422
7.7375441	0.023065038
7.7491097	0.02269402
7.7607102	0.022322999
7.7723455	0.021890143
7.7840157	0.021333614
7.7957211	0.020777084
7.8074613	0.020344228
7.8192339	0.019911373
7.8310452	0.019416681
7.8428926	0.018921988
7.8547754	0.018427296
7.8666949	0.017808929
7.8786502	0.017252401
7.8906422	0.01688138
7.9026704	0.016324852
7.9147372	0.015768323
7.9268394	0.015273631
7.9389782	0.014655265
7.9511547	0.01422241
7.9633684	0.013851389
7.9756198	0.013356697
7.9879088	0.012862005
8.0002356	0.012490986
8.0126038	0.012119967
8.0250072	0.01168711
8.0374498	0.011254254
8.0499296	0.010883234
8.0624495	0.010512215
8.0750074	0.010264869
8.0876055	0.0098938495
8.1002417	0.0095846672
8.1129141	0.0092136478
8.1256304	0.0089044645
8.1383867	0.0085952822
8.1511831	0.0082242629
8.1640196	0.007791406
8.1768961	0.007358551
8.1898146	0.0070493678
8.2027731	0.006802022
8.2157736	0.0064928387
8.2288151	0.0061836559
8.2418976	0.0058744731
8.2550211	0.0054416172
8.2681875	0.0051324344
8.281395	0.0049469247
8.2946453	0.0048232516
8.3079386	0.0045759054
8.3212767	0.004204886
8.3346548	0.0040812129
8.3480768	0.0040812129
8.3615408	0.0039575398
8.3750496	0.0036483572
8.3886013	0.0034628473
8.4021969	0.0033391742
8.4158373	0.0032773376
8.4295158	0.003091828
8.4432449	0.0029681548
8.4570189	0.0029063183
8.4708366	0.0027208086
8.4847012	0.0025352989
8.4986105	0.0023497893
8.5125656	0.0021642796
8.5265665	0.0020406065
8.540616	0.0019169335
8.5547094	0.0020406065
8.5688496	0.0019169335
8.5830364	0.0017314237
8.59727	0.001545914
8.6115513	0.0014222409
8.6258802	0.0014222409
8.6402569	0.001545914
8.6546841	0.0014840774
8.6691561	0.0012367312
8.6836777	0.0011748946
8.6982479	0.0012367312
8.7128668	0.0011748946
8.7275343	0.0012367312
8.7422523	0.0012985677
8.75702	0.0012985677
8.7718325	0.0012985677
8.7866993	0.0012985677
8.8016176	0.0012985677
8.8165865	0.0013604043
8.8316059	0.0014222409
8.8466768	0.0016077507
8.8617992	0.0020406065
8.8769741	0.0024734624
8.8922033	0.0028444817
8.9074821	0.0033391742
8.9228134	0.0039575398
8.9381971	0.0046995785
8.9536343	0.0055652903
8.9691257	0.0069256946
8.9846697	0.0084716091
9.000268	0.010203033
9.0159235	0.012181802
9.0316315	0.014407919
9.0473928	0.016324852
9.0632105	0.017685257
9.0790825	0.018921988
9.0950108	0.019787699
9.1109953	0.020096881
9.1270351	0.020282391
9.1431274	0.020158719
9.1592817	0.019602189
9.1754923	0.01886015
9.191761	0.017932603
9.2080879	0.016572198
9.224472	0.015397304
9.2409153	0.014531592
9.2574167	0.013789553
9.2739801	0.013047514
9.2906008	0.012367312
9.3072805	0.011810783
9.3240204	0.011563436
9.3408203	0.011439764
9.3576803	0.011439764
9.3746023	0.011563436
9.3915854	0.012119967
9.4086237	0.012552821
9.4257298	0.01292384
9.4428988	0.01329486
9.4601307	0.013851389
9.4774246	0.014655265
9.4947834	0.015582812
9.5122042	0.01669587
9.5296898	0.017808929
9.5472441	0.018736478
9.5648584	0.019849537
9.5825386	0.021519123
9.6002836	0.023436058
9.6180954	0.02535299
9.635973	0.027702779
9.6539164	0.030670935
9.6719275	0.034071945
9.6900091	0.037967648
9.7081556	0.042172533
9.7263699	0.046562929
9.7446527	0.051200673
9.7630043	0.055652905
9.7814245	0.059301265
9.7999153	0.062331248
9.8184757	0.064990222
9.837101	0.067463689
9.8558025	0.069875307
9.8745756	0.072163269
9.8934202	0.074203871
9.9123363	0.076553658
9.9313259	0.079088964
9.950388	0.081624262
9.9695234	0.083788536
9.9887362	0.086261995
10.008019	0.088797294
10.027377	0.091023415
10.04681	0.092816681
10.066319	0.094486266
10.085902	0.095908508
10.105563	0.097021557
10.1253	0.09794911
10.145119	0.098876663
10.165011	0.099185839
10.184982	0.099000335
10.205031	0.098938495
10.22516	0.098814823
10.245367	0.098381966
10.265656	0.098134615
10.286023	0.098134615
10.306466	0.098072782
10.326997	0.097639918
10.34761	0.097083397
10.368304	0.09615586
10.389083	0.095042787
10.409945	0.093435042
10.43089	0.090714231
10.45192	0.087313227
10.473039	0.084097721
10.49424	0.081129566
10.515526	0.077914067
10.536899	0.074884072
10.558359	0.072101429
10.579906	0.069504291
10.601542	0.067216337
10.623267	0.064928383
10.645084	0.062825948
10.666988	0.060785342
10.688982	0.058373716
10.711066	0.056085762
10.733243	0.053674135
10.755511	0.050953325
10.777872	0.048356194
10.800325	0.045882724
10.822865	0.043347426
10.845508	0.041244987
10.868244	0.039575398
10.891077	0.03815316
10.914005	0.036854591
10.937031	0.035927042
10.960154	0.035308678
10.983374	0.034875818
11.006698	0.034813985
11.030116	0.03506133
11.053635	0.035432346
11.077253	0.036112551
11.100973	0.036854591
11.124795	0.037596628
11.14872	0.038276829
11.172747	0.038957033
11.196871	0.039946418
11.221107	0.040750291
11.245447	0.041430496
11.269894	0.041987024
11.294447	0.042419877
11.319107	0.042914569
11.343875	0.043100081
11.368752	0.043161921
11.393744	0.04328559
11.418839	0.043100081
11.444047	0.042729065
11.469365	0.042605389
11.494797	0.042358045
11.52034	0.042296208
11.545999	0.041987024
11.571771	0.041554168
11.597663	0.041244987
11.623667	0.040750291
11.649787	0.040502951
11.676025	0.040193763
11.702382	0.03976091
11.728858	0.039513562
11.755454	0.039266214
11.782171	0.038833361
11.809002	0.038338669
11.835962	0.037596628
11.863048	0.036854591
11.890256	0.036483571
11.91759	0.035927042
11.94505	0.035185006
11.972636	0.034319293
12.000351	0.033206232
12.028198	0.032093175
12.056171	0.031165624
12.084274	0.030361749
12.112508	0.029186858
12.140875	0.027579106
12.169374	0.026218701
12.198009	0.025291152
12.226777	0.024116259
12.255688	0.0230032
12.28473	0.022508508
12.31391	0.022384834
12.343228	0.022384834
12.372687	0.022261161
12.402287	0.022322999
12.432029	0.02244667
12.461913	0.02244667
12.491931	0.02244667
12.522105	0.021951981
12.552425	0.021519123
12.582892	0.021271776
12.613507	0.020715248
12.644272	0.019973209
12.675187	0.019293007
12.706254	0.018798314
12.737479	0.018241785
12.768852	0.017252401
12.80038	0.016386688
12.832064	0.015706487
12.863906	0.015149958
12.895905	0.014655265
12.928064	0.013913226
12.960384	0.013418534
12.992874	0.012985677
13.025519	0.012119967
13.05833	0.011316091
13.091305	0.010759561
13.124448	0.01007936
13.157759	0.0096465033
13.191238	0.0089044645
13.22489	0.0081005897
13.258701	0.0075440607
13.292698	0.0072348774
13.326869	0.0065546753
13.361217	0.0059981463
13.395742	0.0056889635
13.430446	0.0054416172
13.46533	0.0051324344
13.500397	0.0048232516
13.535651	0.0043285592
13.571085	0.003895703
13.606705	0.0037101936
13.642511	0.0033391742
13.678508	0.003091828
13.714694	0.0027826452
13.751073	0.0029681548
13.787644	0.0031536645
13.82442	0.0028444817
13.861383	0.0027208086
13.898545	0.0027208086
13.935907	0.0026589721
13.97347	0.0024734624
14.011236	0.0026589721
14.049208	0.0026589721
14.087384	0.0025352989
14.125755	0.0026589721
14.16435	0.0027826452
14.203156	0.0028444817
14.242176	0.003401011
14.281411	0.0036483572
14.320862	0.0039575398
14.360532	0.0040812129
14.400422	0.0047614151
14.440542	0.0058126366
14.48088	0.0064928387
14.521442	0.0072348774
14.562233	0.0084716091
14.603253	0.01007936
14.644506	0.011748946
14.685991	0.013727716
14.727713	0.016572198
14.76966	0.019602189
14.811859	0.022879528
14.8543	0.026404213
14.896984	0.031103788
14.939916	0.036421731
14.983094	0.041554168
15.026524	0.046253745
15.070205	0.050273124
15.11415	0.05392148
15.158343	0.057136983
15.202796	0.06022881
15.24751	0.063506149
15.292488	0.065979607
15.337732	0.068082049
15.383245	0.070308164
15.429028	0.072348773
15.475092	0.073647343
15.521424	0.075069584
15.568036	0.07673917
15.614927	0.078161411
15.662103	0.079274468
15.709563	0.080325693
15.757313	0.081067726
15.805353	0.081686094
15.853672	0.081624262
15.902304	0.081067726
15.951234	0.080078349
16.000465	0.079398148
16.050003	0.078161411
16.099848	0.076615497
16.150003	0.07482224
16.200472	0.072843462
16.251265	0.070246331
16.30237	0.067525521
16.353796	0.064928383
16.405548	0.061403703
16.45763	0.05787902
16.510042	0.054539844
16.56279	0.050891489
16.615877	0.047304966
16.669313	0.043780286
16.723085	0.040873967
16.777206	0.038214996
16.831676	0.036359899
16.886503	0.035370514
16.941689	0.034442965
16.997234	0.032835215
17.053146	0.031536646
17.109409	0.031351138
17.166063	0.031227462
17.223093	0.030670935
17.280504	0.029867059
17.338299	0.029372366
17.396481	0.02893951
17.455055	0.028506653
17.514025	0.027826453
17.573404	0.027579106
17.633179	0.027826453
17.693359	0.028011961
17.753954	0.027084414
17.814964	0.025909517
17.876394	0.024981972
17.938251	0.023868911
18.000536	0.022632182
18.063269	0.021704631
18.126427	0.021086266
18.190027	0.019169334
18.254078	0.016943218
18.318579	0.015335468
18.383539	0.014284246
18.448961	0.013356697
18.514851	0.012676495
18.58119	0.011130581
18.648029	0.01007936
18.715351	0.010017523
18.783159	0.0095846672
18.851461	0.0096465033
18.920263	0.010512215
18.989569	0.012552821
19.059383	0.015953831
19.129725	0.01923117
19.200575	0.023683401
19.271952	0.029743385
19.343863	0.036978263
19.416311	0.044769667
19.489305	0.053055767
19.562849	0.06103269
19.636951	0.068082049
19.711594	0.074080199
19.786827	0.080882221
19.862638	0.086694852
19.939034	0.091950968
20.016018	0.096279517
20.093599	0.10042257
20.171785	0.10592602
20.250582	0.11322274
20.330009	0.12132333
20.410049	0.12849636
20.490723	0.13399982
20.572035	0.13832839
20.653994	0.14216226
20.73661	0.14482123
20.819889	0.14692368
20.903841	0.15075754
20.988487	0.15471508
21.073807	0.15706486
21.159821	0.1586726
21.246542	0.16213545
21.333977	0.16578382
21.422132	0.16763891
21.511023	0.16664954
21.600651	0.16188811
21.691	0.1587963
21.782139	0.1589818
21.874046	0.15910546
21.966734	0.1578069
22.060209	0.1586726
22.154484	0.16114609
22.249567	0.16590749
22.34547	0.16924666
22.442221	0.16998871
22.539797	0.17054522
22.638224	0.17054522
22.737514	0.16937034
22.837679	0.16590749
22.93873	0.15675569
23.04068	0.14383183
23.143541	0.13041331
23.247343	0.11798415
23.35206	0.11322274
23.457727	0.11278988
23.564352	0.11291356
23.671953	0.11124397
23.78054	0.10951256
23.890127	0.10444195
24.000731	0.099371351
24.112324	0.099804208
24.224998	0.10190665
24.338732	0.10462747
24.453537	0.10258685
24.569429	0.10221583
24.686426	0.10240135
24.804543	0.098443806
24.923796	0.094548099
