# Lizardite, Chemical Formula: Mg3Si2O5(OH)4
# Sample ID: NMNHR4687.b_165um
# wavelengths (microns), reflectance
1.3447871	0.54064333
1.345136	0.54122853
1.3454852	0.54210639
1.3458345	0.54196006
1.346184	0.54210639
1.3465335	0.54334992
1.3468834	0.54364246
1.3472334	0.5440082
1.3475837	0.54488599
1.347934	0.54539806
1.3482846	0.54554433
1.3486353	0.54605639
1.3489863	0.54634899
1.3493373	0.54664159
1.3496888	0.54737306
1.3500402	0.54744631
1.3503917	0.54729992
1.3507435	0.54744631
1.3510957	0.54693419
1.3514478	0.54715365
1.3518003	0.54737306
1.3521528	0.54722679
1.3525057	0.54693419
1.3528585	0.54664159
1.3532118	0.54678786
1.3535651	0.54642212
1.3539187	0.54576379
1.3542722	0.54569066
1.3546262	0.54525173
1.3549802	0.54459345
1.3553345	0.54393506
1.3556889	0.54334992
1.3560435	0.54276466
1.3563982	0.54225266
1.3567532	0.54130179
1.3571084	0.54078966
1.3574637	0.5405702
1.3578192	0.54064333
1.358175	0.54093593
1.3585309	0.54166752
1.3588871	0.54166752
1.3592433	0.54217947
1.3595998	0.54247206
1.3599564	0.54269153
1.3603133	0.54269153
1.3606703	0.54305732
1.3610276	0.54291105
1.361385	0.54327673
1.3617427	0.54393506
1.3621005	0.54517859
1.3624585	0.54495913
1.3628166	0.54481286
1.3631749	0.54554433
1.3635335	0.54642212
1.3638922	0.54773885
1.3642511	0.54949433
1.3646102	0.55015272
1.3649695	0.55073786
1.3653289	0.55154258
1.3656886	0.55176204
1.3660485	0.55242038
1.3664085	0.55395645
1.3667688	0.55461478
1.3671292	0.55483425
1.3674898	0.55498058
1.3678507	0.55549258
1.3682116	0.55651665
1.3685728	0.55680925
1.3689343	0.55680925
1.3692958	0.55724812
1.3696576	0.55754071
1.3700196	0.55702877
1.3703818	0.55710191
1.3707441	0.5579797
1.3711067	0.55768704
1.3714694	0.55761397
1.3718324	0.55805278
1.3721954	0.5579797
1.3725587	0.55790657
1.3729222	0.55732131
1.3732859	0.55746764
1.3736497	0.5579797
1.3740138	0.55746764
1.374378	0.55724812
1.3747425	0.55710191
1.3751072	0.55688238
1.3754721	0.55688238
1.375837	0.55637038
1.3762023	0.55571204
1.3765677	0.55585837
1.3769335	0.55600458
1.3772992	0.55498058
1.3776653	0.55373704
1.3780315	0.55263978
1.3783978	0.55066478
1.3787644	0.54634899
1.3791313	0.5388878
1.3794982	0.52594048
1.3798655	0.50399578
1.3802328	0.47502881
1.3806005	0.44767118
1.3809682	0.43128583
1.3813362	0.42689687
1.3817043	0.42967653
1.3820726	0.43794233
1.382441	0.45242584
1.3828099	0.47027421
1.3831787	0.48702523
1.3835479	0.49909478
1.3839172	0.50494671
1.3842868	0.50575137
1.3846565	0.50355691
1.3850266	0.49902165
1.3853966	0.49251139
1.385767	0.48600119
1.3861375	0.48000291
1.3865082	0.4761261
1.3868792	0.47488257
1.3872503	0.47539455
1.3876216	0.47788164
1.387993	0.48029554
1.3883647	0.48285574
1.3887366	0.4845382
1.3891087	0.48600119
1.3894811	0.48702523
1.3898535	0.48717156
1.3902262	0.48651323
1.3905991	0.485928
1.3909724	0.48534283
1.3913456	0.48468444
1.3917192	0.48351416
1.3920929	0.4827826
1.3924669	0.4808076
1.3928409	0.47766218
1.3932153	0.47444367
1.3935897	0.47159088
1.3939645	0.46844545
1.3943394	0.46559259
1.3947146	0.46230093
1.3950899	0.4588629
1.3954654	0.4566685
1.3958411	0.45557123
1.3962171	0.45403513
1.3965932	0.45323044
1.3969696	0.4534499
1.397346	0.45447397
1.3977228	0.4568879
1.3980998	0.46017963
1.398477	0.46303239
1.3988543	0.46595839
1.3992319	0.46961579
1.3996096	0.47385842
1.3999877	0.47780851
1.4003658	0.48161221
1.4007442	0.48490393
1.4011228	0.48768359
1.4015017	0.48973179
1.4018805	0.49134105
1.4022598	0.49302351
1.4026392	0.49536422
1.4030188	0.49799761
1.4033985	0.50114298
1.4037787	0.5044347
1.4041588	0.50809211
1.4045392	0.5123347
1.4049199	0.51679683
1.4053007	0.51986915
1.4056817	0.52286822
1.406063	0.52623308
1.4064443	0.52915901
1.406826	0.53171921
1.4072078	0.53398687
1.40759	0.5357424
1.4079722	0.53786373
1.4083548	0.53991187
1.4087374	0.541448
1.4091204	0.54313046
1.4095035	0.54452026
1.4098868	0.54561752
1.4102703	0.54678786
1.4106542	0.54788512
1.411038	0.54847032
1.4114223	0.54883605
1.4118066	0.54964072
1.4121914	0.54993331
1.4125761	0.55059165
1.4129611	0.55110359
1.4133463	0.55176204
1.4137318	0.55227405
1.4141173	0.55256665
1.4145032	0.55220091
1.4148892	0.55242038
1.4152753	0.55285925
1.4156618	0.55242038
1.4160485	0.55176204
1.4164354	0.55154258
1.4168226	0.55110359
1.4172099	0.55132312
1.4175974	0.55117685
1.4179851	0.55081111
1.4183733	0.55029899
1.4187614	0.55000645
1.4191499	0.54934812
1.4195384	0.54832399
1.4199272	0.54751939
1.4203162	0.54751939
1.4207056	0.54715365
1.4210949	0.54656845
1.4214847	0.54656845
1.4218745	0.54591012
1.4222647	0.54547119
1.422655	0.54561752
1.4230455	0.54488599
1.4234362	0.54452026
1.4238272	0.54459345
1.4242183	0.54408139
1.4246095	0.54378879
1.425001	0.54393506
1.425393	0.5437156
1.4257849	0.54364246
1.4261771	0.54386193
1.4265696	0.54378879
1.4269623	0.54356933
1.4273552	0.54408139
1.4277484	0.54452026
1.4281417	0.54473972
1.4285352	0.54408139
1.428929	0.54430085
1.429323	0.54466659
1.4297171	0.54466659
1.4301115	0.54459345
1.4305061	0.54481286
1.4309008	0.54525173
1.4312959	0.54547119
1.4316912	0.54547119
1.4320866	0.54605639
1.4324824	0.54598325
1.4328783	0.54598325
1.4332745	0.54598325
1.4336708	0.54634899
1.4340675	0.54656845
1.4344643	0.54649526
1.4348613	0.54656845
1.4352585	0.54708046
1.4356561	0.54700732
1.4360538	0.54656845
1.4364517	0.54693419
1.4368497	0.54729992
1.4372482	0.54751939
1.4376467	0.54773885
1.4380456	0.54788512
1.4384446	0.54766566
1.4388438	0.54795825
1.4392433	0.54795825
1.439643	0.54773885
1.4400429	0.54795825
1.4404429	0.54766566
1.4408432	0.54751939
1.4412439	0.54759252
1.4416445	0.54766566
1.4420457	0.54773885
1.4424468	0.54781193
1.4428483	0.54773885
1.4432499	0.54781193
1.443652	0.54751939
1.4440541	0.54722679
1.4444566	0.54708046
1.444859	0.54744631
1.445262	0.54803139
1.4456649	0.54803139
1.4460682	0.54766566
1.4464716	0.54744631
1.4468753	0.54744631
1.4472792	0.54744631
1.4476835	0.54729992
1.4480878	0.54737306
1.4484924	0.54737306
1.4488972	0.54737306
1.4493023	0.54744631
1.4497076	0.54788512
1.4501131	0.54759252
1.4505187	0.54773885
1.4509248	0.54744631
1.4513309	0.54729992
1.4517374	0.54722679
1.4521439	0.54678786
1.4525509	0.54649526
1.452958	0.54634899
1.4533653	0.54656845
1.4537728	0.54642212
1.4541807	0.54620266
1.4545887	0.54583693
1.4549969	0.54576379
1.4554054	0.54627585
1.4558141	0.54591012
1.456223	0.54569066
1.4566324	0.54532492
1.4570416	0.54539806
1.4574513	0.54561752
1.4578612	0.54569066
1.4582713	0.54569066
1.4586816	0.54554433
1.4590921	0.54554433
1.4595029	0.54547119
1.4599138	0.54583693
1.460325	0.54598325
1.4607365	0.54547119
1.4611483	0.54495913
1.4615602	0.54488599
1.4619724	0.54466659
1.4623848	0.54503232
1.4627974	0.54561752
1.4632103	0.54554433
1.4636234	0.54452026
1.4640367	0.54437399
1.4644502	0.54488599
1.4648641	0.54539806
1.4652781	0.54503232
1.4656924	0.54444712
1.4661069	0.54422766
1.4665216	0.54386193
1.4669366	0.5440082
1.4673518	0.54422766
1.4677672	0.54378879
1.4681829	0.5437156
1.4685988	0.54386193
1.469015	0.54378879
1.4694314	0.54364246
1.469848	0.54349619
1.4702649	0.54342306
1.470682	0.54356933
1.4710993	0.5440082
1.471517	0.5437156
1.4719347	0.54386193
1.4723527	0.54364246
1.472771	0.54342306
1.4731897	0.54334992
1.4736084	0.54356933
1.4740274	0.54342306
1.4744467	0.54276466
1.4748662	0.54247206
1.4752858	0.54254526
1.4757057	0.54261845
1.476126	0.54283786
1.4765463	0.54283786
1.476967	0.54225266
1.4773879	0.54225266
1.477809	0.54254526
1.4782305	0.54269153
1.478652	0.54239893
1.4790739	0.54210639
1.479496	0.54196006
1.4799184	0.54210639
1.480341	0.54225266
1.4807638	0.5420332
1.4811869	0.54181373
1.4816102	0.54166752
1.4820337	0.54152113
1.4824575	0.541448
1.4828815	0.54122853
1.4833061	0.5411554
1.4837304	0.5411554
1.4841553	0.54108226
1.4845803	0.54086286
1.4850056	0.54064333
1.4854311	0.5405702
1.4858568	0.54086286
1.4862827	0.54049712
1.4867089	0.54013139
1.4871353	0.5405702
1.4875621	0.54071653
1.4879889	0.54049712
1.4884162	0.54005826
1.4888437	0.539985
1.4892714	0.5397656
1.4896992	0.53983873
1.4901278	0.5402776
1.4905561	0.5402776
1.4909849	0.54020447
1.4914138	0.54064333
1.491843	0.54071653
1.4922724	0.5402776
1.4927021	0.5396924
1.493132	0.539473
1.4935622	0.53932667
1.4939926	0.53961933
1.4944233	0.5393998
1.4948542	0.5391804
1.4952854	0.5391072
1.4957168	0.5393998
1.4961485	0.5391804
1.4965804	0.5391072
1.4970125	0.53874147
1.4974447	0.53874147
1.4978775	0.53896093
1.4983103	0.53874147
1.4987437	0.53822947
1.499177	0.53808314
1.4996107	0.5383026
1.5000446	0.53844893
1.5004789	0.53844893
1.5009133	0.53837579
1.5013479	0.5383026
1.5017828	0.53808314
1.502218	0.53749794
1.5026534	0.5372054
1.5030892	0.53735167
1.503525	0.5374248
1.5039612	0.53705907
1.5043976	0.53713226
1.5048344	0.53676653
1.5052713	0.53654706
1.5057086	0.53647393
1.506146	0.53654706
1.5065837	0.53596187
1.5070215	0.53559613
1.5074598	0.5357424
1.5078982	0.53610814
1.5083369	0.53581554
1.5087758	0.53559613
1.5092151	0.5357424
1.5096546	0.53581554
1.5100944	0.53588873
1.5105344	0.53588873
1.5109746	0.53559613
1.5114151	0.535523
1.511856	0.53515726
1.5122969	0.53501087
1.5127382	0.53501087
1.5131798	0.53508407
1.5136217	0.5352304
1.5140636	0.53457201
1.514506	0.5343526
1.5149485	0.53457201
1.5153915	0.53442574
1.5158345	0.53464514
1.5162779	0.53464514
1.5167215	0.53420621
1.5171654	0.53391373
1.5176095	0.53384054
1.518054	0.53384054
1.5184987	0.53369421
1.5189435	0.53332847
1.5193887	0.53318214
1.5198342	0.53332847
1.5202799	0.53340161
1.5207258	0.53310907
1.521172	0.53296268
1.5216186	0.53281641
1.5220653	0.53274333
1.5225123	0.53274333
1.5229596	0.53303593
1.5234071	0.53281641
1.5238549	0.53318214
1.524303	0.53303593
1.5247513	0.53215808
1.5251998	0.53193867
1.5256486	0.53252381
1.5260978	0.53223127
1.5265471	0.53186554
1.5269967	0.53164607
1.5274466	0.53142661
1.5278969	0.53142661
1.5283473	0.5317924
1.528798	0.53201181
1.529249	0.53193867
1.5297003	0.53135347
1.5301517	0.53106087
1.5306035	0.53113407
1.5310555	0.53091455
1.5315078	0.53098774
1.5319604	0.53098774
1.5324134	0.53106087
1.5328665	0.53113407
1.5333198	0.53098774
1.5337734	0.53047568
1.5342274	0.53040254
1.5346816	0.53062201
1.5351361	0.53018308
1.5355908	0.52989048
1.5360456	0.53025627
1.5365007	0.53018308
1.5369563	0.53003681
1.537412	0.53003681
1.5378683	0.52974421
1.5383245	0.52959788
1.5387812	0.52981734
1.539238	0.52981734
1.5396953	0.52952474
1.5401527	0.52967101
1.5406104	0.53025627
1.5410683	0.53040254
1.5415267	0.52974421
1.5419852	0.52959788
1.542444	0.52967101
1.5429029	0.52981734
1.5433626	0.52967101
1.5438222	0.52959788
1.5442821	0.52967101
1.5447421	0.52974421
1.5452026	0.52952474
1.5456632	0.52908587
1.5461243	0.52893955
1.5465856	0.52923214
1.5470469	0.52930534
1.5475086	0.52923214
1.5479708	0.52945161
1.5484331	0.52959788
1.5488957	0.52945161
1.5493586	0.52923214
1.5498219	0.52915901
1.5502852	0.52915901
1.5507492	0.52893955
1.5512131	0.52864695
1.5516775	0.52879328
1.552142	0.52908587
1.5526069	0.52908587
1.553072	0.52886641
1.5535375	0.52857381
1.5540031	0.52886641
1.5544689	0.52886641
1.5549351	0.52879328
1.5554017	0.52901274
1.5558684	0.52893955
1.5563356	0.52828121
1.5568029	0.52828121
1.5572705	0.52850068
1.5577384	0.52813494
1.5582068	0.52776921
1.5586753	0.52806181
1.5591441	0.52813494
1.5596131	0.52813494
1.5600824	0.52813494
1.560552	0.52820808
1.561022	0.52784234
1.5614921	0.52798855
1.5619628	0.52798855
1.5624335	0.52791548
1.5629046	0.52776921
1.5633758	0.52784234
1.5638475	0.52754974
1.5643194	0.52733028
1.5647916	0.52776921
1.565264	0.52762282
1.5657365	0.52733028
1.5662096	0.52725714
1.5666829	0.52718401
1.5671564	0.52740341
1.5676304	0.52762282
1.5681045	0.52740341
1.5685791	0.52703768
1.5690538	0.52681828
1.5695291	0.52667195
1.5700043	0.52674502
1.57048	0.52681828
1.5709559	0.52689141
1.5714321	0.52667195
1.5719085	0.52689141
1.5723853	0.52718401
1.5728624	0.52652568
1.5733397	0.52637929
1.5738174	0.52652568
1.5742953	0.52601361
1.5747734	0.52594048
1.5752521	0.52623308
1.5757308	0.52615988
1.5762099	0.52608675
1.5766892	0.52615988
1.5771688	0.52594048
1.5776488	0.52579415
1.5781291	0.52579415
1.5786096	0.52601361
1.5790905	0.52608675
1.5795716	0.52601361
1.5800531	0.52564788
1.5805347	0.52557474
1.5810168	0.52542841
1.5814991	0.52520895
1.5819818	0.52513576
1.5824646	0.52520895
1.5829479	0.52542841
1.5834312	0.52550155
1.5839151	0.52564788
1.5843991	0.52557474
1.5848837	0.52550155
1.5853683	0.52535528
1.5858533	0.52506268
1.5863385	0.52484322
1.5868242	0.52498955
1.58731	0.52498955
1.5877962	0.52477014
1.5882826	0.52469689
1.5887693	0.52440441
1.5892563	0.52403855
1.5897436	0.52396542
1.5902313	0.52418488
1.5907192	0.52425802
1.5912075	0.52396542
1.591696	0.52403855
1.5921849	0.52440441
1.592674	0.52440441
1.5931635	0.52418488
1.5936533	0.52396542
1.5941433	0.52403855
1.5946337	0.52389228
1.5951242	0.52389228
1.5956153	0.52374595
1.5961065	0.52374595
1.5965984	0.52367282
1.5970901	0.52338022
1.5975825	0.52323395
1.5980748	0.52359968
1.5985676	0.52381915
1.5990607	0.52330709
1.5995542	0.52264875
1.6000477	0.52279502
1.6005416	0.52316087
1.6010358	0.52308762
1.6015304	0.52272189
1.6020253	0.52286822
1.6025206	0.52316087
1.603016	0.52330709
1.6035119	0.52294135
1.604008	0.52272189
1.6045047	0.52264875
1.6050013	0.52279502
1.6054984	0.52272189
1.6059958	0.52272189
1.6064935	0.52279502
1.6069914	0.52294135
1.6074898	0.52257562
1.6079884	0.52242929
1.608487	0.52257562
1.6089861	0.52242929
1.6094857	0.52228302
1.6099856	0.52250242
1.6104858	0.52242929
1.6109861	0.52235615
1.611487	0.52199042
1.6119881	0.52206355
1.6124896	0.52242929
1.6129912	0.52235615
1.6134933	0.52206355
1.6139956	0.52206355
1.6144984	0.52235615
1.6150012	0.52220982
1.6155045	0.52199042
1.616008	0.52199042
1.6165122	0.52199042
1.6170163	0.52184409
1.6175209	0.52184409
1.6180257	0.52177095
1.6185309	0.52162468
1.6190363	0.52162468
1.6195421	0.52169782
1.6200482	0.52191728
1.6205544	0.52184409
1.6210611	0.52140522
1.6215682	0.52162468
1.6220756	0.52199042
1.6225833	0.52177095
1.6230912	0.52140522
1.6235996	0.52111262
1.6241082	0.52118576
1.6246173	0.52096629
1.6251266	0.52103949
1.6256363	0.52118576
1.6261462	0.52125889
1.6266564	0.52096629
1.627167	0.52111262
1.6276779	0.52103949
1.6281891	0.52103949
1.6287007	0.52103949
1.6292125	0.52089316
1.6297247	0.52060056
1.6302372	0.52074689
1.6307501	0.52074689
1.6312631	0.52052742
1.6317767	0.52045429
1.6322904	0.52038115
1.6328044	0.52038115
1.6333188	0.52045429
1.6338336	0.52016169
1.6343486	0.52016169
1.6348641	0.52008855
1.6353798	0.52001536
1.6358958	0.52016169
1.6364123	0.52001536
1.6369292	0.51957649
1.637446	0.51950336
1.6379635	0.51950336
1.6384811	0.51928389
1.6389992	0.51921076
1.6395175	0.51928389
1.6400362	0.51928389
1.6405551	0.51913762
1.6410745	0.51899135
1.6415942	0.51906449
1.6421142	0.51913762
1.6426344	0.51899135
1.6431552	0.51884502
1.643676	0.51891816
1.6441975	0.51891816
1.644719	0.51884502
1.6452409	0.51877183
1.6457632	0.51855242
1.6462859	0.51825988
1.6468087	0.51804036
1.6473321	0.51804036
1.6478556	0.51811349
1.6483797	0.51782095
1.648904	0.51774782
1.6494286	0.51760149
1.6499535	0.51760149
1.6504788	0.51782095
1.6510044	0.51782095
1.6515305	0.51774782
1.6520567	0.51760149
1.6525834	0.51730889
1.6531103	0.51738209
1.6536378	0.51730889
1.6541654	0.51730889
1.6546935	0.5172357
1.6552217	0.51672369
1.6557504	0.51650429
1.6562793	0.5166505
1.6568087	0.51657742
1.6573384	0.51650429
1.6578683	0.51657742
1.6583985	0.51657742
1.6589293	0.51643109
1.6594603	0.51643109
1.6599917	0.51650429
1.6605233	0.51643109
1.6610554	0.51621163
1.6615878	0.51613855
1.6621207	0.51599216
1.6626537	0.51591903
1.6631873	0.51577282
1.6637208	0.51562643
1.664255	0.51569963
1.6647894	0.51584589
1.6653243	0.51548016
1.6658593	0.51511443
1.6663947	0.51511443
1.6669306	0.5149681
1.6674668	0.51474863
1.6680032	0.51482177
1.6685401	0.51489502
1.6690773	0.5149681
1.6696149	0.51482177
1.6701527	0.51489502
1.670691	0.51474863
1.6712295	0.51452929
1.6717685	0.51460236
1.6723077	0.51430976
1.6728474	0.51430976
1.6733873	0.51423663
1.6739277	0.51423663
1.6744683	0.51460236
1.6750095	0.51452929
1.6755508	0.51423663
1.6760926	0.51409036
1.6766347	0.51401722
1.6771772	0.51401722
1.6777198	0.51379776
1.6782631	0.51357824
1.6788064	0.51365149
1.6793501	0.51365149
1.6798942	0.51343203
1.6804388	0.51343203
1.6809837	0.51372463
1.6815289	0.51350516
1.6820744	0.5132857
1.6826205	0.5132857
1.6831667	0.51335883
1.6837136	0.5132857
1.6842605	0.51313943
1.684808	0.51306623
1.6853557	0.5129931
1.6859038	0.5127005
1.6864522	0.51262736
1.687001	0.51291996
1.6875501	0.51277363
1.6881	0.51255423
1.6886498	0.51240796
1.6892	0.5123347
1.6897506	0.51218849
1.6903015	0.51211536
1.6908529	0.51226163
1.6914046	0.5123347
1.6919565	0.51211536
1.6925087	0.51218849
1.6930614	0.51226163
1.6936146	0.51196903
1.694168	0.51196903
1.6947218	0.51182276
1.695276	0.51167643
1.6958306	0.5115301
1.6963854	0.51145703
1.6969409	0.5113107
1.6974965	0.5113107
1.6980526	0.51101804
1.6986089	0.51123756
1.6991657	0.51145703
1.6997228	0.51138383
1.7002803	0.51123756
1.7008381	0.51116443
1.7013963	0.51109117
1.7019548	0.51087183
1.7025138	0.5104329
1.703073	0.51057923
1.7036328	0.51057923
1.7041928	0.51035976
1.7047533	0.51035976
1.7053139	0.51021338
1.705875	0.5099209
1.7064364	0.50999403
1.7069983	0.5099209
1.7075605	0.50984764
1.7081233	0.50948197
1.7086862	0.50940877
1.7092496	0.50940877
1.7098132	0.50940877
1.7103775	0.5093357
1.7109419	0.50904304
1.7115068	0.50889671
1.712072	0.50889671
1.7126377	0.5089699
1.7132035	0.50889671
1.7137699	0.50853097
1.7143366	0.5084579
1.7149036	0.50838476
1.715471	0.50831157
1.7160389	0.50831157
1.7166071	0.50809211
1.7171758	0.50794584
1.7177447	0.50809211
1.7183142	0.50801897
1.7188838	0.50772637
1.7194541	0.50721431
1.7200245	0.50721431
1.7205955	0.50692171
1.7211666	0.5067023
1.7217383	0.5067023
1.7223103	0.5064097
1.7228827	0.50648284
1.7234554	0.5067023
1.7240288	0.50655597
1.7246022	0.50611711
1.7251762	0.50619024
1.7257504	0.50626343
1.7263252	0.50619024
1.7269002	0.50597084
1.7274756	0.50567824
1.7280514	0.50553191
1.7286276	0.50545877
1.7292041	0.50516617
1.7297812	0.50494671
1.7303585	0.50509304
1.7309363	0.50494671
1.7315143	0.5050199
1.732093	0.50494671
1.7326717	0.50465411
1.7332511	0.5044347
1.7338307	0.50428838
1.7344109	0.50406885
1.7349913	0.50406885
1.7355722	0.50399578
1.7361534	0.50399578
1.7367351	0.50392264
1.737317	0.50392264
1.7378997	0.50363004
1.7384824	0.50341058
1.7390656	0.5033375
1.7396491	0.50326431
1.7402332	0.50311798
1.7408174	0.50311798
1.7414023	0.50297171
1.7419873	0.50297171
1.7425728	0.50297171
1.7431587	0.50289857
1.7437451	0.50282538
1.7443317	0.50289857
1.7449189	0.50282538
1.7455064	0.50253284
1.7460943	0.50231338
1.7466825	0.50216705
1.7472714	0.50224024
1.7478604	0.50216705
1.7484499	0.50209397
1.7490398	0.50216705
1.7496301	0.50194764
1.7502208	0.50180131
1.7508119	0.50180131
1.7514033	0.5016551
1.7519954	0.50150871
1.7525877	0.50150871
1.7531804	0.50150871
1.7537735	0.50150871
1.754367	0.50106984
1.7549609	0.50092351
1.7555553	0.50114298
1.7561499	0.50128925
1.7567449	0.50121611
1.7573403	0.50099671
1.7579362	0.50070411
1.7585325	0.50041157
1.7591293	0.50033832
1.7597264	0.50019205
1.760324	0.50026518
1.7609218	0.50033832
1.7615204	0.50011891
1.7621191	0.50011891
1.7627183	0.49989945
1.7633178	0.49975312
1.7639178	0.49997258
1.7645181	0.49975312
1.7651191	0.49960688
1.7657201	0.49975312
1.7663218	0.49968001
1.7669238	0.49960688
1.7675263	0.49916801
1.768129	0.49916801
1.7687324	0.49916801
1.769336	0.49931425
1.7699401	0.49931425
1.7705445	0.49902165
1.7711494	0.49865592
1.7717546	0.49872905
1.7723604	0.49902165
1.7729665	0.49902165
1.773573	0.49850959
1.7741799	0.49829018
1.7747874	0.49850959
1.7753952	0.49865592
1.7760036	0.49865592
1.7766122	0.49850959
1.7772213	0.49836335
1.7778307	0.49814385
1.7784407	0.49807072
1.7790509	0.49807072
1.7796618	0.49785125
1.7802728	0.49770498
1.7808841	0.49763188
1.781496	0.49755871
1.7821085	0.49733925
1.7827213	0.49726608
1.7833346	0.49733925
1.7839482	0.49726608
1.7845623	0.49711981
1.7851768	0.49697348
1.785792	0.49668092
1.7864072	0.49660775
1.7870232	0.49660775
1.7876393	0.49646145
1.788256	0.49638835
1.788873	0.49624196
1.7894906	0.49587631
1.7901084	0.49580312
1.790727	0.49551058
1.7913457	0.49543732
1.7919649	0.49551058
1.7925845	0.49558368
1.7932047	0.49543732
1.793825	0.49514475
1.794446	0.49485219
1.7950673	0.49477902
1.795689	0.49448642
1.7963111	0.49419379
1.7969339	0.49412066
1.7975569	0.49426705
1.7981805	0.49404755
1.7988043	0.49382809
1.7994287	0.49368182
1.8000535	0.49353549
1.800679	0.49346235
1.8013045	0.49353549
1.8019307	0.49331608
1.8025571	0.49316975
1.8031842	0.49287713
1.8038116	0.49258456
1.8044394	0.49251139
1.8050677	0.49243829
1.8056965	0.49221882
1.8063256	0.49192622
1.8069552	0.49148735
1.8075852	0.49126786
1.8082157	0.49112159
1.8088466	0.49082896
1.809478	0.49024382
1.8101097	0.49017066
1.8107419	0.49046323
1.8113745	0.49046323
1.8120078	0.48995119
1.8126413	0.48973179
1.8132753	0.48943919
1.8139096	0.48914656
1.8145447	0.48914656
1.8151799	0.48958543
1.8158158	0.48958543
1.8164519	0.48936605
1.8170887	0.48907346
1.8177258	0.48892713
1.8183634	0.48900023
1.8190013	0.48885399
1.8196399	0.48914656
1.8202788	0.48958543
1.8209183	0.4892197
1.8215581	0.48892713
1.8221985	0.4886345
1.8228391	0.48841506
1.8234804	0.48841506
1.8241218	0.4883419
1.824764	0.48819566
1.8254064	0.48856139
1.8260493	0.4892197
1.8266927	0.48856139
1.8273367	0.48782992
1.8279809	0.48797616
1.8286258	0.48812252
1.829271	0.48804933
1.8299167	0.48804933
1.8305628	0.48826876
1.8312097	0.48804933
1.8318566	0.48782992
1.8325043	0.48753729
1.8331522	0.48709837
1.8338007	0.48724473
1.8344495	0.48731786
1.835099	0.48731786
1.8357487	0.48761046
1.8363992	0.48739097
1.83705	0.48709837
1.8377012	0.48731786
1.8383528	0.48658636
1.839005	0.48658636
1.8396575	0.48724473
1.8403107	0.4866595
1.8409641	0.48651323
1.8416178	0.48695213
1.8422722	0.48636693
1.8429272	0.48563546
1.8435825	0.4854891
1.8442384	0.48534283
1.8448946	0.48497707
1.8455515	0.48475766
1.8462087	0.48534283
1.8468666	0.48614743
1.8475248	0.485928
1.8481835	0.48541597
1.8488425	0.4845382
1.8495022	0.48395303
1.8501621	0.4836604
1.8508228	0.4836604
1.8514837	0.4833678
1.852145	0.48322153
1.8528068	0.48358729
1.8534694	0.4840993
1.8541322	0.4836604
1.8547956	0.4827826
1.8554593	0.48263633
1.8561238	0.48300207
1.8567885	0.48292893
1.8574541	0.48234373
1.8581197	0.48212427
1.858786	0.48241687
1.8594526	0.48329467
1.8601199	0.48300207
1.8607875	0.48219737
1.8614557	0.48175853
1.8621242	0.48146594
1.8627936	0.48139277
1.8634632	0.48161221
1.8641332	0.48175853
1.8648038	0.48153907
1.8654748	0.48117334
1.8661463	0.4811002
1.8668184	0.48124647
1.8674908	0.48183167
1.8681637	0.48153907
1.868837	0.48095384
1.869511	0.4806613
1.8701854	0.48131958
1.8708603	0.48175853
1.8715357	0.48058814
1.8722117	0.48014924
1.872888	0.48095384
1.8735651	0.48029554
1.8742423	0.47919834
1.8749202	0.47875944
1.8755985	0.47817424
1.8762774	0.47817424
1.8769567	0.47810107
1.8776366	0.47736964
1.8783168	0.47663808
1.8789977	0.4761261
1.8796788	0.47576028
1.8803607	0.47554088
1.881043	0.47532144
1.8817258	0.47466308
1.882409	0.47422418
1.8830929	0.47422418
1.883777	0.47429734
1.8844618	0.47341955
1.8851469	0.47283441
1.8858327	0.47254178
1.8865188	0.47239545
1.8872057	0.47202972
1.8878928	0.47129825
1.8885808	0.47056678
1.8892689	0.47042045
1.8899578	0.47034734
1.8906469	0.46954265
1.8913368	0.46895742
1.892027	0.46873805
1.8927178	0.46829915
1.893409	0.46786025
1.8941009	0.46720192
1.8947932	0.46654353
1.8954861	0.46595839
1.8961793	0.46551949
1.8968732	0.46486112
1.8975675	0.46449542
1.8982624	0.46405646
1.8989576	0.46398333
1.8996536	0.46354446
1.9003499	0.46252039
1.9010466	0.46164262
1.9017439	0.46091112
1.9024419	0.4606185
1.9031402	0.4597407
1.9038392	0.45878977
1.9045385	0.45871666
1.9052386	0.45857036
1.905939	0.45769256
1.9066402	0.45681477
1.9073416	0.45579067
1.9080436	0.45513234
1.9087461	0.4547666
1.9094492	0.45403513
1.9101527	0.4534499
1.9108568	0.45352307
1.9115614	0.45352307
1.9122664	0.4527916
1.912972	0.45301101
1.9136782	0.45293787
1.9143847	0.4517675
1.915092	0.45110911
1.9157996	0.45103598
1.916508	0.45096284
1.9172167	0.45067024
1.9179261	0.45023134
1.9186358	0.45015824
1.9193462	0.45045084
1.9200571	0.45088971
1.9207685	0.45081657
1.9214803	0.45001191
1.9221928	0.44942671
1.9229058	0.44913411
1.9236195	0.44935361
1.9243335	0.44906098
1.9250481	0.44854897
1.9257631	0.44840264
1.9264789	0.44825634
1.927195	0.44818321
1.9279118	0.44832951
1.9286289	0.44811001
1.9293463	0.44752488
1.9300646	0.44752488
1.9307835	0.44745168
1.9315028	0.44715911
1.9322227	0.44701281
1.9329431	0.44679335
1.9336642	0.44664708
1.9343857	0.44657388
1.9351079	0.44642761
1.9358305	0.44628134
1.9365537	0.44613501
1.9372772	0.44584247
1.9380015	0.44576928
1.9387262	0.44562298
1.9394516	0.44511092
1.9401773	0.44481835
1.940904	0.44474518
1.9416308	0.44459894
1.9423584	0.44445261
1.9430864	0.44416001
1.943815	0.44379428
1.9445441	0.44364798
1.9452738	0.44328222
1.9460039	0.44313592
1.9467345	0.44291648
1.9474658	0.44262385
1.9481977	0.44211182
1.94893	0.44159976
1.949663	0.44138035
1.9503965	0.44108778
1.9511306	0.44086829
1.9518652	0.44050255
1.9526006	0.44006371
1.9533362	0.43962476
1.9540726	0.43933216
1.9548093	0.43911275
1.9555469	0.43882015
1.9562846	0.43830809
1.9570233	0.43823493
1.9577622	0.43779609
1.9585019	0.43735719
1.959242	0.43706456
1.9599829	0.43669882
1.960724	0.43640622
1.961466	0.43604049
1.9622083	0.4356747
1.9629514	0.43530902
1.9636948	0.43508956
1.9644389	0.43472382
1.9651834	0.4344312
1.9659288	0.43406546
1.9666744	0.43362656
1.9674209	0.43348029
1.9681678	0.43326083
1.9689153	0.43274876
1.9696634	0.43230987
1.9704123	0.4317247
1.9711614	0.43135896
1.9719112	0.43099323
1.9726615	0.43092006
1.9734125	0.43062744
1.9741639	0.43011543
1.9749161	0.43004227
1.9756685	0.42996913
1.976422	0.42953023
1.9771756	0.4291645
1.9779301	0.42931083
1.9786849	0.42909133
1.9794405	0.42879871
1.9801965	0.42879871
1.9809532	0.42879871
1.9817104	0.42887187
1.9824681	0.42879871
1.9832264	0.42850614
1.9839855	0.42835987
1.984745	0.42843297
1.9855052	0.4282867
1.9862659	0.4281404
1.9870273	0.4281404
1.987789	0.42792097
1.9885516	0.4278478
1.9893147	0.42777467
1.9900783	0.42755517
1.9908425	0.42748207
1.9916074	0.42762834
1.9923728	0.42755517
1.9931389	0.42748207
1.9939053	0.42748207
1.9946727	0.4277015
1.9954402	0.42755517
1.9962088	0.42718944
1.9969776	0.42733577
1.9977473	0.4274089
1.9985173	0.4277015
1.9992882	0.42792097
2.0000594	0.42799407
2.0008314	0.42806724
2.0016038	0.42821357
2.002377	0.42821357
2.0031507	0.42821357
2.0039251	0.42835987
2.0046999	0.42843297
2.0054755	0.4287256
2.0062516	0.42894503
2.0070286	0.42909133
2.0078058	0.4291645
2.0085838	0.4291645
2.0093622	0.42923763
2.0101414	0.42945707
2.010921	0.42938393
2.0117013	0.42938393
2.0124824	0.4296034
2.0132637	0.4298228
2.0140457	0.42974967
2.0148287	0.42974967
2.0156119	0.42974967
2.016396	0.42974967
2.0171804	0.42945707
2.0179658	0.42938393
2.0187516	0.42945707
2.0195379	0.42938393
2.0203249	0.42923763
2.0211127	0.42887187
2.0219009	0.4287256
2.0226898	0.42887187
2.0234792	0.42894503
2.0242696	0.42879871
2.0250602	0.42865244
2.0258517	0.4285793
2.0266438	0.42865244
2.0274363	0.42865244
2.0282295	0.42843297
2.0290234	0.42835987
2.0298178	0.42835987
2.0306129	0.42850614
2.0314085	0.4287256
2.0322044	0.42887187
2.0330014	0.42894503
2.0337989	0.42894503
2.0345972	0.42894503
2.0353961	0.4290182
2.0361953	0.42945707
2.0369956	0.42989597
2.0377963	0.42967653
2.0385981	0.42967653
2.0393999	0.43004227
2.0402026	0.43018857
2.0410056	0.4307006
2.0418096	0.43106633
2.042614	0.43150523
2.0434194	0.4317247
2.044225	0.4320173
2.0450315	0.4324562
2.0458386	0.43289506
2.0466464	0.4331145
2.0474546	0.4335534
2.0482635	0.4341386
2.049073	0.43450433
2.0498834	0.43487006
2.0506942	0.43508956
2.0515053	0.43523586
2.0523174	0.43552846
2.0531304	0.43582103
2.0539436	0.43618676
2.0547578	0.43655255
2.0555725	0.43691823
2.0563879	0.43706456
2.057204	0.43743035
2.0580208	0.43750346
2.0588381	0.43728402
2.0596561	0.43721086
2.0604746	0.43735719
2.0612941	0.43713772
2.062114	0.43721086
2.0629346	0.43728402
2.0637558	0.43721086
2.0645773	0.43699145
2.0653996	0.43699145
2.0662231	0.43699145
2.0670469	0.43691823
2.0678713	0.43677196
2.0686965	0.43655255
2.0695224	0.43618676
2.0703487	0.43589416
2.0711763	0.43589416
2.0720038	0.43560159
2.0728326	0.43516272
2.0736616	0.43494323
2.0744915	0.4344312
2.0753219	0.43391919
2.076153	0.4335534
2.0769846	0.43304139
2.0778172	0.4324562
2.0786502	0.43150523
2.0794842	0.43099323
2.0803187	0.43055433
2.0811539	0.42996913
2.0819895	0.42931083
2.0828261	0.4285793
2.0836632	0.42799407
2.084501	0.42748207
2.0853395	0.42697001
2.0861788	0.42645797
2.0870185	0.4258728
2.0878592	0.42521444
2.0887003	0.42440981
2.0895422	0.42367834
2.0903847	0.42301998
2.0912282	0.42206907
2.092072	0.42104495
2.0929167	0.42031345
2.0937619	0.41994771
2.0946081	0.41950881
2.0954545	0.41885051
2.096302	0.41826528
2.0971498	0.41804585
2.0979986	0.41789955
2.0988479	0.41797271
2.0996981	0.41789955
2.1005487	0.41760698
2.1014004	0.41731438
2.1022525	0.41687548
2.1031053	0.41658288
2.1039588	0.41636345
2.1048129	0.41607082
2.1056678	0.41555882
2.1065235	0.41504675
2.1073797	0.41453472
2.1082368	0.41380322
2.1090944	0.41314489
2.1099529	0.41248655
2.1108119	0.41190132
2.1116717	0.41138929
2.1125321	0.41087729
2.1133935	0.41065779
2.1142552	0.41058466
2.115118	0.41043839
2.1159811	0.41036522
2.1168454	0.41051149
2.1177099	0.41073096
2.1185756	0.41109669
2.1194417	0.41146246
2.1203086	0.41175503
2.121176	0.41197449
2.1220446	0.41197449
2.1229134	0.41197449
2.1237831	0.41190132
2.1246536	0.41168192
2.1255245	0.41131619
2.1263962	0.41080412
2.1272688	0.41021892
2.1281419	0.40970692
2.1290162	0.40904853
2.1298907	0.40809762
2.1307662	0.40736613
2.1316423	0.40685409
2.1325192	0.40626892
2.1333966	0.40597627
2.1342752	0.40597627
2.135154	0.4061957
2.1360338	0.40626892
2.1369143	0.40648833
2.1377954	0.4067809
2.1386774	0.40714666
2.1395605	0.40758553
2.1404438	0.40817076
2.1413281	0.40860966
2.1422129	0.40904853
2.1430986	0.40919486
2.1439848	0.40970692
2.144872	0.41036522
2.1457596	0.41087729
2.1466477	0.41116989
2.1475368	0.41175503
2.148427	0.41248655
2.1493175	0.41299859
2.1502092	0.41343749
2.1511011	0.41402265
2.1519942	0.41446155
2.1528878	0.41482729
2.1537826	0.41497359
2.1546776	0.41541249
2.1555736	0.41585138
2.1564703	0.41607082
2.1573677	0.41621715
2.1582658	0.41658288
2.1591649	0.41672918
2.1600645	0.41702178
2.1609645	0.41716808
2.1618655	0.41716808
2.1627674	0.41716808
2.1636701	0.41738752
2.1645734	0.41738752
2.1654775	0.41724122
2.1663826	0.4171012
2.1672883	0.41738126
2.168195	0.41738126
2.169102	0.41738126
2.1700101	0.41724125
2.1709187	0.41724125
2.1718283	0.41717121
2.1727386	0.41724125
2.1736495	0.4170312
2.1745613	0.41696119
2.1754742	0.41668117
2.1763873	0.41668117
2.1773014	0.41675115
2.1782162	0.41668117
2.179132	0.41598111
2.1800482	0.41591111
2.1809654	0.41619113
2.1818831	0.41647115
2.1828015	0.41605112
2.1837208	0.41542107
2.1846411	0.41528103
2.1855621	0.41542107
2.1864841	0.41556108
2.1874065	0.41605112
2.1883299	0.41549107
2.189254	0.41465098
2.1901793	0.41437095
2.1911051	0.41437095
2.1920316	0.41437095
2.1929588	0.41381091
2.193887	0.41346085
2.1948156	0.4137409
2.1957452	0.4140209
2.1966755	0.41381091
2.197607	0.41297081
2.1985388	0.41318083
2.1994717	0.41332087
2.2004051	0.41297081
2.2013395	0.41248077
2.2022746	0.41234073
2.2032106	0.4119907
2.2041473	0.41164064
2.2050848	0.41143066
2.206023	0.41115063
2.2069621	0.41052055
2.207902	0.41045055
2.2088428	0.41059056
2.2097843	0.41003051
2.2107267	0.40954047
2.2116697	0.40919045
2.2126141	0.40835035
2.2135587	0.4077203
2.2145045	0.40737027
2.2154505	0.40702021
2.216398	0.40646017
2.2173457	0.40555009
2.2182946	0.40541005
2.2192442	0.40478
2.2201948	0.40372989
2.2211459	0.40351987
2.2220981	0.40281984
2.2230508	0.40169969
2.2240045	0.40064958
2.2249589	0.3997395
2.2259145	0.39889941
2.2268705	0.39749929
2.2278273	0.39588916
2.228785	0.39441898
2.2297437	0.39294887
2.2307031	0.39126864
2.2316635	0.38916847
2.2326245	0.38720825
2.2335865	0.38489804
2.234549	0.3823078
2.2355127	0.37985754
2.2364771	0.37719727
2.2374425	0.37397698
2.2384083	0.37124667
2.2393754	0.36907646
2.2403431	0.3670463
2.2413118	0.36473605
2.2422812	0.36277586
2.243252	0.36165574
2.2442229	0.36060566
2.2451949	0.35969552
2.2461677	0.35913551
2.2471414	0.3581554
2.2481158	0.35668522
2.2490911	0.3552151
2.2500672	0.35451502
2.251044	0.354375
2.2520218	0.354305
2.2530005	0.35423502
2.2539799	0.35416496
2.2549605	0.35409501
2.2559416	0.354305
2.2569239	0.35444504
2.2579067	0.35395497
2.2588909	0.35290489
2.2598755	0.35143474
2.2608612	0.34989458
2.2618475	0.34765434
2.2628348	0.34464407
2.263823	0.34128374
2.264812	0.33715332
2.2658017	0.33288291
2.2667923	0.32882249
2.2677839	0.32455206
2.2687764	0.32091174
2.2697697	0.31790143
2.2707639	0.3158012
2.271759	0.31468108
2.2727549	0.31349099
2.2737517	0.31286091
2.2747495	0.31286091
2.275748	0.31286091
2.2767475	0.31265089
2.2777479	0.31321096
2.278749	0.313631
2.2797511	0.31384102
2.2807541	0.31349099
2.2817578	0.31300095
2.282763	0.31237087
2.2837684	0.31139079
2.284775	0.31020066
2.2857823	0.3085905
2.2867908	0.30656031
2.2877998	0.30453011
2.28881	0.30221987
2.2898209	0.29948962
2.2908323	0.29717937
2.2918451	0.29500917
2.2928588	0.29276893
2.2938731	0.29101878
2.2948887	0.28961864
2.2959049	0.28842852
2.2969222	0.28779843
2.2979403	0.28695834
2.2989597	0.28569824
2.2999794	0.2840881
2.3010006	0.28254792
2.3020222	0.28086776
2.303045	0.27918759
2.3040683	0.27736738
2.3050931	0.2750572
2.3061182	0.27253693
2.3071454	0.27022669
2.3081722	0.26784647
2.3092005	0.26511618
2.3102295	0.26259595
2.3112597	0.2597957
2.3122904	0.25699538
2.3133223	0.2538451
2.3143549	0.25034475
2.3153882	0.2468444
2.3164227	0.242994
2.3174584	0.23858356
2.3184946	0.23466319
2.3195322	0.2306028
2.3205702	0.22668241
2.3216095	0.22297204
2.3226497	0.22003174
2.3236911	0.21807154
2.324733	0.21723148
2.3257761	0.21828158
2.3268199	0.22052179
2.3278646	0.22304203
2.3289104	0.22535227
2.3299572	0.22689241
2.3310046	0.22794253
2.3320534	0.22878259
2.3331029	0.22948267
2.3341534	0.22955267
2.3352048	0.22997274
2.3362572	0.23130284
2.3373103	0.23340307
2.3383648	0.23592333
2.3394198	0.23977369
2.340476	0.2439741
2.3415329	0.24873459
2.342591	0.25426516
2.3436501	0.26021573
2.3447101	0.26686636
2.3457711	0.27442715
2.346833	0.28156784
2.3478959	0.28807849
2.3489597	0.29339901
2.3500245	0.29759941
2.3510904	0.30116975
2.3521569	0.30411005
2.3532248	0.30621028
2.3542933	0.30761039
2.3553631	0.30908054
2.3564336	0.30999064
2.3575051	0.3106207
2.3585775	0.31118077
2.3596511	0.31167078
2.3607256	0.31244087
2.3618011	0.31258088
2.3628776	0.31146079
2.363955	0.31027067
2.3650334	0.30894053
2.3661137	0.30635026
2.3671939	0.30319995
2.3682754	0.29976964
2.3693576	0.29612926
2.3704412	0.29262891
2.3715253	0.2894786
2.3726108	0.28695834
2.373697	0.2852782
2.3747847	0.2844381
2.3758729	0.28352803
2.3769624	0.28296795
2.3780525	0.283108
2.379144	0.28338802
2.3802361	0.2840881
2.3813298	0.28520817
2.3824239	0.28618827
2.3835192	0.28702834
2.3846154	0.28800845
2.3857129	0.28898853
2.3868113	0.28926858
2.3879108	0.28884855
2.3890109	0.28856853
2.3901126	0.28758842
2.3912148	0.28625831
2.3923185	0.28485814
2.3934228	0.28366804
2.3945284	0.28212789
2.3956349	0.28079775
2.3967426	0.28023767
2.397851	0.28030768
2.3989608	0.28044772
2.4000711	0.28058773
2.4011834	0.28044772
2.4022958	0.28030768
2.4034097	0.2805177
2.4045243	0.28030768
2.4056404	0.27988765
2.4067569	0.28002766
2.4078751	0.2801677
2.4089937	0.28023767
2.4101133	0.27995765
2.4112341	0.27953762
2.4123564	0.27939764
2.4134791	0.27946761
2.4146035	0.27932757
2.4157286	0.27911758
2.4168549	0.27869755
2.4179819	0.2784875
2.4191108	0.27841753
2.4202399	0.27820751
2.4213705	0.27771744
2.4225018	0.27806747
2.4236345	0.2784875
2.424768	0.2792576
2.4259028	0.28030768
2.4270384	0.28037772
2.4281759	0.27939764
2.4293137	0.27855754
2.4304526	0.27771744
2.4315925	0.27610728
2.4327338	0.27386707
2.4338756	0.2712768
2.435019	0.2691766
2.4361632	0.26749644
2.4373078	0.26609629
2.4384544	0.26539624
2.4396017	0.26511618
2.4407504	0.26483616
2.4419	0.26469615
2.4430506	0.26483616
2.4442027	0.26574627
2.4453554	0.26735643
2.4465098	0.26931661
2.447665	0.27176684
2.4488211	0.27484718
2.4499784	0.27750742
2.4511368	0.27988765
2.4522963	0.28219789
2.4534569	0.2844381
2.4546185	0.28674832
2.4557815	0.28870854
2.4569452	0.28982866
2.4581103	0.29052871
2.4592764	0.29136878
2.4604435	0.29185885
2.4616117	0.29192883
2.4627812	0.29115877
2.4639518	0.29024869
2.4651229	0.28919858
2.4662957	0.28786847
2.4674697	0.28653833
2.4686446	0.28485814
2.4698207	0.283108
2.4709978	0.28093776
2.4721763	0.27806747
2.4733558	0.2750572
2.4745364	0.27218691
2.4757183	0.26959664
2.4769011	0.26693639
2.478085	0.26385605
2.4792702	0.2611258
2.4804564	0.25881559
2.4816439	0.25643536
2.4828324	0.25454515
2.4840217	0.25370508
2.4852126	0.25286499
2.4864044	0.25223491
2.4875975	0.25209492
2.4887917	0.25237495
2.4899871	0.25237495
2.4911838	0.25230494
2.4923813	0.25195491
2.4935806	0.25132486
2.4947805	0.25055477
2.4959817	0.24957468
2.497184	0.24838455
2.4983873	0.24670438
2.4995921	0.24509421
2.5007977	0.24320404
2.5020049	0.24082379
2.5032129	0.23865357
2.5044224	0.23655337
2.5056329	0.23417313
2.5068443	0.23249297
2.5080571	0.23067281
2.5092711	0.22913264
2.5104864	0.22822256
2.5117025	0.22794253
2.5129199	0.22829257
2.5141385	0.22906263
2.5153584	0.23025276
2.5165794	0.23137288
2.5178018	0.23263299
2.5190251	0.23452318
2.5202496	0.23683339
2.5214756	0.23893361
2.5227027	0.24131384
2.5239308	0.2439041
2.5251603	0.24621433
2.5263908	0.24803451
2.5276225	0.24978469
2.5288556	0.2517449
2.5300899	0.253005
2.5313251	0.25398511
2.532562	0.25475517
2.5337996	0.2551052
2.5350387	0.2551752
2.536279	0.25489518
2.5375204	0.2539151
2.538763	0.25328505
2.5400069	0.253075
2.5412521	0.25265497
2.5424979	0.25244492
2.5437455	0.25230494
2.5449944	0.25209492
2.5462441	0.25209492
2.5474954	0.2518149
2.548748	0.25132486
2.5500016	0.25076479
2.5512564	0.25041473
2.5525131	0.24964465
2.5537705	0.24817453
2.5550292	0.24656437
2.556289	0.24488421
2.5575502	0.24327403
2.5588126	0.24229395
2.5600762	0.24187391
2.561341	0.24201392
2.5626073	0.24243397
2.5638747	0.24327403
2.5651433	0.24383411
2.5664132	0.24467419
2.5676842	0.24663438
2.5689566	0.24894461
2.5702302	0.2500647
2.5715053	0.25118482
2.5727808	0.25314501
2.5740583	0.2538451
2.5753372	0.25419509
2.576617	0.25559527
2.5778983	0.25622532
2.579181	0.25671536
2.5804646	0.25769547
2.5817497	0.25860554
2.5830364	0.25986567
2.5843241	0.26035571
2.585613	0.26007569
2.5869033	0.26084578
2.5881948	0.26133582
2.5894876	0.26182586
2.5907817	0.26217592
2.592077	0.26315603
2.5933733	0.26574627
2.5946712	0.26861653
2.5959706	0.2683365
2.5972712	0.26763645
2.598573	0.26763645
2.5998762	0.26861653
2.6011808	0.26938662
2.6024866	0.26952663
2.6037939	0.27001667
2.6051023	0.27092677
2.6064122	0.27050674
2.6077232	0.26973668
2.6090355	0.26952663
2.6103492	0.26966667
2.6116643	0.26959664
2.6129806	0.26973668
2.6142986	0.26987669
2.6156178	0.27113679
2.6169381	0.27176684
2.6182597	0.27162683
2.6195827	0.27281696
2.6209071	0.27316698
2.6222329	0.27225691
2.62356	0.27253693
2.6248877	0.273377
2.6262174	0.27414709
2.6275485	0.27351701
2.628881	0.27393708
2.6302147	0.27470717
2.6315498	0.27358702
2.6328864	0.27281696
2.6342242	0.27246693
2.6355639	0.27162683
2.6369042	0.27085677
2.6382463	0.26980665
2.6395895	0.26875657
2.6409342	0.26693639
2.6422803	0.26455614
2.6436276	0.26210588
2.6449764	0.25951564
2.6463268	0.25552526
2.6476784	0.2509748
2.6490314	0.24698442
2.6503856	0.24369408
2.6517413	0.24166389
2.6530983	0.24026376
2.6544569	0.23942365
2.6558168	0.23886362
2.6571774	0.23851357
2.65854	0.23900361
2.6599042	0.23858356
2.6612697	0.23753348
2.6626365	0.23641336
2.6640048	0.23599331
2.6653745	0.23501323
2.6667454	0.23270299
2.6681182	0.22976269
2.6694922	0.22822256
2.6708674	0.22465222
2.6722443	0.21940169
2.6736224	0.21527126
2.6750021	0.21142089
2.676383	0.20694046
2.6777654	0.20084985
2.6791496	0.19412918
2.6805348	0.18677847
2.6819217	0.17949773
2.6833098	0.17193699
2.6846995	0.16353616
2.6860905	0.15408522
2.6874828	0.14295413
2.6888769	0.13021287
2.6902716	0.11544141
2.6916685	0.098919779
2.6930668	0.080017909
2.6944666	0.059995931
2.6958678	0.041514102
2.6972704	0.026042573
2.6986744	0.015121494
2.7000799	0.010010989
2.7014871	0.0086808577
2.7028956	0.0081208022
2.7043056	0.0072807199
2.7057171	0.0061606085
2.70713	0.0053905328
2.7085443	0.0053905328
2.7099602	0.0054605398
2.7113776	0.0055305464
2.7127967	0.0056705605
2.7142169	0.0058105742
2.7156389	0.0060906019
2.7170622	0.0067206644
2.718487	0.0074207331
2.7199132	0.0081208022
2.7213409	0.0086108502
2.7227702	0.0090308916
2.7242005	0.009450933
2.7256327	0.0098709753
2.7270665	0.0099409828
2.7285018	0.0098009687
2.7299387	0.010010989
2.7313771	0.01022101
2.7328169	0.01022101
2.7342582	0.010361023
2.7357013	0.010781066
2.7371457	0.011341121
2.7385917	0.011831169
2.7400391	0.012181204
2.741488	0.012601245
2.7429385	0.013301314
2.7443907	0.014421425
2.7458441	0.016171597
2.747299	0.018271806
2.7487557	0.02086206
2.7502139	0.023522325
2.7516737	0.026322601
2.753135	0.028912855
2.7545979	0.031713136
2.7560623	0.034443401
2.7575283	0.036333591
2.7589962	0.037943751
2.7604654	0.039133865
2.7619359	0.03906386
2.7634082	0.038083766
2.7648821	0.036473606
2.7663574	0.034233384
2.7678344	0.031853147
2.7693131	0.02912288
2.7707932	0.026462615
2.772275	0.024362408
2.7737584	0.022892263
2.7752433	0.022122186
2.7767296	0.021842159
2.7782178	0.021562131
2.7797074	0.02177215
2.7811987	0.022332206
2.782691	0.022822255
2.7841854	0.023312302
2.7856815	0.023802351
2.7871792	0.024292402
2.7886784	0.024642434
2.7901793	0.025062477
2.7916818	0.025342504
2.7931859	0.025342504
2.794692	0.025272498
2.7961996	0.025272498
2.7977085	0.024992472
2.7992191	0.024502421
2.8007314	0.023942366
2.8022454	0.023102283
2.803761	0.02177215
2.8052781	0.020722046
2.806797	0.020021979
2.8083177	0.019461924
2.8098397	0.018761855
2.8113635	0.0182018
2.8128889	0.018131793
2.8144159	0.017711751
2.8159447	0.017431723
2.8174751	0.017501729
2.8190067	0.017781757
2.8205404	0.01792177
2.8220758	0.018271806
2.8236129	0.018901866
2.8251517	0.01953193
2.8266921	0.020161994
2.8282342	0.021072082
2.829778	0.021912165
2.8313241	0.022822255
2.8328712	0.024152389
2.83442	0.025482519
2.8359706	0.026742645
2.8375227	0.02814278
2.8390768	0.029752938
2.8406324	0.031223087
2.8421898	0.032903254
2.843749	0.034723431
2.84531	0.036543611
2.8468723	0.038013756
2.8484366	0.039483901
2.8500025	0.041024055
2.8515701	0.0424942
2.8531396	0.04382433
2.8547106	0.044874433
2.8562829	0.046134558
2.8578575	0.047394685
2.8594339	0.048584804
2.861012	0.049494889
2.8625917	0.050404981
2.8641732	0.051385082
2.8657565	0.052295167
2.8673415	0.052855223
2.8689287	0.053275261
2.870517	0.053835321
2.8721075	0.054115348
2.8736994	0.054115348
2.8752933	0.054325368
2.876889	0.054745413
2.8784864	0.054605395
2.8800855	0.054115348
2.8816857	0.053835321
2.8832886	0.053345274
2.8848929	0.052715208
2.8864994	0.052295167
2.8881073	0.051735114
2.8897173	0.051175058
2.8913291	0.050615001
2.8929424	0.04991493
2.8945582	0.049284868
2.8961751	0.04865481
2.897794	0.047674712
2.8994148	0.046764623
2.9010372	0.046204567
2.9026616	0.045434494
2.9042876	0.044734418
2.9059157	0.043894339
2.9075458	0.043124262
2.9091775	0.042704221
2.9108109	0.042144164
2.9124463	0.041584108
2.9140832	0.041094061
2.9157224	0.04067402
2.9173632	0.040113967
2.9190059	0.039903942
2.9206498	0.039833937
2.922296	0.039483901
2.9239442	0.039413895
2.9255943	0.039413895
2.9272463	0.03927388
2.9289	0.03927388
2.9305558	0.03906386
2.9322133	0.038853839
2.9338732	0.038993854
2.9355345	0.039133865
2.9371977	0.039203875
2.9388628	0.039203875
2.9405298	0.03927388
2.9421985	0.039203875
2.9438694	0.03934389
2.9455421	0.039553907
2.9472167	0.039623916
2.9488933	0.039973948
2.9505715	0.040323988
2.9522519	0.040814031
2.953934	0.041304082
2.9556181	0.041864138
2.9573042	0.0424942
2.9589922	0.042984247
2.9606814	0.043754324
2.9623733	0.044734418
2.964067	0.045644511
2.9657626	0.046624605
2.9674604	0.047814723
2.9691598	0.049074851
2.9708614	0.050404981
2.9725649	0.051665109
2.9742706	0.052785214
2.9759779	0.053905327
2.9776874	0.055165451
2.9793985	0.056145545
2.9811118	0.057475679
2.9828272	0.058805812
2.9845443	0.059855912
2.9862635	0.060766004
2.9879854	0.061886109
2.9897087	0.063216247
2.9914336	0.064126343
2.993161	0.064826407
2.99489	0.065736495
2.9966211	0.066716589
2.9983544	0.067556672
3.0000894	0.068256751
3.001826	0.068886802
3.0035653	0.069446862
3.0053065	0.070356958
3.0070496	0.071127027
3.0087948	0.071897104
3.0105422	0.072457165
3.0122914	0.072737187
3.0140429	0.073227234
3.0157964	0.073927298
3.0175517	0.074277341
3.0193093	0.074837394
3.0210688	0.07546746
3.0228302	0.076027513
3.0245938	0.076447554
3.0263596	0.076797597
3.0281272	0.07735765
3.0298975	0.077777684
3.0316694	0.078197725
3.0334435	0.07868778
3.0352194	0.079037815
3.0369976	0.079387844
3.0387776	0.079807885
3.04056	0.080157928
3.0423443	0.080507956
3.0441301	0.080857992
3.0459187	0.081488058
3.0477092	0.082048111
3.0495021	0.082468145
3.0512969	0.082888186
3.0530939	0.083238229
3.054893	0.083448239
3.0566943	0.083868295
3.0584979	0.08470837
3.0603034	0.085268423
3.0621109	0.085618466
3.0639207	0.086178519
3.0657327	0.086668558
3.0675466	0.0870886
3.0693629	0.087718666
3.0711813	0.08820872
3.0730011	0.088558756
3.0748239	0.088768773
3.0766487	0.089188807
3.0784757	0.08925882
3.0803049	0.089398839
3.0821362	0.089678861
3.0839698	0.089888878
3.0858054	0.090028904
3.0876439	0.090168916
3.0894837	0.090238921
3.0913262	0.090378933
3.0931706	0.090728968
3.0950172	0.091008991
3.0968661	0.09114901
3.0987172	0.09142904
3.1005704	0.091709062
3.1024263	0.091989093
3.104284	0.092549145
3.106144	0.093109198
3.1080062	0.093459234
3.1098707	0.093739264
3.1117373	0.094089299
3.1136062	0.094649352
3.1154773	0.094929382
3.1173501	0.095139407
3.1192257	0.095629446
3.1211035	0.095839471
3.1229837	0.095909476
3.1248662	0.096259512
3.1267509	0.096609555
3.128638	0.097029589
3.1305273	0.097379617
3.1324193	0.097659647
3.1343131	0.098079689
3.1362092	0.098499738
3.1381078	0.098989777
3.1400084	0.099409834
3.1419115	0.1001099
3.1438167	0.10087997
3.1457245	0.10158003
3.1476347	0.1022101
3.1495469	0.10284016
3.1514616	0.1032602
3.1533785	0.10375024
3.1552978	0.10431031
3.1572194	0.10501038
3.1591434	0.10564044
3.1610696	0.1062705
3.162998	0.10676055
3.1649289	0.10711057
3.1668622	0.10760063
3.168798	0.10830071
3.1707361	0.10893076
3.1726766	0.10928079
3.1746194	0.10991085
3.1765647	0.11068094
3.1785126	0.11124099
3.1804626	0.11180105
3.182415	0.1123611
3.1843698	0.11278114
3.186327	0.11320118
3.1882865	0.11362123
3.1902485	0.11418128
3.1922131	0.11488134
3.19418	0.11544141
3.1961493	0.11586145
3.1981211	0.11649152
3.2000952	0.11705156
3.2020719	0.1174016
3.2040508	0.11754161
3.2060323	0.11789165
3.2080164	0.11831169
3.2100022	0.11866173
3.2119911	0.11894176
3.2139823	0.11887175
3.215976	0.11887175
3.2179723	0.11887175
3.2199712	0.11866173
3.2219722	0.11845171
3.2239761	0.11824168
3.2259824	0.11803166
3.2279911	0.11810166
3.2300024	0.11831169
3.2320161	0.11859172
3.2340324	0.11887175
3.2360511	0.11922178
3.2380724	0.11971182
3.2400961	0.12006187
3.2421229	0.12062192
3.2441516	0.121322
3.2461832	0.12195205
3.2482171	0.12237209
3.2502534	0.12279214
3.2522926	0.12349221
3.2543342	0.12405226
3.2563784	0.12426227
3.2584248	0.12461232
3.2604742	0.12517238
3.262526	0.12559241
3.2645805	0.12580243
3.2666376	0.12615247
3.2686973	0.1265725
3.2707596	0.12671252
3.2728245	0.12713258
3.2748921	0.1275526
3.2769623	0.12790264
3.2790351	0.12825269
3.2811103	0.12846269
3.2831883	0.12881273
3.2852688	0.1294428
3.2873521	0.12986283
3.289438	0.13028288
3.2915258	0.13084292
3.293617	0.13147299
3.2957108	0.13217306
3.2978072	0.13294312
3.2999065	0.1335032
3.3020084	0.13434328
3.3041129	0.13518335
3.3062201	0.13581342
3.3083303	0.1365135
3.3104429	0.13735358
3.3125582	0.13812365
3.314676	0.13882372
3.3167968	0.13931377
3.3189204	0.13980383
3.3210464	0.14064389
3.3231752	0.14148398
3.3253074	0.14183402
3.3274417	0.14211404
3.3295789	0.14225405
3.3317187	0.14260408
3.3338614	0.14302413
3.3360066	0.14316416
3.3381548	0.14316416
3.3403056	0.14295413
3.3424585	0.14274411
3.344615	0.14239407
3.3467741	0.14197403
3.3489361	0.14183402
3.3511009	0.141554
3.3532684	0.14120395
3.3554389	0.14071392
3.3576121	0.13980383
3.3597887	0.13875371
3.3619676	0.13770361
3.3641491	0.13693354
3.3663337	0.13616346
3.368521	0.13546339
3.3707113	0.13504335
3.3729043	0.13483334
3.3751001	0.13511334
3.3772995	0.13588342
3.3795011	0.13686353
3.3817058	0.13798364
3.383913	0.13889372
3.3861232	0.13945378
3.3883364	0.13994382
3.3905525	0.14022386
3.3927715	0.13994382
3.3949924	0.13903373
3.3972173	0.13812365
3.3994448	0.13721357
3.4016755	0.13630345
3.403909	0.13546339
3.4061456	0.13490333
3.408385	0.1346233
3.4106274	0.1345533
3.4128728	0.13511334
3.4151211	0.13609345
3.4173725	0.13735358
3.4196265	0.13924375
3.4218838	0.14141397
3.424144	0.14351417
3.4264071	0.14568439
3.4286733	0.14778461
3.4309425	0.14946477
3.4332149	0.15100493
3.4354899	0.15261509
3.4377682	0.15394521
3.4400494	0.15520534
3.4423335	0.15632544
3.4446208	0.15737556
3.4469111	0.15856567
3.449204	0.15968578
3.4515004	0.16073589
3.4537997	0.16157596
3.4561024	0.16241606
3.4584079	0.16304611
3.4607165	0.16353616
3.4630284	0.16381618
3.4653432	0.16395621
3.4676619	0.16360617
3.4699829	0.16332614
3.472307	0.16332614
3.4746342	0.16346616
3.4769647	0.16360617
3.4792981	0.16381618
3.4816349	0.16423622
3.4839747	0.16472627
3.4863167	0.16493629
3.488663	0.16500631
3.4910121	0.16479629
3.4933646	0.16472627
3.4957201	0.16465628
3.4980791	0.16472627
3.5004408	0.16521633
3.5028062	0.16640644
3.5051751	0.16843665
3.5075467	0.17081688
3.5099213	0.17326713
3.5122993	0.17578737
3.5146806	0.17830764
3.517065	0.18061785
3.5194528	0.18278806
3.5218437	0.18474825
3.5242381	0.18642843
3.5266356	0.18796857
3.5290363	0.18936872
3.5314403	0.19041881
3.5338476	0.19160894
3.536258	0.19244902
3.538672	0.19335911
3.5410891	0.19433922
3.5435085	0.1952493
3.5459323	0.19594936
3.5483594	0.19650942
3.5507898	0.19699948
3.5532234	0.19748951
3.5556605	0.19811958
3.5581009	0.19888966
3.5605447	0.19965972
3.5629921	0.20042981
3.5654426	0.20105988
3.5678964	0.20161992
3.5703535	0.20217998
3.5728142	0.20274003
3.5752783	0.20323008
3.5777457	0.20358013
3.5802164	0.20400016
3.5826914	0.20449021
3.5851691	0.20505026
3.5876501	0.20554033
3.5901346	0.20596036
3.5926225	0.20638038
3.595114	0.20694046
3.5976088	0.20729047
3.6001072	0.20778054
3.6026084	0.20806056
3.6051137	0.20841061
3.6076224	0.20890065
3.6101346	0.20932068
3.6126504	0.20967071
3.6151698	0.21009077
3.6176925	0.21037078
3.620219	0.21072082
3.6227491	0.21121088
3.6252825	0.21156092
3.6278193	0.21184093
3.6303599	0.21219097
3.6329038	0.21247101
3.6354516	0.21268103
3.6380026	0.21303105
3.6405575	0.21345109
3.6431165	0.21373114
3.6456785	0.21401113
3.6482441	0.2144312
3.6508133	0.21485125
3.6533861	0.21506126
3.6559625	0.21527126
3.6585426	0.2155513
3.6611264	0.21583132
3.6637127	0.21618135
3.6663036	0.21660142
3.6688983	0.21695143
3.6714969	0.21737148
3.6740987	0.21758151
3.6767046	0.21772152
3.6793139	0.21786152
3.6819272	0.21807154
3.6845443	0.21821156
3.687165	0.21835159
3.6897893	0.21821156
3.6924174	0.21779151
3.695049	0.21730147
3.6976848	0.21716146
3.7003241	0.21751149
3.7029672	0.21793154
3.7056146	0.21842158
3.7082653	0.21933168
3.7109196	0.22017175
3.713578	0.22073182
3.7162399	0.22115186
3.7189059	0.22157191
3.7215757	0.22199193
3.7242491	0.22255199
3.7269256	0.22304203
3.7296069	0.22346209
3.7322919	0.22388214
3.7349808	0.22409216
3.7376738	0.22437216
3.7403705	0.22465222
3.7430711	0.2247922
3.7457757	0.22507225
3.7484846	0.22521225
3.7511971	0.22528227
3.7539134	0.22556229
3.7566335	0.22591233
3.7593577	0.22619236
3.7620859	0.22647239
3.764818	0.22668241
3.767554	0.22689241
3.770293	0.22717243
3.7730372	0.22738247
3.7757852	0.22759248
3.778537	0.22787252
3.7812932	0.22815254
3.7840533	0.22836256
3.7868173	0.2287126
3.7895856	0.22899264
3.7923579	0.22906263
3.7951343	0.22934265
3.7979145	0.22955267
3.800699	0.2296927
3.8034875	0.22990271
3.8062801	0.22997274
3.8090768	0.23004274
3.8118775	0.23025276
3.8146832	0.23046277
3.8174922	0.2307428
3.8203053	0.23109284
3.8231227	0.23137288
3.8259442	0.23144287
3.8287699	0.23151286
3.8315997	0.23172289
3.8344338	0.23200293
3.837271	0.23228295
3.8401134	0.23249297
3.8429599	0.23249297
3.8458109	0.23263299
3.848666	0.23291302
3.8515253	0.23319305
3.8543887	0.23333308
3.8572567	0.23340307
3.8601296	0.23375311
3.8630059	0.2338931
3.8658867	0.23410313
3.8687716	0.23431315
3.8716609	0.23438317
3.8745544	0.23445316
3.8774524	0.23445316
3.8803546	0.23459318
3.8832617	0.23473321
3.8861728	0.23494323
3.8890882	0.23515324
3.8920078	0.23529325
3.894932	0.23529325
3.8978605	0.23543327
3.9007933	0.2356433
3.9037306	0.2357133
3.9066718	0.2357133
3.9096179	0.23578331
3.9125686	0.23585328
3.9155238	0.23599331
3.9184833	0.23599331
3.9214473	0.23599331
3.9244158	0.23613334
3.9273889	0.23620333
3.9303668	0.23620333
3.9333489	0.23606332
3.9363356	0.23599331
3.9393268	0.23599331
3.9423223	0.23613334
3.9453225	0.23613334
3.9483273	0.23613334
3.9513369	0.23613334
3.9543512	0.23613334
3.9573698	0.23620333
3.960393	0.23613334
3.9634209	0.23606332
3.9664533	0.23606332
3.9694903	0.23606332
3.972532	0.23599331
3.9755785	0.23585328
3.9786289	0.23578331
3.9816847	0.23585328
3.984745	0.23592333
3.9878104	0.23592333
3.9908803	0.2356433
3.9939549	0.23557329
3.9970343	0.23557329
4.0001183	0.23550329
4.0032082	0.23536327
4.0063019	0.23522325
4.0094004	0.23529325
4.0125036	0.23522325
4.0156116	0.23508322
4.0187244	0.23494323
4.021842	0.23473321
4.0249648	0.23452318
4.028091	0.23445316
4.0312233	0.23452318
4.0343604	0.23445316
4.0375023	0.23431315
4.0406489	0.23424314
4.0438008	0.23410313
4.046958	0.2338931
4.0501194	0.23375311
4.0532866	0.23361307
4.056458	0.23347306
4.0596347	0.23340307
4.0628161	0.23333308
4.0660028	0.23312303
4.0691943	0.23291302
4.0723906	0.23277301
4.0755925	0.23277301
4.0787992	0.23263299
4.0820107	0.23242296
4.0852275	0.23228295
4.0884495	0.23214293
4.0916762	0.23200293
4.0949082	0.2318629
4.0981455	0.23172289
4.1013875	0.23158288
4.1046343	0.23137288
4.1078868	0.23123287
4.1111441	0.23109284
4.1144071	0.2309528
4.1176748	0.23081282
4.1209483	0.2306028
4.1242266	0.23046277
4.1275101	0.23039278
4.1307993	0.23011273
4.1340938	0.22990271
4.137393	0.22983271
4.1406975	0.2296927
4.1440077	0.22948267
4.1473227	0.22941267
4.1506433	0.22913264
4.1539693	0.22885263
4.1573014	0.22885263
4.1606379	0.2287126
4.16398	0.22836256
4.1673269	0.22815254
4.1706796	0.22808254
4.1740379	0.22780252
4.1774011	0.22745247
4.1807699	0.22738247
4.1841431	0.22738247
4.1875229	0.22717243
4.190908	0.22682244
4.1942987	0.22668241
4.1976953	0.22668241
4.2010965	0.22668241
4.204504	0.22647239
4.2079167	0.22633237
4.2113357	0.22612235
4.2147593	0.22598232
4.2181888	0.22591233
4.2216239	0.22577231
4.2250643	0.22556229
4.2285104	0.22535227
4.2319622	0.22507225
4.2354198	0.22486222
4.2388835	0.22465222
4.242352	0.2244422
4.2458267	0.22437216
4.2493072	0.22423214
4.2527928	0.22388214
4.2562842	0.2235321
4.2597818	0.22332208
4.2632847	0.22311205
4.2667923	0.22304203
4.2703071	0.22290203
4.2738276	0.222762
4.2773538	0.22255199
4.2808857	0.22234197
4.2844238	0.22213197
4.2879677	0.22206193
4.2915173	0.22192195
4.2950735	0.2216419
4.298635	0.22143188
4.3022022	0.22129188
4.3057756	0.22108184
4.3093548	0.22094184
4.3129401	0.22087182
4.3165312	0.2206618
4.3201284	0.22045177
4.3237324	0.22024176
4.3273416	0.22010177
4.3309565	0.21996173
4.3345776	0.21975173
4.3382049	0.21954171
4.3418384	0.21919167
4.3454776	0.21905164
4.3491235	0.21891163
4.3527737	0.21884163
4.3564315	0.21884163
4.3600955	0.21856159
4.3637652	0.21821156
4.3674417	0.21800154
4.3711243	0.21793154
4.3748131	0.21779151
4.3785081	0.21772152
4.3822103	0.21758151
4.3859177	0.21737148
4.3896313	0.21716146
4.3933511	0.21702145
4.3970776	0.21695143
4.4008102	0.21681143
4.4045491	0.21674141
4.4082947	0.21667141
4.412045	0.21646139
4.415803	0.21625137
4.4195676	0.21618135
4.4233384	0.21597135
4.4271159	0.21590135
4.4308996	0.21590135
4.43469	0.21576132
4.4384871	0.21548128
4.4422908	0.21513127
4.4461007	0.21506126
4.4499168	0.21499124
4.4537401	0.21485125
4.4575696	0.21471122
4.4614058	0.21457119
4.4652486	0.21436118
4.4690976	0.21422115
4.4729543	0.21387114
4.4768167	0.21373114
4.4806862	0.21359111
4.4845624	0.21331108
4.4884448	0.21310104
4.4923344	0.21282102
4.4962306	0.21247101
4.5001335	0.21226099
4.5040426	0.21205096
4.5079594	0.21184093
4.5118828	0.21170092
4.5158129	0.21121088
4.5197501	0.21079083
4.523694	0.21051082
4.5276446	0.21023077
4.5316024	0.20988075
4.5355678	0.20953071
4.5395393	0.20904067
4.5435181	0.20869063
4.5475035	0.20834059
4.551496	0.20792055
4.5554957	0.20750049
4.5595021	0.20715047
4.5635157	0.20680043
4.5675368	0.20652041
4.5715647	0.20617037
4.5755997	0.20589034
4.5796418	0.20547031
4.5836911	0.20512027
4.5877471	0.20470023
4.5918107	0.20435019
4.5958815	0.20393015
4.5999584	0.20351011
4.604044	0.20302007
4.6081362	0.20260002
4.612236	0.20224999
4.616343	0.20189996
4.6204576	0.20154992
4.6245794	0.20119989
4.6287084	0.20077984
4.6328454	0.2002198
4.6369891	0.19958973
4.6411405	0.19909966
4.6452994	0.19881967
4.6494656	0.19846962
4.6536388	0.19804958
4.6578202	0.19755954
4.6620088	0.19692945
4.6662059	0.19636941
4.6704097	0.19615938
4.6746206	0.19587936
4.6788397	0.19538932
4.6830664	0.19489926
4.6873007	0.19440921
4.6915426	0.19405918
4.6957922	0.19349913
4.7000484	0.19293906
4.7043133	0.19216898
4.7085862	0.19160894
4.7128668	0.19083887
4.717155	0.19020879
4.7214513	0.1892987
4.7257552	0.18838862
4.7300668	0.18726851
4.7343879	0.18614841
4.7387152	0.18474825
4.7430506	0.18341812
4.7473941	0.18201798
4.7517457	0.18040782
4.7561049	0.17865765
4.7604723	0.17676747
4.7648478	0.17480727
4.7692318	0.17277707
4.7736235	0.17074686
4.7780232	0.16850665
4.7824311	0.16668648
4.7868466	0.16500631
4.7912707	0.16353616
4.7957029	0.16213602
4.8001437	0.16122593
4.8045907	0.16059586
4.8090477	0.16024584
4.8135128	0.16017583
4.8179865	0.16024584
4.8224683	0.16052587
4.8269582	0.16094591
4.8314571	0.16143596
4.8359637	0.161926
4.8404803	0.16234605
4.8450041	0.16269608
4.8495364	0.1629061
4.8540773	0.16318613
4.8586264	0.16339615
4.8631845	0.16339615
4.8677506	0.16325612
4.8723259	0.1629061
4.8769083	0.16220604
4.8815002	0.16150597
4.8861008	0.16045587
4.8907104	0.15926574
4.8953285	0.15800561
4.8999557	0.15667549
4.9045911	0.15527534
4.909236	0.15401523
4.9138899	0.15289511
4.9185519	0.15184501
4.923223	0.15086491
4.9279027	0.15016484
4.9325914	0.14953478
4.9372892	0.14918473
4.9419956	0.14876471
4.9467115	0.14820464
4.951437	0.14757459
4.9561706	0.14694452
4.9609137	0.14596441
4.9656653	0.14484431
4.9704261	0.14393423
4.9751964	0.14281411
4.9799757	0.14162399
4.9847641	0.14064389
4.9895606	0.13980383
4.9943671	0.13910376
4.9991837	0.1386137
5.0040088	0.13812365
5.0088439	0.13784362
5.0136881	0.1377736
5.0185413	0.13791363
5.0234041	0.13805364
5.0282774	0.13819367
5.0331593	0.13833368
5.0380507	0.13875371
5.0429511	0.13917375
5.0478616	0.13945378
5.0527816	0.13980383
5.0577111	0.14001383
5.0626502	0.14029387
5.0675998	0.14050388
5.0725584	0.14085391
5.0775266	0.14120395
5.0825043	0.14162399
5.087492	0.14183402
5.0924897	0.14197403
5.097497	0.14225405
5.1025143	0.14260408
5.1075401	0.1426741
5.112577	0.14281411
5.1176243	0.14309414
5.1226811	0.14337416
5.127748	0.1436542
5.1328249	0.14400423
5.1379123	0.14442427
5.1430092	0.14484431
5.1481171	0.14526436
5.1532345	0.1456144
5.1583619	0.14596441
5.1634998	0.14624445
5.1686478	0.14652449
5.1738062	0.14666449
5.1789751	0.14680451
5.184154	0.14694452
5.1893444	0.1468745
5.1945438	0.14673449
5.1997542	0.14638446
5.2049747	0.14589442
5.210206	0.14540438
5.2154474	0.1447743
5.2206998	0.14379421
5.2259626	0.14288412
5.2312346	0.14190403
5.2365189	0.14092392
5.2418137	0.13973381
5.2471189	0.1385437
5.2524352	0.13728356
5.2577624	0.13609345
5.2631001	0.13476332
5.2684488	0.13343318
5.273809	0.13210306
5.2791796	0.13077292
5.2845607	0.12937278
5.2899532	0.12783264
5.2953568	0.12608245
5.3007712	0.1244023
5.3061967	0.12272213
5.3116336	0.12076193
5.3170795	0.11880174
5.3225384	0.11684154
5.3280087	0.11467133
5.3334904	0.11257112
5.3389831	0.11054092
5.3444872	0.10879076
5.3500028	0.10690057
5.3555293	0.10501038
5.3610692	0.1032602
5.3666191	0.10186007
5.37218	0.10059994
5.3777528	0.099479832
5.3833375	0.098429732
5.3889332	0.097659647
5.3945408	0.096959583
5.4001603	0.096469529
5.4057918	0.095839471
5.4114347	0.095279418
5.417089	0.09499938
5.4227557	0.094579346
5.4284339	0.093809262
5.434124	0.093179204
5.439826	0.092549145
5.44554	0.091989093
5.4512644	0.091289021
5.4570026	0.090728968
5.4627528	0.090168916
5.4685154	0.08925882
5.4742899	0.088348731
5.4800768	0.087508649
5.4858756	0.086458541
5.4916868	0.085618466
5.4975119	0.084918387
5.5033479	0.084008306
5.5091963	0.083168216
5.5150576	0.082468145
5.5209308	0.081768081
5.5268164	0.081138015
5.5327148	0.080507956
5.5386262	0.080017909
5.5445509	0.079597868
5.550487	0.079457849
5.5564361	0.079317838
5.562398	0.079177827
5.5683727	0.079037815
5.5743604	0.079107814
5.5803604	0.078967802
5.5863738	0.07868778
5.5923977	0.078337744
5.5984373	0.077987708
5.6044893	0.077567667
5.6105552	0.077147625
5.6166334	0.076657578
5.6227255	0.075957507
5.6288304	0.07518743
5.6349487	0.074697383
5.6410818	0.074207336
5.6472268	0.073297247
5.6533852	0.072387151
5.6595569	0.071337052
5.6657424	0.070216939
5.6719413	0.069376856
5.6781535	0.068466768
5.6843796	0.067556672
5.6906204	0.066716589
5.6968741	0.065666489
5.7031412	0.064756401
5.7094221	0.064056329
5.7157168	0.063216247
5.7220259	0.062306158
5.7283483	0.06139607
5.7346849	0.060485978
5.7410331	0.059715904
5.7473979	0.059015829
5.7537766	0.058245759
5.76017	0.05789572
5.7665772	0.057405673
5.7729988	0.056495581
5.7794347	0.055795513
5.7858849	0.055095445
5.7923512	0.05446538
5.7988305	0.053975336
5.8053241	0.053345274
5.811832	0.052855223
5.8183551	0.052365173
5.8248925	0.051665109
5.8314447	0.050685007
5.8380117	0.049774915
5.8445945	0.048934836
5.851191	0.048164759
5.8578029	0.047324676
5.864429	0.046274573
5.8710709	0.045294479
5.877727	0.044734418
5.8843989	0.043684319
5.8910856	0.042564206
5.8977852	0.041444093
5.9045024	0.040113967
5.9112349	0.039133865
5.9179831	0.038223777
5.9247465	0.037243683
5.9315252	0.036613617
5.9383197	0.036053564
5.9451299	0.035213478
5.9519572	0.03458342
5.9587984	0.034093369
5.9656553	0.033743337
5.9725285	0.033603318
5.9794173	0.03346331
5.9863219	0.03346331
5.9932423	0.03346331
6.0001788	0.033253286
6.0071297	0.03318328
6.0140982	0.033253286
6.0210834	0.033043265
6.0280848	0.032903254
6.0351024	0.032903254
6.0421362	0.032903254
6.0491862	0.032763235
6.0562534	0.032203183
6.0633373	0.031783145
6.0704374	0.031433105
6.0775537	0.030803045
6.0846872	0.030172981
6.0918374	0.029682932
6.0990043	0.029192887
6.1061878	0.028702836
6.1133885	0.028072773
6.1206079	0.027442714
6.1278424	0.026952663
6.1350942	0.026602628
6.1423635	0.026322601
6.1496496	0.025972567
6.1569533	0.025622532
6.1642742	0.025272498
6.1716127	0.025062477
6.1789665	0.025132485
6.1863399	0.025132485
6.1937308	0.024922462
6.2011395	0.024852458
6.2085662	0.024852458
6.2160106	0.024852458
6.2234726	0.024922462
6.2309527	0.025062477
6.238452	0.025062477
6.2459679	0.025272498
6.2535024	0.025622532
6.261055	0.025972567
6.2686257	0.026322601
6.2762151	0.026742645
6.2838225	0.027092677
6.2914486	0.027372707
6.2990947	0.027582726
6.3067579	0.027792746
6.3144398	0.02814278
6.3221402	0.028352804
6.3298597	0.028422808
6.3375978	0.028702836
6.345355	0.02884285
6.3531313	0.028702836
6.3609242	0.028702836
6.3687387	0.028702836
6.3765721	0.028632829
6.3844252	0.028632829
6.3922973	0.028632829
6.4001889	0.028632829
6.4081001	0.028912855
6.4160309	0.02905287
6.4239826	0.028772844
6.431953	0.028912855
6.4399428	0.02905287
6.4479527	0.029332899
6.4559822	0.029682932
6.4640322	0.030172981
6.4721022	0.030873053
6.4801922	0.031643126
6.4883046	0.032553218
6.4964356	0.033323292
6.5045867	0.034023363
6.5127583	0.035003457
6.5209503	0.036193576
6.5291634	0.037103668
6.5373969	0.037943751
6.545651	0.038853839
6.5539231	0.039903942
6.5622191	0.040744029
6.5705361	0.041654114
6.5788746	0.042144164
6.587234	0.0424942
6.5956144	0.042774227
6.6040168	0.042914238
6.6124401	0.043054253
6.6208863	0.043124262
6.629353	0.043404292
6.6378412	0.043474298
6.6463513	0.043124262
6.6548829	0.042704221
6.6634369	0.042424195
6.6720128	0.042214174
6.6806107	0.042004153
6.6892328	0.041584108
6.6978755	0.041094061
6.7065401	0.040744029
6.7152276	0.040183973
6.723937	0.039623916
6.7326698	0.039203875
6.7414246	0.038713824
6.7502027	0.038153771
6.7590008	0.03773373
6.7678242	0.0374537
6.7766714	0.037103668
6.7855411	0.036613617
6.7944345	0.036053564
6.8033509	0.035493508
6.8122911	0.035213478
6.8212547	0.035073467
6.8302436	0.034933452
6.8392544	0.034653425
6.848289	0.03451341
6.8573475	0.034443401
6.8664303	0.034233384
6.8755369	0.033743337
6.8846679	0.033393301
6.8938227	0.032833245
6.9029989	0.032413203
6.9122028	0.032133177
6.9214315	0.031713136
6.9306846	0.031293094
6.9399629	0.030943055
6.9492655	0.030733036
6.9585934	0.030523015
6.9679465	0.030102974
6.9773269	0.029752938
6.9867301	0.029542919
6.9961591	0.029332899
7.0056133	0.02905287
7.0150933	0.02884285
7.0245986	0.028632829
7.0341301	0.028492816
7.0436873	0.028352804
7.0532722	0.02814278
7.0628819	0.027862754
7.0725174	0.027652733
7.0821791	0.027582726
7.0918674	0.027442714
7.1015825	0.027302697
7.1113243	0.02723269
7.1210923	0.027162684
7.1308832	0.027092677
7.1407056	0.027022669
7.1505547	0.026882658
7.1604309	0.026672637
7.1703348	0.026462615
7.1802659	0.026112581
7.1902246	0.025902562
7.200211	0.025762545
7.210228	0.025552524
7.2202702	0.025272498
7.23034	0.024922462
7.2404385	0.024502421
7.2505651	0.024152389
7.2607198	0.023802351
7.2709031	0.023522325
7.2811151	0.023172289
7.2913575	0.022752248
7.3016272	0.022402214
7.3119259	0.02205218
7.3222532	0.021842159
7.3326101	0.021562131
7.3429961	0.02135211
7.3534117	0.021002077
7.3638568	0.020512028
7.3743277	0.020021979
7.3848329	0.019671945
7.3953671	0.019391917
7.4059319	0.018971875
7.4165273	0.018481825
7.4271526	0.017991779
7.4378085	0.017641742
7.4484949	0.017431723
7.4592152	0.017081687
7.4699631	0.016731655
7.4807425	0.016451627
7.4915524	0.016031586
7.5023942	0.015611543
7.513267	0.015331514
7.5241718	0.015051487
7.5351081	0.01477146
7.5460782	0.01456144
7.5570784	0.014281412
7.5681105	0.01407139
7.579175	0.01386137
7.5902719	0.013651349
7.6014013	0.013511335
7.6125636	0.013371322
7.6237588	0.013231307
7.6349821	0.013091293
7.6462431	0.013021287
7.6575375	0.012811266
7.6688652	0.012741259
7.6802268	0.012601245
7.6916218	0.012461231
7.7030506	0.01225121
7.7145133	0.012181204
7.7260127	0.01204119
7.7375441	0.011831169
7.7491097	0.011621148
7.7607102	0.011551142
7.7723455	0.011271114
7.7840157	0.011061093
7.7957211	0.010851073
7.8074613	0.010501038
7.8192339	0.010080997
7.8310452	0.0098709753
7.8428926	0.009590948
7.8547754	0.0093809273
7.8666949	0.0092409123
7.8786502	0.008960885
7.8906422	0.0086108502
7.9026704	0.0084008295
7.9147372	0.0083308229
7.9268394	0.0079807881
7.9389782	0.0076307538
7.9511547	0.0074207331
7.9633684	0.0072807199
7.9756198	0.0070706992
7.9879088	0.0067206644
8.0002356	0.0064406362
8.0126038	0.0062306155
8.0250072	0.0061606085
8.0374498	0.0060205949
8.0499296	0.0058805812
8.0624495	0.0056705605
8.0750074	0.0055305464
8.0876055	0.0052505191
8.1002417	0.0049704914
8.1129141	0.0047604707
8.1256304	0.0046204561
8.1383867	0.0044104354
8.1511831	0.0043404289
8.1640196	0.0043404289
8.1768961	0.0041304082
8.1898146	0.0038503807
8.2027731	0.00364036
8.2157736	0.0035003459
8.2288151	0.0032203181
8.2418976	0.0030803042
8.2550211	0.0028702836
8.2681875	0.0025902558
8.281395	0.0025902558
8.2946453	0.0026602629
8.3079386	0.0025902558
8.3212767	0.0023102281
8.3346548	0.0020302006
8.3480768	0.0020302006
8.3615408	0.0020302006
8.3750496	0.0019601937
8.3886013	0.00182018
8.4021969	0.0016801661
8.4158373	0.0016801661
8.4295158	0.0016101591
8.4432449	0.0014701453
8.4570189	0.0014701453
8.4708366	0.0014001384
8.4847012	0.0012601246
8.4986105	0.0011201106
8.5125656	0.00098009687
8.5265665	0.00091008999
8.540616	0.00091008999
8.5547094	0.00084008306
8.5688496	0.00077007606
8.5830364	0.00070006918
8.59727	0.00070006918
8.6115513	0.00049004843
8.6258802	0.00042004153
8.6402569	0.00035003459
8.6546841	0.00042004153
8.6691561	0.00049004843
8.6836777	0.00042004153
8.6982479	0.00035003459
8.7128668	0.00028002766
8.7275343	0.00035003459
8.7422523	0.00056005531
8.75702	0.00063006231
8.7718325	0.00049004843
8.7866993	0.00056005531
8.8016176	0.00063006231
8.8165865	0.00070006918
8.8316059	0.0010501037
8.8466768	0.0011901177
8.8617992	0.0011901177
8.8769741	0.0017501729
8.8922033	0.0022402212
8.9074821	0.0025902558
8.9228134	0.0032203181
8.9381971	0.0039203875
8.9536343	0.0049704914
8.9691257	0.0061606085
8.9846697	0.0077707679
9.000268	0.009590948
9.0159235	0.011481134
9.0316315	0.013651349
9.0473928	0.015891572
9.0632105	0.017431723
9.0790825	0.018341811
9.0950108	0.019111888
9.1109953	0.019811958
9.1270351	0.019951971
9.1431274	0.019601937
9.1592817	0.018901866
9.1754923	0.018061783
9.191761	0.0172217
9.2080879	0.016101591
9.224472	0.014911473
9.2409153	0.013791363
9.2574167	0.012671252
9.2739801	0.011901176
9.2906008	0.011201107
9.3072805	0.010641051
9.3240204	0.010361023
9.3408203	0.01022101
9.3576803	0.010010989
9.3746023	0.0099409828
9.3915854	0.010010989
9.4086237	0.010010989
9.4257298	0.010080997
9.4428988	0.010291018
9.4601307	0.010641051
9.4774246	0.011061093
9.4947834	0.011481134
9.5122042	0.012321217
9.5296898	0.013021287
9.5472441	0.013721357
9.5648584	0.014701453
9.5825386	0.015891572
9.6002836	0.01729171
9.6180954	0.018551834
9.635973	0.020091986
9.6539164	0.022192193
9.6719275	0.024712441
9.6900091	0.027792746
9.7081556	0.031503111
9.7263699	0.035633519
9.7446527	0.039553907
9.7630043	0.043334279
9.7814245	0.046904631
9.7999153	0.049774915
9.8184757	0.052155156
9.837101	0.054325368
9.8558025	0.056215554
9.8745756	0.058175746
9.8934202	0.060205948
9.9123363	0.062446173
9.9313259	0.06461639
9.950388	0.066786602
9.9695234	0.068956815
9.9887362	0.071197033
10.008019	0.073297247
10.027377	0.075117417
10.04681	0.076797597
10.066319	0.07840775
10.085902	0.079737879
10.105563	0.080927998
10.1253	0.082048111
10.145119	0.08281818
10.165011	0.083308227
10.184982	0.083448239
10.205031	0.082958199
10.22516	0.082468145
10.245367	0.082328141
10.265656	0.082538158
10.286023	0.08281818
10.306466	0.083028205
10.326997	0.082608163
10.34761	0.081698075
10.368304	0.080927998
10.389083	0.079597868
10.409945	0.077777684
10.43089	0.07546746
10.45192	0.072737187
10.473039	0.069866903
10.49424	0.066996627
10.515526	0.064476371
10.536899	0.061676096
10.558359	0.058945827
10.579906	0.056915626
10.601542	0.054955427
10.623267	0.052925229
10.645084	0.051175058
10.666988	0.049494889
10.688982	0.047954738
10.711066	0.045854531
10.733243	0.043264274
10.755511	0.041234072
10.777872	0.03906386
10.800325	0.036963649
10.822865	0.035143476
10.845508	0.033393301
10.868244	0.031783145
10.891077	0.030593023
10.914005	0.029752938
10.937031	0.02912288
10.960154	0.028492816
10.983374	0.027932761
11.006698	0.027652733
11.030116	0.027512722
11.053635	0.027512722
11.077253	0.027512722
11.100973	0.027372707
11.124795	0.027302697
11.14872	0.027302697
11.172747	0.027442714
11.196871	0.027722741
11.221107	0.027862754
11.245447	0.028002767
11.269894	0.02814278
11.294447	0.027932761
11.319107	0.027582726
11.343875	0.027372707
11.368752	0.027302697
11.393744	0.027302697
11.418839	0.027302697
11.444047	0.026952663
11.469365	0.026672637
11.494797	0.026602628
11.52034	0.026252594
11.545999	0.025902562
11.571771	0.025692541
11.597663	0.024992472
11.623667	0.024572428
11.649787	0.024642434
11.676025	0.024502421
11.702382	0.024222394
11.728858	0.023732346
11.755454	0.023382312
11.782171	0.023172289
11.809002	0.022682242
11.835962	0.021982173
11.863048	0.021422118
11.890256	0.021282103
11.91759	0.021072082
11.94505	0.020932069
11.972636	0.02044202
12.000351	0.019811958
12.028198	0.019251904
12.056171	0.018761855
12.084274	0.017991779
12.112508	0.0172217
12.140875	0.016521633
12.169374	0.015751556
12.198009	0.014981481
12.226777	0.01456144
12.255688	0.014211404
12.28473	0.013791363
12.31391	0.013651349
12.343228	0.013511335
12.372687	0.013231307
12.402287	0.013161301
12.432029	0.013231307
12.461913	0.013301314
12.491931	0.013231307
12.522105	0.013161301
12.552425	0.012601245
12.582892	0.01225121
12.613507	0.011971183
12.644272	0.011551142
12.675187	0.011271114
12.706254	0.011201107
12.737479	0.010781066
12.768852	0.010291018
12.80038	0.010361023
12.832064	0.0098709753
12.863906	0.0088908784
12.895905	0.008470837
12.928064	0.0080507956
12.960384	0.0076307538
12.992874	0.0075607472
13.025519	0.0072107124
13.05833	0.0066506569
13.091305	0.0063006226
13.124448	0.0063006226
13.157759	0.0063706296
13.191238	0.0059505878
13.22489	0.0054605398
13.258701	0.005110505
13.292698	0.0050404985
13.326869	0.0046904637
13.361217	0.0041304082
13.395742	0.00364036
13.430446	0.0034303393
13.46533	0.0037103666
13.500397	0.0033603322
13.535651	0.0030803042
13.571085	0.0032903252
13.606705	0.0030803042
13.642511	0.0025902558
13.678508	0.0023102281
13.714694	0.0023102281
13.751073	0.0022402212
13.787644	0.0023102281
13.82442	0.0023802354
13.861383	0.0025202492
13.898545	0.0023102281
13.935907	0.0022402212
13.97347	0.0021702144
14.011236	0.0021702144
14.049208	0.0020302006
14.087384	0.0019601937
14.125755	0.0020302006
14.16435	0.0022402212
14.203156	0.0023802354
14.242176	0.0025902558
14.281411	0.0028702836
14.320862	0.0030803042
14.360532	0.0031503113
14.400422	0.0030102974
14.440542	0.0032903252
14.48088	0.0043404289
14.521442	0.0052505191
14.562233	0.0059505878
14.603253	0.0070706992
14.644506	0.0086108502
14.685991	0.010151003
14.727713	0.012181204
14.76966	0.01456144
14.811859	0.017081687
14.8543	0.020021979
14.896984	0.023732346
14.939916	0.027722741
14.983094	0.031713136
15.026524	0.035633519
15.070205	0.039693922
15.11415	0.043404292
15.158343	0.046554599
15.202796	0.049424883
15.24751	0.052435182
15.292488	0.054815415
15.337732	0.056845617
15.383245	0.058245759
15.429028	0.06006594
15.475092	0.062236153
15.521424	0.063356258
15.568036	0.064406365
15.614927	0.065666489
15.662103	0.066926621
15.709563	0.068816796
15.757313	0.069586873
15.805353	0.069656886
15.853672	0.069796897
15.902304	0.069446862
15.951234	0.068886802
16.000465	0.067976721
16.050003	0.066926621
16.099848	0.065736495
16.150003	0.06356629
16.200472	0.061606091
16.251265	0.059505876
16.30237	0.057265658
16.353796	0.054045338
16.405548	0.050895032
16.45763	0.047744717
16.510042	0.044524401
16.56279	0.041584108
16.615877	0.038573813
16.669313	0.035703529
16.723085	0.03297326
16.777206	0.030803045
16.831676	0.029262891
16.886503	0.028492816
16.941689	0.027862754
16.997234	0.026532624
17.053146	0.025132485
17.109409	0.024362408
17.166063	0.024082379
17.223093	0.024292402
17.280504	0.024152389
17.338299	0.023522325
17.396481	0.022962268
17.455055	0.022122186
17.514025	0.022192193
17.573404	0.022122186
17.633179	0.021842159
17.693359	0.022192193
17.753954	0.02135211
17.814964	0.020512028
17.876394	0.020161994
17.938251	0.01953193
18.000536	0.018621841
18.063269	0.017711751
18.126427	0.016801659
18.190027	0.01568155
18.254078	0.014141398
18.318579	0.012881272
18.383539	0.012181204
18.448961	0.01092108
18.514851	0.009590948
18.58119	0.0097309621
18.648029	0.01022101
18.715351	0.009590948
18.783159	0.0090308916
18.851461	0.0092409123
18.920263	0.010151003
18.989569	0.011411128
19.059383	0.013581342
19.129725	0.016381618
19.200575	0.020091986
19.271952	0.024432413
19.343863	0.029822946
19.416311	0.035703529
19.489305	0.0424942
19.562849	0.050054949
19.636951	0.058175746
19.711594	0.063846305
19.786827	0.069656886
19.862638	0.074767388
19.939034	0.078617766
20.016018	0.08309821
20.093599	0.08764866
20.171785	0.094229318
20.250582	0.10151003
20.330009	0.10907078
20.410049	0.11600146
20.490723	0.12090194
20.572035	0.12468233
20.653994	0.12930277
20.73661	0.13336319
20.819889	0.13609345
20.903841	0.13987383
20.988487	0.14428426
21.073807	0.14911473
21.159821	0.15149496
21.246542	0.15366518
21.333977	0.15590541
21.422132	0.15499532
21.511023	0.15408522
21.600651	0.15324515
21.691	0.15212505
21.782139	0.14897473
21.874046	0.14638446
21.966734	0.14568439
22.060209	0.14708453
22.154484	0.14939477
22.249567	0.15170498
22.34547	0.15667549
22.442221	0.16255607
22.539797	0.16297612
22.638224	0.16045587
22.737514	0.15723553
22.837679	0.15198502
22.93873	0.14204405
23.04068	0.1294428
23.143541	0.11656152
23.247343	0.10508039
23.35206	0.097729653
23.457727	0.10094998
23.564352	0.10585046
23.671953	0.10431031
23.78054	0.10172006
23.890127	0.094579346
24.000731	0.086808585
24.112324	0.086948596
24.224998	0.088628754
24.338732	0.091779076
24.453537	0.094159305
24.569429	0.096259512
24.686426	0.093669258
24.804543	0.085688472
24.923796	0.086178519
