# Magnetite, Chemical Formula: Fe+2(Fe+3)2O4
# Sample ID: HS195.3B
# wavelengths (microns), reflectance
1.4996107	0.059079111
1.5000446	0.059382789
1.5004789	0.059355181
1.5009133	0.058913469
1.5013479	0.058913469
1.5017828	0.05974168
1.502218	0.059907321
1.5026534	0.059355181
1.5030892	0.059134327
1.503525	0.059355181
1.5039612	0.059327573
1.5043976	0.05899629
1.5048344	0.059134327
1.5052713	0.05927236
1.5057086	0.059299968
1.506146	0.059134327
1.5065837	0.059079111
1.5070215	0.059134327
1.5074598	0.058830649
1.5078982	0.058858253
1.5083369	0.058858253
1.5087758	0.05899629
1.5092151	0.059134327
1.5096546	0.059189539
1.5100944	0.059410397
1.5105344	0.059576038
1.5109746	0.059382789
1.5114151	0.059189539
1.511856	0.059299968
1.5122969	0.058941077
1.5127382	0.05899629
1.5131798	0.058913469
1.5136217	0.058747828
1.5140636	0.058941077
1.514506	0.059355181
1.5149485	0.059217144
1.5153915	0.058747828
1.5158345	0.058775429
1.5162779	0.059355181
1.5167215	0.059355181
1.5171654	0.059134327
1.5176095	0.059023894
1.518054	0.058968678
1.5184987	0.058803041
1.5189435	0.058830649
1.5193887	0.058941077
1.5198342	0.059023894
1.5202799	0.058885857
1.5207258	0.058747828
1.521172	0.05872022
1.5216186	0.058637399
1.5220653	0.058609787
1.5225123	0.058803041
1.5229596	0.05872022
1.5234071	0.058637399
1.5238549	0.058582179
1.524303	0.05872022
1.5247513	0.058885857
1.5251998	0.059051502
1.5256486	0.05852697
1.5260978	0.058333717
1.5265471	0.058499362
1.5269967	0.058637399
1.5274466	0.058858253
1.5278969	0.058665007
1.5283473	0.058692608
1.528798	0.058858253
1.529249	0.058941077
1.5297003	0.05899629
1.5301517	0.059051502
1.5306035	0.059023894
1.5310555	0.058913469
1.5315078	0.05872022
1.5319604	0.059106719
1.5324134	0.059189539
1.5328665	0.05899629
1.5333198	0.059023894
1.5337734	0.058830649
1.5342274	0.059189539
1.5346816	0.059465609
1.5351361	0.058941077
1.5355908	0.058665007
1.5360456	0.058803041
1.5365007	0.058775429
1.5369563	0.058692608
1.537412	0.058830649
1.5378683	0.058885857
1.5383245	0.058858253
1.5387812	0.058830649
1.539238	0.058941077
1.5396953	0.059299968
1.5401527	0.059161931
1.5406104	0.058775429
1.5410683	0.058609787
1.5415267	0.058747828
1.5419852	0.058885857
1.542444	0.058968678
1.5429029	0.059217144
1.5433626	0.059382789
1.5438222	0.059134327
1.5442821	0.058885857
1.5447421	0.058803041
1.5452026	0.05872022
1.5456632	0.058858253
1.5461243	0.058885857
1.5465856	0.05872022
1.5470469	0.059161931
1.5475086	0.05954843
1.5479708	0.059410397
1.5484331	0.059438001
1.5488957	0.059576038
1.5493586	0.059465609
1.5498219	0.059631251
1.5502852	0.059520822
1.5507492	0.059382789
1.5512131	0.059465609
1.5516775	0.059355181
1.552142	0.05927236
1.5526069	0.05899629
1.553072	0.058775429
1.5535375	0.058913469
1.5540031	0.059051502
1.5544689	0.059106719
1.5549351	0.059355181
1.5554017	0.05974168
1.5558684	0.059631251
1.5563356	0.059134327
1.5568029	0.059023894
1.5572705	0.059189539
1.5577384	0.059438001
1.5582068	0.05954843
1.5586753	0.05927236
1.5591441	0.059355181
1.5596131	0.059493214
1.5600824	0.059603643
1.560552	0.059576038
1.561022	0.059631251
1.5614921	0.059962533
1.5619628	0.0598245
1.5624335	0.059465609
1.5629046	0.059465609
1.5633758	0.059714075
1.5638475	0.059852105
1.5643194	0.059714075
1.5647916	0.059493214
1.565264	0.059603643
1.5657365	0.05954843
1.5662096	0.059410397
1.5666829	0.059686463
1.5671564	0.059879716
1.5676304	0.06015579
1.5681045	0.060183395
1.5685791	0.060045358
1.5690538	0.059879716
1.5695291	0.059852105
1.5700043	0.059962533
1.57048	0.060045358
1.5709559	0.060017746
1.5714321	0.059962533
1.5719085	0.059934929
1.5723853	0.059879716
1.5728624	0.059852105
1.5733397	0.059879716
1.5738174	0.059879716
1.5742953	0.059990149
1.5747734	0.059962533
1.5752521	0.059962533
1.5757308	0.060238604
1.5762099	0.060238604
1.5766892	0.060128175
1.5771688	0.060072966
1.5776488	0.060072966
1.5781291	0.06015579
1.5786096	0.059990149
1.5790905	0.059852105
1.5795716	0.060045358
1.5800531	0.059990149
1.5805347	0.060128175
1.5810168	0.060017746
1.5814991	0.059990149
1.5819818	0.0598245
1.5824646	0.059796896
1.5829479	0.06010057
1.5834312	0.060376644
1.5839151	0.060459469
1.5843991	0.060569894
1.5848837	0.060569894
1.5853683	0.06034904
1.5858533	0.06029382
1.5863385	0.06034904
1.5868242	0.06034904
1.58731	0.060459469
1.5877962	0.060597494
1.5882826	0.060459469
1.5887693	0.060266215
1.5892563	0.06034904
1.5897436	0.060542285
1.5902313	0.060569894
1.5907192	0.060514677
1.5912075	0.06034904
1.591696	0.060514677
1.5921849	0.060707927
1.592674	0.061011605
1.5931635	0.061094426
1.5936533	0.061066817
1.5941433	0.061066817
1.5946337	0.060790747
1.5951242	0.060569894
1.5956153	0.060431857
1.5961065	0.060514677
1.5965984	0.060707927
1.5970901	0.06062511
1.5975825	0.060652714
1.5980748	0.06090118
1.5985676	0.060680319
1.5990607	0.06062511
1.5995542	0.060873564
1.6000477	0.060818352
1.6005416	0.060763139
1.6010358	0.060845967
1.6015304	0.06090118
1.6020253	0.060956385
1.6025206	0.06090118
1.603016	0.061039213
1.6035119	0.061204858
1.604008	0.061149638
1.6045047	0.061094426
1.6050013	0.061260071
1.6054984	0.061342888
1.6059958	0.061260071
1.6064935	0.061039213
1.6069914	0.061094426
1.6074898	0.06117725
1.6079884	0.061149638
1.608487	0.06117725
1.6089861	0.0613981
1.6094857	0.061563745
1.6099856	0.061425708
1.6104858	0.06117725
1.6109861	0.061204858
1.611487	0.061287675
1.6119881	0.061204858
1.6124896	0.061342888
1.6129912	0.061508533
1.6134933	0.061508533
1.6139956	0.061536141
1.6144984	0.061370496
1.6150012	0.061342888
1.6155045	0.061480928
1.616008	0.061536141
1.6165122	0.061646566
1.6170163	0.061646566
1.6175209	0.061618961
1.6180257	0.061674174
1.6185309	0.061812211
1.6190363	0.061867423
1.6195421	0.061950244
1.6200482	0.061977856
1.6205544	0.061895031
1.6210611	0.061867423
1.6215682	0.061729386
1.6220756	0.061563745
1.6225833	0.061729386
1.6230912	0.062088281
1.6235996	0.062171102
1.6241082	0.061922636
1.6246173	0.061922636
1.6251266	0.062171102
1.6256363	0.062336747
1.6261462	0.062336747
1.6266564	0.06219871
1.627167	0.062088281
1.6276779	0.062088281
1.6281891	0.062088281
1.6287007	0.062143493
1.6292125	0.062281527
1.6297247	0.062447172
1.6302372	0.062529989
1.6307501	0.062447172
1.6312631	0.062364355
1.6317767	0.062557608
1.6322904	0.062557608
1.6328044	0.06247478
1.6333188	0.062502384
1.6338336	0.062585205
1.6343486	0.062668025
1.6348641	0.062502384
1.6353798	0.062502384
1.6358958	0.062668025
1.6364123	0.062502384
1.6369292	0.06247478
1.637446	0.062695637
1.6379635	0.062833667
1.6384811	0.062833667
1.6389992	0.062585205
1.6395175	0.062668025
1.6400362	0.062806062
1.6405551	0.062833667
1.6410745	0.062861279
1.6415942	0.062833667
1.6421142	0.062723242
1.6426344	0.062806062
1.6431552	0.062944092
1.643676	0.062944092
1.6441975	0.062861279
1.644719	0.062750846
1.6452409	0.062833667
1.6457632	0.062944092
1.6462859	0.062806062
1.6468087	0.063082136
1.6473321	0.063330598
1.6478556	0.063164949
1.6483797	0.063164949
1.648904	0.063137345
1.6494286	0.063164949
1.6499535	0.063220173
1.6504788	0.063247778
1.6510044	0.063220173
1.6515305	0.063220173
1.6520567	0.063413419
1.6525834	0.063441023
1.6531103	0.063358203
1.6536378	0.063413419
1.6541654	0.063496239
1.6546935	0.063468628
1.6552217	0.063468628
1.6557504	0.063551456
1.6562793	0.063468628
1.6568087	0.063302994
1.6573384	0.063385807
1.6578683	0.063551456
1.6583985	0.063468628
1.6589293	0.06357906
1.6594603	0.06379991
1.6599917	0.063689493
1.6605233	0.063468628
1.6610554	0.063441023
1.6615878	0.063523851
1.6621207	0.06357906
1.6626537	0.063606679
1.6631873	0.063634276
1.6637208	0.063551456
1.664255	0.063413419
1.6647894	0.063551456
1.6653243	0.063661881
1.6658593	0.06379991
1.6663947	0.063855134
1.6669306	0.06382753
1.6674668	0.063910343
1.6680032	0.063772306
1.6685401	0.06357906
1.6690773	0.063634276
1.6696149	0.063855134
1.6701527	0.064075992
1.670691	0.0641312
1.6712295	0.064075992
1.6717685	0.064048387
1.6723077	0.0641312
1.6728474	0.064158812
1.6733873	0.064214021
1.6739277	0.064324453
1.6744683	0.064407267
1.6750095	0.064407267
1.6755508	0.06446249
1.6760926	0.064352065
1.6766347	0.06424164
1.6771772	0.064352065
1.6777198	0.064490095
1.6782631	0.064545304
1.6788064	0.064490095
1.6793501	0.064545304
1.6798942	0.064628132
1.6804388	0.064572915
1.6809837	0.064517699
1.6815289	0.064517699
1.6820744	0.064545304
1.6826205	0.064490095
1.6831667	0.064545304
1.6837136	0.064628132
1.6842605	0.064766161
1.684808	0.064821377
1.6853557	0.064848982
1.6859038	0.064987026
1.6864522	0.065042228
1.687001	0.064904206
1.6875501	0.064848982
1.6881	0.064987026
1.6886498	0.064959414
1.6892	0.064904206
1.6897506	0.064959414
1.6903015	0.06493181
1.6908529	0.064738557
1.6914046	0.064848982
1.6919565	0.064987026
1.6925087	0.065069839
1.6930614	0.065069839
1.6936146	0.065125056
1.694168	0.065207884
1.6947218	0.065097451
1.695276	0.065180264
1.6958306	0.065428734
1.6963854	0.065539166
1.6969409	0.065566771
1.6974965	0.065456338
1.6980526	0.065235488
1.6986089	0.065263093
1.6991657	0.065428734
1.6997228	0.065456338
1.7002803	0.065428734
1.7008381	0.065539166
1.7013963	0.065539166
1.7019548	0.065539166
1.7025138	0.065483943
1.703073	0.0657048
1.7036328	0.065787628
1.7041928	0.065621987
1.7047533	0.065483943
1.7053139	0.065594375
1.705875	0.065621987
1.7064364	0.065649591
1.7069983	0.065677196
1.7075605	0.065677196
1.7081233	0.0657048
1.7086862	0.065787628
1.7092496	0.065842845
1.7098132	0.065980874
1.7103775	0.066118903
1.7109419	0.065980874
1.7115068	0.065925665
1.712072	0.066008478
1.7126377	0.065870449
1.7132035	0.06603609
1.7137699	0.066118903
1.7143366	0.066063702
1.7149036	0.065925665
1.715471	0.065898053
1.7160389	0.066063702
1.7166071	0.06603609
1.7171758	0.066063702
1.7177447	0.066174127
1.7183142	0.066146523
1.7188838	0.066008478
1.7194541	0.065980874
1.7200245	0.066174127
1.7205955	0.066174127
1.7211666	0.066063702
1.7217383	0.066174127
1.7223103	0.066312164
1.7228827	0.066394977
1.7234554	0.066339768
1.7240288	0.066339768
1.7246022	0.066394977
1.7251762	0.066422589
1.7257504	0.066477805
1.7263252	0.066533014
1.7269002	0.066477805
1.7274756	0.066450194
1.7280514	0.066615842
1.7286276	0.066615842
1.7292041	0.066422589
1.7297812	0.066367373
1.7303585	0.066450194
1.7309363	0.06650541
1.7315143	0.066643439
1.732093	0.066891909
1.7326717	0.06691952
1.7332511	0.066698663
1.7338307	0.066671051
1.7344109	0.066753864
1.7349913	0.066809088
1.7355722	0.066947125
1.7361534	0.067029938
1.7367351	0.06691952
1.737317	0.066836692
1.7378997	0.066974729
1.7384824	0.06705755
1.7390656	0.067002341
1.7396491	0.06691952
1.7402332	0.066891909
1.7408174	0.066809088
1.7414023	0.066947125
1.7419873	0.067167975
1.7425728	0.067195587
1.7431587	0.067140371
1.7437451	0.067278408
1.7443317	0.067333624
1.7449189	0.067112766
1.7455064	0.067002341
1.7460943	0.067167975
1.7466825	0.067306019
1.7472714	0.067085154
1.7478604	0.066891909
1.7484499	0.067112766
1.7490398	0.067278408
1.7496301	0.067333624
1.7502208	0.067471653
1.7508119	0.067526869
1.7514033	0.067526869
1.7519954	0.067499258
1.7525877	0.067582086
1.7531804	0.067664906
1.7537735	0.067692511
1.754367	0.067720115
1.7549609	0.067664906
1.7555553	0.067637302
1.7561499	0.067830548
1.7567449	0.067913368
1.7573403	0.067747727
1.7579362	0.067664906
1.7585325	0.067775339
1.7591293	0.06785816
1.7597264	0.067968592
1.760324	0.068051413
1.7609218	0.068051413
1.7615204	0.067885764
1.7621191	0.06794098
1.7627183	0.068106614
1.7633178	0.067968592
1.7639178	0.067775339
1.7645181	0.067885764
1.7651191	0.068051413
1.7657201	0.06816183
1.7663218	0.06816183
1.7669238	0.068244651
1.7675263	0.068327479
1.768129	0.0684103
1.7687324	0.068355076
1.769336	0.068244651
1.7699401	0.068327479
1.7705445	0.068437904
1.7711494	0.068465509
1.7717546	0.068299867
1.7723604	0.068244651
1.7729665	0.068355076
1.773573	0.068355076
1.7741799	0.068299867
1.7747874	0.06849312
1.7753952	0.068631157
1.7760036	0.068603553
1.7766122	0.068575941
1.7772213	0.06849312
1.7778307	0.068548329
1.7784407	0.068575941
1.7790509	0.068631157
1.7796618	0.068713978
1.7802728	0.068741575
1.7808841	0.068575941
1.781496	0.068603553
1.7821085	0.068769187
1.7827213	0.068907224
1.7833346	0.068934828
1.7839482	0.068796799
1.7845623	0.068907224
1.7851768	0.069072865
1.785792	0.068990044
1.7864072	0.06896244
1.7870232	0.069017649
1.7876393	0.068990044
1.788256	0.068879612
1.788873	0.068990044
1.7894906	0.068990044
1.7901084	0.068824403
1.790727	0.069017649
1.7913457	0.069238514
1.7919649	0.069238514
1.7925845	0.069293723
1.7932047	0.06918329
1.793825	0.069155686
1.794446	0.069238514
1.7950673	0.069293723
1.795689	0.06918329
1.7963111	0.069072865
1.7969339	0.06918329
1.7975569	0.069210902
1.7981805	0.069210902
1.7988043	0.069404148
1.7994287	0.069542184
1.8000535	0.069542184
1.800679	0.069542184
1.8013045	0.069542184
1.8019307	0.069597401
1.8025571	0.069597401
1.8031842	0.069569796
1.8038116	0.069486976
1.8044394	0.069459364
1.8050677	0.069569796
1.8056965	0.069652617
1.8063256	0.069625005
1.8069552	0.069597401
1.8075852	0.069625005
1.8082157	0.069514573
1.8088466	0.069542184
1.809478	0.069514573
1.8101097	0.069569796
1.8107419	0.069680221
1.8113745	0.06984587
1.8120078	0.069928683
1.8126413	0.070011504
1.8132753	0.0699839
1.8139096	0.069928683
1.8145447	0.06984587
1.8151799	0.06984587
1.8158158	0.069818251
1.8164519	0.069873467
1.8170887	0.069956295
1.8177258	0.069818251
1.8183634	0.069873467
1.8190013	0.069928683
1.8196399	0.069956295
1.8202788	0.070094325
1.8209183	0.070149541
1.8215581	0.070204757
1.8221985	0.070287578
1.8228391	0.070287578
1.8234804	0.070149541
1.8241218	0.070094325
1.824764	0.070232362
1.8254064	0.07031519
1.8260493	0.070370398
1.8266927	0.070453212
1.8273367	0.07039801
1.8279809	0.070342787
1.8286258	0.070370398
1.829271	0.070342787
1.8299167	0.070370398
1.8305628	0.070480831
1.8312097	0.070425615
1.8318566	0.070287578
1.8325043	0.070370398
1.8331522	0.070591256
1.8338007	0.070646465
1.8344495	0.070674077
1.835099	0.070646465
1.8357487	0.070701689
1.8363992	0.070729285
1.83705	0.070756897
1.8377012	0.070922539
1.8383528	0.070839718
1.839005	0.070701689
1.8396575	0.070867322
1.8403107	0.071005367
1.8409641	0.07095015
1.8416178	0.070894934
1.8422722	0.070922539
1.8429272	0.070922539
1.8435825	0.070922539
1.8442384	0.070977755
1.8448946	0.070977755
1.8455515	0.071032971
1.8462087	0.071115792
1.8468666	0.071364254
1.8475248	0.071309038
1.8481835	0.071115792
1.8488425	0.071032971
1.8495022	0.07108818
1.8501621	0.071198605
1.8508228	0.071281433
1.8514837	0.071364254
1.852145	0.071391858
1.8528068	0.071364254
1.8534694	0.071447074
1.8541322	0.071529895
1.8547956	0.071336649
1.8554593	0.071336649
1.8561238	0.071502283
1.8567885	0.071557499
1.8574541	0.071474686
1.8581197	0.071419463
1.858786	0.071474686
1.8594526	0.071695536
1.8601199	0.071667932
1.8607875	0.071640328
1.8614557	0.071667932
1.8621242	0.071640328
1.8627936	0.071695536
1.8634632	0.071778357
1.8641332	0.071723141
1.8648038	0.071640328
1.8654748	0.071667932
1.8661463	0.071805961
1.8668184	0.071888782
1.8674908	0.072109647
1.8681637	0.072082035
1.868837	0.072026826
1.869511	0.071943998
1.8701854	0.071943998
1.8708603	0.072109647
1.8715357	0.072164856
1.8722117	0.072275288
1.872888	0.072385721
1.8735651	0.072137251
1.8742423	0.071999215
1.8749202	0.071999215
1.8755985	0.072026826
1.8762774	0.072082035
1.8769567	0.072220072
1.8776366	0.072302893
1.8783168	0.072330505
1.8789977	0.072330505
1.8796788	0.072302893
1.8803607	0.072302893
1.881043	0.072302893
1.8817258	0.072330505
1.882409	0.072413325
1.8830929	0.072275288
1.883777	0.072247677
1.8844618	0.072275288
1.8851469	0.072302893
1.8858327	0.072358102
1.8865188	0.07252375
1.8872057	0.072578959
1.8878928	0.072468534
1.8885808	0.072413325
1.8892689	0.072496146
1.8899578	0.072634175
1.8906469	0.072634175
1.8913368	0.072551355
1.892027	0.07252375
1.8927178	0.07252375
1.893409	0.07252375
1.8941009	0.072578959
1.8947932	0.072689392
1.8954861	0.072772212
1.8961793	0.072772212
1.8968732	0.072744608
1.8975675	0.072882637
1.8982624	0.072910249
1.8989576	0.072937854
1.8996536	0.073048286
1.9003499	0.072937854
1.9010466	0.072799824
1.9017439	0.072855033
1.9024419	0.072910249
1.9031402	0.072937854
1.9038392	0.072910249
1.9045385	0.07299307
1.9052386	0.073048286
1.905939	0.073020682
1.9066402	0.072965465
1.9073416	0.072882637
1.9080436	0.072799824
1.9087461	0.072910249
1.9094492	0.073048286
1.9101527	0.073103495
1.9108568	0.073296748
1.9115614	0.073379569
1.9122664	0.073269136
1.912972	0.073158711
1.9136782	0.07321392
1.9143847	0.073269136
1.915092	0.073269136
1.9157996	0.073296748
1.916508	0.073296748
1.9172167	0.073186316
1.9179261	0.07321392
1.9186358	0.07321392
1.9193462	0.073158711
1.9200571	0.073351964
1.9207685	0.073462389
1.9214803	0.073489994
1.9221928	0.073572814
1.9229058	0.073572814
1.9236195	0.073628031
1.9243335	0.073628031
1.9250481	0.073655643
1.9257631	0.073683247
1.9264789	0.07354521
1.927195	0.073628031
1.9279118	0.073766068
1.9286289	0.073766068
1.9293463	0.073793672
1.9300646	0.073904097
1.9307835	0.073848888
1.9315028	0.073821276
1.9322227	0.073848888
1.9329431	0.073793672
1.9336642	0.073766068
1.9343857	0.073821276
1.9351079	0.073848888
1.9358305	0.073986925
1.9365537	0.074069746
1.9372772	0.074069746
1.9380015	0.074042134
1.9387262	0.074069746
1.9394516	0.074207783
1.9401773	0.074207783
1.940904	0.074124962
1.9416308	0.074180171
1.9423584	0.074207783
1.9430864	0.074124962
1.943815	0.074152559
1.9445441	0.074401036
1.9452738	0.074401036
1.9460039	0.074318208
1.9467345	0.074428633
1.9474658	0.074428633
1.9481977	0.074456237
1.94893	0.074428633
1.949663	0.074428633
1.9503965	0.074401036
1.9511306	0.074428633
1.9518652	0.074511461
1.9526006	0.074539058
1.9533362	0.074732319
1.9540726	0.074677102
1.9548093	0.074594274
1.9555469	0.074594274
1.9562846	0.07464949
1.9570233	0.074704714
1.9577622	0.074732319
1.9585019	0.074759923
1.959242	0.074870348
1.9599829	0.074897952
1.960724	0.074953169
1.961466	0.07498078
1.9622083	0.074842744
1.9629514	0.074787527
1.9636948	0.074815132
1.9644389	0.074815132
1.9651834	0.074925564
1.9659288	0.075091198
1.9666744	0.075035997
1.9674209	0.074925564
1.9681678	0.074870348
1.9689153	0.074925564
1.9696634	0.074925564
1.9704123	0.074953169
1.9711614	0.075035997
1.9719112	0.075174026
1.9726615	0.075146422
1.9734125	0.075063601
1.9741639	0.075201631
1.9749161	0.075201631
1.9756685	0.075201631
1.976422	0.075284451
1.9771756	0.075284451
1.9779301	0.075312063
1.9786849	0.075394884
1.9794405	0.075422488
1.9801965	0.075256847
1.9809532	0.075312063
1.9817104	0.075394884
1.9824681	0.0754501
1.9832264	0.075532913
1.9839855	0.075560525
1.984745	0.075532913
1.9855052	0.075560525
1.9862659	0.075560525
1.9870273	0.075560525
1.987789	0.075560525
1.9885516	0.075505309
1.9893147	0.0754501
1.9900783	0.0754501
1.9908425	0.075532913
1.9916074	0.075670958
1.9923728	0.075753771
1.9931389	0.075643346
1.9939053	0.075670958
1.9946727	0.075781383
1.9954402	0.075781383
1.9962088	0.075698562
1.9969776	0.075698562
1.9977473	0.075753771
1.9985173	0.075781383
1.9992882	0.075781383
2.0000594	0.075781383
2.0008314	0.075781383
2.0016038	0.075753771
2.002377	0.075643346
2.0031507	0.075670958
2.0039251	0.075836599
2.0046999	0.075947024
2.0054755	0.075974636
2.0062516	0.075974636
2.0070286	0.075836599
2.0078058	0.075836599
2.0085838	0.075947024
2.0093622	0.07600224
2.0101414	0.075974636
2.010921	0.075974636
2.0117013	0.075974636
2.0124824	0.075974636
2.0132637	0.076029845
2.0140457	0.07600224
2.0148287	0.076085061
2.0156119	0.076195493
2.016396	0.076057449
2.0171804	0.076085061
2.0179658	0.076085061
2.0187516	0.076195493
2.0195379	0.076278307
2.0203249	0.076278307
2.0211127	0.076250695
2.0219009	0.076278307
2.0226898	0.076305918
2.0234792	0.076305918
2.0242696	0.076333523
2.0250602	0.076278307
2.0258517	0.076333523
2.0266438	0.07655438
2.0274363	0.076609597
2.0282295	0.076609597
2.0290234	0.076637201
2.0298178	0.076581985
2.0306129	0.076581985
2.0314085	0.076720022
2.0322044	0.076747634
2.0330014	0.076747634
2.0337989	0.076747634
2.0345972	0.076692417
2.0353961	0.076664805
2.0361953	0.076609597
2.0369956	0.076775238
2.0377963	0.076858059
2.0385981	0.076775238
2.0393999	0.076775238
2.0402026	0.076858059
2.0410056	0.076940879
2.0418096	0.076968484
2.042614	0.077078909
2.0434194	0.077106521
2.044225	0.077051312
2.0450315	0.077051312
2.0458386	0.077106521
2.0466464	0.077272162
2.0474546	0.077244557
2.0482635	0.077189341
2.049073	0.077244557
2.0498834	0.077272162
2.0506942	0.077244557
2.0515053	0.077299766
2.0523174	0.07735499
2.0531304	0.07735499
2.0539436	0.077520624
2.0547578	0.07757584
2.0555725	0.077493019
2.0563879	0.07735499
2.057204	0.077410199
2.0580208	0.077548236
2.0588381	0.077658661
2.0596561	0.077631056
2.0604746	0.077520624
2.0612941	0.077520624
2.062114	0.077603444
2.0629346	0.077603444
2.0637558	0.077520624
2.0645773	0.077603444
2.0653996	0.077686273
2.0662231	0.077658661
2.0670469	0.077603444
2.0678713	0.077658661
2.0686965	0.077741481
2.0695224	0.077824309
2.0703487	0.077741481
2.0711763	0.077769093
2.0720038	0.077769093
2.0728326	0.077851906
2.0736616	0.077934727
2.0744915	0.077934727
2.0753219	0.077962339
2.076153	0.078017555
2.0769846	0.07804516
2.0778172	0.077962339
2.0786502	0.077989951
2.0794842	0.078017555
2.0803187	0.077989951
2.0811539	0.077962339
2.0819895	0.077962339
2.0828261	0.078017555
2.0836632	0.07812798
2.084501	0.078072764
2.0853395	0.07812798
2.0861788	0.078155585
2.0870185	0.078293622
2.0878592	0.078238405
2.0887003	0.078266017
2.0895422	0.078266017
2.0903847	0.078321233
2.0912282	0.078348838
2.092072	0.078266017
2.0929167	0.078348838
2.0937619	0.078293622
2.0946081	0.078210808
2.0954545	0.078293622
2.096302	0.078348838
2.0971498	0.07837645
2.0979986	0.078486875
2.0988479	0.078542091
2.0996981	0.078569695
2.1005487	0.078542091
2.1014004	0.078514479
2.1022525	0.078569695
2.1031053	0.07868012
2.1039588	0.078707725
2.1048129	0.078624912
2.1056678	0.078542091
2.1065235	0.0785973
2.1073797	0.078542091
2.1082368	0.078486875
2.1090944	0.078542091
2.1099529	0.078542091
2.1108119	0.0785973
2.1116717	0.07868012
2.1125321	0.07868012
2.1133935	0.078652516
2.1142552	0.078762949
2.115118	0.078790545
2.1159811	0.078707725
2.1168454	0.078818157
2.1177099	0.078956194
2.1185756	0.078900978
2.1194417	0.078735344
2.1203086	0.07868012
2.121176	0.078735344
2.1220446	0.078818157
2.1229134	0.078900978
2.1237831	0.078928582
2.1246536	0.079039022
2.1255245	0.079066627
2.1263962	0.079011403
2.1272688	0.078956194
2.1281419	0.078928582
2.1290162	0.078956194
2.1298907	0.078956194
2.1307662	0.078956194
2.1316423	0.078983799
2.1325192	0.079011403
2.1333966	0.079094231
2.1342752	0.079094231
2.135154	0.079149447
2.1360338	0.079177052
2.1369143	0.079204656
2.1377954	0.079177052
2.1386774	0.079177052
2.1395605	0.079149447
2.1404438	0.079204656
2.1413281	0.079204656
2.1422129	0.079287477
2.1430986	0.079315081
2.1439848	0.079342693
2.144872	0.079397909
2.1457596	0.079370305
2.1466477	0.079342693
2.1475368	0.079425514
2.148427	0.079508334
2.1493175	0.079535946
2.1502092	0.079425514
2.1511011	0.079453118
2.1519942	0.079535946
2.1528878	0.079508334
2.1537826	0.079508334
2.1546776	0.079591155
2.1555736	0.079563543
2.1564703	0.079535946
2.1573677	0.079673983
2.1582658	0.079784408
2.1591649	0.079784408
2.1600645	0.079922445
2.1609645	0.08003287
2.1618655	0.079894841
2.1627674	0.07981202
2.1636701	0.079894841
2.1645734	0.079922445
2.1654775	0.079950042
2.1663826	0.080060475
2.1672883	0.080005266
2.168195	0.079950042
2.169102	0.079922445
2.1700101	0.080005266
2.1709187	0.080060475
2.1718283	0.080115691
2.1727386	0.080198511
2.1736495	0.080198511
2.1745613	0.080170907
2.1754742	0.080198511
2.1763873	0.080253728
2.1773014	0.080308944
2.1782162	0.080364153
2.179132	0.080419369
2.1800482	0.080446981
2.1809654	0.080474585
2.1818831	0.080502182
2.1828015	0.080446981
2.1837208	0.080419369
2.1846411	0.080446981
2.1855621	0.080502182
2.1864841	0.080446981
2.1874065	0.080446981
2.1883299	0.08058501
2.189254	0.08058501
2.1901793	0.080557406
2.1911051	0.080557406
2.1920316	0.080612615
2.1929588	0.080612615
2.193887	0.080557406
2.1948156	0.080612615
2.1957452	0.080723047
2.1966755	0.080805868
2.197607	0.080750659
2.1985388	0.080695435
2.1994717	0.080723047
2.2004051	0.080778256
2.2013395	0.080805868
2.2022746	0.080723047
2.2032106	0.080778256
2.2041473	0.080888689
2.2050848	0.080888689
2.206023	0.080916293
2.2069621	0.080916293
2.207902	0.080916293
2.2088428	0.080916293
2.2097843	0.080916293
2.2107267	0.080999114
2.2116697	0.081054337
2.2126141	0.081054337
2.2135587	0.081054337
2.2145045	0.081164762
2.2154505	0.081137151
2.216398	0.081109546
2.2173457	0.081137151
2.2182946	0.081192367
2.2192442	0.081192367
2.2201948	0.081192367
2.2211459	0.081192367
2.2220981	0.081137151
2.2230508	0.081137151
2.2240045	0.081109546
2.2249589	0.081109546
2.2259145	0.081109546
2.2268705	0.081219971
2.2278273	0.081247576
2.228785	0.081275187
2.2297437	0.081247576
2.2307031	0.081219971
2.2316635	0.081275187
2.2326245	0.081358008
2.2335865	0.081440829
2.234549	0.081440829
2.2355127	0.081275187
2.2364771	0.081330396
2.2374425	0.081496045
2.2384083	0.081468441
2.2393754	0.081275187
2.2403431	0.081275187
2.2413118	0.081358008
2.2422812	0.081413224
2.243252	0.081496045
2.2442229	0.081551254
2.2451949	0.081496045
2.2461677	0.081468441
2.2471414	0.081496045
2.2481158	0.081496045
2.2490911	0.081468441
2.2500672	0.081358008
2.251044	0.081330396
2.2520218	0.081468441
2.2530005	0.081578866
2.2539799	0.08160647
2.2549605	0.081634074
2.2559416	0.081661679
2.2569239	0.081634074
2.2579067	0.081689298
2.2588909	0.081772111
2.2598755	0.081882544
2.2608612	0.081799731
2.2618475	0.081744507
2.2628348	0.081689298
2.263823	0.081661679
2.264812	0.081744507
2.2658017	0.081854932
2.2667923	0.081854932
2.2677839	0.081882544
2.2687764	0.081910156
2.2697697	0.081827328
2.2707639	0.081854932
2.271759	0.081882544
2.2727549	0.081910156
2.2737517	0.081965357
2.2747495	0.081965357
2.275748	0.081937753
2.2767475	0.082020581
2.2777479	0.08207579
2.278749	0.082048185
2.2797511	0.082213826
2.2807541	0.082269043
2.2817578	0.082269043
2.282763	0.082379468
2.2837684	0.082379468
2.284775	0.08256568
2.2857823	0.082618877
2.2867908	0.082539082
2.2877998	0.082485884
2.28881	0.082406074
2.2898209	0.082485884
2.2908323	0.082592271
2.2918451	0.082698673
2.2928588	0.082778469
2.2938731	0.082751878
2.2948887	0.082778469
2.2959049	0.082831681
2.2969222	0.08299128
2.2979403	0.083150879
2.2989597	0.083283871
2.2999794	0.083204076
2.3010006	0.083044469
2.3020222	0.08299128
2.303045	0.083017878
2.3040683	0.08317747
2.3050931	0.083257273
2.3061182	0.083230667
2.3071454	0.083283871
2.3081722	0.083257273
2.3092005	0.083257273
2.3102295	0.083257273
2.3112597	0.08317747
2.3122904	0.08331047
2.3133223	0.083363675
2.3143549	0.083337076
2.3153882	0.083363675
2.3164227	0.083549865
2.3174584	0.083629668
2.3184946	0.083603069
2.3195322	0.083682865
2.3205702	0.08386907
2.3216095	0.083815865
2.3226497	0.08373607
2.3236911	0.083815865
2.324733	0.08386907
2.3257761	0.083656274
2.3268199	0.083576471
2.3278646	0.083842464
2.3289104	0.083815865
2.3299572	0.08373607
2.3310046	0.083789267
2.3320534	0.083656274
2.3331029	0.083789267
2.3341534	0.083842464
2.3352048	0.083762661
2.3362572	0.083709471
2.3373103	0.083895668
2.3383648	0.083842464
2.3394198	0.08386907
2.340476	0.083842464
2.3415329	0.083815865
2.342591	0.084002063
2.3436501	0.084028669
2.3447101	0.083975464
2.3457711	0.083842464
2.346833	0.08386907
2.3478959	0.083842464
2.3489597	0.083682865
2.3500245	0.083709471
2.3510904	0.08386907
2.3521569	0.083975464
2.3532248	0.083975464
2.3542933	0.083895668
2.3553631	0.083842464
2.3564336	0.083948866
2.3575051	0.083948866
2.3585775	0.083895668
2.3596511	0.08392226
2.3607256	0.083948866
2.3618011	0.083815865
2.3628776	0.083842464
2.363955	0.08386907
2.3650334	0.084002063
2.3661137	0.084002063
2.3671939	0.084055267
2.3682754	0.084002063
2.3693576	0.083975464
2.3704412	0.084028669
2.3715253	0.084002063
2.3726108	0.083815865
2.373697	0.083895668
2.3747847	0.084055267
2.3758729	0.084028669
2.3769624	0.083895668
2.3780525	0.083975464
2.379144	0.084161669
2.3802361	0.084161669
2.3813298	0.084055267
2.3824239	0.083975464
2.3835192	0.084002063
2.3846154	0.084081866
2.3857129	0.084135063
2.3868113	0.084188268
2.3879108	0.084294654
2.3890109	0.084214859
2.3901126	0.084002063
2.3912148	0.084028669
2.3923185	0.084161669
2.3934228	0.08432126
2.3945284	0.08432126
2.3956349	0.084241465
2.3967426	0.084294654
2.397851	0.084401064
2.3989608	0.084374458
2.4000711	0.084347866
2.4011834	0.084374458
2.4022958	0.084427662
2.4034097	0.084534071
2.4045243	0.084534071
2.4056404	0.084480859
2.4067569	0.08461386
2.4078751	0.084693663
2.4089937	0.084693663
2.4101133	0.084693663
2.4112341	0.084667057
2.4123564	0.084800057
2.4134791	0.084853262
2.4146035	0.084853262
2.4157286	0.085066065
2.4168549	0.085145853
2.4179819	0.085225657
2.4191108	0.085332051
2.4202399	0.085199051
2.4213705	0.085145853
2.4225018	0.085278861
2.4236345	0.085225657
2.424768	0.085305452
2.4259028	0.085225657
2.4270384	0.085252255
2.4281759	0.08543846
2.4293137	0.085358657
2.4304526	0.085252255
2.4315925	0.08543846
2.4327338	0.085571453
2.4338756	0.085651249
2.435019	0.085571453
2.4361632	0.085677847
2.4373078	0.085810855
2.4384544	0.085784249
2.4396017	0.085731059
2.4407504	0.085810855
2.4419	0.085890658
2.4430506	0.085943848
2.4442027	0.085917249
2.4453554	0.085890658
2.4465098	0.08575765
2.447665	0.085943848
2.4488211	0.086156644
2.4499784	0.086103447
2.4511368	0.086076848
2.4522963	0.086076848
2.4534569	0.086076848
2.4546185	0.086156644
2.4557815	0.086156644
2.4569452	0.08618325
2.4581103	0.08618325
2.4592764	0.086263053
2.4604435	0.086396046
2.4616117	0.086449243
2.4627812	0.08636944
2.4639518	0.086316243
2.4651229	0.08636944
2.4662957	0.086449243
2.4674697	0.086608842
2.4686446	0.086608842
2.4698207	0.086422652
2.4709978	0.086422652
2.4721763	0.086635448
2.4733558	0.086715244
2.4745364	0.086635448
2.4757183	0.086582243
2.4769011	0.086582243
2.478085	0.086662039
2.4792702	0.086715244
2.4804564	0.086768441
2.4816439	0.086662039
2.4828324	0.086529039
2.4840217	0.086608842
2.4852126	0.086768441
2.4864044	0.086741842
2.4875975	0.086662039
2.4887917	0.086662039
2.4899871	0.086741842
2.4911838	0.086821638
2.4923813	0.086741842
2.4935806	0.086715244
2.4947805	0.086768441
2.4959817	0.086848237
2.497184	0.086768441
2.4983873	0.086715244
2.4995921	0.086848237
2.5007977	0.086768441
2.5020049	0.086662039
2.5032129	0.086688638
2.5044224	0.086715244
2.5056329	0.086662039
2.5068443	0.086635448
2.5080571	0.086608842
2.5092711	0.086529039
2.5104864	0.086582243
2.5117025	0.086608842
2.5129199	0.086529039
2.5141385	0.086715244
2.5153584	0.086874843
2.5165794	0.086795047
2.5178018	0.086715244
2.5190251	0.086741842
2.5202496	0.086795047
2.5214756	0.086688638
2.5227027	0.086662039
2.5239308	0.086821638
2.5251603	0.08692804
2.5263908	0.08692804
2.5276225	0.086768441
2.5288556	0.086688638
2.5300899	0.086768441
2.5313251	0.08692804
2.532562	0.087034442
2.5337996	0.086901441
2.5350387	0.087007843
2.536279	0.087140836
2.5375204	0.086954646
2.538763	0.08692804
2.5400069	0.086821638
2.5412521	0.086874843
2.5424979	0.087220632
2.5437455	0.087327041
2.5449944	0.087167442
2.5462441	0.087140836
2.5474954	0.087380238
2.548748	0.087273836
2.5500016	0.087353632
2.5512564	0.087566435
2.5525131	0.08767283
2.5537705	0.087460041
2.5550292	0.087220632
2.556289	0.087220632
2.5575502	0.087140836
2.5588126	0.087273836
2.5600762	0.088151634
2.561341	0.089082614
2.5626073	0.089189023
2.5638747	0.089029416
2.5651433	0.088524029
2.5664132	0.087938838
2.5676842	0.087885626
2.5689566	0.088577218
2.5702302	0.088524029
2.5715053	0.088125028
2.5727808	0.08910922
2.5740583	0.089215621
2.5753372	0.088630423
2.576617	0.089135826
2.5778983	0.088790022
2.579181	0.088204823
2.5804646	0.088736825
2.5817497	0.089056022
2.5830364	0.090066813
2.5843241	0.090359412
2.585613	0.089242212
2.5869033	0.089561418
2.5881948	0.089534819
2.5894876	0.089189023
2.5907817	0.088710219
2.592077	0.088949621
2.5933733	0.091237202
2.5946712	0.09405677
2.5959706	0.092088394
2.5972712	0.089534819
2.598573	0.088683628
2.5998762	0.088923022
2.6011808	0.089534819
2.6024866	0.089880615
2.6037939	0.090519011
2.6051023	0.091636196
2.6064122	0.091237202
2.6077232	0.090199813
2.6090355	0.089960411
2.6103492	0.089667819
2.6116643	0.089348622
2.6129806	0.089534819
2.6142986	0.089455016
2.6156178	0.090572208
2.6169381	0.091769196
2.6182597	0.090678602
2.6195827	0.090918012
2.6209071	0.090997808
2.6222329	0.089481629
2.62356	0.089135826
2.6248877	0.089534819
2.6262174	0.090785004
2.6275485	0.090332814
2.628881	0.090465814
2.6302147	0.092035204
2.6315498	0.091024406
2.6328864	0.090093412
2.6342242	0.090013616
2.6355639	0.08937522
2.6369042	0.089215621
2.6382463	0.089162417
2.6395895	0.089215621
2.6409342	0.089455016
2.6422803	0.089694411
2.6436276	0.089588016
2.6449764	0.090013616
2.6463268	0.090040214
2.6476784	0.089561418
2.6490314	0.089322016
2.6503856	0.089534819
2.6517413	0.090279609
2.6530983	0.090412609
2.6544569	0.090093412
2.6558168	0.090173215
2.6571774	0.089694411
2.65854	0.090226404
2.6599042	0.090625405
2.6612697	0.090386018
2.6626365	0.090199813
2.6640048	0.091662802
2.6653745	0.09341839
2.6667454	0.093391791
2.6681182	0.091875598
2.6694922	0.093045987
2.6708674	0.09373758
2.6722443	0.090944603
2.6736224	0.090146609
2.6750021	0.090864807
2.676383	0.092008591
2.6777654	0.091902204
2.6791496	0.091529801
2.6805348	0.090332814
2.6819217	0.08980082
2.6833098	0.090173215
2.6846995	0.090146609
2.6860905	0.090279609
2.6874828	0.090066813
2.6888769	0.089694411
2.6902716	0.089481629
2.6916685	0.08980082
2.6930668	0.091184005
2.6944666	0.091609597
2.6958678	0.090625405
2.6972704	0.089721017
2.6986744	0.089348622
2.7000799	0.089774206
2.7014871	0.090146609
2.7028956	0.089641221
2.7043056	0.089481629
2.7057171	0.089534819
2.70713	0.089774206
2.7085443	0.090758413
2.7099602	0.091875598
2.7113776	0.091795795
2.7127967	0.090066813
2.7142169	0.089481629
2.7156389	0.089455016
2.7170622	0.089747615
2.718487	0.09054561
2.7199132	0.092620388
2.7213409	0.092194796
2.7227702	0.091104202
2.7242005	0.09216819
2.7256327	0.09137021
2.7270665	0.089907214
2.7285018	0.089428417
2.7299387	0.089322016
2.7313771	0.089401811
2.7328169	0.08980082
2.7342582	0.090652004
2.7357013	0.090598799
2.7371457	0.090412609
2.7385917	0.092088394
2.7400391	0.093258791
2.741488	0.092380993
2.7429385	0.090758413
2.7443907	0.089960411
2.7458441	0.089854009
2.747299	0.089907214
2.7487557	0.090066813
2.7502139	0.090199813
2.7516737	0.090332814
2.753135	0.090705208
2.7545979	0.092487395
2.7560623	0.092726797
2.7575283	0.090971202
2.7589962	0.090279609
2.7604654	0.090519011
2.7619359	0.091662802
2.7634082	0.092008591
2.7648821	0.091263801
2.7663574	0.091237202
2.7678344	0.091529801
2.7693131	0.091609597
2.7707932	0.091928795
2.772275	0.091476597
2.7737584	0.090944603
2.7752433	0.090971202
2.7767296	0.091157399
2.7782178	0.091130793
2.7797074	0.091184005
2.7811987	0.091476597
2.782691	0.091503195
2.7841854	0.091396801
2.7856815	0.091928795
2.7871792	0.092487395
2.7886784	0.091902204
2.7901793	0.091263801
2.7916818	0.091184005
2.7931859	0.09137021
2.794692	0.0914234
2.7961996	0.091343604
2.7977085	0.091290407
2.7992191	0.091343604
2.8007314	0.091742605
2.8022454	0.092460789
2.803761	0.092620388
2.8052781	0.092061795
2.806797	0.091715999
2.8083177	0.091583006
2.8098397	0.091450006
2.8113635	0.091450006
2.8128889	0.0915564
2.8144159	0.091742605
2.8159447	0.091715999
2.8174751	0.0916894
2.8190067	0.091848999
2.8205404	0.091982
2.8220758	0.091902204
2.8236129	0.0916894
2.8251517	0.091609597
2.8266921	0.091742605
2.8282342	0.091795795
2.829778	0.091715999
2.8313241	0.091875598
2.8328712	0.092061795
2.83442	0.092061795
2.8359706	0.091982
2.8375227	0.091982
2.8390768	0.091955394
2.8406324	0.091848999
2.8421898	0.091848999
2.843749	0.091848999
2.84531	0.091928795
2.8468723	0.091928795
2.8484366	0.091955394
2.8500025	0.091955394
2.8515701	0.091902204
2.8531396	0.092008591
2.8547106	0.092061795
2.8562829	0.091902204
2.8578575	0.091769196
2.8594339	0.091848999
2.861012	0.091875598
2.8625917	0.091795795
2.8641732	0.091795795
2.8657565	0.091822401
2.8673415	0.091902204
2.8689287	0.091769196
2.870517	0.0916894
2.8721075	0.091848999
2.8736994	0.091902204
2.8752933	0.091822401
2.876889	0.091822401
2.8784864	0.091769196
2.8800855	0.0916894
2.8816857	0.091715999
2.8832886	0.091822401
2.8848929	0.091742605
2.8864994	0.091742605
2.8881073	0.091822401
2.8897173	0.091902204
2.8913291	0.091848999
2.8929424	0.091769196
2.8945582	0.091822401
2.8961751	0.091795795
2.897794	0.091769196
2.8994148	0.091955394
2.9010372	0.092115
2.9026616	0.091982
2.9042876	0.091955394
2.9059157	0.091982
2.9075458	0.092008591
2.9091775	0.091955394
2.9108109	0.091902204
2.9124463	0.091982
2.9140832	0.092141591
2.9157224	0.092061795
2.9173632	0.092088394
2.9190059	0.09216819
2.9206498	0.092194796
2.922296	0.092327788
2.9239442	0.092380993
2.9255943	0.092380993
2.9272463	0.092380993
2.9289	0.092434198
2.9305558	0.092540592
2.9322133	0.092620388
2.9338732	0.092646994
2.9355345	0.092567198
2.9371977	0.092567198
2.9388628	0.092646994
2.9405298	0.092673585
2.9421985	0.092779987
2.9438694	0.092753388
2.9455421	0.092779987
2.9472167	0.092886396
2.9488933	0.092912987
2.9505715	0.092966191
2.9522519	0.092992783
2.953934	0.092966191
2.9556181	0.093019389
2.9573042	0.093072586
2.9589922	0.093099192
2.9606814	0.093178988
2.9623733	0.093232185
2.964067	0.093205579
2.9657626	0.093205579
2.9674604	0.093232185
2.9691598	0.093338586
2.9708614	0.093444981
2.9725649	0.093498178
2.9742706	0.093498178
2.9759779	0.093524776
2.9776874	0.093524776
2.9793985	0.093577981
2.9811118	0.09360458
2.9828272	0.093631186
2.9845443	0.093684383
2.9862635	0.09373758
2.9879854	0.093790784
2.9897087	0.093790784
2.9914336	0.093764186
2.993161	0.09373758
2.99489	0.093764186
2.9966211	0.09387058
2.9983544	0.09387058
3.0000894	0.09387058
3.001826	0.093923785
3.0035653	0.093950383
3.0053065	0.094003581
3.0070496	0.09405677
3.0087948	0.094003581
3.0105422	0.09405677
3.0122914	0.094163179
3.0140429	0.094189771
3.0157964	0.094136581
3.0175517	0.094136581
3.0193093	0.094189771
3.0210688	0.094242975
3.0228302	0.094189771
3.0245938	0.094136581
3.0263596	0.094136581
3.0281272	0.094163179
3.0298975	0.094216377
3.0316694	0.094322778
3.0334435	0.094349369
3.0352194	0.09429618
3.0369976	0.094242975
3.0387776	0.094242975
3.04056	0.09429618
3.0423443	0.094322778
3.0441301	0.094349369
3.0459187	0.094402574
3.0477092	0.094402574
3.0495021	0.094375975
3.0512969	0.094455779
3.0530939	0.094482377
3.054893	0.094455779
3.0566943	0.094402574
3.0584979	0.094349369
3.0603034	0.094322778
3.0621109	0.094322778
3.0639207	0.094349369
3.0657327	0.094402574
3.0675466	0.094349369
3.0693629	0.094375975
3.0711813	0.094482377
3.0730011	0.094482377
3.0748239	0.094402574
3.0766487	0.094349369
3.0784757	0.094375975
3.0803049	0.094375975
3.0821362	0.094482377
3.0839698	0.094508976
3.0858054	0.094508976
3.0876439	0.094429173
3.0894837	0.094402574
3.0913262	0.094402574
3.0931706	0.094429173
3.0950172	0.094402574
3.0968661	0.094455779
3.0987172	0.094482377
3.1005704	0.094508976
3.1024263	0.094535574
3.104284	0.094562165
3.106144	0.094562165
3.1080062	0.094562165
3.1098707	0.094588779
3.1117373	0.094535574
3.1136062	0.094508976
3.1154773	0.094615377
3.1173501	0.094641969
3.1192257	0.094668575
3.1211035	0.094695173
3.1229837	0.09474837
3.1248662	0.094828174
3.1267509	0.094854772
3.128638	0.094828174
3.1305273	0.094828174
3.1324193	0.094854772
3.1343131	0.094907969
3.1362092	0.094961174
3.1381078	0.09504097
3.1400084	0.095067568
3.1419115	0.095067568
3.1438167	0.095120773
3.1457245	0.095173962
3.1476347	0.095173962
3.1495469	0.095253758
3.1514616	0.095333561
3.1533785	0.095280372
3.1552978	0.095280372
3.1572194	0.095253758
3.1591434	0.09530697
3.1610696	0.095386766
3.162998	0.09543997
3.1649289	0.095413364
3.1668622	0.095466569
3.168798	0.095546357
3.1707361	0.095546357
3.1726766	0.095599562
3.1746194	0.095652767
3.1765647	0.095679365
3.1785126	0.095705956
3.1804626	0.095759161
3.182415	0.095732562
3.1843698	0.095785774
3.186327	0.095785774
3.1882865	0.095732562
3.1902485	0.095759161
3.1922131	0.095892161
3.19418	0.095945358
3.1961493	0.096025161
3.1981211	0.095998555
3.2000952	0.095971964
3.2020719	0.095998555
3.2040508	0.096104957
3.2060323	0.09618476
3.2080164	0.09618476
3.2100022	0.096158154
3.2119911	0.096158154
3.2139823	0.096158154
3.215976	0.096211359
3.2179723	0.096264556
3.2199712	0.096317768
3.2219722	0.096344359
3.2239761	0.096397556
3.2259824	0.096370958
3.2279911	0.096344359
3.2300024	0.096424155
3.2320161	0.09647736
3.2340324	0.09647736
3.2360511	0.09647736
3.2380724	0.096424155
3.2400961	0.096530549
3.2421229	0.096583754
3.2441516	0.096557155
3.2461832	0.096583754
3.2482171	0.096663557
3.2502534	0.096690163
3.2522926	0.096690163
3.2543342	0.096636958
3.2563784	0.096690163
3.2584248	0.096769959
3.2604742	0.09679655
3.262526	0.096769959
3.2645805	0.09679655
3.2666376	0.09679655
3.2686973	0.096823156
3.2707596	0.096902952
3.2728245	0.09692955
3.2748921	0.096876353
3.2769623	0.096902952
3.2790351	0.09692955
3.2811103	0.096982755
3.2831883	0.09692955
3.2852688	0.096956149
3.2873521	0.097009353
3.289438	0.097009353
3.2915258	0.097062558
3.293617	0.097142354
3.2957108	0.097168952
3.2978072	0.097142354
3.2999065	0.097115748
3.3020084	0.097062558
3.3041129	0.097035952
3.3062201	0.097035952
3.3083303	0.097089149
3.3104429	0.097142354
3.3125582	0.097142354
3.314676	0.097142354
3.3167968	0.097222157
3.3189204	0.097248748
3.3210464	0.097275347
3.3231752	0.097248748
3.3253074	0.097195551
3.3274417	0.097168952
3.3295789	0.097168952
3.3317187	0.097195551
3.3338614	0.097195551
3.3360066	0.097248748
3.3381548	0.097301953
3.3403056	0.097381756
3.3424585	0.097381756
3.344615	0.097328551
3.3467741	0.097328551
3.3489361	0.097408347
3.3511009	0.097408347
3.3532684	0.097434953
3.3554389	0.097461544
3.3576121	0.097461544
3.3597887	0.097461544
3.3619676	0.097434953
3.3641491	0.097434953
3.3663337	0.097514756
3.368521	0.097541347
3.3707113	0.097594552
3.3729043	0.097647741
3.3751001	0.097621143
3.3772995	0.097647741
3.3795011	0.097674355
3.3817058	0.097647741
3.383913	0.097700946
3.3861232	0.097700946
3.3883364	0.097594552
3.3905525	0.097594552
3.3927715	0.097594552
3.3949924	0.097594552
3.3972173	0.097674355
3.3994448	0.097727545
3.4016755	0.097727545
3.403909	0.097727545
3.4061456	0.097833946
3.408385	0.097913742
3.4106274	0.097913742
3.4128728	0.097887151
3.4151211	0.097940341
3.4173725	0.097966947
3.4196265	0.098020144
3.4218838	0.098153137
3.424144	0.098259538
3.4264071	0.098179743
3.4286733	0.098206349
3.4309425	0.09823294
3.4332149	0.098286144
3.4354899	0.098312736
3.4377682	0.098339342
3.4400494	0.098392539
3.4423335	0.09849894
3.4446208	0.098552138
3.4469111	0.098552138
3.449204	0.098525539
3.4515004	0.098552138
3.4537997	0.098578744
3.4561024	0.098631933
3.4584079	0.098658539
3.4607165	0.098685138
3.4630284	0.098685138
3.4653432	0.098685138
3.4676619	0.098711744
3.4699829	0.09879154
3.472307	0.09879154
3.4746342	0.098871343
3.4769647	0.09897773
3.4792981	0.098951139
3.4816349	0.098897934
3.4839747	0.098924533
3.4863167	0.09897773
3.488663	0.099004328
3.4910121	0.099004328
3.4933646	0.099057533
3.4957201	0.099057533
3.4980791	0.099110737
3.5004408	0.099137329
3.5028062	0.099217132
3.5051751	0.099296927
3.5075467	0.099323533
3.5099213	0.099296927
3.5122993	0.099296927
3.5146806	0.099296927
3.517065	0.099296927
3.5194528	0.099323533
3.5218437	0.099456526
3.5242381	0.099456526
3.5266356	0.099403337
3.5290363	0.099376731
3.5314403	0.099456526
3.5338476	0.099562936
3.536258	0.099562936
3.538672	0.099589527
3.5410891	0.099562936
3.5435085	0.099589527
3.5459323	0.099642731
3.5483594	0.099642731
3.5507898	0.099589527
3.5532234	0.099616133
3.5556605	0.099695928
3.5581009	0.099749126
3.5605447	0.099749126
3.5629921	0.099749126
3.5654426	0.099775732
3.5678964	0.099775732
3.5703535	0.099775732
3.5728142	0.099775732
3.5752783	0.09980233
3.5777457	0.099855527
3.5802164	0.099855527
3.5826914	0.099828921
3.5851691	0.099828921
3.5876501	0.099828921
3.5901346	0.099908724
3.5926225	0.099855527
3.595114	0.099855527
3.5976088	0.099882126
3.6001072	0.099908724
3.6026084	0.099908724
3.6051137	0.09993533
3.6076224	0.099961922
3.6101346	0.099961922
3.6126504	0.09993533
3.6151698	0.10001513
3.6176925	0.10006833
3.620219	0.10004172
3.6227491	0.10004172
3.6252825	0.10001513
3.6278193	0.10001513
3.6303599	0.10004172
3.6329038	0.10001513
3.6354516	0.099988528
3.6380026	0.10001513
3.6405575	0.10004172
3.6431165	0.10006833
3.6456785	0.10009493
3.6482441	0.10004172
3.6508133	0.10006833
3.6533861	0.10012152
3.6559625	0.10009493
3.6585426	0.10006833
3.6611264	0.10009493
3.6637127	0.10006833
3.6663036	0.10009493
3.6688983	0.10009493
3.6714969	0.10009493
3.6740987	0.10012152
3.6767046	0.10025453
3.6793139	0.10028112
3.6819272	0.10030773
3.6845443	0.10028112
3.687165	0.10028112
3.6897893	0.10033432
3.6924174	0.10036092
3.695049	0.10033432
3.6976848	0.10038752
3.7003241	0.10038752
3.7029672	0.10041412
3.7056146	0.10046732
3.7082653	0.10046732
3.7109196	0.10046732
3.713578	0.10054712
3.7162399	0.10060032
3.7189059	0.10065351
3.7215757	0.10068012
3.7242491	0.10070672
3.7269256	0.10075992
3.7296069	0.10089292
3.7322919	0.10097272
3.7349808	0.10097272
3.7376738	0.10097272
3.7403705	0.10097272
3.7430711	0.10097272
3.7457757	0.10105252
3.7484846	0.10110571
3.7511971	0.10115892
3.7539134	0.10123871
3.7566335	0.10129192
3.7593577	0.10129192
3.7620859	0.10131852
3.764818	0.10142492
3.767554	0.10137171
3.770293	0.10137171
3.7730372	0.10145152
3.7757852	0.10147811
3.778537	0.10153131
3.7812932	0.10161112
3.7840533	0.10161112
3.7868173	0.10166431
3.7895856	0.10171752
3.7923579	0.10169091
3.7951343	0.10169091
3.7979145	0.10171752
3.800699	0.10177071
3.8034875	0.10179732
3.8062801	0.10179732
3.8090768	0.10182391
3.8118775	0.10185051
3.8146832	0.10179732
3.8174922	0.10185051
3.8203053	0.10193031
3.8231227	0.10195691
3.8259442	0.10198351
3.8287699	0.10203671
3.8315997	0.10208991
3.8344338	0.10211651
3.837271	0.10208991
3.8401134	0.10208991
3.8429599	0.10208991
3.8458109	0.10211651
3.848666	0.10216971
3.8515253	0.10219631
3.8543887	0.10216971
3.8572567	0.1022229
3.8601296	0.10224951
3.8630059	0.10227611
3.8658867	0.10224951
3.8687716	0.10227611
3.8716609	0.10232931
3.8745544	0.1023559
3.8774524	0.10232931
3.8803546	0.1023559
3.8832617	0.1023825
3.8861728	0.1023825
3.8890882	0.1024091
3.8920078	0.1024357
3.894932	0.1023825
3.8978605	0.1023825
3.9007933	0.10246231
3.9037306	0.10248891
3.9066718	0.1024091
3.9096179	0.1024091
3.9125686	0.1024357
3.9155238	0.10246231
3.9184833	0.1024357
3.9214473	0.1024357
3.9244158	0.1024357
3.9273889	0.1024091
3.9303668	0.1023825
3.9333489	0.1023825
3.9363356	0.1024091
3.9393268	0.1024357
3.9423223	0.1024091
3.9453225	0.1024357
3.9483273	0.1023825
3.9513369	0.1023825
3.9543512	0.1024091
3.9573698	0.1024357
3.960393	0.1024357
3.9634209	0.10248891
3.9664533	0.1025155
3.9694903	0.1025953
3.972532	0.10262191
3.9755785	0.10262191
3.9786289	0.1026751
3.9816847	0.1027283
3.984745	0.1026751
3.9878104	0.10270171
3.9908803	0.1027815
3.9939549	0.1028613
3.9970343	0.1028879
4.0001183	0.1029145
4.0032082	0.1029411
4.0063019	0.1030209
4.0094004	0.1030741
4.0125036	0.10315391
4.0156116	0.1031805
4.0187244	0.1032337
4.021842	0.10328689
4.0249648	0.1033135
4.028091	0.10339329
4.0312233	0.10341989
4.0343604	0.1034465
4.0375023	0.1034731
4.0406489	0.1034997
4.0438008	0.10355289
4.046958	0.1036061
4.0501194	0.10365929
4.0532866	0.10365929
4.056458	0.10365929
4.0596347	0.1036859
4.0628161	0.1036859
4.0660028	0.1036859
4.0691943	0.1037391
4.0723906	0.1037657
4.0755925	0.1037657
4.0787992	0.1038189
4.0820107	0.10384549
4.0852275	0.1038189
4.0884495	0.10387209
4.0916762	0.10392529
4.0949082	0.10395189
4.0981455	0.10400509
4.1013875	0.10400509
4.1046343	0.10400509
4.1078868	0.10403169
4.1111441	0.1040583
4.1144071	0.10408489
4.1176748	0.10411149
4.1209483	0.10411149
4.1242266	0.10408489
4.1275101	0.10413809
4.1307993	0.10416469
4.1340938	0.10416469
4.137393	0.1041913
4.1406975	0.10421789
4.1440077	0.10427109
4.1473227	0.10429769
4.1506433	0.10437749
4.1539693	0.10440408
4.1573014	0.10440408
4.1606379	0.10443069
4.16398	0.10440408
4.1673269	0.10445728
4.1706796	0.10445728
4.1740379	0.10445728
4.1774011	0.10445728
4.1807699	0.10453708
4.1841431	0.10456369
4.1875229	0.10456369
4.190908	0.10461688
4.1942987	0.10464349
4.1976953	0.10469668
4.2010965	0.10480309
4.204504	0.10490948
4.2079167	0.10509568
4.2113357	0.10522868
4.2147593	0.10538828
4.2181888	0.10560107
4.2216239	0.10584047
4.2250643	0.10607988
4.2285104	0.10623948
4.2319622	0.10639907
4.2354198	0.10647887
4.2388835	0.10642567
4.242352	0.10631927
4.2458267	0.10610647
4.2493072	0.10586708
4.2527928	0.10565428
4.2562842	0.10549468
4.2597818	0.10557448
4.2632847	0.10586708
4.2667923	0.10610647
4.2703071	0.10626607
4.2738276	0.10637247
4.2773538	0.10639907
4.2808857	0.10639907
4.2844238	0.10637247
4.2879677	0.10631927
4.2915173	0.10629267
4.2950735	0.10629267
4.298635	0.10618627
4.3022022	0.10607988
4.3057756	0.10605327
4.3093548	0.10597347
4.3129401	0.10589367
4.3165312	0.10586708
4.3201284	0.10592028
4.3237324	0.10586708
4.3273416	0.10586708
4.3309565	0.10584047
4.3345776	0.10584047
4.3382049	0.10584047
4.3418384	0.10586708
4.3454776	0.10586708
4.3491235	0.10586708
4.3527737	0.10586708
4.3564315	0.10592028
4.3600955	0.10589367
4.3637652	0.10592028
4.3674417	0.10597347
4.3711243	0.10600007
4.3748131	0.10605327
4.3785081	0.10607988
4.3822103	0.10607988
4.3859177	0.10607988
4.3896313	0.10613307
4.3933511	0.10618627
4.3970776	0.10618627
4.4008102	0.10623948
4.4045491	0.10623948
4.4082947	0.10621287
4.412045	0.10621287
4.415803	0.10629267
4.4195676	0.10631927
4.4233384	0.10639907
4.4271159	0.10642567
4.4308996	0.10642567
4.43469	0.10642567
4.4384871	0.10645227
4.4422908	0.10650546
4.4461007	0.10655867
4.4499168	0.10658526
4.4537401	0.10658526
4.4575696	0.10661187
4.4614058	0.10666507
4.4652486	0.10666507
4.4690976	0.10671827
4.4729543	0.10674487
4.4768167	0.10674487
4.4806862	0.10674487
4.4845624	0.10682467
4.4884448	0.10687786
4.4923344	0.10687786
4.4962306	0.10687786
4.5001335	0.10687786
4.5040426	0.10693107
4.5079594	0.10698427
4.5118828	0.10703745
4.5158129	0.10703745
4.5197501	0.10706407
4.523694	0.10711727
4.5276446	0.10711727
4.5316024	0.10717046
4.5355678	0.10719707
4.5395393	0.10722366
4.5435181	0.10722366
4.5475035	0.10722366
4.551496	0.10727686
4.5554957	0.10733005
4.5595021	0.10730346
4.5635157	0.10738326
4.5675368	0.10738326
4.5715647	0.10740986
4.5755997	0.10746306
4.5796418	0.10746306
4.5836911	0.10748967
4.5877471	0.10751626
4.5918107	0.10751626
4.5958815	0.10754286
4.5999584	0.10759606
4.604044	0.10759606
4.6081362	0.10762266
4.612236	0.10767586
4.616343	0.10770246
4.6204576	0.10767586
4.6245794	0.10770246
4.6287084	0.10775566
4.6328454	0.10775566
4.6369891	0.10780886
4.6411405	0.10786205
4.6452994	0.10788865
4.6494656	0.10788865
4.6536388	0.10794187
4.6578202	0.10791526
4.6620088	0.10794187
4.6662059	0.10794187
4.6704097	0.10796846
4.6746206	0.10799506
4.6788397	0.10804825
4.6830664	0.10807485
4.6873007	0.10810146
4.6915426	0.10812806
4.6957922	0.10818126
4.7000484	0.10815465
4.7043133	0.10818126
4.7085862	0.10820785
4.7128668	0.10823445
4.717155	0.10826106
4.7214513	0.10828765
4.7257552	0.10831425
4.7300668	0.10836745
4.7343879	0.10836745
4.7387152	0.10839406
4.7430506	0.10842065
4.7473941	0.10842065
4.7517457	0.10847386
4.7561049	0.10852705
4.7604723	0.10852705
4.7648478	0.10855366
4.7692318	0.10855366
4.7736235	0.10855366
4.7780232	0.10858025
4.7824311	0.10863346
4.7868466	0.10868665
4.7912707	0.10871325
4.7957029	0.10871325
4.8001437	0.10873985
4.8045907	0.10871325
4.8090477	0.10876645
4.8135128	0.10884625
4.8179865	0.10889944
4.8224683	0.10892605
4.8269582	0.10892605
4.8314571	0.10892605
4.8359637	0.10897925
4.8404803	0.10903244
4.8450041	0.10905904
4.8495364	0.10908565
4.8540773	0.10908565
4.8586264	0.10911225
4.8631845	0.10913885
4.8677506	0.10913885
4.8723259	0.10916545
4.8769083	0.10919204
4.8815002	0.10921865
4.8861008	0.10927184
4.8907104	0.10929845
4.8953285	0.10937825
4.8999557	0.10945805
4.9045911	0.10943144
4.909236	0.10940484
4.9138899	0.10940484
4.9185519	0.10937825
4.923223	0.10937825
4.9279027	0.10945805
4.9325914	0.10951124
4.9372892	0.10953785
4.9419956	0.10959104
4.9467115	0.10967085
4.951437	0.10975064
4.9561706	0.10980384
4.9609137	0.10975064
4.9656653	0.10972404
4.9704261	0.10972404
4.9751964	0.10975064
4.9799757	0.10975064
4.9847641	0.10975064
4.9895606	0.10977723
4.9943671	0.10983045
4.9991837	0.10985704
5.0040088	0.10988364
5.0088439	0.10985704
5.0136881	0.10991024
5.0185413	0.11012304
5.0234041	0.11017624
5.0282774	0.11009643
5.0331593	0.11001664
5.0380507	0.11001664
5.0429511	0.11006984
5.0478616	0.11006984
5.0527816	0.11006984
5.0577111	0.11006984
5.0626502	0.11009643
5.0675998	0.11012304
5.0725584	0.11017624
5.0775266	0.11025603
5.0825043	0.11038903
5.087492	0.11036244
5.0924897	0.11030924
5.097497	0.11030924
5.1025143	0.11036244
5.1075401	0.11036244
5.112577	0.11041563
5.1176243	0.11041563
5.1226811	0.11041563
5.127748	0.11044224
5.1328249	0.11057524
5.1379123	0.11065504
5.1430092	0.11086784
5.1481171	0.11105403
5.1532345	0.11084123
5.1583619	0.11068164
5.1634998	0.11065504
5.1686478	0.11073484
5.1738062	0.11078802
5.1789751	0.11078802
5.184154	0.11081463
5.1893444	0.11081463
5.1945438	0.11097423
5.1997542	0.11124022
5.2049747	0.11116043
5.210206	0.11150623
5.2154474	0.11163922
5.2206998	0.11116043
5.2259626	0.11105403
5.2312346	0.11116043
5.2365189	0.11134663
5.2418137	0.11132003
5.2471189	0.11124022
5.2524352	0.11121363
5.2577624	0.11121363
5.2631001	0.11121363
5.2684488	0.11132003
5.273809	0.11147963
5.2791796	0.11145302
5.2845607	0.11142643
5.2899532	0.11187863
5.2953568	0.11182541
5.3007712	0.11150623
5.3061967	0.11153282
5.3116336	0.11155943
5.3170795	0.11153282
5.3225384	0.11155943
5.3280087	0.11155943
5.3334904	0.11163922
5.3389831	0.11169243
5.3444872	0.11222442
5.3500028	0.11296922
5.3555293	0.11259682
5.3610692	0.11198501
5.3666191	0.11182541
5.37218	0.11185203
5.3777528	0.11187863
5.3833375	0.11193182
5.3889332	0.11195842
5.3945408	0.11195842
5.4001603	0.11193182
5.4057918	0.11209142
5.4114347	0.11233082
5.417089	0.11323521
5.4227557	0.1140864
5.4284339	0.11291602
5.434124	0.11225102
5.439826	0.11230422
5.44554	0.11233082
5.4512644	0.11227761
5.4570026	0.11262342
5.4627528	0.11355441
5.4685154	0.1133416
5.4742899	0.11304902
5.4800768	0.11323521
5.4858756	0.11262342
5.4916868	0.11241062
5.4975119	0.11246382
5.5033479	0.11259682
5.5091963	0.11254362
5.5150576	0.11270322
5.5209308	0.11296922
5.5268164	0.11294261
5.5327148	0.11270322
5.5386262	0.11270322
5.5445509	0.11296922
5.550487	0.11355441
5.5564361	0.11358102
5.562398	0.11318201
5.5683727	0.11318201
5.5743604	0.11432581
5.5803604	0.11496419
5.5863738	0.113714
5.5923977	0.11299581
5.5984373	0.1133416
5.6044893	0.11347461
5.6105552	0.11342142
5.6166334	0.11360761
5.6227255	0.1133416
5.6288304	0.11339481
5.6349487	0.114512
5.6410818	0.11621439
5.6472268	0.11536319
5.6533852	0.1144322
5.6595569	0.11387361
5.6657424	0.11331501
5.6719413	0.1142726
5.6781535	0.11448541
5.6843796	0.11387361
5.6906204	0.1141662
5.6968741	0.11387361
5.7031412	0.1141396
5.7094221	0.11557598
5.7157168	0.11554939
5.7220259	0.11491099
5.7283483	0.1144056
5.7346849	0.11448541
5.7410331	0.11491099
5.7473979	0.11568239
5.7537766	0.11491099
5.76017	0.11640058
5.7665772	0.11876796
5.7729988	0.11642718
5.7794347	0.1147514
5.7858849	0.11424601
5.7923512	0.11392681
5.7988305	0.1141662
5.8053241	0.1141662
5.811832	0.11499079
5.8183551	0.11765077
5.8248925	0.11831576
5.8314447	0.11645378
5.8380117	0.1150174
5.8445945	0.1144322
5.851191	0.114778
5.8578029	0.11562919
5.864429	0.11621439
5.8710709	0.11616118
5.877727	0.11988516
5.8843989	0.12007135
5.8910856	0.11826257
5.8977852	0.11866155
5.9045024	0.11584199
5.9112349	0.11491099
5.9179831	0.1152302
5.9247465	0.11554939
5.9315252	0.11844877
5.9383197	0.12039055
5.9451299	0.11703898
5.9519572	0.11549619
5.9587984	0.11541639
5.9656553	0.11717198
5.9725285	0.11711878
5.9794173	0.11629419
5.9863219	0.11759757
5.9932423	0.11725178
6.0001788	0.11544299
6.0071297	0.11568239
6.0140982	0.11658678
6.0210834	0.11568239
6.0280848	0.1150706
6.0351024	0.11562919
6.0421362	0.11964576
6.0491862	0.12398151
6.0562534	0.11924676
6.0633373	0.11703898
6.0704374	0.11895416
6.0775537	0.11818277
6.0846872	0.11597499
6.0918374	0.11541639
6.0990043	0.11576219
6.1061878	0.11773057
6.1133885	0.12004475
6.1206079	0.11770397
6.1278424	0.11557598
6.1350942	0.11578879
6.1423635	0.11640058
6.1496496	0.11645378
6.1569533	0.11727837
6.1642742	0.11693257
6.1716127	0.11589519
6.1789665	0.11757097
6.1863399	0.11906056
6.1937308	0.11685278
6.2011395	0.11576219
6.2085662	0.11586858
6.2160106	0.11597499
6.2234726	0.11589519
6.2309527	0.11586858
6.238452	0.11592179
6.2459679	0.11586858
6.2535024	0.11578879
6.261055	0.11592179
6.2686257	0.11605479
6.2762151	0.11605479
6.2838225	0.11600159
6.2914486	0.11605479
6.2990947	0.11600159
6.3067579	0.11608139
6.3144398	0.11605479
6.3221402	0.11613459
6.3298597	0.11629419
6.3375978	0.11836896
6.345355	0.12004475
6.3531313	0.11765077
6.3609242	0.11709217
6.3687387	0.11874136
6.3765721	0.11804977
6.3844252	0.11719858
6.3922973	0.11735818
6.4001889	0.11820936
6.4081001	0.12323672
6.4160309	0.1257903
6.4239826	0.12137474
6.431953	0.11940636
6.4399428	0.11828916
6.4479527	0.11778377
6.4559822	0.11762417
6.4640322	0.11778377
6.4721022	0.11929996
6.4801922	0.12110874
6.4883046	0.12398151
6.4964356	0.12384852
6.5045867	0.11956596
6.5127583	0.11844877
6.5209503	0.11961915
6.5291634	0.11820936
6.5373969	0.11775716
6.545651	0.11852857
6.5539231	0.11927336
6.5622191	0.11991175
6.5705361	0.12193334
6.5788746	0.12089594
6.587234	0.11972556
6.5956144	0.11932655
6.6040168	0.11823597
6.6124401	0.11828916
6.6208863	0.11884776
6.629353	0.12177374
6.6378412	0.12416772
6.6463513	0.12052354
6.6548829	0.11765077
6.6634369	0.11802317
6.6720128	0.11927336
6.6806107	0.12007135
6.6892328	0.11882117
6.6978755	0.11799657
6.7065401	0.11935316
6.7152276	0.11980536
6.723937	0.11900736
6.7326698	0.11804977
6.7414246	0.11767737
6.7502027	0.11789017
6.7590008	0.11786357
6.7678242	0.11860836
6.7766714	0.11967235
6.7855411	0.12121513
6.7944345	0.12097574
6.8033509	0.11868817
6.8122911	0.11815616
6.8212547	0.11940636
6.8302436	0.11967235
6.8392544	0.11852857
6.848289	0.11940636
6.8573475	0.12257173
6.8664303	0.12315693
6.8755369	0.11969895
6.8846679	0.11850196
6.8938227	0.11847536
6.9029989	0.11906056
6.9122028	0.11879456
6.9214315	0.11826257
6.9306846	0.11820936
6.9399629	0.11831576
6.9492655	0.11924676
6.9585934	0.12118854
6.9679465	0.12004475
6.9773269	0.11868817
6.9867301	0.11900736
6.9961591	0.11914036
7.0056133	0.11868817
7.0150933	0.11884776
7.0245986	0.11906056
7.0341301	0.11959255
7.0436873	0.12140134
7.0532722	0.12065654
7.0628819	0.11911376
7.0725174	0.11876796
7.0821791	0.11879456
7.0918674	0.11882117
7.1015825	0.11884776
7.1113243	0.11929996
7.1210923	0.11943296
7.1308832	0.11911376
7.1407056	0.11975215
7.1505547	0.12023095
7.1604309	0.12025756
7.1703348	0.12057675
7.1802659	0.11975215
7.1902246	0.11935316
7.200211	0.11996496
7.210228	0.12033735
7.2202702	0.11967235
7.23034	0.11940636
7.2404385	0.11943296
7.2505651	0.11959255
7.2607198	0.11975215
7.2709031	0.12025756
7.2811151	0.12031075
7.2913575	0.11985855
7.3016272	0.11985855
7.3119259	0.11985855
7.3222532	0.11985855
7.3326101	0.12047035
7.3429961	0.12060335
7.3534117	0.12012455
7.3638568	0.11983195
7.3743277	0.11988516
7.3848329	0.11993835
7.3953671	0.11988516
7.4059319	0.11996496
7.4165273	0.12007135
7.4271526	0.12009796
7.4378085	0.12015115
7.4484949	0.12028415
7.4592152	0.12068314
7.4699631	0.12076294
7.4807425	0.12052354
7.4915524	0.12036394
7.5023942	0.12039055
7.513267	0.12044375
7.5241718	0.12049695
7.5351081	0.12052354
7.5460782	0.12052354
7.5570784	0.12060335
7.5681105	0.12068314
7.579175	0.12081614
7.5902719	0.12084274
7.6014013	0.12081614
7.6125636	0.12089594
7.6237588	0.12089594
7.6349821	0.12097574
7.6462431	0.12110874
7.6575375	0.12121513
7.6688652	0.12132154
7.6802268	0.12145454
7.6916218	0.12156094
7.7030506	0.12166733
7.7145133	0.12180033
7.7260127	0.12193334
7.7375441	0.12203974
7.7491097	0.12214614
7.7607102	0.12227914
7.7723455	0.12241213
7.7840157	0.12246533
7.7957211	0.12259832
7.8074613	0.12270472
7.8192339	0.12275792
7.8310452	0.12286432
7.8428926	0.12299733
7.8547754	0.12305053
7.8666949	0.12318353
7.8786502	0.12323672
7.8906422	0.12336972
7.9026704	0.12344951
7.9147372	0.12352932
7.9268394	0.12358252
7.9389782	0.12366232
7.9511547	0.12368892
7.9633684	0.12379532
7.9756198	0.12387513
7.9879088	0.12398151
8.0002356	0.12403471
8.0126038	0.12406132
8.0250072	0.12398151
8.0374498	0.12392832
8.0499296	0.12390172
8.0624495	0.12387513
8.0750074	0.12387513
8.0876055	0.12387513
8.1002417	0.12392832
8.1129141	0.12403471
8.1256304	0.12411451
8.1383867	0.12422092
8.1511831	0.12430072
8.1640196	0.12440712
8.1768961	0.12443371
8.1898146	0.12448691
8.2027731	0.12446032
8.2157736	0.12448691
8.2288151	0.12451351
8.2418976	0.1245667
8.2550211	0.12461992
8.2681875	0.12469971
8.281395	0.12467312
8.2946453	0.1247263
8.3079386	0.1247263
8.3212767	0.12477951
8.3346548	0.12485931
8.3480768	0.1248859
8.3615408	0.1248859
8.3750496	0.12491251
8.3886013	0.12491251
8.4021969	0.12493911
8.4158373	0.12501891
8.4295158	0.12509871
8.4432449	0.1251785
8.4570189	0.12520511
8.4708366	0.1251785
8.4847012	0.1252317
8.4986105	0.1252583
8.5125656	0.12531151
8.5265665	0.1252583
8.540616	0.1252583
8.5547094	0.12531151
8.5688496	0.1254445
8.5830364	0.12547112
8.59727	0.12541789
8.6115513	0.12541789
8.6258802	0.12541789
8.6402569	0.12541789
8.6546841	0.12552431
8.6691561	0.12557751
8.6836777	0.12565731
8.6982479	0.1257371
8.7128668	0.1257903
8.7275343	0.1257637
8.7422523	0.12587009
8.75702	0.12584351
8.7718325	0.1257637
8.7866993	0.1257903
8.8016176	0.1258169
8.8165865	0.12584351
8.8316059	0.12587009
8.8466768	0.12589671
8.8617992	0.12600309
8.8769741	0.1260563
8.8922033	0.1260829
8.9074821	0.1260829
8.9228134	0.1261095
8.9381971	0.1261095
8.9536343	0.1261095
8.9691257	0.1261095
8.9846697	0.12618929
9.000268	0.1262159
9.0159235	0.12618929
9.0316315	0.12616269
9.0473928	0.1262159
9.0632105	0.12624249
9.0790825	0.1262159
9.0950108	0.1262691
9.1109953	0.12640209
9.1270351	0.1263489
9.1431274	0.1263755
9.1592817	0.12640209
9.1754923	0.12640209
9.191761	0.12642869
9.2080879	0.12648191
9.224472	0.12648191
9.2409153	0.1265883
9.2574167	0.1266415
9.2739801	0.12661488
9.2906008	0.12672129
9.3072805	0.1268011
9.3240204	0.1268543
9.3408203	0.12693408
9.3576803	0.12701389
9.3746023	0.12712029
9.3915854	0.1272267
9.4086237	0.1272267
9.4257298	0.12727989
9.4428988	0.12733309
9.4601307	0.12733309
9.4774246	0.12741289
9.4947834	0.12757248
9.5122042	0.12765229
9.5296898	0.12770548
9.5472441	0.12786509
9.5648584	0.12797149
9.5825386	0.12799808
9.6002836	0.12807788
9.6180954	0.12813108
9.635973	0.12807788
9.6539164	0.12813108
9.6719275	0.12823749
9.6900091	0.12834388
9.7081556	0.12842368
9.7263699	0.12853007
9.7446527	0.12860988
9.7630043	0.12863646
9.7814245	0.12871628
9.7999153	0.12890247
9.8184757	0.12898228
9.837101	0.12906207
9.8558025	0.12908867
9.8745756	0.12908867
9.8934202	0.12908867
9.9123363	0.12911528
9.9313259	0.12919508
9.950388	0.12922166
9.9695234	0.12919508
9.9887362	0.12922166
10.008019	0.12922166
10.027377	0.12927487
10.04681	0.12927487
10.066319	0.12927487
10.085902	0.12922166
10.105563	0.12924828
10.1253	0.12924828
10.145119	0.12924828
10.165011	0.12922166
10.184982	0.12924828
10.205031	0.12927487
10.22516	0.12927487
10.245367	0.12930147
10.265656	0.12930147
10.286023	0.12932807
10.306466	0.12938127
10.326997	0.12932807
10.34761	0.12935467
10.368304	0.12940787
10.389083	0.12938127
10.409945	0.12938127
10.43089	0.12943447
10.45192	0.12935467
10.473039	0.12927487
10.49424	0.12930147
10.515526	0.12927487
10.536899	0.12908867
10.558359	0.12914187
10.579906	0.12922166
10.601542	0.12930147
10.623267	0.12935467
10.645084	0.12943447
10.666988	0.12948768
10.688982	0.12956747
10.711066	0.12970047
10.733243	0.12978026
10.755511	0.12978026
10.777872	0.12988667
10.800325	0.12999307
10.822865	0.13012606
10.845508	0.13017927
10.868244	0.13025907
10.891077	0.13039207
10.914005	0.13052505
10.937031	0.13060486
10.960154	0.13063146
10.983374	0.13076447
11.006698	0.13100386
11.030116	0.13108367
11.053635	0.13119005
11.077253	0.13132305
11.100973	0.13137625
11.124795	0.13140284
11.14872	0.13156244
11.172747	0.13169545
11.196871	0.13180184
11.221107	0.13196145
11.245447	0.13212104
11.269894	0.13214765
11.294447	0.13220085
11.319107	0.13233384
11.343875	0.13249344
11.368752	0.13262643
11.393744	0.13273284
11.418839	0.13289244
11.444047	0.13302544
11.469365	0.13318503
11.494797	0.13331804
11.52034	0.13339783
11.545999	0.13355742
11.571771	0.13366383
11.597663	0.13385004
11.623667	0.13403623
11.649787	0.13408943
11.676025	0.13414264
11.702382	0.13432883
11.728858	0.13440862
11.755454	0.13454163
11.782171	0.13470122
11.809002	0.13483422
11.835962	0.13499381
11.863048	0.13512681
11.890256	0.13518003
11.91759	0.13539281
11.94505	0.13549921
11.972636	0.13555242
12.000351	0.13565882
12.028198	0.13587162
12.056171	0.13616422
12.084274	0.13632381
12.112508	0.13640361
12.140875	0.13653661
12.169374	0.13653661
12.198009	0.13664301
12.226777	0.13688241
12.255688	0.13696219
12.28473	0.1369888
12.31391	0.1371218
12.343228	0.1372814
12.372687	0.13749419
12.402287	0.1376006
12.432029	0.1376804
12.461913	0.13773359
12.491931	0.13776021
12.522105	0.13789319
12.552425	0.13799959
12.582892	0.13805279
12.613507	0.13821238
12.644272	0.13829219
12.675187	0.1384518
12.706254	0.13871779
12.737479	0.13898379
12.768852	0.13906358
12.80038	0.13924979
12.832064	0.13940938
12.863906	0.13935618
12.895905	0.13943598
12.928064	0.13978177
12.960384	0.13988818
12.992874	0.13996798
13.025519	0.14015418
13.05833	0.14020738
13.091305	0.14023396
13.124448	0.14036697
13.157759	0.14057977
13.191238	0.14065959
13.22489	0.14063297
13.258701	0.14073937
13.292698	0.14089897
13.326869	0.14108516
13.361217	0.14129795
13.395742	0.14127137
13.430446	0.14135118
13.46533	0.14164376
13.500397	0.14182995
13.535651	0.14190976
13.571085	0.14209597
13.606705	0.14236195
13.642511	0.14254816
13.678508	0.14273435
13.714694	0.14297375
13.751073	0.14326634
13.787644	0.14361215
13.82442	0.14406435
13.861383	0.14427714
13.898545	0.14448994
13.935907	0.14472933
13.97347	0.14504853
14.011236	0.14539433
14.049208	0.14579332
14.087384	0.14605933
14.125755	0.14624552
14.16435	0.14643171
14.203156	0.14685731
14.242176	0.14725631
14.281411	0.14757551
14.320862	0.14781491
14.360532	0.14802772
14.400422	0.14834692
14.440542	0.14877251
14.48088	0.14903851
14.521442	0.14930449
14.562233	0.1495439
14.603253	0.14991629
14.644506	0.15015569
14.685991	0.15052809
14.727713	0.15087388
14.76966	0.15129948
14.811859	0.15164527
14.8543	0.15207087
14.896984	0.15244327
14.939916	0.15350726
14.983094	0.15430525
15.026524	0.15422544
15.070205	0.15438505
15.11415	0.15483725
15.158343	0.15544905
15.202796	0.15598103
15.24751	0.15638003
15.292488	0.15693863
15.337732	0.15744402
15.383245	0.15794942
15.429028	0.15861443
15.475092	0.15922621
15.521424	0.1597582
15.568036	0.160503
15.614927	0.1611414
15.662103	0.1617
15.709563	0.16217878
15.757313	0.16255118
15.805353	0.16281718
15.853672	0.16329597
15.902304	0.16388117
15.951234	0.16454616
16.000465	0.16539735
16.050003	0.16608894
16.099848	0.16672735
16.150003	0.16741894
16.200472	0.16813712
16.251265	0.16901493
16.30237	0.16962671
16.353796	0.1703715
16.405548	0.17146212
16.45763	0.17263249
16.510042	0.17353688
16.56279	0.17468068
16.615877	0.17590426
16.669313	0.17712785
16.723085	0.17811204
16.777206	0.17952183
16.831676	0.18114442
16.886503	0.18295319
16.941689	0.18468219
16.997234	0.18641116
17.053146	0.18853915
17.109409	0.19098634
17.166063	0.19353992
17.223093	0.19646588
17.280504	0.19957805
17.338299	0.20292962
17.396481	0.2060152
17.455055	0.20936677
17.514025	0.21282473
17.573404	0.2161763
17.633179	0.21936828
17.693359	0.22160268
17.753954	0.22274645
17.814964	0.22306564
17.876394	0.22213465
17.938251	0.22019286
18.000536	0.2173201
18.063269	0.21394193
18.126427	0.21013816
18.190027	0.2062812
18.254078	0.20245083
18.318579	0.19907266
18.383539	0.19558808
18.448961	0.19276853
18.514851	0.19058733
18.58119	0.18824655
18.648029	0.18619838
18.715351	0.18484178
18.783159	0.18329899
18.851461	0.1820754
18.920263	0.18087842
18.989569	0.18005383
19.059383	0.17880362
19.129725	0.17784604
19.200575	0.17755345
19.271952	0.17718107
19.343863	0.17670226
19.416311	0.17590426
19.489305	0.17542547
19.562849	0.17545205
19.636951	0.17539887
19.711594	0.17539798
19.786827	0.17553641
19.862638	0.1754432
19.939034	0.17521849
20.016018	0.17492212
20.093599	0.17462906
20.171785	0.17451434
20.250582	0.17473918
20.330009	0.17528462
20.410049	0.17604817
20.490723	0.17677978
20.572035	0.17724289
20.653994	0.17743684
20.73661	0.17746127
20.819889	0.17757276
20.903841	0.17796892
20.988487	0.17841099
21.073807	0.17859943
21.159821	0.17847902
21.246542	0.17811954
21.333977	0.17784469
21.422132	0.17794579
21.511023	0.17827514
21.600651	0.17857657
21.691	0.17863761
21.782139	0.17836632
21.874046	0.17813921
21.966734	0.17832121
22.060209	0.17868286
22.154484	0.1789231
22.249567	0.17911334
22.34547	0.17944051
22.442221	0.18015534
22.539797	0.1814376
22.638224	0.18307807
22.737514	0.18478155
22.837679	0.18634044
22.93873	0.18758731
23.04068	0.18844739
23.143541	0.18889226
23.247343	0.1889911
23.35206	0.18882957
23.457727	0.18844722
23.564352	0.18788359
23.671953	0.18722379
23.78054	0.18659362
23.890127	0.18622711
24.000731	0.1863372
24.112324	0.1869071
24.224998	0.18784595
24.338732	0.18901378
24.453537	0.19031511
24.569429	0.19191366
24.686426	0.19395602
24.804543	0.19621818
24.923796	0.19844747
25.044222	0.20070393
25.165796	0.20313716
25.288555	0.20591408
25.412519	0.20911476
25.537704	0.21241613
25.664127	0.21544227
25.791811	0.2180801
25.920769	0.22031881
26.051052	0.22229414
26.182623	0.22413504
26.315529	0.22576079
26.449793	0.22711001
26.585432	0.22843412
26.722471	0.23011439
26.860929	0.23269333
27.00083	0.23655266
27.142149	0.24116643
27.285002	0.24591969
27.429367	0.25090733
27.575268	0.25629333
27.722729	0.26175919
27.871777	0.26695791
28.022434	0.27199957
28.17473	0.27709499
28.328716	0.28235298
28.484369	0.28784907
28.641743	0.29361361
28.800863	0.2993868
28.961761	0.30374059
29.124468	0.30531719
29.289013	0.30453351
29.455427	0.30223688
29.623777	0.29902828
29.794029	0.29541808
29.966249	0.29173201
30.140471	0.28813279
30.316732	0.28427824
30.495066	0.27988636
30.67551	0.27553332
30.858103	0.27200443
31.04282	0.26991573
31.229824	0.26953956
31.419096	0.26982549
31.610676	0.26962721
31.804607	0.26903254
32.000931	0.26845151
32.199696	0.26823959
32.400944	0.26851535
32.604759	0.26842085
32.811115	0.2672334
33.020103	0.26601914
33.231773	0.26614228
33.446171	0.26803669
33.663353	0.27154842
33.883377	0.27505982
34.106293	0.27699077
34.332088	0.27782303
34.560966	0.2785182
34.792919	0.27963525
35.028008	0.28128308
35.266293	0.28205937
35.507843	0.28082746
35.752724	0.27949932
36.001007	0.28034797
36.252811	0.28337342
36.508114	0.28774923
36.767036	0.29177791
37.029659	0.29394972
37.296059	0.29481423
37.566319	0.29546627
37.840527	0.2968303
38.118767	0.2994262
38.40118	0.30210894
38.687756	0.30348566
38.978642	0.30324215
39.273933	0.30164525
39.573734	0.30020636
39.878147	0.30029866
40.187283	0.30099928
40.501244	0.30127245
40.820042	0.30242655
41.144012	0.30587322
41.473164	0.31051362
41.807625	0.31470326
42.147522	0.31765062
42.492992	0.31893897
42.844173	0.31889713
43.20121	0.31790718
43.564312	0.31563523
43.933502	0.31204963
44.309002	0.30929115
44.690975	0.30958459
45.079594	0.31253088
45.475029	0.31688786
45.87746	0.32102665
46.287083	0.32344782
46.704159	0.32401714
47.128742	0.32318288
47.561119	0.32227254
48.001499	0.32245994
48.450111	0.32292971
48.907188	0.32266834
49.372971	0.32236335
49.847713	0.3228437
50.331509	0.32336017
50.824955	0.3231006
51.328171	0.32304296
51.841454	0.32425529
52.365105	0.32580692
52.899441	0.32638305
53.444794	0.32567099
54.001511	0.32388097
54.570061	0.32231799
55.150593	0.32207108
55.74361	0.32163855
56.349518	0.3194235
56.968742	0.31697157
57.60173	0.31625819
58.24894	0.31683519
58.910862	0.31780964
59.588123	0.31948566
60.28101	0.32227427
60.9902	0.32548973
61.716274	0.32808301
62.459846	0.32900131
63.221554	0.32748857
64.002068	0.32437962
64.802094	0.32088134
65.622093	0.3175377
66.463402	0.31510839
67.326561	0.31592852
68.21244	0.32161885
69.121933	0.32795835
70.056015	0.32993394
71.015686	0.32798243
72.002014	0.32427034
73.016319	0.32132146
74.05941	0.32106236
75.132736	0.32143444
76.237625	0.32000202
77.375504	0.31862515
78.547859	0.31967953
79.756294	0.32147977
81.002487	0.32170305
82.28849	0.32125315
83.61573	0.3219054
84.986481	0.32460749
86.402931	0.32964849
87.867393	0.33514252
89.382355	0.33868352
90.95047	0.33935449
92.574593	0.33700857
94.25721	0.33325934
96.002708	0.33001128
97.814079	0.32721153
99.695114	0.32456508
101.64992	0.32342812
103.68291	0.32519332
105.79889	0.32841226
108.00303	0.33094537
110.30139	0.33244494
112.69925	0.33311218
115.20368	0.33321518
117.82195	0.33287117
120.562	0.33122063
123.43254	0.32758889
126.44309	0.32410702
129.60419	0.32325843
