# Magnesite, Chemical Formula: MgCO_3_
# Sample ID: R040114
# wavelengths (microns), reflectance
2.500225020251823	0.03013694
2.5014314441439116	0.03012917
2.502638406540095	0.03045592
2.503847161163127	0.02949226
2.505056456457359	0.02875132
2.5062669204345465	0.02900454
2.507479183534688	0.02713123
2.5086919905743423	0.02661093
2.50990660135555	0.02572689
2.511121758267366	0.02481212
2.5123387235560646	0.02689525
2.51355623717615	0.02937714
2.514775563825255	0.02717507
2.5159954410162606	0.02565804
2.5172171359053084	0.02662371
2.5184393835565553	0.0272775
2.5196634535918307	0.02662646
2.5208880786194405	0.02641135
2.5221145307341093	0.02756558
2.5233415400811356	0.0262116
2.5245697438899732	0.0259342
2.525799781871931	0.02763201
2.52703038046464	0.02996651
2.5282628179764544	0.02762261
2.529495818363988	0.02483434
2.5307306624339354	0.02673564
2.5319660716546397	0.02892122
2.533203329338472	0.02767683
2.5344411544582215	0.02648501
2.535680832839298	0.02537914
2.5369210809516294	0.02509543
2.538163187141056	0.02615328
2.5394058653673035	0.02384139
2.540650406504065	0.02232664
2.5418955219934967	0.02404641
2.54314185848738	0.02527442
2.5443900651745515	0.02518999
2.5456388497072644	0.0262312
2.5468895093111734	0.02484052
2.5481407491024175	0.02637656
2.549393868860709	0.02769135
2.5506475711586036	0.02762608
2.551903158337425	0.02740998
2.5531593304186466	0.02783442
2.5544173923127875	0.02741878
2.555676041482711	0.02730119
2.556936585415745	0.02828097
2.558197719008586	0.02706439
2.5594607523330124	0.02707996
2.560724377711967	0.02743086
2.5619892514302944	0.02697203
2.5632560323667466	0.0273069
2.564523408969677	0.02746875
2.565792697805298	0.02504934
2.5670625847291095	0.0235618
2.568334388918767	0.0224597
2.5696067936292253	0.02490379
2.570881120657364	0.02448964
2.572156050649868	0.02407034
2.5734329080306546	0.02316383
2.5747103708303856	0.02229305
2.575989766107857	0.02547236
2.577269769269924	0.02648122
2.578551710018137	0.0259697
2.5798342611277283	0.02574159
2.5811180887336778	0.02508754
2.5824038616234386	0.02279789
2.5836902486104267	0.02313107
2.5849785860373933	0.02168497
2.5862675400664568	0.02545337
2.5875584497109307	0.02648948
2.5888499784737125	0.02559645
2.590143468046695	0.0241124
2.591437579265597	0.02459807
2.5927336565089414	0.02407642
2.594030357937279	0.02554072
2.5953290306238443	0.02136546
2.5966283300460016	0.02131648
2.5979296059798105	0.02346691
2.599231511211395	0.0250301
2.6005347219495274	0.0263134
2.6018399171157873	0.02364188
2.603145745444625	0.02242757
2.604453563504521	0.02196
2.6057620173184155	0.01837485
2.60707246618627	0.01947717
2.608383553411348	0.02261556
2.6096966410333566	0.02433581
2.611010369627683	0.02346191
2.612326103982073	0.02355717
2.61364248193581	0.02162471
2.6149608710330066	0.0217981
2.616279906368575	0.02303178
2.6176009582513586	0.02022631
2.6189226590236028	0.02039401
2.620245695198347	0.02236074
2.6215707560636274	0.02063873
2.622896469817412	0.0235937
2.6242242137168197	0.02365497
2.6255526131862603	0.02412389
2.626883048277119	0.02366676
2.628214141631832	0.02258238
2.6295472761045677	0.02243337
2.630881071547337	0.02036497
2.6322169136256446	0.02147952
2.6335534193925922	0.02446044
2.6348919773336053	0.02430826
2.6362312016943585	0.02325284
2.63757248378882	0.02361577
2.6389144350466838	0.02454747
2.640257752522832	0.02327948
2.641603136111243	0.0244501
2.6429491930018933	0.02542362
2.644297321617686	0.02344104
2.645646126311083	0.02302512
2.6469970083639813	0.02290685
2.6483485692826525	0.02415581
2.649702213216768	0.0242721
2.6510565388176976	0.02256867
2.6524129531117047	0.0235736
2.653770051886512	0.02216363
2.655129245053826	0.02188994
2.6564891255289402	0.02175562
2.657851106117895	0.02184817
2.659213776854735	0.02177737
2.660577845581126	0.02093261
2.661944023043917	0.02085488
2.6633108949390434	0.02072884
2.6646798813471344	0.02093143
2.666049565060674	0.01881353
2.6674213690860267	0.02029926
2.6687938733032808	0.01945738
2.6701685036535916	0.02017447
2.6715438370956686	0.01616696
2.672921302514551	0.02127841
2.6742994739385506	0.02224374
2.6756797832057213	0.02136545
2.6770608014049215	0.02043332
2.6784439633363877	0.0213659
2.6798278371404307	0.01898997
2.6812131416980924	0.01799299
2.6826005988637576	0.0209552
2.683988772338168	0.02316002
2.6853791043669903	0.02187595
2.686770155679523	0.0208231
2.688163371516006	0.02204022
2.689557309625065	0.02392217
2.6909534182508534	0.02368172
2.692350252152063	0.02067116
2.6937492625861394	0.02028498
2.6951490013125374	0.02160246
2.6965509226114155	0.02280029
2.6979535752336496	0.02231892
2.6993584164915685	0.02102219
2.7007639921180906	0.02136999
2.7021710322941863	0.02098645
2.7035802702444767	0.02311315
2.7049902471576637	0.0245141
2.7064024279677463	0.02265678
2.707815350821849	0.02103951
2.7092304837195567	0.02205927
2.7106463617569	0.02195642
2.712064456008687	0.02011684
2.7134832985102975	0.02077836
2.714904363421442	0.02091304
2.7163261797072504	0.02420756
2.717750224622056	0.02526476
2.7191750240511032	0.02235466
2.720602058353105	0.02022468
2.722029850323745	0.01889583
2.723459141712745	0.02143808
2.7248906773860235	0.01917578
2.726322975487085	0.02017682
2.727757524178161	0.02064312
2.729192838488824	0.02157194
2.7306304097201703	0.02325157
2.7320687497780196	0.0228873
2.7335093531122783	0.02354673
2.734950728495151	0.02232299
2.736394373535345	0.0201163
2.7378387938615463	0.0218852
2.739285490251294	0.0213484
2.74073296517981	0.02167527
2.742182722603538	0.02363816
2.7436332618342503	0.02318779
2.745085336467855	0.02449624
2.7465397032913157	0.02632157
2.747994856852826	0.02439368
2.749452309100027	0.02194128
2.750910551392511	0.02328177
2.7523710988924184	0.02439918
2.753832439760604	0.0246144
2.755296092383976	0.02384003
2.7567605417144736	0.02140895
2.758227309374084	0.02419612
2.7596948770956087	0.02535705
2.76116476974647	0.025692
2.762635465830067	0.02525248
2.7641084934696556	0.02509722
2.7655823279289247	0.02638926
2.767057734936345	0.02758401
2.7685354834887312	0.0265871
2.770014043971203	0.0273314
2.7714949526919668	0.02603298
2.7729766767704693	0.02678125
2.7744607558075014	0.02632696
2.775945653646371	0.02588231
2.7774329131910567	0.02682658
2.77892099499822	0.02816142
2.780411445285673	0.028634
2.78190272131288	0.02785802
2.783396372622179	0.0279889
2.7848908531652374	0.02863259
2.7863877158196604	0.02835935
2.787885411218674	0.0287221
2.7893847175190096	0.0306593
2.790886416225544	0.0304689
2.7923889529742154	0.0295374
2.7938938890276526	0.0299673
2.7953996666765435	0.02970398
2.7969078505567384	0.0301733
2.798416879602871	0.03030333
2.799928321834961	0.02963599
2.8014406128207368	0.02964245
2.802955323975387	0.02829759
2.8044708874888347	0.02875816
2.8059888781824824	0.03133274
2.807507724857505	0.03102533
2.8090290057526106	0.03074571
2.810551146269232	0.0327886
2.8120749372977594	0.03549019
2.813601173159145	0.03415589
2.8151282741349393	0.03260331
2.8166578270555194	0.03179357
2.8181882487750043	0.03148498
2.8197211295802846	0.03090613
2.8212548828868886	0.02997262
2.8227911024495334	0.03036082
2.8243281982339474	0.03163119
2.825867767474036	0.0324173
2.8274082166744705	0.03222526
2.828951146559755	0.03271433
2.8304949601621985	0.03396815
2.832041261708367	0.03440658
2.833588450746849	0.03340469
2.8351373312171866	0.03294414
2.8366887105746366	0.0344223
2.8382409831212647	0.03551045
2.839795761888805	0.0349253
2.8413514376670004	0.03436561
2.8429096270301573	0.03295909
2.844468717244165	0.03274659
2.8460303284375916	0.03491835
2.8475928443408933	0.03563438
2.8491578886486413	0.03496862
2.8507238415442258	0.03368646
2.852292330300015	0.03352059
2.853861731540652	0.0340962
2.8554336761281465	0.0343098
2.8570065371166575	0.03323855
2.858581131820896	0.03274999
2.8601582811592796	0.03400953
2.861736352808594	0.03471175
2.8633169866566566	0.03456685
2.864898546780212	0.0345856
2.866482676698592	0.03511422
2.8680677368765823	0.03467089
2.8696553744771127	0.03253251
2.8712439463410444	0.03255517
2.8728351032870405	0.03327232
2.874427198520015	0.03277297
2.8760218865265563	0.03241234
2.877617516863558	0.0329165
2.879215747697779	0.03248716
2.8808149249259634	0.03256265
2.8824158795749706	0.03289665
2.884019446366323	0.03252538
2.88562396568416	0.0333694
2.8872311049491186	0.03361963
2.888839200854634	0.03296753
2.890449924544805	0.03345113
2.8920616090100446	0.03432081
2.893675929130404	0.03472864
2.895291214180905	0.03423828
2.8969091427901	0.03397072
2.89852804050519	0.03641297
2.9001495897158374	0.03639989
2.901772112228938	0.03437424
2.9033972942079256	0.03395002
2.9050234537068533	0.03437018
2.906651435813143	0.03339807
2.9082820894029178	0.0321902
2.909913726877826	0.03188683
2.9115480438910044	0.03132701
2.9131833490596684	0.03089282
2.9148213418554936	0.03130893
2.9164603270985245	0.03188359
2.9181020080918967	0.03239573
2.919744685845691	0.03253689
2.921390067507482	0.03197911
2.9230364502645347	0.03126571
2.9246855451219025	0.03182465
2.9263356454311267	0.03238249
2.9279884660678346	0.03196199
2.929642296534878	0.03153246
2.9312979963405676	0.03245278
2.9329564288791796	0.03218391
2.934615877856592	0.0311758
2.936278067882051	0.0311598
2.9379412787800727	0.03060872
2.939607239076787	0.03094199
2.9412742247021737	0.03260632
2.9429439681126133	0.03299453
2.944614741330318	0.03074566
2.9462882807553457	0.03009956
2.9479628544888485	0.03015927
2.9496402028880517	0.03058809
2.9513185901196937	0.02986632
2.952999760511719	0.02931417
2.954681974283039	0.02985997
2.9563661057356163	0.03046514
2.958053033158	0.03092385
2.959741010822589	0.03081275
2.9614317930433005	0.03088882
2.963123630110907	0.03062501
2.9648182803579606	0.02973281
2.966513990079977	0.02991716
2.9682125216419797	0.03077968
2.969912117330536	0.03120907
2.9716145435570347	0.02996579
2.973318038585343	0.02897701
2.975024372887175	0.02934747
2.976731780689881	0.02978665
2.9784420365395268	0.0298061
2.980153370613065	0.03002734
2.9818666723918508	0.02902542
2.9835828354479474	0.02895548
2.9853000838570796	0.02896354
2.987020202412437	0.02768682
2.9887414111043697	0.02682632
2.990465498850017	0.02754771
2.992190681540248	0.02790652
2.9939187522304698	0.02828948
2.9956479226979047	0.02927022
2.9973799901506095	0.02837247
2.999113162237926	0.02757667
3.000849240335015	0.02827836
3.0025864279490353	0.02691873
3.00432653063677	0.02585655
3.006067747748831	0.02722049
3.007810984345246	0.02758223
3.009557149684538	0.02615632
3.011304436855957	0.02609437
3.01305466193376	0.02625464
3.014806013814444	0.02694635
3.0165603128052383	0.02740373
3.0183157435952848	0.02685124
3.020074130739613	0.02716128
3.021833654705343	0.02757619
3.0235961443101966	0.02742408
3.0253597757845365	0.0268077
3.027126382223745	0.02543348
3.0288941356066195	0.02618564
3.0306648733212387	0.02688348
3.032436763079961	0.02672714
3.034210725934916	0.02706526
3.0359876872483356	0.02685837
3.037765808305434	0.02559139
3.039546937291715	0.02525952
3.0413292311884663	0.0250129
3.043114542527069	0.02556215
3.044901023969765	0.0258727
3.0466905324091704	0.02478782
3.04848121617329	0.02397528
3.0502749365314044	0.02457745
3.0520698374620205	0.02528047
3.0538677846265854	0.02530856
3.055666917638776	0.02513028
3.0574691065677797	0.0246621
3.0592724866470404	0.02438422
3.0610779953489984	0.02504839
3.0628865745717935	0.02574779
3.064696352950046	0.02580887
3.0665092116403465	0.02556524
3.068323274858251	0.02443232
3.070140428223187	0.02290967
3.071958791515987	0.02311489
3.073780254834826	0.02406127
3.075602933510078	0.02434075
3.0774287221346524	0.02401026
3.079255731572656	0.02516807
3.081085860927795	0.02503217
3.0829172165820253	0.02323079
3.084751702165989	0.02245162
3.0865874195635317	0.02365939
3.088425323111057	0.02387422
3.0902663716904404	0.02381903
3.092108660408857	0.02306731
3.093954104284817	0.02280672
3.0958007938871557	0.02357063
3.0976506488184166	0.02349816
3.099501755092869	0.0227729
3.1013560369135798	0.02245017
3.1032115757239485	0.02195036
3.105070300344135	0.02235965
3.1069302876302856	0.02293473
3.108793471036304	0.02196484
3.1106579228146227	0.0222807
3.1125255810696197	0.0233075
3.114394513433474	0.02319631
3.1162656915663565	0.02264038
3.118140091798044	0.02277768
3.1200157747997572	0.02298795
3.1218946903751674	0.02284856
3.12377489453355	0.02236311
3.125658341788239	0.02187051
3.1275430834697464	0.02167087
3.129431078818164	0.02154588
3.131320374468341	0.02264163
3.133212934404307	0.02347534
3.135106800548267	0.02349852
3.1370039416454527	0.02230443
3.13890239488836	0.02120703
3.1408041338007684	0.02197848
3.1427071908283235	0.02255827
3.144612555431658	0.0221093
3.146521221869707	0.02178673
3.1484312154361285	0.02087246
3.1503445216768906	0.02071851
3.152259161095574	0.02099857
3.1541771240780734	0.02017337
3.1560964263204556	0.01978584
3.1580190630662726	0.02056924
3.1599430451865533	0.01991072
3.1618703728003266	0.01933677
3.163799051935976	0.02031887
3.1657310876059097	0.0198949
3.167664480978175	0.0185145
3.1696012419765505	0.01853879
3.1715393668909684	0.01895
3.1734798634768966	0.01821923
3.175423744421574	0.0182298
3.17736899866487	0.01864743
3.179317648487646	0.01867447
3.1812676779068276	0.01849083
3.183221114178321	0.01800725
3.185175936378022	0.01748795
3.1871341767552743	0.01724873
3.1890938094267702	0.01792593
3.191056871653778	0.01762657
3.193021332575523	0.01769631
3.1949892344837747	0.01750014
3.196958541521938	0.01743924
3.1989313010309517	0.01781482
3.200905472139959	0.01707903
3.2028820814121377	0.01715528
3.204862160480909	0.01721593
3.206843660919896	0.01722121
3.2088286427745842	0.01682688
3.2108150525578316	0.01617896
3.212804955430363	0.0161722
3.2147962928255067	0.01627083
3.2167911350383185	0.01501961
3.2187874184037386	0.01376069
3.2207872183703397	0.01426435
3.222788466155726	0.01446922
3.2247932423812644	0.01476173
3.226799473128182	0.01458505
3.2288092442100185	0.01438035
3.230820476552482	0.01415406
3.2328352611807607	0.01514493
3.2348515138458116	0.0154741
3.23687028307078	0.01518775
3.238892622612329	0.01490893
3.2409164404236916	0.01436558
3.242943840644334	0.01412305
3.244972726004238	0.01406229
3.247005205923447	0.0129011
3.249039177889119	0.01283023
3.251076756621793	0.01306808
3.253115834346137	0.01404482
3.2551585311032025	0.01347857
3.2572027338353986	0.01221365
3.2592505679244113	0.01226881
3.261299915010524	0.0132284
3.2633529058362782	0.01421571
3.2654074167198655	0.01459879
3.267464516152221	0.01451143
3.269525278007735	0.01452182
3.271587570584502	0.01408384
3.2736535381156395	0.01434999
3.2757210435267985	0.0143995
3.277792236483532	0.0135286
3.279864974518729	0.01298501
3.2819414127510647	0.01333344
3.2840194033002423	0.01337172
3.286101106758853	0.01374951
3.288184369812889	0.01330263
3.2902713585497536	0.01274564
3.2923599142011004	0.01319021
3.294452208370149	0.01247673
3.2965460768134793	0.01124693
3.2986426085665745	0.01107976
3.3007428982040987	0.0115168
3.302844773231632	0.0120954
3.304950419133812	0.01178983
3.307057657888854	0.01196587
3.3091686805715725	0.01191831
3.311281303611714	0.01110655
3.3133977236957635	0.0110735
3.315515751683785	0.01135948
3.3176375898955373	0.01117871
3.319761043600082	0.01221767
3.3218883207721666	0.01134248
3.324017221068419	0.009879798
3.326149958140403	0.01000011
3.3282843260107753	0.01017688
3.3304214348587884	0.01031
3.3325624005646692	0.01126746
3.334705008660229	0.0109787
3.3368514870845494	0.0101206
3.338999615681144	0.009345198
3.3411516281431886	0.009557148
3.343305298603969	0.01040997
3.345462866533093	0.01027396
3.3476221003315816	0.01018452
3.3497852452679258	0.009827894
3.3519500639887263	0.008653796
3.354118807583931	0.008809757
3.356289232923452	0.009326095
3.35846359694138	0.009199705
3.3606396507085576	0.008892906
3.362818526170799	0.008736644
3.365001361143051	0.008357506
3.3671858979560847	0.008454293
3.36937440825362	0.008654078
3.3715646285108947	0.009116507
3.3737588362961124	0.009523725
3.3759547622061863	0.01007527
3.3781546897570296	0.009777169
3.3803563436443214	0.009064048
3.3825620133550314	0.00991071
3.384769417660576	0.01039309
3.386980852042451	0.0102677
3.3891940293246625	0.0103185
3.3914112510068253	0.009989906
3.3936302239422647	0.009562136
3.395852102490892	0.008722481
3.398078047056585	0.007658017
3.4003057554935343	0.00736334
3.4025375444498995	0.006884451
3.404771105750488	0.00718824
3.4070087621451344	0.007675581
3.4092481994055635	0.006954481
3.4114917464074437	0.006531684
3.413737082845596	0.006501683
3.4159865437458072	0.006251721
3.418237802702049	0.00697366
3.42049320091464	0.007986676
3.4227504058526295	0.007618548
3.425011764915413	0.007467718
3.4272749394229156	0.008081713
3.4295411068226604	0.008736876
3.4318114507879955	0.009633915
3.4340836233703125	0.009641398
3.4363599875741224	0.00939933
3.4386381892406384	0.009739082
3.4409205976603805	0.009767882
3.443204852439734	0.009443011
3.445493329180365	0.008911683
3.4477836612290518	0.008489778
3.450078230523877	0.007557156
3.4523746641271003	0.00746113
3.454675350338627	0.007298561
3.456977909911156	0.007441232
3.4592847375319593	0.00783401
3.461593447618995	0.007609644
3.463905241408216	0.007342159
3.4662213265506314	0.007829083
3.4685393079154148	0.007857712
3.4708615962700735	0.007437504
3.4731857900855134	0.006810575
3.4755143066070917	0.0065089
3.4778447378817976	0.006288972
3.480179507659005	0.006271253
3.4825162015359985	0.00584631
3.484857249792477	0.005391203
3.487200231550095	0.005587623
3.489547583645328	0.005134095
3.491896878698137	0.004626747
3.4942505601283647	0.003851797
3.496606194028076	0.003243466
3.4989650061511806	0.002913933
3.501328228863619	0.00238115
3.5036934184170243	0.002384268
3.5060630348060897	0.001843043
3.508434627688426	0.001471072
3.51081066373631	0.001571053
3.5131886859866284	0.002713088
3.515571167816493	0.003327312
3.51795564561522	0.00365505
3.520344599492155	0.00464914
3.522735559162054	0.005581387
3.525131011494042	0.006294841
3.5275284795011794	0.005776711
3.52993045684007	0.004905761
3.5323344597947925	0.005563382
3.5347417393969236	0.006071843
3.537153553495203	0.00610398
3.539567408229636	0.00545247
3.5419858143468135	0.00470034
3.5444062711889033	0.004575755
3.5468312963881194	0.00452052
3.549258382460985	0.004491066
3.5516900539537235	0.004451418
3.554123796529256	0.004871716
3.556562141676364	0.005431504
3.5590025681762536	0.005589096
3.5614476144889657	0.005532478
3.563894752485728	0.005388211
3.5663465276267035	0.005005294
3.568800404844718	0.004627719
3.5712576612404976	0.005035962
3.573719580945642	0.005425555
3.5761836184326516	0.005540513
3.578652336788403	0.005550943
3.581123183475265	0.005699362
3.583598728682515	0.005707738
3.5860764128334197	0.005181887
3.588558813249246	0.004897689
3.5910433632850287	0.005220463
3.5935326474237783	0.005064967
3.596024091923006	0.005129132
3.598520288457386	0.005153975
3.6010186561574535	0.005556899
3.6035217939196333	0.005970193
3.6060271137178677	0.005494521
3.60853591954697	0.005501356
3.611049522655364	0.006151749
3.613565324227149	0.006410403
3.6160859413449167	0.006211325
3.618608767961417	0.005738324
3.6211364284876253	0.005643594
3.6236663096147463	0.005852234
3.6262010431129923	0.005699287
3.628738008381659	0.005210082
3.631279844581223	0.005212733
3.6338239237885377	0.005031711
3.6363728925855447	0.005057809
3.638924115695953	0.005498342
3.6414802471545475	0.005905908
3.644038644301015	0.006138277
3.646600638884432	0.0061225
3.6491675701397375	0.00572676
3.6517367842732846	0.005972115
3.6543109540894294	0.006165228
3.656887418332562	0.005829673
3.6594688573711034	0.005273724
3.6620526024559923	0.00541126
3.664641341551902	0.005346426
3.6672323983846575	0.004903328
3.6698284685475517	0.00501014
3.6724268682094534	0.005612334
3.675030300624829	0.005377438
3.67763607437357	0.005178587
3.6802469004040543	0.005432738
3.682860079674995	0.005835281
3.6854769725870535	0.005965047
3.6880989472690366	0.006019943
3.6907232931881055	0.005915436
3.693352740670868	0.005707897
3.6959845714820045	0.004763674
3.6986215237580953	0.004995827
3.7012608715284947	0.005911122
3.7039053607733456	0.006298124
3.7065522577536436	0.005569688
3.7092043163268786	0.005460012
3.7118587949524655	0.005626966
3.7145184553992197	0.005541371
3.7171805482915654	0.005825776
3.719847843343816	0.005571145
3.722517583311805	0.005368293
3.7251911581842823	0.005745065
3.7278699659309966	0.006158227
3.7305512374424983	0.006208971
3.733237762446615	0.006020176
3.7359267638804625	0.006189308
3.738621039538535	0.006129107
3.741317804370233	0.006695214
3.744019864271792	0.006882929
3.7467244261704202	0.007037633
3.749434304099369	0.007115898
3.7521466969289805	0.00718715
3.7548644268650038	0.007396082
3.7575846846860386	0.007117096
3.7603103008060224	0.007462728
3.7630384578767355	0.007946127
3.7657705764528626	0.008091182
3.768508085334097	0.008301269
3.7712481549168406	0.008384169
3.77399363629193	0.008181815
3.776741691640371	0.007974583
3.7794951803877455	0.008235458
3.7822512564638675	0.008244351
3.7850127876657034	0.008010244
3.7877769196358737	0.008634016
3.790546528579584	0.009034632
3.7933187518160514	0.008500829
3.7960964739957905	0.008565895
3.798876824078193	0.009472231
3.8016626951963715	0.009324077
3.8044512079132584	0.009073423
3.807243814370975	0.009073704
3.810041975232441	0.008918899
3.8128427983978432	0.009207177
3.81564919837026	0.00929664
3.818458274560896	0.008879965
3.821272950087679	0.00837574
3.824090315835443	0.008699713
3.8269133035752554	0.008842903
3.82973899562797	0.008470502
3.832570332456313	0.008550732
3.835404387779328	0.008606095
3.838244110790148	0.008552961
3.841086566567951	0.008396298
3.843934713075259	0.00818849
3.8467856067131025	0.008848277
3.8496407322786603	0.009526849
3.852501583378151	0.009303822
3.8553652033242503	0.008461084
3.8582345721738722	0.008661963
3.86110672446486	0.009631115
3.863984649161786	0.009995515
3.866865371988582	0.009233573
3.869751890857518	0.009220034
3.8726412226393054	0.009768948
3.875536374234194	0.009802391
3.8784343536201304	0.01021444
3.881338176725866	0.01074132
3.8842448425968037	0.01106314
3.8871573762309652	0.01143176
3.8900727677011924	0.01152764
3.8929925355761124	0.01136872
3.8959182075347836	0.01132269
3.8988467601168253	0.01121392
3.90178124117222	0.01076469
3.904718618166938	0.01180858
3.9076619481648645	0.01262814
3.9106081895174585	0.01314778
3.9135604085443982	0.01365931
3.9165155544415247	0.01296087
3.9194767028264526	0.01207011
3.92244079369805	0.0130359
3.9254109120142697	0.01336414
3.928383988535404	0.01362328
3.931363117602403	0.01388438
3.934345220695128	0.01420065
3.937331851321624	0.01411971
3.940324572415679	0.0137318
3.943320291458689	0.01337146
3.9463221264362143	0.01378718
3.9493269754434794	0.01386353
3.9523379660004077	0.01396858
3.9553519867733034	0.01431609
3.958372174860299	0.01405287
3.961395409455772	0.01337525
3.9644248372801822	0.01290436
3.9674573280127086	0.01186176
3.970496038040528	0.01020913
3.9735378274840873	0.009406582
3.9765858624419423	0.009329921
3.979636993432007	0.009418907
3.9826928101243237	0.009251583
3.9857549119447095	0.008798893
3.9888201349258297	0.009047433
3.991891669640626	0.009192515
3.994966342408565	0.007929868
3.9980473536724666	0.006596472
4.001131519993854	0.006616161
4.004222051731346	0.006597237
4.007315755643503	0.006454846
4.010415852050946	0.006658614
4.013519137863981	0.006807927
4.016628843411724	0.006497492
4.019741755710646	0.006450345
4.0228611151451465	0.006434046
4.025983698792004	0.006041073
4.02911113376367	0.006238068
4.032245057274009	0.006871626
4.0353822314049586	0.006732844
4.038525921884409	0.005623199
4.041672880738721	0.005171623
4.0448263839171235	0.005529319
4.047983173343545	0.005581321
4.05114653523667	0.005700069
4.054313201370844	0.006590229
4.057486468282629	0.006514899
4.060663057549341	0.005780932
4.063846276074146	0.005736582
4.067032835189595	0.006008371
4.070226052214488	0.005363224
4.073422628188573	0.005521338
4.076624229008442	0.006753886
4.079832531034266	0.00653847
4.0830442197772046	0.005724469
4.086262638810341	0.00517365
4.089484463230628	0.004794318
4.09271304720085	0.004918686
4.09594505535465	0.004938382
4.099183852494968	0.004647896
4.102426092742727	0.004923692
4.105675151591791	0.005363809
4.108927672600643	0.006000007
4.112187042005169	0.00590179
4.115449892751376	0.005285288
4.118719621868589	0.005212638
4.121992851639996	0.00571834
4.125271288153087	0.005644705
4.128556648338628	0.006076886
4.131845538391869	0.006373148
4.13514138255144	0.005449382
4.138440776222506	0.00501768
4.141747154619705	0.005851025
4.145057102306641	0.005596979
4.148374065526887	0.005478926
4.151694617950682	0.005396629
4.155022216903793	0.005222687
4.158353425110966	0.005143448
4.161691711033768	0.005496602
4.165033626398983	0.00580685
4.168382650857936	0.005665724
4.171735325086647	0.005352486
4.175093396839287	0.005329181
4.178458625111618	0.004593135
4.181827533905213	0.004588129
4.18520363108267	0.005171488
4.188583429461323	0.005652922
4.191970448285128	0.005826673
4.195361189133175	0.005527163
4.198759182686333	0.005128855
4.202160919231106	0.004884368
4.2055699409411815	0.004458536
4.208982726755788	0.004339411
4.21240283039771	0.004735261
4.215826719403848	0.005426918
4.219256178889712	0.005649216
4.222693005573532	0.005572823
4.226133649786221	0.005895171
4.2295816943704265	0.006042797
4.233033578115555	0.005318884
4.236492895613238	0.004986094
4.239956074055073	0.005391954
4.243426719839633	0.005484889
4.246901248504029	0.005266335
4.250383278312122	0.005279493
4.253869213089496	0.005166938
4.257360870511092	0.005357215
4.2608600801723435	0.006021675
4.264363228225308	0.005359324
4.267873962853279	0.004849968
4.271388658352551	0.005355415
4.274910974978946	0.005668186
4.278437275114641	0.00523662
4.281971231148086	0.004824433
4.285509193488597	0.005012264
4.289054846717757	0.004722368
4.29260452921289	0.004924989
4.296161937809619	0.005228291
4.2997233987937555	0.005507452
4.303292621316274	0.006167191
4.3068659195115675	0.006476246
4.3104451569131355	0.005937382
4.314032209427283	0.005267819
4.317623372849662	0.005178372
4.321222387388945	0.005270765
4.3248255365378565	0.005414961
4.328436573038255	0.00548451
4.332051768018628	0.005280363
4.335674886817207	0.005137038
4.3393021881365215	0.005044254
4.342937449974789	0.005158448
4.346576918546452	0.005408281
4.350224384573757	0.00532107
4.353876081720513	0.005425045
4.357535813497467	0.005391177
4.361199800954841	0.005343303
4.364869955246989	0.005854309
4.368548200376568	0.005797775
4.372230738356094	0.005647266
4.375921404950829	0.005271386
4.379616389400453	0.005200529
4.383319540487846	0.005325016
4.387027034615398	0.005876627
4.390742733650082	0.006095666
4.3944628010921125	0.005397443
4.398191111959473	0.005071796
4.401923816784888	0.004691215
4.405664803804733	0.004398004
4.409410210518471	0.005156527
4.4131639384487205	0.005147962
4.416922111995477	0.004685487
4.420686691787956	0.0046663
4.424459651803875	0.004446813
4.42823709667063	0.004365129
4.4320229614245585	0.004713283
4.43581333742611	0.004927709
4.439612173238994	0.005441798
4.44341554688892	0.005414188
4.44722742053694	0.004866732
4.451043858805766	0.004277739
4.454868837524251	0.003417695
4.458698407843386	0.003912873
4.462536559330762	0.005391654
4.466379329596463	0.005662014
4.470230722018255	0.004092876
4.474086760595644	0.002060273
4.477949457384475	0.002330472
4.481820838315625	0.003953135
4.485696906842841	0.004338107
4.48958170118332	0.004001508
4.493471211003972	0.00352662
4.497369488586126	0.002988531
4.501272509738503	0.0037161
4.505184340880268	0.004571184
4.5091009438901	0.004335759
4.513026399399226	0.003566189
4.516956655283936	0.003651688
4.520895806462259	0.005209343
4.524839786735251	0.003802769
4.5287927053830135	0.002280608
4.532750482058013	0.004077694
4.536715182298827	0.006370813
4.540688886073661	0.006577856
4.544667491675305	0.004634585
4.548655144619941	0.004077514
4.552647728866154	0.004615872
4.556649404559839	0.004411037
4.560656041250222	0.0033991
4.564671813790604	0.003613917
4.56869257724517	0.004114949
4.572722521252872	0.005424196
4.576757486316639	0.006453791
4.5808016769398785	0.005198927
4.584850918987518	0.002728758
4.588909431906779	0.001227514
4.5929730268473055	0.002440823
4.597043824997897	0.004145996
4.601123962561575	0.005148295
4.605209228470876	0.006702259
4.609303879881541	0.006212407
4.61340369081522	0.005579955
4.617512933653727	0.00515397
4.621627367428619	0.0058343
4.625751279829735	0.003983257
4.629880414818766	0.0006304225
4.634019075476122	-0.001438429
4.638162990613286	-0.001443279
4.642316478784381	-0.0006963375
4.646475253569771	0.0006777837
4.650643649081033	0.0007488308
4.654817363585923	0.0005151924
4.658998576210035	0.000646743
4.663189481709805	0.000515259
4.667385755232023	0.001672852
4.6715917701502105	0.002642035
4.675803186092291	0.00291132
4.680024392287133	0.002343578
4.684251032760246	0.001796387
4.688487512682359	0.00128181
4.692729460392425	0.001838007
4.696981297090173	0.002131032
4.701238635343254	0.002019686
4.705505912468179	0.001460953
4.7097787251759335	0.001606186
4.714061526988238	0.0009111397
4.718349898673435	0.0009973355
4.722646079707876	0.002705161
4.726952325849623	0.003548904
4.7312641937925815	0.003870149
4.735586177960488	0.002374631
4.739913818886945	0.001759843
4.7442516275155215	0.00181175
4.748595128131343	0.001829624
4.7529488482892	0.003083291
4.757308295936926	0.003921506
4.7616780153326035	0.004373936
4.766053497997304	0.003074252
4.770439304985157	0.001917728
4.774830911300353	0.002718101
4.7792328948865075	0.002185055
4.783640714140155	0.002156869
4.7880566714387625	0.002468044
4.792483086129068	0.002062983
4.796915391526634	0.002340594
4.801358208209938	0.002444213
4.805806952657035	0.001981969
4.810266262668437	0.002389251
4.81473153779155	0.002190694
4.819207433145545	0.002947341
4.823689331253359	0.003240407
4.828181904650167	0.002905589
4.832680518739927	0.003319178
4.837189863571898	0.003750604
4.841705287335842	0.003496367
4.846231497693921	0.002730462
4.850763825525786	0.00306756
4.855304638806605	0.002811012
4.85985632320766	0.002441478
4.8644141834643	0.002685062
4.8689829717058535	0.001708314
4.873557975114638	0.001920421
4.878143963784659	0.00233295
4.8827362072467615	0.001619369
4.8873394936618535	0.001786392
4.891949074810132	0.00236464
4.896569757022415	0.002221093
4.901196774228331	0.0004801821
4.905834951032409	4.291788e-05
4.910479503413029	0.001782965
4.9151352743530206	0.001411085
4.919797461778093	0.001058369
4.924470927154764	0.001174659
4.929150850253876	0.0008347746
4.933842111131833	-0.001108986
4.938539871301651	-0.001394072
4.943246585946746	0.0005384608
4.947964728928227	0.001474194
4.952689434179995	0.001774165
4.957425628700719	0.003264019
4.962168427905647	0.003339694
4.966922777761497	0.002293706
4.971683775059151	0.001340485
4.976456384843306	0.002020177
4.981235685173949	0.002301215
4.986026660284552	0.0002706293
4.990824369396864	-0.0008152031
4.995633816044776	0.0008694815
5.000450040503646	0.00113337
5.005278065720302	0.0006466976
5.010112912914718	0.001789816
5.01495710957932	0.003874813
5.0198132027111	0.004904252
5.024676184743274	0.003963951
5.02955112765051	0.003667744
5.034433004534514	0.005132006
5.0393269071836615	0.003924196
5.044227789256198	0.001677106
5.0491407624707465	0.003125009
5.05406076092928	0.003536718
5.058992916398118	0.003470322
5.063932143309279	0.003655005
5.068883593595162	0.001396605
5.073842161903259	0.001200128
5.078813020451364	0.002651088
5.083791043986993	0.002759592
5.088778835565272	0.002000201
5.093779018622347	0.001407571
5.09878643783993	0.001769785
5.10380631667485	0.002320261
5.1088334796162655	0.001308331
5.11387317083149	0.001408401
5.118920194498491	0.001465158
5.123979815618711	0.001602988
5.129046817939354	0.002202268
5.13412648742062	0.002153768
5.139213587258451	0.00275861
5.144313424497426	0.002938081
5.149420741660771	0.002911405
5.154540867004083	0.001542115
5.159668522255457	0.0008302493
5.16480638948528	0.002227774
5.1699571720747866	0.002796206
5.175115560330462	0.003081779
5.18028693609339	0.003836372
5.185465968564668	0.003436409
5.190658061247689	0.002360624
5.195857862112324	0.002657889
5.201070796455574	0.002718189
5.20629149088925	0.002808437
5.2115253926363225	0.003359165
5.216767106822696	0.002242672
5.222022102730752	0.001972093
5.22728496387162	0.002129842
5.232561181721618	0.003110169
5.2378453180472055	0.00341151
5.24314013760097	0.003243914
5.248448427433639	0.003219298
5.253764716451691	0.00281935
5.2590945522091355	0.002665804
5.264432441538478	0.002672675
5.2697839546672105	0.002329299
5.275143576220286	0.002618427
5.280516899238233	0.002951116
5.285898386003787	0.002926488
5.2912936525112215	0.002725332
5.296697138565305	0.002381298
5.302114483255923	0.002667649
5.307540103773024	0.002636699
5.31297966244515	0.002411121
5.31842755370947	0.002682647
5.3238866288990145	0.003254858
5.329359762694269	0.003010384
5.334841315145081	0.002647811
5.340337007307183	0.002533757
5.345841176127825	0.003287486
5.351359566411443	0.00340089
5.356886491860746	0.003282984
5.362427721177353	0.003707272
5.367977544676336	0.004009591
5.373541755106208	0.003913603
5.37911461925013	0.00449995
5.384701954054492	0.004618872
5.390298002625075	0.004966278
5.3959086062583905	0.005568143
5.401527984236181	0.00597685
5.407159078620093	0.00657051
5.412804855935493	0.006949325
5.418459499453549	0.007511947
5.424128912017374	0.00700168
5.429807252702144	0.007939518
5.435500449244112	0.008570686
5.441202636371502	0.009169896
5.446919766871834	0.009709476
5.45264595097417	0.01001926
5.458387166676765	0.009994286
5.464137499556039	0.01021687
5.469902952981808	0.01015673
5.4756775877230925	0.01093221
5.481467432683469	0.01061739
5.4872665236685005	0.01072015
5.493077897886978	0.009666484
5.498904618200054	0.008847775
5.50474068267592	0.008817475
5.510592184767952	0.008869497
5.516453097185009	0.008358261
5.52232953949294	0.007217479
5.52821545888058	0.006742404
5.534117001194816	0.006773988
5.540028087942406	0.006214217
5.545954891421295	0.005524039
5.551891307292742	0.005078696
5.557843534477248	0.005098838
5.56380544262576	0.005199241
5.569783257454319	0.004764139
5.575770822437348	0.00463572
5.581771274642125	0.003970912
5.587787778055305	0.003907895
5.593814136575209	0.003731727
5.599856643669922	0.003462814
5.605909076639504	0.003077453
5.611977756364965	0.003460664
5.618056433376873	0.003143627
5.624151456149053	0.003066179
5.6302565482698785	0.003163331
5.636378085987457	0.002913772
5.642509765773777	0.002505347
5.6486579918343	0.002426866
5.654816433348941	0.002659854
5.660991522665195	0.002344286
5.667176901493698	0.002591877
5.673375811789162	0.002929732
5.67959152377761	0.002046456
5.685817637633745	0.002189517
5.692060656875183	0.002042323
5.698314153757611	0.001681575
5.70458466060003	0.0016921
5.710865721556462	0.001217847
5.717163897939478	0.001298511
5.723472705617188	0.001148671
5.729798735089632	0.001233828
5.736135473753165	0.001097948
5.742489541490922	0.0015454
5.74885439704003	0.001467707
5.755236689864107	0.001682749
5.761629849851927	0.002286274
5.768037229219492	0.000945791
5.774462209898237	0.001656472
5.780898178149939	0.002388724
5.787351858260808	0.002351658
5.79381660716417	0.002481792
5.800299179431675	0.002575336
5.806792902473171	0.002684714
5.813304561351291	0.003178982
5.819827453755652	0.003047231
5.826368395447275	0.002099242
5.832920654197049	0.002878884
5.839491076673686	0.003233644
5.8460729005290695	0.003618141
5.852673003550817	0.0034759
5.859284593069756	0.003960164
5.865911137312181	0.004012262
5.872556135764102	0.004050644
5.879212749895938	0.004846304
5.8858879362252265	0.002661356
5.892574825388277	0.00462327
5.8992804057761035	0.002987409
5.905997776982437	0.004253681
5.9127339594918595	0.005112892
5.919482021645178	0.005233578
5.9262490162426635	0.004829611
5.933027980159954	0.005198619
5.939825998737193	0.00356724
5.946636077170686	0.004852098
5.953465333566709	0.00519633
5.96030674122613	0.005186346
5.9671638905431195	0.005596539
5.974040404824874	0.004660217
5.980929209123788	0.005214356
5.9878375044609395	0.005518581
5.994758183444396	0.005095292
6.00169848067003	0.005662913
6.008651256078502	0.005894888
6.01562377807642	0.005565701
6.022608873711914	0.006036804
6.029613845440497	0.006418372
6.0366314871905695	0.006342621
6.043669135706964	0.006688086
6.050719551569073	0.004769981
6.057790106053731	0.005671704
6.064873526159922	0.00755075
6.071973531052984	0.007623685
6.07909387458343	0.007220939
6.086227232945478	0.00899127
6.093381064818341	0.009985424
6.1005480122279385	0.01057781
6.107735569253171	0.01068067
6.114936343512665	0.009790024
6.122157864738268	0.009686285
6.129392705900092	0.01030858
6.136648432638624	0.01035265
6.143917583031974	0.01031953
6.151207758887419	0.01032299
6.158511463145312	0.01051781
6.16583633404035	0.01021982
6.173174839127063	0.01064521
6.180530833432222	0.01096085
6.187908208569634	0.009781996
6.195299378549519	0.01056012
6.2027120738271595	0.0108102
6.210138672396555	0.01098608
6.217586942072608	0.01116251
6.225049224576743	0.01112196
6.232533325355691	0.01107281
6.2400315495995144	0.01114977
6.2475517406616285	0.01131239
6.255086166939493	0.01153617
6.262642709970754	0.01198995
6.270213601096534	0.01282626
6.277806760318988	0.01436487
6.285414381656647	0.01667375
6.293040463620877	0.01958711
6.300689043353781	0.02312789
6.308352258390109	0.02707562
6.316038126132545	0.03147598
6.323738746116434	0.0361532
6.331462175211819	0.04096229
6.339200474679331	0.04607129
6.346961741149321	0.04953393
6.35473799732974	0.05511066
6.362537379907106	0.0600481
6.370351872756044	0.06462963
6.378189652918054	0.06905078
6.386042665151046	0.07419126
6.393919127153311	0.0785488
6.401810944279918	0.08340581
6.409722266734182	0.0879631
6.4176572855491685	0.09170458
6.425607846438254	0.09721857
6.433582270076637	0.1031207
6.441572362047286	0.1082322
6.449586484762529	0.1139024
6.457616403378883	0.1189941
6.465670522361521	0.1249422
6.47374056614156	0.1300608
6.481834981555939	0.1362865
6.489945452008476	0.1416955
6.498080467030039	0.1464451
6.506231668692274	0.1531171
6.514407589545418	0.1602907
6.522599830021048	0.166082
6.530812700863308	0.1724333
6.53905055601547	0.1792069
6.547304932870483	0.1857018
6.555584472967064	0.1920478
6.563880671274949	0.1989363
6.572202213517706	0.2055851
6.580540551923097	0.2119501
6.588904416740298	0.2203183
6.597285217133149	0.226882
6.605691728220704	0.2340626
6.614115315777708	0.240821
6.622564800140928	0.2477977
6.63103150336757	0.2546597
6.639524291363572	0.260535
6.648034442136838	0.2679192
6.656566436526976	0.2762431
6.6651248011293385	0.2837347
6.673700747254272	0.2905022
6.682303256286377	0.297752
6.690923494642578	0.3052677
6.6995704905358515	0.3136472
6.708235365146022	0.3215173
6.71692719388276	0.3290943
6.725637052341598	0.3373383
6.7343740635011065	0.3456166
6.743129257021789	0.3542078
6.751911803827254	0.3631307
6.760712687288643	0.3719186
6.76954112665473	0.3808649
6.778388058649325	0.3892514
6.787258144540092	0.3983687
6.79615609411317	0.406875
6.80507277344824	0.4168012
6.814017524290269	0.4265793
6.822981165160494	0.4370631
6.8319730874916145	0.4469483
6.840984061875332	0.4581327
6.850023529830826	0.4689013
6.859082213645321	0.4797306
6.868169605327502	0.4897942
6.877276378481277	0.5018696
6.886412076012217	0.5129683
6.8955673224581036	0.5235986
6.904751712033187	0.5335227
6.913955819822312	0.5432016
6.92318449871298	0.5545157
6.932442653101263	0.5671812
6.941720783164938	0.5801588
6.951028613214183	0.5918111
6.960356592988972	0.6010802
6.969714499584954	0.6076386
6.979092731903037	0.6108684
6.988501120256729	0.6100214
6.997930012302361	0.604714
7.007389292008423	0.5965123
7.016869255376852	0.586614
7.026379840473072	0.5761415
7.03591129123044	0.5645778
7.045473600258146	0.5534144
7.055056959002359	0.5450566
7.06466642411312	0.5371825
7.074307106990406	0.5264036
7.083969119561814	0.5130618
7.093662592776239	0.4975271
7.1033775850078955	0.4810745
7.113124283352728	0.464819
7.122892692197014	0.4487045
7.132693055253407	0.4331767
7.142515322480995	0.4179468
7.152369794684073	0.4028027
7.16224636695053	0.3895113
7.17215539765657	0.3764114
7.182086726570057	0.3641613
7.192050770124797	0.3523282
7.202037312314907	0.340549
7.212051626750365	0.3285354
7.222099045310728	0.3177464
7.232169267475271	0.3074656
7.242272856975251	0.2981807
7.252399456360137	0.2900644
7.262559689162446	0.2825607
7.272743140530488	0.2746788
7.282960494309095	0.2660216
7.293201277768864	0.2584069
7.303476235583851	0.252077
7.313774836665124	0.2463546
7.324107887038819	0.2404969
7.334464796769315	0.2335965
7.344851039076076	0.2263415
7.35527214874714	0.219326
7.365717446659315	0.2127182
7.376197894538073	0.206097
7.38670275317185	0.1993063
7.3972430475161906	0.192583
7.407807977764724	0.1860115
7.418408632653757	0.1796674
7.429034151269994	0.1736643
7.439695686687632	0.1677974
7.4503823163685645	0.1622888
7.4611052582885415	0.1568251
7.471853527760925	0.1513377
7.4826384082332975	0.1463564
7.4934488523408405	0.1416742
7.504290578138051	0.1372655
7.515169369372077	0.1331145
7.52607408366285	0.128995
7.537016170668194	0.1249873
7.547984423979343	0.1212265
7.558990360775491	0.1175504
7.57002271006813	0.1140097
7.581093057159168	0.1108064
7.592190065922986	0.1075971
7.603325390392743	0.1046349
7.61448762874195	0.1017759
7.625688504350837	0.09901921
7.636916549121792	0.09641749
7.648183556405353	0.09383293
7.65947799125594	0.09143128
7.67080583349442	0.08921421
7.682173133135902	0.08689582
7.693568253875442	0.08471023
7.705003166756302	0.08244796
7.71646616715409	0.08025032
7.727969298323572	0.07832284
7.739500786720255	0.07653749
7.751072748468388	0.07455745
7.762673340495694	0.07279638
7.7743147524619305	0.07102469
7.785985071152225	0.06946611
7.797696560436047	0.06792557
7.809437236333876	0.06641532
7.821219437607395	0.06511901
7.833031108883049	0.06381528
7.84487851028895	0.06233757
7.856767977070808	0.06109733
7.868687345577012	0.05990588
7.880649144831358	0.0588662
7.892641138181994	0.05786224
7.904675932000815	0.05712129
7.916741215979784	0.0565336
7.9288496745603645	0.0560347
7.940988923114551	0.05517224
7.953171724883885	0.05450388
7.9653856202486475	0.05397348
7.977643451990144	0.0532156
7.98993268481713	0.0523372
8.002266241799678	0.0517569
8.014631511287005	0.05131085
8.02703505406208	0.05067107
8.039483511421292	0.04983785
8.051964155876364	0.04900827
8.064490114548018	0.04831431
8.07704858183181	0.04769912
8.089652767834247	0.04691177
8.10228978811702	0.04612298
8.114972936565257	0.04552105
8.127689249180323	0.04524717
8.140452104428975	0.04508271
8.153248458016884	0.04500068
8.16609177380579	0.04472446
8.178968926461256	0.04396002
8.191893466063853	0.04308563
8.204852185485453	0.04239431
8.21785196854535	0.04170571
8.230899785502752	0.0410872
8.24398230511638	0.04047613
8.257113296677256	0.03995529
8.270279345225445	0.03953167
8.28349430923941	0.03909933
8.296744689253725	0.03854314
8.310044433807587	0.03789278
8.3233799581334	0.03734121
8.336765301715872	0.03694807
8.350186793678574	0.03650565
8.363658565348192	0.03617248
8.377166858922646	0.03592481
8.39072589847893	0.03561294
8.404321838462211	0.03521841
8.417961910405948	0.03498366
8.431653438807697	0.03475934
8.445382444921327	0.03437947
8.459163388740853	0.0337108
8.472982201653588	0.03333253
8.486853439679265	0.03304004
8.500762943474177	0.03252663
8.514725366048044	0.03218214
8.528726456450617	0.03201956
8.542780965658876	0.03189666
8.556874550229281	0.03162941
8.571022060096578	0.03139675
8.58520905842578	0.03144394
8.599450495113363	0.03112269
8.613731839023135	0.03081091
8.62806069668139	0.03069007
8.64244477477789	0.03050935
8.6568693990055	0.0304743
8.671349773634415	0.03067631
8.685871127730078	0.03068935
8.700448769147513	0.03060244
8.715067829372915	0.03046157
8.729743720913586	0.03045841
8.744461476712187	0.03044859
8.759236615010527	0.03056731
8.774054069230797	0.03063546
8.788929464446582	0.03084309
8.803847633569776	0.03089971
8.818824309618337	0.03086898
8.833844223990955	0.03087921
8.848915388440838	0.03096863
8.864045922849117	0.03091201
8.87922040444849	0.03067092
8.89445484107388	0.03053263
8.909733705878999	0.0304675
8.925073118661524	0.03024204
8.940457447445755	0.03032923
8.955902925177012	0.03051643
8.971393813685681	0.03096949
8.986946460266463	0.03128919
9.002545019477006	0.03129962
9.0182059541803	0.03148668
9.033913310567872	0.0318749
9.049683668307374	0.0320432
9.065500964116026	0.03218338
9.081373648578085	0.03239999
9.097310289239882	0.03248989
9.113294656510812	0.03259586
9.129343627581209	0.03275266
9.145440860549403	0.03268887
9.161603353879757	0.03267557
9.177814652197535	0.03260002
9.194091876560123	0.03266365
9.210418456941753	0.03266827
9.226811638331128	0.03259631
9.243254734857238	0.0321937
9.259765116798047	0.03200569
9.276325981226572	0.03180754
9.292954825088003	0.03159977
9.309634727171845	0.03166086
9.326374614354409	0.03184532
9.343183540300421	0.03165515
9.360044404050653	0.03148227
9.376975025364718	0.03131568
9.393958181855758	0.03145405
9.411011824936358	0.03168439
9.428118609503356	0.03172395
9.445296620095057	0.03174278
9.462528387585163	0.031858
9.479832131132621	0.03194699
9.497190256262686	0.03207535
9.51462111827245	0.03210338
9.532106995994608	0.03217066
9.549666382404931	0.03228465
9.56728142828031	0.03241231
9.584961578681513	0.0325722
9.602716416419876	0.03273752
9.620527897606799	0.03292617
9.63841486629109	0.03314366
9.656359147034484	0.03327161
9.674379727143796	0.03331282
9.692458298198172	0.03351574
9.710613992412126	0.03380416
9.7288283669286	0.03395569
9.747120700545059	0.03425698
9.765472414493523	0.03447192
9.783902935855753	0.03456205
9.802393548456662	0.03469738
9.820963829390216	0.03467622
9.839594923556186	0.03461144
9.858306559815768	0.03468896
9.877079742603302	0.03445718
9.895924561387883	0.03397763
9.914851257401438	0.03363996
9.93384062146107	0.033454
9.952912769686613	0.03318185
9.972048348479213	0.03294129
9.991267632089553	0.0325343
10.010554127216324	0.03233888
10.029916231142629	0.03205409
10.049354389276616	0.03191321
10.06886803671069	0.03182908
10.088456596281858	0.03137462
10.10812254359987	0.03078347
10.127865312355013	0.0307162
10.147684323806518	0.03071654
10.167582087973987	0.03041612
10.187558037244694	0.02988981
10.20761159139625	0.02963582
10.227745295595135	0.02938768
10.247958581030764	0.0293295
10.268250866101289	0.02918341
10.28862473187844	0.02887012
10.30907960846528	0.028602
10.329614912989006	0.02835211
10.350233263207054	0.02776881
10.370934088254367	0.02738434
10.391716804102318	0.02730267
10.412584065997457	0.02708117
10.433535302231869	0.02649904
10.45456992774324	0.02597548
10.475690636094411	0.02563949
10.496896854867279	0.02534362
10.518187998095366	0.02494327
10.53956679850962	0.02474375
10.561032683122233	0.02442776
10.582585065199835	0.0243181
10.604226717518882	0.02405902
10.62595706667055	0.02372329
10.64777552530002	0.02365702
10.669684907133197	0.02363562
10.69168463849757	0.02343196
10.713774131570933	0.02341429
10.73595624196011	0.02339653
10.758230395895348	0.02342772
10.78059600525015	0.0232475
10.803055968472362	0.02329487
10.825609711870985	0.02353558
10.848256647187899	0.02357821
10.870999716701748	0.02365607
10.8938383469864	0.02391587
10.916771949834812	0.02388254
10.939803512377075	0.02379639
10.962932461648647	0.02410462
10.986158209686868	0.02499095
11.009483789525973	0.02645168
11.032908628870938	0.02920291
11.056432140207942	0.03420482
11.080057403561398	0.04347423
11.103783847525506	0.05741076
11.12761088525152	0.07540874
11.151541644874696	0.0960015
11.17557555611061	0.1181722
11.199712033004207	0.1412976
11.223952993186948	0.1651985
11.248300381812308	0.188
11.272753630474853	0.2073161
11.297312154789445	0.2213218
11.321979199712693	0.2300613
11.346754198554356	0.232238
11.371636568408524	0.2283238
11.396629606346737	0.2175772
11.421732747672564	0.198157
11.446945411234376	0.1701839
11.47227094750633	0.1416613
11.49770879408006	0.1184216
11.523258371848863	0.1018027
11.548923086020075	0.09027997
11.57470237678411	0.08237043
11.600595667386328	0.07687155
11.626606419142417	0.07297012
11.65273407516969	0.07301082
11.678978061390081	0.08015516
11.705341896649323	0.08049382
11.731825027338086	0.07471214
11.75842688239774	0.0721916
11.78515103967424	0.07108478
11.811996949197427	0.07068935
11.838964043290355	0.07063629
11.866055960319908	0.07088129
11.893272154341371	0.07097808
11.920612061442172	0.07109693
11.948079382083568	0.0713772
11.97567357475413	0.07191867
12.00339407970998	0.07230001
12.031244661135181	0.07267816
12.059224782382245	0.0731907
12.087333888303123	0.07346136
12.115575808490547	0.07328475
12.143950011615688	0.07363501
12.172455947577616	0.07421541
12.201097513123502	0.07465806
12.229874182723371	0.0752167
12.258785411800185	0.07546659
12.287835166063948	0.07574804
12.317022926290624	0.07607688
12.346348153930812	0.07627907
12.375814885531138	0.07669534
12.405422608709028	0.07709556
12.435170791474993	0.0773688
12.465063543154423	0.07789724
12.495100358771817	0.07840503
12.52528071346003	0.07844616
12.55560879133683	0.07848176
12.586084095431215	0.07886125
12.616706108592746	0.07900009
12.64747909181994	0.07915409
12.678402556777375	0.07935454
12.70947599465948	0.07965048
12.740703745512088	0.07993927
12.772085330302092	0.080144
12.803620249232711	0.08049428
12.835312923645548	0.08107082
12.867162884514254	0.08107199
12.899169641752652	0.08103431
12.931337700332284	0.08117326
12.96366660197797	0.08137002
12.996155867056084	0.08171552
13.028810086592078	0.08253162
13.06162881384867	0.08337796
13.094611580429264	0.08385169
13.127763065931301	0.08445698
13.16108283598698	0.08586694
13.194570434266298	0.08876009
13.228230631555416	0.09429298
13.26206300673514	0.1051204
13.296067116419433	0.1252504
13.33024782530337	0.1543599
13.36460472644592	0.1786295
13.399137390333086	0.1801492
13.433850778397616	0.1637082
13.46874449885967	0.1460422
13.503818137059163	0.1335521
13.539076754109246	0.1255947
13.574519974431034	0.1207507
13.610149251618722	0.1177655
13.64596419244412	0.1161377
13.681969995713438	0.1150944
13.718166309171252	0.1144234
13.754552756962553	0.1141414
13.791134644916207	0.1141795
13.827911639644624	0.1142209
13.864883383852348	0.1144854
13.902055293756685	0.1146816
13.93942705609337	0.1151403
13.976998333382719	0.115709
14.014774655737572	0.1163681
14.052755731346162	0.1170802
14.09094124387502	0.1176312
14.129336840988302	0.11823
14.167942253734244	0.1192092
14.206757188335002	0.1203589
14.245787413818329	0.1213555
14.285032685583287	0.1219805
14.32449273390106	0.1225975
14.364173453140115	0.1234533
14.404074624629814	0.1245096
14.44419600427317	0.1254487
14.484543615930157	0.1262531
14.525117268534268	0.1275083
14.56591674529834	0.1285143
14.60694820390774	0.128963
14.64821148267439	0.1296618
14.689706393900364	0.1305636
14.73143923362339	0.1315753
14.773409871415195	0.1326692
14.815618150554535	0.1334911
14.858070510162252	0.1343518
14.900766853065326	0.135469
14.94370705552185	0.1363436
14.986897704681681	0.137419
15.030338738744154	0.1386335
15.07403006907222	0.1394973
15.117978436017918	0.1401531
15.162183815399805	0.1407034
15.20664615594233	0.1414995
15.251372356613079	0.1420502
15.296362433235203	0.1421612
15.341616374291254	0.1422803
15.387141243031742	0.1425152
15.43293709781766	0.1423491
15.479003969435778	0.1414717
15.525349091355658	0.1404177
15.571972567167368	0.1387886
15.618874472667752	0.1365231
15.666062217766099	0.1336763
15.713535954141616	0.130838
15.76129580547787	0.1278957
15.809349364645962	0.1245838
15.857696834454842	0.1219565
15.906338389534138	0.1214314
15.955281812558306	0.1229407
16.004527360699793	0.1255706
16.05407526278916	0.128364
16.103933498484537	0.1306959
16.15410238276241	0.1323291
16.204582202118456	0.1333034
16.25538114073438	0.1334907
16.306499575052623	0.1334606
16.35793785292251	0.1325585
16.409704370970907	0.1313987
16.461799571005503	0.1304388
16.51422386615816	0.1285439
16.566985873828155	0.1258216
16.620086105342093	0.1237645
16.673525043301144	0.121345
16.727311534635486	0.1187857
16.78144616461726	0.1165627
16.835929489780423	0.1141083
16.890770595803353	0.1112697
16.94597014662331	0.1083805
17.00152877746767	0.1054112
17.05745582246873	0.1031525
17.11375202926315	0.100205
17.17041811685156	0.09717624
17.22746367804627	0.09457758
17.28488954955578	0.09247371
17.342696539577076	0.09042427
17.400894510383203	0.08828048
17.459484393490687	0.08621317
17.51846709208512	0.08378288
17.57785274927285	0.08117015
17.637642397505896	0.07924306
17.69783704114818	0.07767874
17.758447116143618	0.07548999
17.819473762428636	0.07345007
17.88091809216326	0.07169363
17.94279084680822	0.06938877
18.005093280787268	0.06652629
18.067826621135744	0.06390344
18.131001928232052	0.06164627
18.194620578479764	0.05966741
18.25868392136642	0.05792939
18.323203350361087	0.05600995
18.38818037186785	0.05422144
18.45361646594053	0.05282295
18.519523374138636	0.05165846
18.585902741457826	0.05010835
18.652756187212493	0.04835171
18.72009581693843	0.04717566
18.787923423430193	0.04614597
18.8562407745842	0.04452913
18.92506035674874	0.04341496
18.994384120390965	0.04233869
19.064213991989217	0.04148304
19.13456285656062	0.04093231
19.20543283283975	0.04011498
19.27682601662125	0.03931785
19.348755710543386	0.03916306
19.42122421298402	0.03909622
19.494233800584123	0.0387204
19.567798213733973	0.03829078
19.64191994267702	0.0385903
19.716601457293446	0.03900644
19.7918569571247	0.03969323
19.867689137420435	0.04145051
19.944100674629148	0.04295771
20.02110625020897	0.04471819
20.09870877855323	0.04650749
20.176911157024794	0.04776121
20.255728573237118	0.0488206
20.335164175947973	0.04935405
20.415221098886022	0.04975092
20.49591506164864	0.05030085
20.57724946375688	0.04984885
20.659227691959344	0.04963512
20.74186602538348	0.05041616
20.825168131994914	0.05152193
20.90913766952606	0.05328891
20.99379150603792	0.05624567
21.07913359701924	0.06071146
21.165167890577774	0.06470692
21.251911875122065	0.06813506
21.339369814266394	0.07267235
21.427545967442985	0.07763411
21.51645847700052	0.08208966
21.606111936944725	0.08579266
21.696510940682607	0.08853433
21.78767432045878	0.09127361
21.87960702475415	0.09493531
21.97231400546056	0.09834204
22.065814823240686	0.1015432
22.160114807122795	0.1060626
22.255219294028834	0.1097706
22.351148614351718	0.1115001
22.447908505916594	0.1132313
22.545504719450506	0.1151128
22.643958399425387	0.1180974
22.743275723099707	0.1230559
22.843462886225847	0.1243237
22.94454189501266	0.1258576
23.046519399407707	0.1299506
23.149402074093828	0.1321689
23.253212838284835	0.1329727
23.357958850751054	0.138304
23.463647301962126	0.1456914
23.57030207934848	0.1496164
23.677930889802436	0.1508857
23.78654147968463	0.1535976
23.896158764167136	0.1594637
24.00679104104969	0.1663885
24.11844665626679	0.1697182
24.231151616981094	0.172199
24.344914858529265	0.1750286
24.45974537405066	0.1821349
24.575670332127896	0.188609
24.692699356508253	0.1963047
24.810842139528237	0.1970914
24.930127086308847	0.1963354
25.05056456457359	0.0
