# Magnesite, Chemical Formula: MgCO_3_
# Sample ID: R050676
# wavelengths (microns), reflectance
2.499020384009468	0.0
2.500225020251823	0.02377863
2.5014314441439116	0.02652046
2.502638406540095	0.02646358
2.503847161163127	0.02108702
2.505056456457359	0.02072315
2.5062669204345465	0.0240119
2.507479183534688	0.02470037
2.5086919905743423	0.02304668
2.50990660135555	0.02376734
2.511121758267366	0.02343923
2.5123387235560646	0.02211078
2.51355623717615	0.02326821
2.514775563825255	0.02599314
2.5159954410162606	0.0266641
2.5172171359053084	0.02568026
2.5184393835565553	0.02444608
2.5196634535918307	0.02579788
2.5208880786194405	0.02451632
2.5221145307341093	0.02147947
2.5233415400811356	0.02176341
2.5245697438899732	0.02192509
2.525799781871931	0.02283608
2.52703038046464	0.02583793
2.5282628179764544	0.02687162
2.529495818363988	0.02487753
2.5307306624339354	0.02492544
2.5319660716546397	0.02491447
2.533203329338472	0.0236835
2.5344411544582215	0.02604536
2.535680832839298	0.02563307
2.5369210809516294	0.02569053
2.538163187141056	0.02742941
2.5394058653673035	0.02450378
2.540650406504065	0.02276948
2.5418955219934967	0.02343996
2.54314185848738	0.02457987
2.5443900651745515	0.02633546
2.5456388497072644	0.02344059
2.5468895093111734	0.02044425
2.5481407491024175	0.02303069
2.549393868860709	0.02686792
2.5506475711586036	0.02751125
2.551903158337425	0.02640575
2.5531593304186466	0.02523523
2.5544173923127875	0.02529785
2.555676041482711	0.02714515
2.556936585415745	0.02652421
2.558197719008586	0.0245561
2.5594607523330124	0.02412426
2.560724377711967	0.02671039
2.5619892514302944	0.02628038
2.5632560323667466	0.02404632
2.564523408969677	0.0206051
2.565792697805298	0.01854831
2.5670625847291095	0.02498354
2.568334388918767	0.02596403
2.5696067936292253	0.02387115
2.570881120657364	0.02330766
2.572156050649868	0.02612574
2.5734329080306546	0.02752717
2.5747103708303856	0.02620647
2.575989766107857	0.02809718
2.577269769269924	0.0284366
2.578551710018137	0.02659778
2.5798342611277283	0.02561081
2.5811180887336778	0.02347255
2.5824038616234386	0.02396811
2.5836902486104267	0.02727463
2.5849785860373933	0.02648634
2.5862675400664568	0.0251365
2.5875584497109307	0.02541229
2.5888499784737125	0.02459923
2.590143468046695	0.02378788
2.591437579265597	0.02277344
2.5927336565089414	0.02530915
2.594030357937279	0.02755542
2.5953290306238443	0.02886183
2.5966283300460016	0.0286611
2.5979296059798105	0.02794342
2.599231511211395	0.02610076
2.6005347219495274	0.0249325
2.6018399171157873	0.02628429
2.603145745444625	0.02660539
2.604453563504521	0.02520494
2.6057620173184155	0.02656718
2.60707246618627	0.02595514
2.608383553411348	0.02286835
2.6096966410333566	0.02443585
2.611010369627683	0.02777645
2.612326103982073	0.02594764
2.61364248193581	0.02136652
2.6149608710330066	0.02281932
2.616279906368575	0.02722659
2.6176009582513586	0.02801984
2.6189226590236028	0.02686039
2.620245695198347	0.0238889
2.6215707560636274	0.02546463
2.622896469817412	0.02802468
2.6242242137168197	0.02474229
2.6255526131862603	0.02132507
2.626883048277119	0.02389663
2.628214141631832	0.02510737
2.6295472761045677	0.02465588
2.630881071547337	0.02377649
2.6322169136256446	0.02476939
2.6335534193925922	0.02437549
2.6348919773336053	0.02272142
2.6362312016943585	0.02161407
2.63757248378882	0.02259147
2.6389144350466838	0.0241695
2.640257752522832	0.02492238
2.641603136111243	0.02813319
2.6429491930018933	0.02867384
2.644297321617686	0.02729901
2.645646126311083	0.0279921
2.6469970083639813	0.02653098
2.6483485692826525	0.02776985
2.649702213216768	0.02863207
2.6510565388176976	0.02851989
2.6524129531117047	0.0268341
2.653770051886512	0.02342804
2.655129245053826	0.02379485
2.6564891255289402	0.02687445
2.657851106117895	0.02747228
2.659213776854735	0.02591644
2.660577845581126	0.0240388
2.661944023043917	0.02613711
2.6633108949390434	0.02934042
2.6646798813471344	0.02754578
2.666049565060674	0.02247704
2.6674213690860267	0.02153452
2.6687938733032808	0.02393909
2.6701685036535916	0.02481645
2.6715438370956686	0.02729855
2.672921302514551	0.02899793
2.6742994739385506	0.02950763
2.6756797832057213	0.02836581
2.6770608014049215	0.02555279
2.6784439633363877	0.02314082
2.6798278371404307	0.02472888
2.6812131416980924	0.02647878
2.6826005988637576	0.02771945
2.683988772338168	0.02668419
2.6853791043669903	0.02534265
2.686770155679523	0.02715588
2.688163371516006	0.02853176
2.689557309625065	0.02619641
2.6909534182508534	0.02594519
2.692350252152063	0.02733278
2.6937492625861394	0.02654599
2.6951490013125374	0.02464098
2.6965509226114155	0.02532504
2.6979535752336496	0.03056877
2.6993584164915685	0.03286714
2.7007639921180906	0.02835518
2.7021710322941863	0.02485363
2.7035802702444767	0.02558528
2.7049902471576637	0.02774061
2.7064024279677463	0.02856242
2.707815350821849	0.0265147
2.7092304837195567	0.02277514
2.7106463617569	0.02182196
2.712064456008687	0.02398445
2.7134832985102975	0.02674177
2.714904363421442	0.02643281
2.7163261797072504	0.02751439
2.717750224622056	0.02924683
2.7191750240511032	0.02772472
2.720602058353105	0.02711868
2.722029850323745	0.02749624
2.723459141712745	0.02664592
2.7248906773860235	0.02684275
2.726322975487085	0.02732423
2.727757524178161	0.02965252
2.729192838488824	0.02824864
2.7306304097201703	0.02591818
2.7320687497780196	0.02478317
2.7335093531122783	0.02509518
2.734950728495151	0.02875444
2.736394373535345	0.03096343
2.7378387938615463	0.03102718
2.739285490251294	0.03056816
2.74073296517981	0.03117577
2.742182722603538	0.03332917
2.7436332618342503	0.03057143
2.745085336467855	0.02757062
2.7465397032913157	0.02645525
2.747994856852826	0.02589498
2.749452309100027	0.02564852
2.750910551392511	0.02919399
2.7523710988924184	0.03205939
2.753832439760604	0.03155878
2.755296092383976	0.02803059
2.7567605417144736	0.02572761
2.758227309374084	0.02730089
2.7596948770956087	0.02812549
2.76116476974647	0.02818859
2.762635465830067	0.02802584
2.7641084934696556	0.02721304
2.7655823279289247	0.02663045
2.767057734936345	0.0292687
2.7685354834887312	0.02876042
2.770014043971203	0.02677826
2.7714949526919668	0.02991518
2.7729766767704693	0.03297893
2.7744607558075014	0.03188604
2.775945653646371	0.0305595
2.7774329131910567	0.03011098
2.77892099499822	0.02933825
2.780411445285673	0.0289765
2.78190272131288	0.02930013
2.783396372622179	0.03135402
2.7848908531652374	0.033125
2.7863877158196604	0.03131175
2.787885411218674	0.02963828
2.7893847175190096	0.03013588
2.790886416225544	0.03042315
2.7923889529742154	0.03093987
2.7938938890276526	0.03152483
2.7953996666765435	0.03086145
2.7969078505567384	0.02924893
2.798416879602871	0.02925065
2.799928321834961	0.03092453
2.8014406128207368	0.0313244
2.802955323975387	0.03115381
2.8044708874888347	0.03054267
2.8059888781824824	0.03111953
2.807507724857505	0.03117169
2.8090290057526106	0.02997877
2.810551146269232	0.03017806
2.8120749372977594	0.03101875
2.813601173159145	0.03252899
2.8151282741349393	0.0332408
2.8166578270555194	0.03228069
2.8181882487750043	0.02924326
2.8197211295802846	0.0267006
2.8212548828868886	0.0275253
2.8227911024495334	0.02623449
2.8243281982339474	0.02628847
2.825867767474036	0.02966839
2.8274082166744705	0.031462
2.828951146559755	0.03167081
2.8304949601621985	0.03138814
2.832041261708367	0.02977955
2.833588450746849	0.0300039
2.8351373312171866	0.03032768
2.8366887105746366	0.03031992
2.8382409831212647	0.02969735
2.839795761888805	0.03071572
2.8413514376670004	0.03157782
2.8429096270301573	0.0308029
2.844468717244165	0.03015524
2.8460303284375916	0.0297964
2.8475928443408933	0.02910317
2.8491578886486413	0.02928728
2.8507238415442258	0.03008979
2.852292330300015	0.03013142
2.853861731540652	0.02962478
2.8554336761281465	0.02940273
2.8570065371166575	0.03068145
2.858581131820896	0.03175435
2.8601582811592796	0.03203095
2.861736352808594	0.03064302
2.8633169866566566	0.0290843
2.864898546780212	0.02875951
2.866482676698592	0.02779994
2.8680677368765823	0.02823471
2.8696553744771127	0.02997431
2.8712439463410444	0.03152217
2.8728351032870405	0.03053311
2.874427198520015	0.03064383
2.8760218865265563	0.03032977
2.877617516863558	0.03025973
2.879215747697779	0.03088355
2.8808149249259634	0.03010189
2.8824158795749706	0.03048006
2.884019446366323	0.03187988
2.88562396568416	0.03131865
2.8872311049491186	0.03085544
2.888839200854634	0.02903992
2.890449924544805	0.02828765
2.8920616090100446	0.02966753
2.893675929130404	0.03029428
2.895291214180905	0.03101452
2.8969091427901	0.03137137
2.89852804050519	0.03270398
2.9001495897158374	0.03085223
2.901772112228938	0.02915451
2.9033972942079256	0.02994134
2.9050234537068533	0.03027545
2.906651435813143	0.03098792
2.9082820894029178	0.03170446
2.909913726877826	0.03064619
2.9115480438910044	0.03042746
2.9131833490596684	0.02952923
2.9148213418554936	0.02822443
2.9164603270985245	0.02880994
2.9181020080918967	0.02958092
2.919744685845691	0.02832637
2.921390067507482	0.02765085
2.9230364502645347	0.02844895
2.9246855451219025	0.02913972
2.9263356454311267	0.02764945
2.9279884660678346	0.02706603
2.929642296534878	0.02824405
2.9312979963405676	0.02806623
2.9329564288791796	0.02922852
2.934615877856592	0.03039237
2.936278067882051	0.03030813
2.9379412787800727	0.02962426
2.939607239076787	0.02953848
2.9412742247021737	0.02884463
2.9429439681126133	0.02962158
2.944614741330318	0.03182805
2.9462882807553457	0.03120922
2.9479628544888485	0.03099404
2.9496402028880517	0.03098628
2.9513185901196937	0.03018095
2.952999760511719	0.02845163
2.954681974283039	0.02787429
2.9563661057356163	0.02839238
2.958053033158	0.02816791
2.959741010822589	0.02926148
2.9614317930433005	0.0297497
2.963123630110907	0.02915781
2.9648182803579606	0.02897015
2.966513990079977	0.02768593
2.9682125216419797	0.0269812
2.969912117330536	0.02726763
2.9716145435570347	0.02864132
2.973318038585343	0.0311099
2.975024372887175	0.03261899
2.976731780689881	0.03005145
2.9784420365395268	0.03004987
2.980153370613065	0.03121914
2.9818666723918508	0.03097258
2.9835828354479474	0.03033268
2.9853000838570796	0.03045032
2.987020202412437	0.0327404
2.9887414111043697	0.03134261
2.990465498850017	0.02948439
2.992190681540248	0.03006384
2.9939187522304698	0.03047851
2.9956479226979047	0.02826265
2.9973799901506095	0.02746798
2.999113162237926	0.0281855
3.000849240335015	0.02865767
3.0025864279490353	0.02777353
3.00432653063677	0.02810353
3.006067747748831	0.02822493
3.007810984345246	0.02864561
3.009557149684538	0.02961242
3.011304436855957	0.02995064
3.01305466193376	0.02851668
3.014806013814444	0.02806209
3.0165603128052383	0.02832188
3.0183157435952848	0.02883742
3.020074130739613	0.02931535
3.021833654705343	0.03030132
3.0235961443101966	0.02925391
3.0253597757845365	0.02772512
3.027126382223745	0.02840857
3.0288941356066195	0.02855011
3.0306648733212387	0.02767559
3.032436763079961	0.02865609
3.034210725934916	0.02973077
3.0359876872483356	0.02931976
3.037765808305434	0.03025101
3.039546937291715	0.02984732
3.0413292311884663	0.02911903
3.043114542527069	0.02902428
3.044901023969765	0.02960873
3.0466905324091704	0.02999457
3.04848121617329	0.02931775
3.0502749365314044	0.02942826
3.0520698374620205	0.03127033
3.0538677846265854	0.03024323
3.055666917638776	0.02940898
3.0574691065677797	0.03021979
3.0592724866470404	0.03051787
3.0610779953489984	0.03086222
3.0628865745717935	0.03020269
3.064696352950046	0.02987112
3.0665092116403465	0.03026856
3.068323274858251	0.03009788
3.070140428223187	0.02977175
3.071958791515987	0.02868196
3.073780254834826	0.02918099
3.075602933510078	0.02922253
3.0774287221346524	0.0290644
3.079255731572656	0.02868428
3.081085860927795	0.02713389
3.0829172165820253	0.02762778
3.084751702165989	0.02702313
3.0865874195635317	0.02572055
3.088425323111057	0.0273003
3.0902663716904404	0.02897255
3.092108660408857	0.0275569
3.093954104284817	0.02731103
3.0958007938871557	0.02820606
3.0976506488184166	0.02655486
3.099501755092869	0.02632014
3.1013560369135798	0.02738257
3.1032115757239485	0.0273001
3.105070300344135	0.02594189
3.1069302876302856	0.02626678
3.108793471036304	0.02590648
3.1106579228146227	0.02664227
3.1125255810696197	0.02716295
3.114394513433474	0.02758118
3.1162656915663565	0.02936822
3.118140091798044	0.02901885
3.1200157747997572	0.02836287
3.1218946903751674	0.02769593
3.12377489453355	0.02745194
3.125658341788239	0.02760527
3.1275430834697464	0.02807048
3.129431078818164	0.02925322
3.131320374468341	0.029299
3.133212934404307	0.0287107
3.135106800548267	0.0286202
3.1370039416454527	0.02894767
3.13890239488836	0.02756309
3.1408041338007684	0.02688148
3.1427071908283235	0.02757801
3.144612555431658	0.02746542
3.146521221869707	0.02650026
3.1484312154361285	0.02583325
3.1503445216768906	0.0263878
3.152259161095574	0.02598128
3.1541771240780734	0.02748727
3.1560964263204556	0.0265881
3.1580190630662726	0.02544473
3.1599430451865533	0.02621177
3.1618703728003266	0.0249406
3.163799051935976	0.02459994
3.1657310876059097	0.02518306
3.167664480978175	0.02513051
3.1696012419765505	0.02457759
3.1715393668909684	0.02536712
3.1734798634768966	0.02567254
3.175423744421574	0.02420366
3.17736899866487	0.02490634
3.179317648487646	0.02558622
3.1812676779068276	0.02317606
3.183221114178321	0.02343576
3.185175936378022	0.02441769
3.1871341767552743	0.02409346
3.1890938094267702	0.02319538
3.191056871653778	0.02334177
3.193021332575523	0.02295334
3.1949892344837747	0.02035456
3.196958541521938	0.02061179
3.1989313010309517	0.02294507
3.200905472139959	0.02391657
3.2028820814121377	0.02437328
3.204862160480909	0.02325837
3.206843660919896	0.02186206
3.2088286427745842	0.02279374
3.2108150525578316	0.02404779
3.212804955430363	0.02397359
3.2147962928255067	0.02359107
3.2167911350383185	0.02300667
3.2187874184037386	0.02319921
3.2207872183703397	0.02267773
3.222788466155726	0.02242172
3.2247932423812644	0.02232411
3.226799473128182	0.02378642
3.2288092442100185	0.02461176
3.230820476552482	0.02159257
3.2328352611807607	0.02001889
3.2348515138458116	0.02167434
3.23687028307078	0.02210135
3.238892622612329	0.02135248
3.2409164404236916	0.02116122
3.242943840644334	0.02136827
3.244972726004238	0.02008684
3.247005205923447	0.02004433
3.249039177889119	0.01969621
3.251076756621793	0.01915555
3.253115834346137	0.02052466
3.2551585311032025	0.02100018
3.2572027338353986	0.01985612
3.2592505679244113	0.02021011
3.261299915010524	0.02032233
3.2633529058362782	0.01856426
3.2654074167198655	0.01913746
3.267464516152221	0.02058869
3.269525278007735	0.02249129
3.271587570584502	0.0240555
3.2736535381156395	0.02307176
3.2757210435267985	0.02195451
3.277792236483532	0.02223954
3.279864974518729	0.02192081
3.2819414127510647	0.02061119
3.2840194033002423	0.01925635
3.286101106758853	0.01924539
3.288184369812889	0.02126565
3.2902713585497536	0.02166025
3.2923599142011004	0.02206509
3.294452208370149	0.0218532
3.2965460768134793	0.0208612
3.2986426085665745	0.0199295
3.3007428982040987	0.02084763
3.302844773231632	0.02077168
3.304950419133812	0.0199677
3.307057657888854	0.02049698
3.3091686805715725	0.02115288
3.311281303611714	0.02145639
3.3133977236957635	0.0214865
3.315515751683785	0.02020384
3.3176375898955373	0.01924629
3.319761043600082	0.0190465
3.3218883207721666	0.01967642
3.324017221068419	0.02028418
3.326149958140403	0.0217755
3.3282843260107753	0.0213829
3.3304214348587884	0.01961904
3.3325624005646692	0.02006879
3.334705008660229	0.02085943
3.3368514870845494	0.02002897
3.338999615681144	0.019045
3.3411516281431886	0.01858833
3.343305298603969	0.01935712
3.345462866533093	0.01952239
3.3476221003315816	0.01830743
3.3497852452679258	0.01830855
3.3519500639887263	0.01845213
3.354118807583931	0.01818511
3.356289232923452	0.01763272
3.35846359694138	0.01672621
3.3606396507085576	0.01764278
3.362818526170799	0.01813966
3.365001361143051	0.01821248
3.3671858979560847	0.01980856
3.36937440825362	0.01936467
3.3715646285108947	0.01825646
3.3737588362961124	0.01803871
3.3759547622061863	0.01742445
3.3781546897570296	0.01776411
3.3803563436443214	0.01858007
3.3825620133550314	0.0181083
3.384769417660576	0.0178215
3.386980852042451	0.01785808
3.3891940293246625	0.01810092
3.3914112510068253	0.01766337
3.3936302239422647	0.01735379
3.395852102490892	0.01745499
3.398078047056585	0.01820571
3.4003057554935343	0.01986392
3.4025375444498995	0.01978572
3.404771105750488	0.01868174
3.4070087621451344	0.01848238
3.4092481994055635	0.01846964
3.4114917464074437	0.01936788
3.413737082845596	0.02042957
3.4159865437458072	0.02130719
3.418237802702049	0.02065023
3.42049320091464	0.0188624
3.4227504058526295	0.01847792
3.425011764915413	0.01880943
3.4272749394229156	0.01938008
3.4295411068226604	0.01815962
3.4318114507879955	0.01751397
3.4340836233703125	0.01690937
3.4363599875741224	0.01729967
3.4386381892406384	0.01792587
3.4409205976603805	0.01821035
3.443204852439734	0.01811255
3.445493329180365	0.01860763
3.4477836612290518	0.01805174
3.450078230523877	0.01656608
3.4523746641271003	0.01566741
3.454675350338627	0.01603627
3.456977909911156	0.01577767
3.4592847375319593	0.01533696
3.461593447618995	0.01550765
3.463905241408216	0.01593346
3.4662213265506314	0.01562912
3.4685393079154148	0.0150982
3.4708615962700735	0.01602182
3.4731857900855134	0.0172855
3.4755143066070917	0.01692232
3.4778447378817976	0.01577572
3.480179507659005	0.01425075
3.4825162015359985	0.01471332
3.484857249792477	0.01509381
3.487200231550095	0.01453493
3.489547583645328	0.01367765
3.491896878698137	0.01295047
3.4942505601283647	0.01329728
3.496606194028076	0.01335087
3.4989650061511806	0.0133769
3.501328228863619	0.01360656
3.5036934184170243	0.01328935
3.5060630348060897	0.01378828
3.508434627688426	0.01349851
3.51081066373631	0.01296415
3.5131886859866284	0.01270626
3.515571167816493	0.01299803
3.51795564561522	0.01340818
3.520344599492155	0.01363213
3.522735559162054	0.01391316
3.525131011494042	0.0133502
3.5275284795011794	0.01225164
3.52993045684007	0.01247996
3.5323344597947925	0.01267076
3.5347417393969236	0.01202868
3.537153553495203	0.01137759
3.539567408229636	0.01180897
3.5419858143468135	0.01273321
3.5444062711889033	0.01302852
3.5468312963881194	0.01235896
3.549258382460985	0.01227384
3.5516900539537235	0.01246683
3.554123796529256	0.01276951
3.556562141676364	0.01270484
3.5590025681762536	0.01267947
3.5614476144889657	0.01153034
3.563894752485728	0.01059118
3.5663465276267035	0.01137664
3.568800404844718	0.01294631
3.5712576612404976	0.01323094
3.573719580945642	0.01246023
3.5761836184326516	0.01132636
3.578652336788403	0.01057646
3.581123183475265	0.01129112
3.583598728682515	0.01151647
3.5860764128334197	0.01106916
3.588558813249246	0.01186592
3.5910433632850287	0.01220764
3.5935326474237783	0.01132529
3.596024091923006	0.01201399
3.598520288457386	0.01206127
3.6010186561574535	0.01159537
3.6035217939196333	0.01171711
3.6060271137178677	0.01164189
3.60853591954697	0.01111165
3.611049522655364	0.01172706
3.613565324227149	0.01179464
3.6160859413449167	0.01116771
3.618608767961417	0.01204731
3.6211364284876253	0.01174798
3.6236663096147463	0.01062523
3.6262010431129923	0.01011935
3.628738008381659	0.01068997
3.631279844581223	0.01175958
3.6338239237885377	0.01241425
3.6363728925855447	0.01234774
3.638924115695953	0.01202301
3.6414802471545475	0.01155023
3.644038644301015	0.01214363
3.646600638884432	0.01173853
3.6491675701397375	0.01042878
3.6517367842732846	0.01054016
3.6543109540894294	0.01100852
3.656887418332562	0.01068457
3.6594688573711034	0.01080778
3.6620526024559923	0.01128555
3.664641341551902	0.01157364
3.6672323983846575	0.01152523
3.6698284685475517	0.01123393
3.6724268682094534	0.01116732
3.675030300624829	0.01194796
3.67763607437357	0.01197981
3.6802469004040543	0.01168268
3.682860079674995	0.01243607
3.6854769725870535	0.01262714
3.6880989472690366	0.01205973
3.6907232931881055	0.01138424
3.693352740670868	0.01147316
3.6959845714820045	0.01229433
3.6986215237580953	0.01215603
3.7012608715284947	0.0119208
3.7039053607733456	0.01117501
3.7065522577536436	0.01118372
3.7092043163268786	0.01254167
3.7118587949524655	0.01255038
3.7145184553992197	0.01127196
3.7171805482915654	0.01123436
3.719847843343816	0.01149237
3.722517583311805	0.01212333
3.7251911581842823	0.01141327
3.7278699659309966	0.01019767
3.7305512374424983	0.01109788
3.733237762446615	0.0122913
3.7359267638804625	0.01286916
3.738621039538535	0.01239094
3.741317804370233	0.01133707
3.744019864271792	0.01167622
3.7467244261704202	0.01237496
3.749434304099369	0.01218114
3.7521466969289805	0.01176743
3.7548644268650038	0.01165854
3.7575846846860386	0.01251906
3.7603103008060224	0.01364768
3.7630384578767355	0.01415306
3.7657705764528626	0.01369493
3.768508085334097	0.01369833
3.7712481549168406	0.01350719
3.77399363629193	0.01283825
3.776741691640371	0.01350894
3.7794951803877455	0.01412348
3.7822512564638675	0.0148387
3.7850127876657034	0.01450433
3.7877769196358737	0.01354473
3.790546528579584	0.01422425
3.7933187518160514	0.01528961
3.7960964739957905	0.01565602
3.798876824078193	0.01537022
3.8016626951963715	0.0152512
3.8044512079132584	0.01548179
3.807243814370975	0.01494901
3.810041975232441	0.01525194
3.8128427983978432	0.01557589
3.81564919837026	0.01518147
3.818458274560896	0.01503207
3.821272950087679	0.01484011
3.824090315835443	0.01479572
3.8269133035752554	0.01527657
3.82973899562797	0.01468021
3.832570332456313	0.01455954
3.835404387779328	0.0155475
3.838244110790148	0.01538032
3.841086566567951	0.01597604
3.843934713075259	0.01596114
3.8467856067131025	0.01522315
3.8496407322786603	0.01462934
3.852501583378151	0.01361702
3.8553652033242503	0.01403366
3.8582345721738722	0.01440607
3.86110672446486	0.0147943
3.863984649161786	0.01592276
3.866865371988582	0.01661726
3.869751890857518	0.01658254
3.8726412226393054	0.0164275
3.875536374234194	0.01573847
3.8784343536201304	0.01505563
3.881338176725866	0.0156231
3.8842448425968037	0.01676439
3.8871573762309652	0.01655664
3.8900727677011924	0.01633972
3.8929925355761124	0.01600803
3.8959182075347836	0.01668913
3.8988467601168253	0.01723642
3.90178124117222	0.01582046
3.904718618166938	0.01529388
3.9076619481648645	0.01553256
3.9106081895174585	0.01647515
3.9135604085443982	0.01727447
3.9165155544415247	0.01826303
3.9194767028264526	0.01826883
3.92244079369805	0.01759345
3.9254109120142697	0.01836264
3.928383988535404	0.01921634
3.931363117602403	0.02078346
3.934345220695128	0.0217412
3.937331851321624	0.02204343
3.940324572415679	0.02037105
3.943320291458689	0.01867717
3.9463221264362143	0.01825176
3.9493269754434794	0.01895421
3.9523379660004077	0.0193071
3.9553519867733034	0.01971422
3.958372174860299	0.02083716
3.961395409455772	0.02139784
3.9644248372801822	0.02037714
3.9674573280127086	0.01908301
3.970496038040528	0.01716102
3.9735378274840873	0.01765395
3.9765858624419423	0.0185189
3.979636993432007	0.01763789
3.9826928101243237	0.01618878
3.9857549119447095	0.01396874
3.9888201349258297	0.01426868
3.991891669640626	0.01567257
3.994966342408565	0.01491349
3.9980473536724666	0.01396046
4.001131519993854	0.01325453
4.004222051731346	0.01197208
4.007315755643503	0.0117098
4.010415852050946	0.01117146
4.013519137863981	0.01090578
4.016628843411724	0.0118828
4.019741755710646	0.01327953
4.0228611151451465	0.01360282
4.025983698792004	0.01286383
4.02911113376367	0.01127759
4.032245057274009	0.01122208
4.0353822314049586	0.01210422
4.038525921884409	0.01169934
4.041672880738721	0.01035549
4.0448263839171235	0.0100024
4.047983173343545	0.01033257
4.05114653523667	0.01109534
4.054313201370844	0.01171162
4.057486468282629	0.0117449
4.060663057549341	0.01142482
4.063846276074146	0.0106383
4.067032835189595	0.01138486
4.070226052214488	0.0116758
4.073422628188573	0.0103675
4.076624229008442	0.01094634
4.079832531034266	0.0124881
4.0830442197772046	0.01233821
4.086262638810341	0.01100343
4.089484463230628	0.009607223
4.09271304720085	0.01011363
4.09594505535465	0.01111801
4.099183852494968	0.01119876
4.102426092742727	0.01032316
4.105675151591791	0.01105872
4.108927672600643	0.0111744
4.112187042005169	0.01019834
4.115449892751376	0.009748112
4.118719621868589	0.009600975
4.121992851639996	0.009540705
4.125271288153087	0.009516099
4.128556648338628	0.01041335
4.131845538391869	0.01132624
4.13514138255144	0.01143264
4.138440776222506	0.01175349
4.141747154619705	0.01202422
4.145057102306641	0.01155173
4.148374065526887	0.01111602
4.151694617950682	0.009981147
4.155022216903793	0.009559259
4.158353425110966	0.01024072
4.161691711033768	0.009908142
4.165033626398983	0.008747791
4.168382650857936	0.008720966
4.171735325086647	0.009542363
4.175093396839287	0.009659156
4.178458625111618	0.01021868
4.181827533905213	0.01058314
4.18520363108267	0.01087706
4.188583429461323	0.01067708
4.191970448285128	0.01025838
4.195361189133175	0.01027697
4.198759182686333	0.01006336
4.202160919231106	0.009563435
4.2055699409411815	0.008988634
4.208982726755788	0.009127867
4.21240283039771	0.009017457
4.215826719403848	0.008422641
4.219257959102732	0.008698408
4.222693005573532	0.007704625
4.226133649786221	0.007577343
4.2295816943704265	0.009027695
4.233033578115555	0.009851392
4.236492895613238	0.009566928
4.239956074055073	0.008461063
4.243426719839633	0.008166187
4.246901248504029	0.008289276
4.250383278312122	0.008479532
4.253869213089496	0.009602148
4.257362683024022	0.01006953
4.2608600801723435	0.009333032
4.264365046705459	0.008952023
4.267873962853279	0.009274368
4.271390482829438	0.00928286
4.274910974978946	0.009075776
4.278437275114641	0.008893667
4.281971231148086	0.00841846
4.285509193488597	0.007797363
4.289054846717757	0.008261783
4.29260452921289	0.009334903
4.296161937809619	0.009279382
4.2997233987937555	0.009711511
4.303292621316274	0.01091827
4.3068659195115675	0.01112854
4.31044701490768	0.01041577
4.314032209427283	0.01029676
4.317625237037626	0.01053881
4.321222387388945	0.009706317
4.324827406950257	0.009588001
4.328436573038255	0.009980647
4.332051768018628	0.01050185
4.335674886817207	0.01053316
4.3393021881365215	0.01053863
4.342937449974789	0.01028689
4.346576918546452	0.009701191
4.350224384573757	0.009843121
4.353876081720513	0.009706599
4.357535813497467	0.009636411
4.361199800954841	0.01126148
4.364871860456793	0.01152821
4.368548200376568	0.01059747
4.372232649997092	0.01043039
4.375921404950829	0.009956853
4.379618307505264	0.0109638
4.383319540487846	0.01098152
4.387027034615398	0.01034804
4.390742733650082	0.00980274
4.3944628010921125	0.009614208
4.398191111959473	0.01041055
4.401923816784888	0.009269691
4.405664803804733	0.008565902
4.409410210518471	0.009164829
4.4131639384487205	0.009563994
4.416922111995477	0.00913198
4.420688646035902	0.008930552
4.424459651803875	0.009184679
4.4282390575998765	0.01183668
4.4320229614245585	0.01300052
4.43581530507098	0.009346291
4.439612173238994	0.00846803
4.44341554688892	0.007865316
4.44722742053694	0.006796917
4.451043858805766	0.009428628
4.454868837524251	0.009465521
4.458698407843386	0.01020453
4.462536559330762	0.01102258
4.466379329596463	0.008686183
4.470230722018255	0.006676856
4.474086760595644	0.007725324
4.477951462588506	0.008037338
4.481820838315625	0.009267218
4.485698918991418	0.0084159
4.48958170118332	0.007686015
4.493473230133231	0.008812463
4.497369488586126	0.00860009
4.501272509738503	0.008613575
4.505184340880268	0.009699103
4.5091009438901	0.009262193
4.513026399399226	0.008495959
4.516956655283936	0.01017492
4.520895806462259	0.01155515
4.524839786735251	0.01229865
4.5287927053830135	0.01162727
4.532750482058013	0.009674526
4.536717240478224	0.008347929
4.540688886073661	0.009031488
4.544669557076505	0.01083126
4.548655144619941	0.009694047
4.552649801527232	0.009725321
4.556649404559839	0.01135394
4.560656041250222	0.01069836
4.564671813790604	0.009612006
4.56869257724517	0.00934973
4.572722521252872	0.01099995
4.576757486316639	0.01331817
4.5808016769398785	0.01361609
4.584850918987518	0.01224243
4.588909431906779	0.009958102
4.5929730268473055	0.01060288
4.597045938280061	0.01214206
4.601123962561575	0.01224276
4.605211349267058	0.01170506
4.609303879881541	0.01000027
4.613405819165564	0.007045242
4.617512933653727	0.009347191
4.621627367428619	0.0139029
4.625751279829735	0.01410819
4.629880414818766	0.009614859
4.634019075476122	0.004942411
4.638162990613286	0.003795029
4.642316478784381	0.005446238
4.646475253569771	0.008140878
4.650643649081033	0.01135017
4.654817363585923	0.01095891
4.65900074683782	0.009232855
4.663189481709805	0.006667973
4.6673879336820185	0.006497611
4.6715917701502105	0.006735707
4.675805372406857	0.006543075
4.680024392287133	0.006106199
4.684251032760246	0.007527605
4.688487512682359	0.007051048
4.692729460392425	0.006961151
4.696981297090173	0.006427547
4.701238635343254	0.005033582
4.705505912468179	0.006530637
4.7097787251759335	0.009002228
4.714061526988238	0.008510469
4.718349898673435	0.007903393
4.7226483100475285	0.008052817
4.726952325849623	0.007894737
4.731266432279727	0.008152181
4.735586177960488	0.008904845
4.739916065566311	0.008652586
4.7442516275155215	0.00798571
4.748597383047982	0.008762579
4.7529488482892	0.00907176
4.757308295936926	0.009398834
4.7616780153326035	0.009910475
4.766053497997304	0.008373354
4.770439304985157	0.007398047
4.774830911300353	0.008739166
4.7792328948865075	0.008264697
4.783640714140155	0.007235186
4.788058963988529	0.008064701
4.792483086129068	0.008537018
4.7969176925674635	0.008555974
4.801358208209938	0.009035913
4.805809262236191	0.008598192
4.810266262668437	0.007610305
4.814733855956644	0.007999609
4.819207433145545	0.007234601
4.823689331253359	0.005330518
4.828181904650167	0.006048841
4.832680518739927	0.008464209
4.837189863571898	0.0092221
4.841705287335842	0.008030719
4.846231497693921	0.007464197
4.850763825525786	0.006737322
4.855306996206063	0.004512669
4.85985632320766	0.004773944
4.864416549717986	0.006109533
4.8689829717058535	0.006426446
4.8735603502725295	0.00659279
4.878143963784659	0.008391428
4.882738591359213	0.008597285
4.8873394936618535	0.0092344
4.891949074810132	0.009847137
4.896569757022415	0.01067238
4.901196774228331	0.01221397
4.905834951032409	0.01309062
4.910479503413029	0.01337234
4.9151352743530206	0.01111266
4.919797461778093	0.01130662
4.924470927154764	0.009344889
4.929150850253876	0.008598666
4.933842111131833	0.009167315
4.938539871301651	0.0086559
4.943246585946746	0.00646784
4.947964728928227	0.003847389
4.952689434179995	0.00399129
4.957425628700719	0.006454459
4.962168427905647	0.008033729
4.966922777761497	0.006033555
4.971683775059151	0.004937095
4.976456384843306	0.005283365
4.981235685173949	0.007214477
4.986026660284552	0.008101598
4.990824369396864	0.007131536
4.995633816044776	0.007982593
5.000450040503646	0.008601262
5.005278065720302	0.005716137
5.010112912914718	0.005206953
5.01495710957932	0.006514606
5.0198132027111	0.005635337
5.024676184743274	0.007790449
5.02955112765051	0.009270834
5.034433004534514	0.00956585
5.0393269071836615	0.01201752
5.044227789256198	0.01353542
5.0491407624707465	0.01137892
5.05406076092928	0.008792597
5.058992916398118	0.009392269
5.063932143309279	0.009073375
5.068883593595162	0.007157095
5.073842161903259	0.006086074
5.078813020451364	0.007454134
5.083791043986993	0.006990937
5.088778835565272	0.006284901
5.093779018622347	0.006732314
5.09878643783993	0.007981462
5.10380631667485	0.008827721
5.1088334796162655	0.006434499
5.11387317083149	0.006124705
5.118920194498491	0.007834821
5.123979815618711	0.008329513
5.129046817939354	0.007292634
5.13412648742062	0.006665552
5.139213587258451	0.007368281
5.144313424497426	0.007689741
5.149420741660771	0.007424234
5.154540867004083	0.005573906
5.159668522255457	0.005289345
5.16480638948528	0.006317062
5.1699571720747866	0.007995227
5.175115560330462	0.008177184
5.18028693609339	0.00656883
5.185465968564668	0.007305264
5.190658061247689	0.008160758
5.195857862112324	0.006696275
5.201070796455574	0.005787204
5.20629149088925	0.005305896
5.2115253926363225	0.005355405
5.216767106822696	0.004805121
5.222022102730752	0.004274529
5.22728496387162	0.004671334
5.232561181721618	0.005495004
5.2378453180472055	0.006169257
5.24314013760097	0.007083333
5.248448427433639	0.006137013
5.253764716451691	0.00501972
5.2590945522091355	0.00416942
5.264432441538478	0.0045266
5.2697839546672105	0.005416695
5.275143576220286	0.005915064
5.280516899238233	0.00612541
5.285898386003787	0.006765603
5.2912936525112215	0.005845042
5.296697138565305	0.005177939
5.302114483255923	0.005368695
5.307540103773024	0.004559265
5.31297966244515	0.004457776
5.31842755370947	0.004558139
5.3238866288990145	0.004717265
5.329359762694269	0.004924937
5.334841315145081	0.004808659
5.340337007307183	0.004879422
5.345841176127825	0.004767716
5.351359566411443	0.005168729
5.356886491860746	0.005346799
5.362427721177353	0.005230633
5.367977544676336	0.005160181
5.373541755106208	0.005231482
5.37911461925013	0.005544977
5.384701954054492	0.006127046
5.390298002625075	0.006400942
5.3959086062583905	0.007187687
5.401527984236181	0.007579884
5.407159078620093	0.007821563
5.412804855935493	0.008545918
5.418459499453549	0.009072657
5.424128912017374	0.009675421
5.429807252702144	0.01036589
5.435500449244112	0.01047794
5.441202636371502	0.01159245
5.446919766871834	0.01250132
5.45264595097417	0.01307104
5.458387166676765	0.01377022
5.464137499556039	0.01388412
5.469902952981808	0.01341094
5.4756775877230925	0.01300038
5.481467432683469	0.01268421
5.4872665236685005	0.01320627
5.493077897886978	0.01394044
5.498904618200054	0.01325479
5.50474068267592	0.01182003
5.510592184767952	0.01164081
5.516453097185009	0.01191652
5.52232953949294	0.01126145
5.52821545888058	0.01004306
5.534117001194816	0.009206354
5.540028087942406	0.008821369
5.545954891421295	0.008327159
5.551891307292742	0.007629838
5.557843534477248	0.006929604
5.56380544262576	0.006144124
5.569783257454319	0.006447882
5.575770822437348	0.006903305
5.581771274642125	0.006481975
5.587787778055305	0.005827706
5.593814136575209	0.006157193
5.599856643669922	0.005685435
5.605909076639504	0.005119103
5.611977756364965	0.004738578
5.618056433376873	0.004387397
5.624151456149053	0.00445416
5.6302565482698785	0.00459655
5.636378085987457	0.004086041
5.642509765773777	0.00397629
5.6486579918343	0.003939535
5.654816433348941	0.003537507
5.660991522665195	0.003893124
5.667176901493698	0.004287574
5.673375811789162	0.004174949
5.67959152377761	0.004279141
5.685817637633745	0.003958304
5.692060656875183	0.003722812
5.698314153757611	0.004141243
5.70458466060003	0.003904531
5.710865721556462	0.003550061
5.717163897939478	0.004030809
5.723472705617188	0.004035909
5.729798735089632	0.004118896
5.736135473753165	0.003854547
5.742489541490922	0.003350421
5.74885439704003	0.003571191
5.755236689864107	0.004100749
5.761629849851927	0.003703807
5.768037229219492	0.003204556
5.774462209898237	0.003859589
5.780898178149939	0.004387231
5.787351858260808	0.004625803
5.79381660716417	0.004788453
5.800299179431675	0.004424389
5.806792902473171	0.00434976
5.813304561351291	0.004282632
5.819827453755652	0.004141507
5.826368395447275	0.004251982
5.832920654197049	0.004723822
5.839491076673686	0.004808851
5.8460729005290695	0.004876114
5.852673003550817	0.004733863
5.859284593069756	0.004908837
5.865911137312181	0.005439058
5.872556135764102	0.005782314
5.879212749895938	0.005124723
5.8858879362252265	0.004494611
5.892574825388277	0.004743229
5.8992804057761035	0.004728342
5.905997776982437	0.005130689
5.9127339594918595	0.005358054
5.919482021645178	0.005341627
5.9262490162426635	0.005667718
5.933027980159954	0.005619482
5.939825998737193	0.005707046
5.946636077170686	0.006091176
5.953465333566709	0.005700984
5.96030674122613	0.005453785
5.9671638905431195	0.005698414
5.974040404824874	0.00583693
5.980929209123788	0.005709476
5.9878375044609395	0.005606243
5.994758183444396	0.005714522
6.00169848067003	0.00605244
6.008651256078502	0.00621044
6.01562377807642	0.006068646
6.022608873711914	0.005797844
6.029613845440497	0.005995826
6.0366314871905695	0.006199924
6.043669135706964	0.005895702
6.050719551569073	0.005838148
6.057790106053731	0.006427848
6.064873526159922	0.006926233
6.071973531052984	0.007233755
6.07909387458343	0.007752888
6.086227232945478	0.008023762
6.093381064818341	0.008227691
6.1005480122279385	0.008756456
6.107735569253171	0.008996692
6.114936343512665	0.009102
6.122157864738268	0.00965394
6.129392705900092	0.009829648
6.136648432638624	0.01006696
6.143917583031974	0.01035132
6.151207758887419	0.01082045
6.158511463145312	0.01080477
6.16583633404035	0.0108183
6.173174839127063	0.01074041
6.180530833432222	0.01031187
6.187908208569634	0.01030235
6.195299378549519	0.0107134
6.2027120738271595	0.01127808
6.210138672396555	0.01139218
6.217586942072608	0.01098324
6.225049224576743	0.01104264
6.232533325355691	0.01126085
6.2400315495995144	0.01142958
6.2475517406616285	0.0117157
6.255086166939493	0.01188052
6.262642709970754	0.01201303
6.270213601096534	0.01235562
6.277806760318988	0.01295707
6.285414381656647	0.01422991
6.293040463620877	0.01647786
6.300689043353781	0.02038726
6.308352258390109	0.02565288
6.316038126132545	0.03150234
6.323738746116434	0.03707195
6.331462175211819	0.0421689
6.339200474679331	0.0471013
6.346961741149321	0.05207522
6.35473799732974	0.05691096
6.362537379907106	0.06178946
6.370351872756044	0.06659675
6.378189652918054	0.07109626
6.386042665151046	0.07555269
6.393919127153311	0.08011224
6.401810944279918	0.08443822
6.409722266734182	0.08853724
6.4176572855491685	0.09315165
6.425607846438254	0.09790596
6.433582270076637	0.1023322
6.441572362047286	0.1070409
6.449586484762529	0.1119686
6.457616403378883	0.1170662
6.465670522361521	0.1218219
6.47374056614156	0.1269483
6.481834981555939	0.1321141
6.489945452008476	0.1371255
6.498080467030039	0.1423977
6.506231668692274	0.148187
6.514407589545418	0.1538063
6.522599830021048	0.1595498
6.530812700863308	0.1653508
6.53905055601547	0.1712827
6.547304932870483	0.1773259
6.555584472967064	0.1834631
6.563880671274949	0.1898258
6.572202213517706	0.1960277
6.580540551923097	0.2021723
6.588904416740298	0.2081921
6.597285217133149	0.2143471
6.605691728220704	0.2206632
6.614115315777708	0.2268615
6.622564800140928	0.2332831
6.63103150336757	0.2397951
6.639524291363572	0.2461724
6.648034442136838	0.2525717
6.656566436526976	0.2595113
6.6651248011293385	0.2660564
6.673700747254272	0.2725235
6.682303256286377	0.2792795
6.690923494642578	0.2860885
6.6995704905358515	0.2928224
6.708235365146022	0.2998741
6.71692719388276	0.3065453
6.725637052341598	0.3139925
6.7343740635011065	0.3219654
6.743129257021789	0.3298363
6.751911803827254	0.3376029
6.760712687288643	0.3453769
6.76954112665473	0.3530765
6.778388058649325	0.361222
6.787258144540092	0.3689432
6.79615609411317	0.3768669
6.80507277344824	0.3851882
6.814017524290269	0.3932806
6.822981165160494	0.4010704
6.8319730874916145	0.4089724
6.840984061875332	0.4170494
6.850023529830826	0.4251089
6.859082213645321	0.4332604
6.868169605327502	0.4416702
6.877276378481277	0.4499385
6.886412076012217	0.4584379
6.8955673224581036	0.4673886
6.904751712033187	0.4766622
6.913955819822312	0.4855741
6.92318449871298	0.4947156
6.932442653101263	0.504187
6.941720783164938	0.5136729
6.951028613214183	0.5229003
6.960356592988972	0.5316367
6.969714499584954	0.5398827
6.979092731903037	0.5474913
6.988501120256729	0.5535346
6.997930012302361	0.557111
7.007389292008423	0.55851
7.016869255376852	0.5577928
7.026379840473072	0.554611
7.03591129123044	0.5497213
7.045473600258146	0.5448284
7.055056959002359	0.5404401
7.06466642411312	0.5366876
7.074307106990406	0.53262
7.083969119561814	0.5275391
7.093662592776239	0.5214984
7.1033775850078955	0.513441
7.113124283352728	0.5044243
7.122892692197014	0.4945814
7.132693055253407	0.484378
7.142515322480995	0.4742217
7.152369794684073	0.4638458
7.16224636695053	0.4537664
7.17215539765657	0.4437171
7.182086726570057	0.4333147
7.192050770124797	0.4238399
7.202037312314907	0.4140156
7.212051626750365	0.4040709
7.222099045310728	0.394823
7.232169267475271	0.385993
7.242272856975251	0.3774813
7.252399456360137	0.3692562
7.262559689162446	0.3613299
7.272743140530488	0.3540308
7.282960494309095	0.3467539
7.293201277768864	0.3398135
7.303476235583851	0.3329569
7.313774836665124	0.3267515
7.324107887038819	0.320829
7.334464796769315	0.3146825
7.344856433763717	0.3081931
7.35527214874714	0.3021523
7.365717446659315	0.2962322
7.376197894538073	0.2902122
7.38670275317185	0.2842715
7.3972430475161906	0.2784914
7.407807977764724	0.2729257
7.418408632653757	0.2674798
7.429034151269994	0.2623757
7.439695686687632	0.2569237
7.4503823163685645	0.251444
7.4611052582885415	0.2466124
7.471853527760925	0.2419331
7.4826384082332975	0.2372845
7.4934488523408405	0.2325119
7.5042962095799846	0.2277711
7.515169369372077	0.223247
7.52607408366285	0.21934
7.537016170668194	0.2152839
7.547984423979343	0.2109572
7.558990360775491	0.2069568
7.57002271006813	0.2034142
7.581093057159168	0.2001096
7.592190065922986	0.1964818
7.603325390392743	0.1926902
7.61448762874195	0.1893979
7.625688504350837	0.1864206
7.636916549121792	0.1832967
7.648183556405353	0.180243
7.65947799125594	0.1768701
7.670811717625147	0.1736256
7.682173133135902	0.1707221
7.693574172979244	0.1679335
7.705003166756302	0.1649853
7.71646616715409	0.1620387
7.727969298323572	0.159651
7.739500786720255	0.1573861
7.751072748468388	0.1549577
7.762673340495694	0.1523559
7.7743147524619305	0.1495902
7.785985071152225	0.1474006
7.797696560436047	0.1453781
7.809437236333876	0.1430195
7.821219437607395	0.140775
7.833031108883049	0.1384379
7.844884664505663	0.1362643
7.856767977070808	0.1343666
7.868693537205938	0.132249
7.880649144831358	0.1298979
7.892641138181994	0.1278854
7.904675932000815	0.1261107
7.916741215979784	0.1241836
7.9288496745603645	0.1219707
7.940988923114551	0.1204431
7.953171724883885	0.1192425
7.9653856202486475	0.1177372
7.977643451990144	0.1163496
7.98993268481713	0.1151556
8.002266241799678	0.1138048
8.014631511287005	0.1124898
8.027041497396429	0.1111621
8.039483511421292	0.1097597
8.051970639294261	0.1084564
8.064490114548018	0.1074979
8.07704858183181	0.1067769
8.089652767834247	0.1054899
8.10228978811702	0.1037425
8.114972936565257	0.1025051
8.127689249180323	0.1015458
8.140452104428975	0.1004262
8.153248458016884	0.09941227
8.16609177380579	0.09819368
8.178968926461256	0.09744326
8.191893466063853	0.09642066
8.204852185485453	0.09510759
8.217858721859997	0.09392163
8.230899785502752	0.09312701
8.243989101446408	0.09216084
8.257113296677256	0.09069032
8.270279345225445	0.08937987
8.28349430923941	0.08808669
8.296744689253725	0.08711056
8.310044433807587	0.08630084
8.3233799581334	0.08536939
8.336765301715872	0.08436963
8.350186793678574	0.08309456
8.363658565348192	0.08157755
8.377166858922646	0.08037437
8.39072589847893	0.07937603
8.404321838462211	0.07878773
8.417968996620186	0.07821228
8.431653438807697	0.07705039
8.445389577375815	0.07605918
8.459163388740853	0.07549158
8.472982201653588	0.07494196
8.486853439679265	0.07426963
8.500762943474177	0.07326007
8.514725366048044	0.07221226
8.528726456450617	0.0711708
8.542780965658876	0.06996096
8.556874550229281	0.06951342
8.571022060096578	0.06866439
8.58520905842578	0.06780733
8.599450495113363	0.06732438
8.613731839023135	0.0666721
8.62806814103095	0.06607426
8.64244477477789	0.06543829
8.656876893150764	0.06467298
8.671349773634415	0.06419262
8.685871127730078	0.0633874
8.700448769147513	0.06292901
8.715067829372915	0.06251357
8.729743720913586	0.06181794
8.744461476712187	0.06141736
8.759236615010527	0.06067562
8.774054069230797	0.06011546
8.788929464446582	0.05998628
8.803847633569776	0.05939367
8.818824309618337	0.05873651
8.833844223990955	0.05845679
8.848923218778124	0.05819103
8.864045922849117	0.05770687
8.879228288510989	0.05688648
8.89445484107388	0.05634871
8.909733705878999	0.05593479
8.925073118661524	0.05540687
8.940457447445755	0.05520461
8.955902925177012	0.05508937
8.971393813685681	0.0549776
8.986946460266463	0.05489942
9.002545019477006	0.05492003
9.0182059541803	0.05470307
9.033913310567872	0.05476911
9.049683668307374	0.05541095
9.065500964116026	0.05589092
9.081381895720307	0.05599363
9.097310289239882	0.05622086
9.113302961732328	0.05645615
9.129343627581209	0.05632273
9.145440860549403	0.05643088
9.161603353879757	0.05637172
9.177814652197535	0.0561161
9.194091876560123	0.05548341
9.210418456941753	0.05461619
9.226811638331128	0.05370163
9.243254734857238	0.05299756
9.259765116798047	0.05259165
9.276325981226572	0.05252106
9.292954825088003	0.05242598
9.309634727171845	0.05250858
9.326383312488867	0.05251372
9.343183540300421	0.05252345
9.360053165101979	0.05266472
9.376975025364718	0.05292438
9.393958181855758	0.0529565
9.411011824936358	0.05325732
9.428118609503356	0.05366514
9.445296620095057	0.05392172
9.462528387585163	0.05433619
9.479832131132621	0.05475983
9.497190256262686	0.05563797
9.51462111827245	0.05625489
9.532106995994608	0.05637718
9.549666382404931	0.05670631
9.56728142828031	0.05689237
9.584970765839165	0.05624991
9.602716416419876	0.05546093
9.620537153071405	0.05524643
9.63841486629109	0.05487192
9.656359147034484	0.05427152
9.674379727143796	0.05402464
9.692458298198172	0.05456927
9.710613992412126	0.0552701
9.7288283669286	0.05603576
9.747120700545059	0.0564185
9.765472414493523	0.05689188
9.783902935855753	0.05745188
9.802393548456662	0.05727404
9.820963829390216	0.05641535
9.839594923556186	0.05514964
9.858306559815768	0.05333595
9.877079742603302	0.05145488
9.895924561387883	0.04963608
9.914851257401438	0.04785034
9.93384062146107	0.0462625
9.952912769686613	0.04493709
9.972048348479213	0.0439973
9.991267632089553	0.04290442
10.010554127216324	0.04149895
10.029916231142629	0.04033188
10.049354389276616	0.03947409
10.06886803671069	0.0389416
10.088456596281858	0.03811962
10.10812254359987	0.03742978
10.127865312355013	0.03688524
10.147684323806518	0.0364878
10.167582087973987	0.03591424
10.187558037244694	0.03535633
10.20761159139625	0.03479993
10.227745295595135	0.03398713
10.247958581030764	0.03360847
10.268250866101289	0.03333076
10.28862473187844	0.03296649
10.30907960846528	0.03270895
10.329614912989006	0.03236495
10.350233263207054	0.03192019
10.370934088254367	0.03183865
10.391716804102318	0.03167876
10.412584065997457	0.03102379
10.433535302231869	0.03043843
10.45456992774324	0.03026627
10.475690636094411	0.02993621
10.496896854867279	0.02928548
10.518187998095366	0.02867421
10.53956679850962	0.02809775
10.561032683122233	0.02771953
10.582585065199835	0.02731537
10.604226717518882	0.02708859
10.62595706667055	0.026693
10.64777552530002	0.02617169
10.669684907133197	0.02553605
10.69168463849757	0.02471853
10.713774131570933	0.02427082
10.73595624196011	0.0241598
10.758230395895348	0.02413577
10.78059600525015	0.02378514
10.803055968472362	0.02333819
10.825609711870985	0.02304929
10.848256647187899	0.02303235
10.870999716701748	0.02297574
10.8938383469864	0.02306246
10.916771949834812	0.02328961
10.939803512377075	0.02331435
10.962932461648647	0.02322878
10.986158209686868	0.02330941
11.009483789525973	0.0230766
11.032908628870938	0.02353042
11.056432140207942	0.02569765
11.080057403561398	0.030655
11.103783847525506	0.03944803
11.12761088525152	0.05378433
11.151541644874696	0.07380289
11.17557555611061	0.0978634
11.199712033004207	0.1245403
11.223954252958297	0.152935
11.248301647055065	0.1821804
11.272753630474853	0.2105163
11.297313431082207	0.2344731
11.32198048158497	0.2508609
11.346754198554356	0.2591043
11.371637861549853	0.265211
11.396630905178549	0.2708517
11.421732747672564	0.2702376
11.446946721560117	0.2612948
11.472272263636487	0.2451665
11.49770879408006	0.2211978
11.523259699703853	0.1921494
11.548924419796474	0.163353
11.57470237678411	0.1390286
11.600597013124684	0.118654
11.626607770922343	0.1012285
11.65273407516969	0.08732917
11.678979425375527	0.08231544
11.705343266799773	0.080229
11.731825027338086	0.07505084
11.75842826500393	0.06773639
11.785152428572253	0.05927865
11.811996949197427	0.05160368
11.838965444901218	0.04509589
11.866057368352916	0.04063385
11.893272154341371	0.03709044
11.92061348245226	0.03434161
11.948080809649747	0.03165382
11.97567357475413	0.02954266
12.003395520524846	0.02828111
12.031246108643836	0.02743969
12.059224782382245	0.0258551
12.087335349339705	0.02430925
12.115577276362497	0.02315601
12.143950011615688	0.02255294
12.172457429264632	0.0222186
12.201099001791487	0.02157096
12.229874182723371	0.02050669
12.258786914578566	0.02019783
12.287836675973065	0.02004457
12.317022926290624	0.01947177
12.346349678254127	0.01880502
12.375816417139268	0.01809008
12.405422608709028	0.01745636
12.435172337809911	0.01716276
12.465065096932708	0.01692914
12.495100358771817	0.01658748
12.525282282286796	0.01618258
12.55561036777015	0.0159841
12.586084095431215	0.01588841
12.616707700405678	0.01578999
12.647480691407416	0.01528952
12.678402556777375	0.01492567
12.709477609967484	0.01467869
12.740705368767614	0.0146921
12.772085330302092	0.01442729
12.803621888559835	0.01411449
12.835314571098337	0.01378544
12.867162884514254	0.01349671
12.89917130563864	0.01339188
12.931339372527447	0.01369444
12.96366660197797	0.01392055
12.996157556056975	0.01389271
13.028811784091221	0.01423831
13.06162881384867	0.01483627
13.094613295118013	0.01558737
13.12776478931316	0.01701741
13.16108283598698	0.01963109
13.19457217523342	0.02362335
13.228232381416504	0.02976081
13.26206300673514	0.04090089
13.296068884273677	0.06158637
13.330249602258677	0.09444031
13.36460472644592	0.1311718
13.399139185702154	0.1492353
13.433852583081325	0.1371657
13.46874449885967	0.1105418
13.503819960590452	0.08592647
13.539078587175487	0.06857734
13.574519974431034	0.05651977
13.610149251618722	0.04779607
13.645966054567761	0.04129507
13.681969995713438	0.03643635
13.718166309171252	0.0332295
13.754554648840031	0.03052693
13.791134644916207	0.02827883
13.827911639644624	0.02669442
13.864885306202526	0.02517391
13.902055293756685	0.02396536
13.93942705609337	0.02303765
13.977000286947817	0.02260202
14.014774655737572	0.02212579
14.052755731346162	0.02139555
14.090943229421551	0.02043415
14.129336840988302	0.01984618
14.167942253734244	0.01948449
14.206759206654786	0.01892978
14.245787413818329	0.0185155
14.285032685583287	0.01819922
14.324494785812275	0.01828669
14.364173453140115	0.01814375
14.404074624629814	0.0176209
14.444198090621455	0.01778437
14.484543615930157	0.01751377
14.525117268534268	0.01731463
14.565918866957956	0.01727751
14.60694820390774	0.01699478
14.64821148267439	0.01678924
14.689708551775421	0.01676114
14.73143923362339	0.01720424
14.773409871415195	0.01745605
14.815620345580271	0.01728277
14.858070510162252	0.01760005
14.900766853065326	0.01816875
14.943709288665987	0.01826518
14.986897704681681	0.01828551
15.030338738744154	0.01798373
15.074032341336387	0.01727972
15.117978436017918	0.01674622
15.162183815399805	0.01647056
15.206648468363557	0.0161055
15.251374682657023	0.01581612
15.296362433235203	0.01600354
15.341618727943548	0.0157941
15.387143610673261	0.0157614
15.43293709781766	0.0160181
15.479006365431788	0.01633496
15.525351501720674	0.01629319
15.571972567167368	0.01621845
15.618876912160529	0.01609032
15.666064672021536	0.01542326
15.713535954141616	0.01509381
15.761298289662715	0.01510231
15.80935186400163	0.01466759
15.857696834454842	0.01469475
15.90634091965055	0.01480738
15.955284358268889	0.01499086
16.004527360699793	0.01436902
16.054077840122897	0.0143807
16.1039360918517	0.01456349
16.15410238276241	0.01447908
16.20458482800373	0.01444239
16.255383783108968	0.01484267
16.306499575052623	0.01521286
16.357940528744255	0.01502002
16.409707063755324	0.01573446
16.461799571005503	0.01666775
16.51422659335451	0.01676842
16.56698861847882	0.01704649
16.620086105342093	0.0174186
16.67352782336598	0.01714312
16.72731433266547	0.01699792
16.78144616461726	0.01679051
16.835932324266118	0.01658754
16.890773448785147	0.01655
16.94597014662331	0.01582653
17.00153166798797	0.01519591
17.05745873203722	0.01547285
17.11375202926315	0.01603197
17.170421065084653	0.01641484
17.227466645901828	0.01705668
17.28488954955578	0.01742538
17.34269954726883	0.01741461
17.400897538295027	0.01802095
17.459484393490687	0.0182681
17.51847016105255	0.01787507
17.577855839082464	0.0177332
17.637642397505896	0.0173173
17.697840173283094	0.01716448
17.758450269768616	0.01641595
17.819473762428636	0.01575688
17.88092128943615	0.01568662
17.94279406624623	0.01558364
18.005093280787268	0.01548729
18.06782988559992	0.0156244
18.13100521556496	0.01542604
18.194620578479764	0.01556079
18.258687255162418	0.01579012
18.323206707759514	0.01533884
18.38818037186785	0.01516415
18.453619871300766	0.01588602
18.51952680386673	0.01687948
18.585902741457826	0.01687557
18.652759666466274	0.01659678
18.72009932135896	0.01647272
18.787923423430193	0.01643235
18.856244330163033	0.01639972
18.925063938328513	0.01606293
18.994384120390965	0.01591273
19.06421762643246	0.01610855
19.134566517876276	0.01701544
19.20543283283975	0.01660924
19.27682973258218	0.01593527
19.348759454287592	0.01670203
19.42122421298402	0.01716111
19.49423760083638	0.01748098
19.567798213733973	0.01794799
19.64191994267702	0.01812246
19.716605344737946	0.01855189
19.7918569571247	0.01828147
19.867689137420435	0.01809513
19.944104652301462	0.01753554
20.02110625020897	0.01728524
20.09870877855323	0.01802256
20.176915228103052	0.01909315
20.255728573237118	0.02041118
20.335164175947973	0.02151709
20.4152252666994	0.02178433
20.49591506164864	0.02216207
20.57724946375688	0.02215668
20.659231959997115	0.02309154
20.74186602538348	0.023873
20.825168131994914	0.0249134
20.909142041447357	0.02650401
20.99379150603792	0.0275941
21.07913359701924	0.02970196
21.16517237022204	0.03171695
21.251911875122065	0.03221129
21.339369814266394	0.0336513
21.427550558841233	0.0348778
21.51645847700052	0.03577042
21.606111936944725	0.03902766
21.696515648069497	0.04131093
21.78767432045878	0.04338916
21.87960702475415	0.04727399
21.972318833287446	0.05098512
22.065814823240686	0.05230752
22.160114807122795	0.05434497
22.255224246977797	0.05835783
22.351148614351718	0.0624377
22.447908505916594	0.0650614
22.54550980244948	0.06696951
22.643958399425387	0.07050117
22.743275723099707	0.07586595
22.843468104465007	0.0808007
22.94454189501266	0.08299266
23.046519399407707	0.08496691
23.149407433043233	0.0886338
23.253212838284835	0.09284364
23.357958850751054	0.09639942
23.46365280739086	0.1000319
23.57030207934848	0.1048359
23.677930889802436	0.1096559
23.786547137681527	0.1150216
23.896158764167136	0.1180545
24.00679104104969	0.1265151
24.118452473262888	0.1315155
24.231151616981094	0.1379708
24.344914858529265	0.1498018
24.459751356843558	0.1541682
24.575670332127896	0.1571758
24.692699356508253	0.1652362
24.810848295308638	0.1684008
24.930127086308847	0.1690043
25.05056456457359	0.1765949
