# Mirabilite, Chemical Formula: Na2SO4*10H2O
# Sample ID: GDS150_Na2SO4
# wavelengths (microns), reflectance
1.6074898	0.19442676
1.6079884	0.19456287
1.608487	0.194699
1.6089861	0.19476707
1.6094857	0.19490319
1.6099856	0.19492587
1.6104858	0.1948805
1.6109861	0.19494855
1.611487	0.19503932
1.6119881	0.19517544
1.6124896	0.1952208
1.6129912	0.19515274
1.6134933	0.1952208
1.6139956	0.19544768
1.6144984	0.19556111
1.6150012	0.19569723
1.6155045	0.19576529
1.616008	0.19574259
1.6165122	0.19583336
1.6170163	0.19587871
1.6175209	0.19599216
1.6180257	0.19612828
1.6185309	0.19608292
1.6190363	0.19601484
1.6195421	0.19617365
1.6200482	0.19630978
1.6205544	0.19637783
1.6210611	0.19649126
1.6215682	0.19649126
1.6220756	0.19655934
1.6225833	0.1967862
1.6230912	0.19687694
1.6235996	0.19689962
1.6241082	0.19685426
1.6246173	0.19701307
1.6251266	0.19719456
1.6256363	0.19719456
1.6261462	0.19719456
1.6266564	0.19723994
1.627167	0.19723994
1.6276779	0.1974895
1.6281891	0.19758025
1.6287007	0.19751216
1.6292125	0.19760293
1.6297247	0.19769369
1.6302372	0.19776174
1.6307501	0.19787517
1.6312631	0.19796592
1.6317767	0.1979886
1.6322904	0.1979886
1.6328044	0.19803396
1.6333188	0.19819278
1.6338336	0.19826084
1.6343486	0.1983062
1.6348641	0.19848771
1.6353798	0.19855577
1.6358958	0.19869189
1.6364123	0.19855577
1.6369292	0.19853309
1.637446	0.19864653
1.6379635	0.19869189
1.6384811	0.19873726
1.6389992	0.19891877
1.6395175	0.19912294
1.6400362	0.19914564
1.6405551	0.19907758
1.6410745	0.19900951
1.6415942	0.19910027
1.6421142	0.19932711
1.6426344	0.19932711
1.6431552	0.19928175
1.643676	0.19937252
1.6441975	0.19957668
1.644719	0.199554
1.6452409	0.19964474
1.6457632	0.19973549
1.6462859	0.19980356
1.6468087	0.19980356
1.6473321	0.19987161
1.6478556	0.19998504
1.6483797	0.19998504
1.648904	0.20007581
1.6494286	0.20034802
1.6499535	0.20046148
1.6504788	0.20032535
1.6510044	0.20025732
1.6515305	0.20030266
1.6520567	0.20032535
1.6525834	0.20032535
1.6531103	0.20037073
1.6536378	0.20048416
1.6541654	0.2005976
1.6546935	0.20068835
1.6552217	0.20064299
1.6557504	0.20073371
1.6562793	0.20082447
1.6568087	0.20098327
1.6573384	0.20098327
1.6578683	0.20096059
1.6583985	0.20096059
1.6589293	0.20102866
1.6594603	0.20105134
1.6599917	0.2012555
1.6605233	0.20139162
1.6610554	0.20148239
1.6615878	0.20143703
1.6621207	0.20141433
1.6626537	0.20159583
1.6631873	0.2018
1.6637208	0.20175464
1.664255	0.2016639
1.6647894	0.20175464
1.6653243	0.2018227
1.6658593	0.20191343
1.6663947	0.20184536
1.6669306	0.20186807
1.6674668	0.20211761
1.6680032	0.20225374
1.6685401	0.20223106
1.6690773	0.20232181
1.6696149	0.20250329
1.6701527	0.20257136
1.670691	0.20254867
1.6712295	0.20254867
1.6717685	0.20263942
1.6723077	0.2026848
1.6728474	0.20277554
1.6733873	0.20277554
1.6739277	0.20286627
1.6744683	0.20297973
1.6750095	0.20309317
1.6755508	0.20304778
1.6760926	0.20304778
1.6766347	0.20311585
1.6771772	0.20318389
1.6777198	0.20334272
1.6782631	0.20338808
1.6788064	0.20336542
1.6793501	0.20336542
1.6798942	0.20347884
1.6804388	0.20361497
1.6809837	0.20356958
1.6815289	0.20347884
1.6820744	0.2035469
1.6826205	0.20372839
1.6831667	0.20379645
1.6837136	0.20375109
1.6842605	0.20379645
1.684808	0.20400065
1.6853557	0.20409139
1.6859038	0.2042729
1.6864522	0.20436363
1.687001	0.20429556
1.6875501	0.20431826
1.6881	0.20434093
1.6886498	0.20436363
1.6892	0.20436363
1.6897506	0.20434093
1.6903015	0.20445436
1.6908529	0.2045905
1.6914046	0.20468123
1.6919565	0.20474932
1.6925087	0.20472661
1.6930614	0.20474932
1.6936146	0.20486274
1.694168	0.20486274
1.6947218	0.20481735
1.695276	0.20495348
1.6958306	0.20504424
1.6963854	0.2050896
1.6969409	0.20513499
1.6974965	0.20520303
1.6980526	0.2052938
1.6986089	0.20540723
1.6991657	0.20538452
1.6997228	0.20533916
1.7002803	0.20542991
1.7008381	0.20554334
1.7013963	0.20561141
1.7019548	0.20567948
1.7025138	0.20558871
1.703073	0.20558871
1.7036328	0.20574751
1.7041928	0.2057929
1.7047533	0.20581558
1.7053139	0.20577022
1.705875	0.20574751
1.7064364	0.20583826
1.7069983	0.20606515
1.7075605	0.20611051
1.7081233	0.20606515
1.7086862	0.20611051
1.7092496	0.20620127
1.7098132	0.20622393
1.7103775	0.20617858
1.7109419	0.20617858
1.7115068	0.2061559
1.712072	0.2061559
1.7126377	0.20626934
1.7132035	0.20640546
1.7137699	0.20645082
1.7143366	0.20640546
1.7149036	0.20640546
1.715471	0.20640546
1.7160389	0.20636007
1.7166071	0.20638275
1.7171758	0.20651889
1.7177447	0.20670038
1.7183142	0.20660961
1.7188838	0.20663232
1.7194541	0.20663232
1.7200245	0.20672306
1.7205955	0.20681381
1.7211666	0.20681381
1.7217383	0.20690456
1.7223103	0.20697261
1.7228827	0.20697261
1.7234554	0.20699531
1.7240288	0.20706336
1.7246022	0.20704068
1.7251762	0.20701799
1.7257504	0.20715411
1.7263252	0.20722218
1.7269002	0.20719948
1.7274756	0.20717682
1.7280514	0.20710875
1.7286276	0.20710875
1.7292041	0.20731291
1.7297812	0.20731291
1.7303585	0.20731291
1.7309363	0.20738098
1.7315143	0.20740366
1.732093	0.20749442
1.7326717	0.20760785
1.7332511	0.20765322
1.7338307	0.20763053
1.7344109	0.20765322
1.7349913	0.2076986
1.7355722	0.20776665
1.7361534	0.20776665
1.7367351	0.20778933
1.737317	0.20781206
1.7378997	0.20781206
1.7384824	0.20781206
1.7390656	0.20792547
1.7396491	0.20788009
1.7402332	0.20788009
1.7408174	0.20799352
1.7414023	0.20801623
1.7419873	0.20806159
1.7425728	0.20810696
1.7431587	0.20812966
1.7437451	0.20822039
1.7443317	0.20828845
1.7449189	0.20819773
1.7455064	0.20824309
1.7460943	0.20828845
1.7466825	0.20833384
1.7472714	0.20842457
1.7478604	0.208538
1.7484499	0.20849264
1.7490398	0.20851533
1.7496301	0.20849264
1.7502208	0.20865145
1.7508119	0.20874219
1.7514033	0.2087649
1.7519954	0.20883296
1.7525877	0.20881025
1.7531804	0.20878758
1.7537735	0.20869681
1.754367	0.20881025
1.7549609	0.20887832
1.7555553	0.20892368
1.7561499	0.20894636
1.7567449	0.20896907
1.7573403	0.20901443
1.7579362	0.20910519
1.7585325	0.20917325
1.7591293	0.20910519
1.7597264	0.20919593
1.760324	0.20937742
1.7609218	0.20937742
1.7615204	0.20933205
1.7621191	0.20921864
1.7627183	0.20921864
1.7633178	0.20930935
1.7639178	0.20951356
1.7645181	0.2095816
1.7651191	0.20951356
1.7657201	0.20953624
1.7663218	0.20955892
1.7669238	0.20955892
1.7675263	0.20971772
1.768129	0.20980848
1.7687324	0.20974043
1.769336	0.20974043
1.7699401	0.20980848
1.7705445	0.20987655
1.7711494	0.20994461
1.7717546	0.20998998
1.7723604	0.21008071
1.7729665	0.21008071
1.773573	0.20994461
1.7741799	0.20994461
1.7747874	0.21003534
1.7753952	0.21003534
1.7760036	0.21001267
1.7766122	0.21014878
1.7772213	0.21033028
1.7778307	0.21026222
1.7784407	0.21014878
1.7790509	0.21017148
1.7796618	0.2102849
1.7802728	0.21033028
1.7808841	0.21035296
1.781496	0.21042103
1.7821085	0.21053447
1.7827213	0.21053447
1.7833346	0.21042103
1.7839482	0.21042103
1.7845623	0.21042103
1.7851768	0.21051177
1.785792	0.21055715
1.7864072	0.21048908
1.7870232	0.21053447
1.7876393	0.21060251
1.788256	0.21067058
1.788873	0.21071596
1.7894906	0.21071596
1.7901084	0.21076134
1.790727	0.21078402
1.7913457	0.21076134
1.7919649	0.21082939
1.7925845	0.21087477
1.7932047	0.21087477
1.793825	0.21087477
1.794446	0.21087477
1.7950673	0.21085209
1.795689	0.21092014
1.7963111	0.21094282
1.7969339	0.21096551
1.7975569	0.21103358
1.7981805	0.2111697
1.7988043	0.21119238
1.7994287	0.21112432
1.8000535	0.21107894
1.800679	0.21103358
1.8013045	0.21112432
1.8019307	0.21119238
1.8025571	0.21110164
1.8031842	0.2111697
1.8038116	0.21123776
1.8044394	0.21123776
1.8050677	0.21119238
1.8056965	0.21110164
1.8063256	0.2111697
1.8069552	0.21126044
1.8075852	0.21128315
1.8082157	0.21135119
1.8088466	0.21146463
1.809478	0.21155539
1.8101097	0.21139657
1.8107419	0.21132851
1.8113745	0.21141925
1.8120078	0.21148731
1.8126413	0.21139657
1.8132753	0.21153268
1.8139096	0.21166882
1.8145447	0.21148731
1.8151799	0.21110164
1.8158158	0.2111697
1.8164519	0.21141925
1.8170887	0.21169148
1.8177258	0.21173686
1.8183634	0.21164612
1.8190013	0.21166882
1.8196399	0.21121506
1.8202788	0.21073864
1.8209183	0.2110109
1.8215581	0.2111697
1.8221985	0.21146463
1.8228391	0.21189566
1.8234804	0.21209985
1.8241218	0.21221329
1.824764	0.21216792
1.8254064	0.21139657
1.8260493	0.21044372
1.8266927	0.21123776
1.8273367	0.21216792
1.8279809	0.21194106
1.8286258	0.21166882
1.829271	0.21180493
1.8299167	0.21175955
1.8305628	0.21123776
1.8312097	0.21123776
1.8318566	0.21182761
1.8325043	0.21203181
1.8331522	0.21232674
1.8338007	0.21241748
1.8344495	0.21182761
1.835099	0.21139657
1.8357487	0.21094282
1.8363992	0.21098818
1.83705	0.21123776
1.8377012	0.21105625
1.8383528	0.21207717
1.839005	0.21203181
1.8396575	0.21105625
1.8403107	0.21164612
1.8409641	0.21178225
1.8416178	0.21055715
1.8422722	0.21112432
1.8429272	0.21246286
1.8435825	0.21282583
1.8442384	0.21293928
1.8448946	0.21305272
1.8455515	0.2128939
1.8462087	0.21182761
1.8468666	0.21039835
1.8475248	0.21053447
1.8481835	0.21112432
1.8488425	0.21223597
1.8495022	0.21278048
1.8501621	0.21278048
1.8508228	0.21291657
1.8514837	0.21330224
1.852145	0.21300733
1.8528068	0.21216792
1.8534694	0.21126044
1.8541322	0.21171418
1.8547956	0.21300733
1.8554593	0.21321152
1.8561238	0.21225867
1.8567885	0.2120091
1.8574541	0.21291657
1.8581197	0.21337032
1.858786	0.21275777
1.8594526	0.21135119
1.8601199	0.21166882
1.8607875	0.21266703
1.8614557	0.2134157
1.8621242	0.21355182
1.8627936	0.2134157
1.8634632	0.21303001
1.8641332	0.21287121
1.8648038	0.21321152
1.8654748	0.2135745
1.8661463	0.2135745
1.8668184	0.21273509
1.8674908	0.21130581
1.8681637	0.21162343
1.868837	0.21244016
1.869511	0.21250823
1.8701854	0.21146463
1.8708603	0.21051177
1.8715357	0.21191837
1.8722117	0.2120091
1.872888	0.21057984
1.8735651	0.2111697
1.8742423	0.21248552
1.8749202	0.2125309
1.8755985	0.2125763
1.8762774	0.21223597
1.8769567	0.21182761
1.8776366	0.21262166
1.8783168	0.21318883
1.8789977	0.21330224
1.8796788	0.21321152
1.8803607	0.21300733
1.881043	0.21296197
1.8817258	0.21316615
1.882409	0.2132569
1.8830929	0.2128939
1.883777	0.21221329
1.8844618	0.2125763
1.8851469	0.21305272
1.8858327	0.21305272
1.8865188	0.21284854
1.8872057	0.21291657
1.8878928	0.2130754
1.8885808	0.21309809
1.8892689	0.21262166
1.8899578	0.21189566
1.8906469	0.21234941
1.8913368	0.21271241
1.892027	0.2125763
1.8927178	0.21273509
1.893409	0.21271241
1.8941009	0.2128939
1.8947932	0.21303001
1.8954861	0.21312076
1.8961793	0.21314345
1.8968732	0.21287121
1.8975675	0.21250823
1.8982624	0.21237209
1.8989576	0.21155539
1.8996536	0.21098818
1.9003499	0.21173686
1.9010466	0.21264434
1.9017439	0.21273509
1.9024419	0.21173686
1.9031402	0.21164612
1.9038392	0.21250823
1.9045385	0.21189566
1.9052386	0.2110109
1.905939	0.21130581
1.9066402	0.21153268
1.9073416	0.21228133
1.9080436	0.21275777
1.9087461	0.21278048
1.9094492	0.21280316
1.9101527	0.21262166
1.9108568	0.21230406
1.9115614	0.21214522
1.9122664	0.21234941
1.912972	0.21164612
1.9136782	0.21137385
1.9143847	0.21228133
1.915092	0.21264434
1.9157996	0.21246286
1.916508	0.2125309
1.9172167	0.21287121
1.9179261	0.21296197
1.9186358	0.21268973
1.9193462	0.2118503
1.9200571	0.21087477
1.9207685	0.21105625
1.9214803	0.21239479
1.9221928	0.2128939
1.9229058	0.21282583
1.9236195	0.21241748
1.9243335	0.21248552
1.9250481	0.21282583
1.9257631	0.21287121
1.9264789	0.21273509
1.927195	0.21271241
1.9279118	0.21248552
1.9286289	0.21246286
1.9293463	0.21284854
1.9300646	0.21291657
1.9307835	0.21298464
1.9315028	0.21303001
1.9322227	0.21305272
1.9329431	0.21293928
1.9336642	0.21284854
1.9343857	0.21298464
1.9351079	0.21318883
1.9358305	0.21298464
1.9365537	0.2128939
1.9372772	0.21312076
1.9380015	0.21318883
1.9387262	0.2130754
1.9394516	0.2130754
1.9401773	0.21330224
1.940904	0.21323422
1.9416308	0.21330224
1.9423584	0.21350643
1.9430864	0.21348377
1.943815	0.213393
1.9445441	0.21330224
1.9452738	0.21337032
1.9460039	0.21346107
1.9467345	0.21348377
1.9474658	0.21350643
1.9481977	0.21352914
1.94893	0.21361989
1.949663	0.21366525
1.9503965	0.21366525
1.9511306	0.21368793
1.9518652	0.21377867
1.9526006	0.213756
1.9533362	0.21373332
1.9540726	0.21373332
1.9548093	0.21373332
1.9555469	0.21382406
1.9562846	0.21384676
1.9570233	0.21393749
1.9577622	0.21393749
1.9585019	0.21382406
1.959242	0.21382406
1.9599829	0.21380138
1.960724	0.21386944
1.961466	0.21393749
1.9622083	0.21391481
1.9629514	0.21391481
1.9636948	0.21400556
1.9644389	0.21407363
1.9651834	0.21402824
1.9659288	0.21400556
1.9666744	0.21400556
1.9674209	0.21407363
1.9681678	0.21407363
1.9689153	0.21402824
1.9696634	0.21405092
1.9704123	0.21407363
1.9711614	0.21409631
1.9719112	0.214119
1.9726615	0.21416436
1.9734125	0.21418706
1.9741639	0.214119
1.9749161	0.21416436
1.9756685	0.21423243
1.976422	0.21425512
1.9771756	0.21425512
1.9779301	0.21430048
1.9786849	0.21423243
1.9794405	0.21418706
1.9801965	0.21434586
1.9809532	0.21441391
1.9817104	0.21436855
1.9824681	0.21443661
1.9832264	0.21441391
1.9839855	0.21439125
1.984745	0.21441391
1.9855052	0.21448198
1.9862659	0.21441391
1.9870273	0.21441391
1.987789	0.21450467
1.9885516	0.21457273
1.9893147	0.21457273
1.9900783	0.21452734
1.9908425	0.21459542
1.9916074	0.21459542
1.9923728	0.21459542
1.9931389	0.21459542
1.9939053	0.21459542
1.9946727	0.2146181
1.9954402	0.2146181
1.9962088	0.2146408
1.9969776	0.21475422
1.9977473	0.21479958
1.9985173	0.21468616
1.9992882	0.2146408
2.0000594	0.21473154
2.0008314	0.21473154
2.0016038	0.21479958
2.002377	0.21486767
2.0031507	0.21484499
2.0039251	0.21484499
2.0046999	0.21486767
2.0054755	0.21489035
2.0062516	0.2149584
2.0070286	0.2149584
2.0078058	0.21493572
2.0085838	0.2149584
2.0093622	0.21498109
2.0101414	0.21500379
2.010921	0.21507183
2.0117013	0.21509452
2.0124824	0.21507183
2.0132637	0.21507183
2.0140457	0.21511722
2.0148287	0.21513991
2.0156119	0.21511722
2.016396	0.21509452
2.0171804	0.21509452
2.0179658	0.21520796
2.0187516	0.21518527
2.0195379	0.21518527
2.0203249	0.21516259
2.0211127	0.21523066
2.0219009	0.21527602
2.0226898	0.21523066
2.0234792	0.21532139
2.0242696	0.21536677
2.0250602	0.21534409
2.0258517	0.21536677
2.0266438	0.21536677
2.0274363	0.21536677
2.0282295	0.21548021
2.0290234	0.21548021
2.0298178	0.21545751
2.0306129	0.21550289
2.0314085	0.21557094
2.0322044	0.21557094
2.0330014	0.21548021
2.0337989	0.21552558
2.0345972	0.21552558
2.0353961	0.21554826
2.0361953	0.21563901
2.0369956	0.21561635
2.0377963	0.2156617
2.0385981	0.21570706
2.0393999	0.21559364
2.0402026	0.21557094
2.0410056	0.2156617
2.0418096	0.21563901
2.042614	0.21572976
2.0434194	0.21577515
2.044225	0.21577515
2.0450315	0.21577515
2.0458386	0.21584319
2.0466464	0.21577515
2.0474546	0.21584319
2.0482635	0.21588857
2.049073	0.21586588
2.0498834	0.21591125
2.0506942	0.21597931
2.0515053	0.21597931
2.0523174	0.21593395
2.0531304	0.21588857
2.0539436	0.21588857
2.0547578	0.21595663
2.0555725	0.21597931
2.0563879	0.21597931
2.057204	0.21600202
2.0580208	0.21593395
2.0588381	0.21593395
2.0596561	0.21600202
2.0604746	0.21604739
2.0612941	0.21604739
2.062114	0.21607007
2.0629346	0.21607007
2.0637558	0.21600202
2.0645773	0.21602468
2.0653996	0.21609275
2.0662231	0.21604739
2.0670469	0.21602468
2.0678713	0.21602468
2.0686965	0.21602468
2.0695224	0.21609275
2.0703487	0.21607007
2.0711763	0.21607007
2.0720038	0.21613812
2.0728326	0.21609275
2.0736616	0.21607007
2.0744915	0.21611543
2.0753219	0.21611543
2.076153	0.2161835
2.0769846	0.21616082
2.0778172	0.21609275
2.0786502	0.21609275
2.0794842	0.21609275
2.0803187	0.21616082
2.0811539	0.21620618
2.0819895	0.2161835
2.0828261	0.21616082
2.0836632	0.21616082
2.084501	0.21607007
2.0853395	0.21604739
2.0861788	0.21611543
2.0870185	0.2161835
2.0878592	0.21622887
2.0887003	0.21616082
2.0895422	0.21607007
2.0903847	0.21609275
2.0912282	0.21611543
2.092072	0.2161835
2.0929167	0.21620618
2.0937619	0.21611543
2.0946081	0.21613812
2.0954545	0.2161835
2.096302	0.21622887
2.0971498	0.2161835
2.0979986	0.21616082
2.0988479	0.21620618
2.0996981	0.21627425
2.1005487	0.21629693
2.1014004	0.21625157
2.1022525	0.21620618
2.1031053	0.21625157
2.1039588	0.21629693
2.1048129	0.21629693
2.1056678	0.21627425
2.1065235	0.21629693
2.1073797	0.21625157
2.1082368	0.21629693
2.1090944	0.21629693
2.1099529	0.21627425
2.1108119	0.21625157
2.1116717	0.21627425
2.1125321	0.21629693
2.1133935	0.21631964
2.1142552	0.2163423
2.115118	0.21636499
2.1159811	0.21631964
2.1168454	0.21629693
2.1177099	0.21622887
2.1185756	0.21629693
2.1194417	0.21629693
2.1203086	0.21631964
2.121176	0.21631964
2.1220446	0.21636499
2.1229134	0.2163877
2.1237831	0.2163877
2.1246536	0.2163877
2.1255245	0.2163877
2.1263962	0.21647842
2.1272688	0.2165011
2.1281419	0.21643306
2.1290162	0.21647842
2.1298907	0.21643306
2.1307662	0.21643306
2.1316423	0.21643306
2.1325192	0.21643306
2.1333966	0.21643306
2.1342752	0.2163877
2.135154	0.2163877
2.1360338	0.21645574
2.1369143	0.21647842
2.1377954	0.2165011
2.1386774	0.21645574
2.1395605	0.21647842
2.1404438	0.21647842
2.1413281	0.21643306
2.1422129	0.21647842
2.1430986	0.21645574
2.1439848	0.21641037
2.144872	0.21647842
2.1457596	0.21652381
2.1466477	0.2165011
2.1475368	0.21645574
2.148427	0.21645574
2.1493175	0.21643306
2.1502092	0.2165011
2.1511011	0.21654649
2.1519942	0.2165011
2.1528878	0.2165011
2.1537826	0.21652381
2.1546776	0.21652381
2.1555736	0.21656917
2.1564703	0.21656917
2.1573677	0.21656917
2.1582658	0.21659185
2.1591649	0.21661454
2.1600645	0.21656917
2.1609645	0.21654649
2.1618655	0.21652381
2.1627674	0.21654649
2.1636701	0.21659185
2.1645734	0.21661454
2.1654775	0.21661454
2.1663826	0.21659185
2.1672883	0.21661454
2.168195	0.21665992
2.169102	0.21659185
2.1700101	0.21652381
2.1709187	0.21659185
2.1718283	0.21661454
2.1727386	0.21652381
2.1736495	0.21647842
2.1745613	0.2165011
2.1754742	0.21645574
2.1763873	0.2165011
2.1773014	0.21656917
2.1782162	0.21659185
2.179132	0.21661454
2.1800482	0.21659222
2.1809654	0.21663688
2.1818831	0.21654758
2.1828015	0.2164806
2.1837208	0.21652526
2.1846411	0.2164806
2.1855621	0.21650292
2.1864841	0.21654758
2.1874065	0.21652526
2.1883299	0.21650292
2.189254	0.21654758
2.1901793	0.21652526
2.1911051	0.2164806
2.1920316	0.21636896
2.1929588	0.21630198
2.193887	0.21636896
2.1948156	0.21625733
2.1957452	0.21610104
2.1966755	0.21614569
2.197607	0.21614569
2.1985388	0.21616802
2.1994717	0.216235
2.2004051	0.21630198
2.2013395	0.21621267
2.2022746	0.21616802
2.2032106	0.21607871
2.2041473	0.21594475
2.2050848	0.21585545
2.206023	0.21583311
2.2069621	0.21583311
2.207902	0.21594475
2.2088428	0.21603405
2.2097843	0.21610104
2.2107267	0.21610104
2.2116697	0.21605638
2.2126141	0.21598941
2.2135587	0.21590009
2.2145045	0.21585545
2.2154505	0.21583311
2.216398	0.21592242
2.2173457	0.21583311
2.2182946	0.21574381
2.2192442	0.2157215
2.2201948	0.21583311
2.2211459	0.21581079
2.2220981	0.21583311
2.2230508	0.21578845
2.2240045	0.21569915
2.2249589	0.21583311
2.2259145	0.21585545
2.2268705	0.21574381
2.2278273	0.21578845
2.228785	0.21578845
2.2297437	0.21574381
2.2307031	0.21585545
2.2316635	0.21587777
2.2326245	0.21583311
2.2335865	0.21574381
2.234549	0.21565449
2.2355127	0.21574381
2.2364771	0.21578845
2.2374425	0.2157215
2.2384083	0.21578845
2.2393754	0.21585545
2.2403431	0.21576613
2.2413118	0.21594475
2.2422812	0.21619034
2.243252	0.21610104
2.2442229	0.21598941
2.2451949	0.21603405
2.2461677	0.21605638
2.2471414	0.21601173
2.2481158	0.21612337
2.2490911	0.21616802
2.2500672	0.21612337
2.251044	0.21614569
2.2520218	0.21627966
2.2530005	0.2163243
2.2539799	0.21634664
2.2549605	0.2163243
2.2559416	0.21634664
2.2569239	0.2164806
2.2579067	0.21650292
2.2588909	0.21630198
2.2598755	0.21625733
2.2608612	0.21627966
2.2618475	0.21636896
2.2628348	0.2164806
2.263823	0.21650292
2.264812	0.2165699
2.2658017	0.21670386
2.2667923	0.21670386
2.2677839	0.21661456
2.2687764	0.21674852
2.2697697	0.21668154
2.2707639	0.21663688
2.271759	0.2168155
2.2727549	0.21686016
2.2737517	0.21674852
2.2747495	0.21668154
2.275748	0.21659222
2.2767475	0.21661456
2.2777479	0.21663688
2.278749	0.21650292
2.2797511	0.21643594
2.2807541	0.21627966
2.2817578	0.21634664
2.282763	0.21650292
2.2837684	0.21659222
2.284775	0.21650292
2.2857823	0.21634664
2.2867908	0.2163913
2.2877998	0.21630198
2.28881	0.21625733
2.2898209	0.21621267
2.2908323	0.21636896
2.2918451	0.21636896
2.2928588	0.2163243
2.2938731	0.21627966
2.2948887	0.21621267
2.2959049	0.21614569
2.2969222	0.21612337
2.2979403	0.21616802
2.2989597	0.21625733
2.2999794	0.21614569
2.3010006	0.21612337
2.3020222	0.21612337
2.303045	0.21605638
2.3040683	0.21596709
2.3050931	0.21610104
2.3061182	0.21605638
2.3071454	0.21594475
2.3081722	0.21598941
2.3092005	0.21610104
2.3102295	0.21603405
2.3112597	0.21603405
2.3122904	0.21598941
2.3133223	0.21581079
2.3143549	0.21578845
2.3153882	0.21581079
2.3164227	0.21578845
2.3174584	0.21574381
2.3184946	0.21574381
2.3195322	0.21567683
2.3205702	0.21554287
2.3216095	0.21563217
2.3226497	0.21565449
2.3236911	0.21560986
2.324733	0.2154759
2.3257761	0.21540891
2.3268199	0.21534194
2.3278646	0.21527494
2.3289104	0.21525262
2.3299572	0.2152303
2.3310046	0.21518563
2.3320534	0.21525262
2.3331029	0.21527494
2.3341534	0.21502934
2.3352048	0.21494004
2.3362572	0.21505167
2.3373103	0.21502934
2.3383648	0.21494004
2.3394198	0.21496238
2.340476	0.2149847
2.3415329	0.2149177
2.342591	0.21494004
2.3436501	0.2148284
2.3447101	0.21478376
2.3457711	0.21478376
2.346833	0.21478376
2.3478959	0.21471678
2.3489597	0.21467212
2.3500245	0.21462747
2.3510904	0.21460515
2.3521569	0.21456048
2.3532248	0.21453817
2.3542933	0.21438187
2.3553631	0.21447119
2.3564336	0.21462747
2.3575051	0.21453817
2.3585775	0.21438187
2.3596511	0.21431488
2.3607256	0.21424791
2.3618011	0.21415861
2.3628776	0.21411395
2.363955	0.21420325
2.3650334	0.21413629
2.3661137	0.21422559
2.3671939	0.21424791
2.3682754	0.21422559
2.3693576	0.21433723
2.3704412	0.21422559
2.3715253	0.21415861
2.3726108	0.21420325
2.373697	0.21422559
2.3747847	0.21427025
2.3758729	0.21424791
2.3769624	0.21420325
2.3780525	0.21418093
2.379144	0.21411395
2.3802361	0.21409163
2.3813298	0.21420325
2.3824239	0.21427025
2.3835192	0.21418093
2.3846154	0.21420325
2.3857129	0.21427025
2.3868113	0.21415861
2.3879108	0.21415861
2.3890109	0.21422559
2.3901126	0.21429257
2.3912148	0.21429257
2.3923185	0.21420325
2.3934228	0.21422559
2.3945284	0.21431488
2.3956349	0.21427025
2.3967426	0.21440421
2.397851	0.21435955
2.3989608	0.21424791
2.4000711	0.21418093
2.4011834	0.21420325
2.4022958	0.21433723
2.4034097	0.21440421
2.4045243	0.21442653
2.4056404	0.21444884
2.4067569	0.21447119
2.4078751	0.21444884
2.4089937	0.21438187
2.4101133	0.21435955
2.4112341	0.21431488
2.4123564	0.21427025
2.4134791	0.21433723
2.4146035	0.21442653
2.4157286	0.21431488
2.4168549	0.21438187
2.4179819	0.21442653
2.4191108	0.21440421
2.4202399	0.21435955
2.4213705	0.21433723
2.4225018	0.21420325
2.4236345	0.21415861
2.424768	0.21411395
2.4259028	0.21418093
2.4270384	0.21422559
2.4281759	0.21424791
2.4293137	0.21415861
2.4304526	0.21404697
2.4315925	0.21406929
2.4327338	0.21409163
2.4338756	0.21397999
2.435019	0.21382371
2.4361632	0.21382371
2.4373078	0.21393535
2.4384544	0.21389069
2.4396017	0.21382371
2.4407504	0.21384603
2.4419	0.21384603
2.4430506	0.2137344
2.4442027	0.21377905
2.4453554	0.21360044
2.4465098	0.21355578
2.447665	0.21362276
2.4488211	0.21357812
2.4499784	0.2133995
2.4511368	0.2132432
2.4522963	0.21328786
2.4534569	0.21331018
2.4546185	0.21337716
2.4557815	0.21337716
2.4569452	0.2132432
2.4581103	0.21319857
2.4592764	0.21313158
2.4604435	0.21304226
2.4616117	0.2129083
2.4627812	0.21286365
2.4639518	0.21295297
2.4651229	0.21297529
2.4662957	0.21297529
2.4674697	0.21284133
2.4686446	0.21288598
2.4698207	0.21295297
2.4709978	0.21279667
2.4721763	0.21259575
2.4733558	0.21266271
2.4745364	0.21272971
2.4757183	0.21268503
2.4769011	0.21259575
2.478085	0.21261807
2.4792702	0.21257341
2.4804564	0.21248411
2.4816439	0.21250643
2.4828324	0.21230547
2.4840217	0.21210454
2.4852126	0.21214919
2.4864044	0.21214919
2.4875975	0.21214919
2.4887917	0.21219386
2.4899871	0.21228315
2.4911838	0.21217151
2.4923813	0.21210454
2.4935806	0.21197058
2.4947805	0.21194826
2.4959817	0.21205987
2.497184	0.21212688
2.4983873	0.21208222
2.4995921	0.21203755
2.5007977	0.21197058
2.5020049	0.21185896
2.5032129	0.21179196
2.5044224	0.21179196
2.5056329	0.211658
2.5068443	0.21176964
2.5080571	0.21188128
2.5092711	0.21192591
2.5104864	0.21179196
2.5117025	0.21174732
2.5129199	0.2118143
2.5141385	0.21168032
2.5153584	0.21143474
2.5165794	0.21143474
2.5178018	0.2115687
2.5190251	0.21170266
2.5202496	0.2118143
2.5214756	0.21185896
2.5227027	0.21152404
2.5239308	0.21127845
2.5251603	0.21145707
2.5263908	0.21159104
2.5276225	0.211658
2.5288556	0.211725
2.5300899	0.21127845
2.5313251	0.21051933
2.532562	0.21036305
2.5337996	0.21103285
2.5350387	0.21049701
2.536279	0.21000582
2.5375204	0.21118915
2.538763	0.21183662
2.5400069	0.21185896
2.5412521	0.21098821
2.5424979	0.20926903
2.5437455	0.20953695
2.5449944	0.21085425
2.5462441	0.21094355
2.5474954	0.20982721
2.548748	0.2104077
2.5500016	0.21029606
2.5512564	0.20888948
2.5525131	0.20804107
2.5537705	0.21009514
2.5550292	0.21205987
2.556289	0.21239479
2.5575502	0.21241711
2.5588126	0.21096587
2.5600762	0.20625493
2.561341	0.2021468
2.5626073	0.20203516
2.5638747	0.20308451
2.5651433	0.20708102
2.5664132	0.21112217
2.5676842	0.21031842
2.5689566	0.20612097
2.5702302	0.20667914
2.5715053	0.20902345
2.5727808	0.2040669
2.5740583	0.20495996
2.5753372	0.20730428
2.576617	0.20520556
2.5778983	0.20795175
2.579181	0.21020678
2.5804646	0.20712566
2.5817497	0.20614329
2.5830364	0.20143233
2.5843241	0.20091882
2.585613	0.20551816
2.5869033	0.2035757
2.5881948	0.20446877
2.5894876	0.20725963
2.5907817	0.20962626
2.592077	0.20752756
2.5933733	0.19480127
2.5946712	0.18292342
2.5959706	0.19323841
2.5972712	0.20594235
2.598573	0.21074261
2.5998762	0.20987186
2.6011808	0.2069024
2.6024866	0.20475903
2.6037939	0.20114209
2.6051023	0.19647579
2.6064122	0.19913268
2.6077232	0.20362036
2.6090355	0.20480369
2.6103492	0.20670146
2.6116643	0.20837596
2.6129806	0.20741592
2.6142986	0.20768385
2.6156178	0.20136535
2.6169381	0.19703394
2.6182597	0.20221376
2.6195827	0.19957919
2.6209071	0.20044996
2.6222329	0.20846528
2.62356	0.21058632
2.6248877	0.20748289
2.6262174	0.20091882
2.6275485	0.20353106
2.628881	0.2023924
2.6302147	0.19605158
2.6315498	0.20156629
2.6328864	0.20529488
2.6342242	0.20571908
2.6355639	0.20909043
2.6369042	0.21013978
2.6382463	0.21036305
2.6395895	0.20980489
2.6409342	0.20888948
2.6422803	0.20826434
2.6436276	0.20862156
2.6449764	0.20596467
2.6463268	0.20627725
2.6476784	0.20886716
2.6490314	0.20978254
2.6503856	0.20821968
2.6517413	0.20408922
2.6530983	0.20379898
2.6544569	0.20529488
2.6558168	0.20542882
2.6571774	0.20770615
2.65854	0.20493765
2.6599042	0.20319615
2.6612697	0.20413388
2.6626365	0.20437948
2.6640048	0.19636415
2.6653745	0.18859443
2.6667454	0.18895166
2.6681182	0.19527014
2.6694922	0.18846047
2.6708674	0.18727715
2.6722443	0.20013739
2.6736224	0.20350873
2.6750021	0.19875312
2.676383	0.19292584
2.6777654	0.19408682
2.6791496	0.19647579
2.6805348	0.20274962
2.6819217	0.20455809
2.6833098	0.20248169
2.6846995	0.20248169
2.6860905	0.20245937
2.6874828	0.20346408
2.6888769	0.20471436
2.6902716	0.20540652
2.6916685	0.20283891
2.6930668	0.19553806
2.6944666	0.19366261
2.6958678	0.19794935
2.6972704	0.20250402
2.6986744	0.20370966
2.7000799	0.20091882
2.7014871	0.19937828
2.7028956	0.20196816
2.7043056	0.20286125
2.7057171	0.20272729
2.70713	0.20082951
2.7085443	0.1956497
2.7099602	0.18995635
2.7113776	0.19118434
2.7127967	0.1994006
2.7142169	0.20216912
2.7156389	0.20187888
2.7170622	0.19960155
2.718487	0.19493525
2.7199132	0.18513379
2.7213409	0.18763439
2.7227702	0.19183181
2.7242005	0.18754506
2.7256327	0.19160855
2.7270665	0.19810565
2.7285018	0.20002574
2.7299387	0.19975783
2.7313771	0.19933361
2.7328169	0.19710094
2.7342582	0.19203274
2.7357013	0.19268024
2.7371457	0.19317143
2.7385917	0.18479887
2.7400391	0.17988697
2.741488	0.18401743
2.7429385	0.19116202
2.7443907	0.1940645
2.7458441	0.19399752
2.747299	0.19357331
2.7487557	0.19301513
2.7502139	0.19187646
2.7516737	0.19020195
2.753135	0.18738879
2.7545979	0.17827944
2.7560623	0.17801152
2.7575283	0.18620546
2.7589962	0.18901864
2.7604654	0.18714319
2.7619359	0.18205267
2.7634082	0.18104798
2.7648821	0.18348159
2.7663574	0.18278946
2.7678344	0.18124892
2.7693131	0.18040049
2.7707932	0.17894927
2.772275	0.18131588
2.7737584	0.18372719
2.7752433	0.18350393
2.7767296	0.18203035
2.7782178	0.18162848
2.7797074	0.18082471
2.7811987	0.17952974
2.782691	0.17975301
2.7841854	0.17997628
2.7856815	0.17642634
2.7871792	0.17379177
2.7886784	0.1761584
2.7901793	0.17859203
2.7916818	0.17874831
2.7931859	0.1783241
2.794692	0.17785524
2.7961996	0.1774087
2.7977085	0.17709613
2.7992191	0.1767389
2.8007314	0.17455089
2.8022454	0.17057671
2.803761	0.17006318
2.8052781	0.17265309
2.806797	0.17376944
2.8083177	0.17370246
2.8098397	0.17372479
2.8113635	0.17361315
2.8128889	0.17283171
2.8144159	0.17178236
2.8159447	0.17167072
2.8174751	0.17122418
2.8190067	0.16986224
2.8205404	0.16954967
2.8220758	0.17024182
2.8236129	0.17071067
2.8251517	0.17042042
2.8266921	0.16970596
2.8282342	0.16925943
2.829778	0.16925943
2.8313241	0.16867894
2.8328712	0.16774121
2.83442	0.16700442
2.8359706	0.16673651
2.8375227	0.16637927
2.8390768	0.16651323
2.8406324	0.1666472
2.8421898	0.16640159
2.843749	0.16624531
2.84531	0.16593273
2.8468723	0.16535224
2.8484366	0.16459313
2.8500025	0.16439217
2.8515701	0.16436987
2.8531396	0.16347679
2.8547106	0.16303025
2.8562829	0.16329816
2.8578575	0.16334283
2.8594339	0.16300793
2.861012	0.16280697
2.8625917	0.16276233
2.8641732	0.16249441
2.8657565	0.16204786
2.8673415	0.16175762
2.8689287	0.16164598
2.870517	0.16117713
2.8721075	0.1608199
2.8736994	0.16090919
2.8752933	0.16090919
2.876889	0.16064128
2.8784864	0.16041802
2.8800855	0.16030638
2.8816857	0.16017242
2.8832886	0.15994915
2.8848929	0.15970355
2.8864994	0.15948029
2.8881073	0.15919004
2.8897173	0.15912305
2.8913291	0.15905608
2.8929424	0.15889978
2.8945582	0.15876582
2.8961751	0.1586542
2.897794	0.1584979
2.8994148	0.15789509
2.9010372	0.15753786
2.9026616	0.15780579
2.9042876	0.15780579
2.9059157	0.15782811
2.9075458	0.15785043
2.9091775	0.15776113
2.9108109	0.15767182
2.9124463	0.15756018
2.9140832	0.1574932
2.9157224	0.15742622
2.9173632	0.15735924
2.9190059	0.15731458
2.9206498	0.15711364
2.922296	0.15689039
2.9239442	0.15686804
2.9255943	0.15711364
2.9272463	0.15713596
2.9289	0.157069
2.9305558	0.157069
2.9322133	0.15709132
2.9338732	0.15702435
2.9355345	0.15702435
2.9371977	0.15697968
2.9388628	0.15702435
2.9405298	0.15704668
2.9421985	0.157002
2.9438694	0.157002
2.9455421	0.157002
2.9472167	0.15695736
2.9488933	0.15709132
2.9505715	0.15722528
2.9522519	0.15726995
2.953934	0.15718062
2.9556181	0.15722528
2.9573042	0.15733692
2.9589922	0.15742622
2.9606814	0.1574932
2.9623733	0.15753786
2.964067	0.1576495
2.9657626	0.15776113
2.9674604	0.15778345
2.9691598	0.15776113
2.9708614	0.15785043
2.9725649	0.15793975
2.9742706	0.15800673
2.9759779	0.15805137
2.9776874	0.15811835
2.9793985	0.15818533
2.9811118	0.15829697
2.9828272	0.15838626
2.9845443	0.15843093
2.9862635	0.15852022
2.9879854	0.1585649
2.9897087	0.15860955
2.9914336	0.15869886
2.993161	0.15878816
2.99489	0.15885514
2.9966211	0.15885514
2.9983544	0.15894446
3.0000894	0.15919004
3.001826	0.15930168
3.0035653	0.15930168
3.0053065	0.15932401
3.0070496	0.15943564
3.0087948	0.15961425
3.0105422	0.15977053
3.0122914	0.15990449
3.0140429	0.16010544
3.0157964	0.1602394
3.0175517	0.1603287
3.0193093	0.16052964
3.0210688	0.16066359
3.0228302	0.16086455
3.0245938	0.16115479
3.0263596	0.16135575
3.0281272	0.16155669
3.0298975	0.16175762
3.0316694	0.16186924
3.0334435	0.16204786
3.0352194	0.16222648
3.0369976	0.1623158
3.0387776	0.16240509
3.04056	0.1625614
3.0423443	0.16269535
3.0441301	0.16285163
3.0459187	0.16303025
3.0477092	0.16323119
3.0495021	0.16345446
3.0512969	0.1636554
3.0530939	0.16383402
3.054893	0.16407962
3.0566943	0.16432521
3.0584979	0.16452613
3.0603034	0.16477174
3.0621109	0.16497268
3.0639207	0.16510664
3.0657327	0.16528526
3.0675466	0.16550852
3.0693629	0.16564249
3.0711813	0.16575412
3.0730011	0.16588809
3.0748239	0.16613367
3.0766487	0.16628997
3.0784757	0.16642392
3.0803049	0.16651323
3.0821362	0.16669184
3.0839698	0.16693743
3.0858054	0.16711606
3.0876439	0.16720535
3.0894837	0.16729467
3.0913262	0.16745095
3.0931706	0.16751793
3.0950172	0.16760725
3.0968661	0.16771887
3.0987172	0.16785283
3.1005704	0.16800913
3.1024263	0.16805378
3.104284	0.16805378
3.106144	0.16805378
3.1080062	0.16816542
3.1098707	0.16814309
3.1117373	0.16821006
3.1136062	0.16841102
3.1154773	0.16863428
3.1173501	0.16905847
3.1192257	0.16946036
3.1211035	0.16992922
3.1229837	0.17044275
3.1248662	0.17091161
3.1267509	0.17131349
3.128638	0.17187165
3.1305273	0.17249681
3.1324193	0.1731443
3.1343131	0.17383642
3.1362092	0.17448388
3.1381078	0.1749974
3.1400084	0.17544395
3.1419115	0.17584583
3.1438167	0.17609143
3.1457245	0.17627002
3.1476347	0.17658262
3.1495469	0.17696218
3.1514616	0.17725241
3.1533785	0.17758732
3.1552978	0.17794454
3.1572194	0.17825712
3.1591434	0.17861435
3.1610696	0.17906089
3.162998	0.17946278
3.1649289	0.17984234
3.1668622	0.18019956
3.168798	0.18048981
3.1707361	0.18080238
3.1726766	0.18109263
3.1746194	0.18131588
3.1765647	0.18153916
3.1785126	0.18176244
3.1804626	0.18200803
3.182415	0.18218663
3.1843698	0.18234293
3.186327	0.1825662
3.1882865	0.18272249
3.1902485	0.18276714
3.1922131	0.18294574
3.19418	0.183236
3.1961493	0.18343695
3.1981211	0.18359321
3.2000952	0.18379417
3.2020719	0.18397279
3.2040508	0.18424071
3.2060323	0.18435235
3.2080164	0.18437468
3.2100022	0.18446396
3.2119911	0.18446396
3.2139823	0.18446396
3.215976	0.18441932
3.2179723	0.18421836
3.2199712	0.18395044
3.2219722	0.18350393
3.2239761	0.18303506
3.2259824	0.1827448
3.2279911	0.18254386
3.2300024	0.18238758
3.2320161	0.18245456
3.2340324	0.18254386
3.2360511	0.18249922
3.2380724	0.18234293
3.2400961	0.18209735
3.2421229	0.18156147
3.2441516	0.180981
3.2461832	0.18080238
3.2482171	0.18147218
3.2502534	0.18272249
3.2522926	0.18419604
3.2543342	0.18553565
3.2563784	0.186652
3.2584248	0.18747808
3.2604742	0.18808091
3.262526	0.18866141
3.2645805	0.18926424
3.2666376	0.18980008
3.2686973	0.19013497
3.2707596	0.19035824
3.2728245	0.19067082
3.2748921	0.19102806
3.2769623	0.19127363
3.2790351	0.19138527
3.2811103	0.19154157
3.2831883	0.19176482
3.2852688	0.1919881
3.2873521	0.19214438
3.289438	0.19230069
3.2915258	0.19243465
3.293617	0.1925016
3.2957108	0.19254628
3.2978072	0.19259092
3.2999065	0.19279188
3.3020084	0.19301513
3.3041129	0.19312677
3.3062201	0.19326073
3.3083303	0.19343935
3.3104429	0.19355097
3.3125582	0.19368494
3.314676	0.19375192
3.3167968	0.19372959
3.3189204	0.19375192
3.3210464	0.1939082
3.3231752	0.1940645
3.3253074	0.19415379
3.3274417	0.19419846
3.3295789	0.19433242
3.3317187	0.19446638
3.3338614	0.19460034
3.3360066	0.19475661
3.3381548	0.19484594
3.3403056	0.19493525
3.3424585	0.19509153
3.344615	0.19513617
3.3467741	0.19520317
3.3489361	0.19529246
3.3511009	0.19533712
3.3532684	0.19535944
3.3554389	0.19533712
3.3576121	0.19538178
3.3597887	0.1954041
3.3619676	0.19538178
3.3641491	0.19538178
3.3663337	0.19542642
3.368521	0.19547108
3.3707113	0.1954934
3.3729043	0.19553806
3.3751001	0.19553806
3.3772995	0.19560504
3.3795011	0.19567202
3.3817058	0.1956497
3.383913	0.19567202
3.3861232	0.195739
3.3883364	0.195739
3.3905525	0.19578366
3.3927715	0.1958283
3.3949924	0.19587296
3.3972173	0.19593994
3.3994448	0.19596227
3.4016755	0.19596227
3.403909	0.19596227
3.4061456	0.19596227
3.408385	0.19602925
3.4106274	0.1960739
3.4128728	0.19611856
3.4151211	0.19620787
3.4173725	0.19629717
3.4196265	0.19640881
3.4218838	0.19647579
3.424144	0.19649811
3.4264071	0.19658743
3.4286733	0.19672139
3.4309425	0.19681068
3.4332149	0.19687767
3.4354899	0.19694464
3.4377682	0.19705628
3.4400494	0.19714558
3.4423335	0.19719024
3.4446208	0.19725724
3.4469111	0.19727954
3.449204	0.19734654
3.4515004	0.19736886
3.4537997	0.19736886
3.4561024	0.1974135
3.4584079	0.19743583
3.4607165	0.19743583
3.4630284	0.19743583
3.4653432	0.19745818
3.4676619	0.19743583
3.4699829	0.19739118
3.472307	0.19736886
3.4746342	0.19736886
3.4769647	0.1974135
3.4792981	0.1974805
3.4816349	0.19750282
3.4839747	0.19745818
3.4863167	0.19745818
3.488663	0.19745818
3.4910121	0.19743583
3.4933646	0.19745818
3.4957201	0.19745818
3.4980791	0.1974135
3.5004408	0.19743583
3.5028062	0.19750282
3.5051751	0.19750282
3.5075467	0.19743583
3.5099213	0.19745818
3.5122993	0.1974805
3.5146806	0.19750282
3.517065	0.19752514
3.5194528	0.19754747
3.5218437	0.19765911
3.5242381	0.19768143
3.5266356	0.19770378
3.5290363	0.19777073
3.5314403	0.19786005
3.5338476	0.19790469
3.536258	0.19790469
3.538672	0.19792703
3.5410891	0.19799401
3.5435085	0.19808333
3.5459323	0.19815029
3.5483594	0.19817261
3.5507898	0.19821729
3.5532234	0.19823961
3.5556605	0.19826193
3.5581009	0.19826193
3.5605447	0.19823961
3.5629921	0.19828425
3.5654426	0.19828425
3.5678964	0.19826193
3.5703535	0.19826193
3.5728142	0.19832891
3.5752783	0.19828425
3.5777457	0.19826193
3.5802164	0.19828425
3.5826914	0.19826193
3.5851691	0.19821729
3.5876501	0.19819495
3.5901346	0.19819495
3.5926225	0.19817261
3.595114	0.19812797
3.5976088	0.19808333
3.6001072	0.19803865
3.6026084	0.19801633
3.6051137	0.19797169
3.6076224	0.19792703
3.6101346	0.19788237
3.6126504	0.19783774
3.6151698	0.19779307
3.6176925	0.1977261
3.620219	0.19763677
3.6227491	0.19763677
3.6252825	0.19756979
3.6278193	0.19752514
3.6303599	0.19752514
3.6329038	0.19743583
3.6354516	0.19730186
3.6380026	0.19725724
3.6405575	0.19719024
3.6431165	0.19710094
3.6456785	0.19701163
3.6482441	0.19692232
3.6508133	0.1969
3.6533861	0.19683303
3.6559625	0.19685535
3.6585426	0.19683303
3.6611264	0.19674371
3.6637127	0.19672139
3.6663036	0.19669907
3.6688983	0.19667672
3.6714969	0.19665441
3.6740987	0.19665441
3.6767046	0.19663207
3.6793139	0.19665441
3.6819272	0.19667672
3.6845443	0.19672139
3.687165	0.19676603
3.6897893	0.19687767
3.6924174	0.19698931
3.695049	0.19705628
3.6976848	0.19712327
3.7003241	0.19719024
3.7029672	0.19725724
3.7056146	0.19734654
3.7082653	0.19743583
3.7109196	0.19750282
3.713578	0.19754747
3.7162399	0.19756979
3.7189059	0.19763677
3.7215757	0.19768143
3.7242491	0.19770378
3.7269256	0.19768143
3.7296069	0.19770378
3.7322919	0.1977261
3.7349808	0.19777073
3.7376738	0.19774841
3.7403705	0.19765911
3.7430711	0.19759214
3.7457757	0.19763677
3.7484846	0.19765911
3.7511971	0.19765911
3.7539134	0.19761446
3.7566335	0.19756979
3.7593577	0.19754747
3.7620859	0.19750282
3.764818	0.19745818
3.767554	0.19743583
3.770293	0.1974135
3.7730372	0.19734654
3.7757852	0.19725724
3.778537	0.1971679
3.7812932	0.19707862
3.7840533	0.19696698
3.7868173	0.19681068
3.7895856	0.19660975
3.7923579	0.19640881
3.7951343	0.19616321
3.7979145	0.19585064
3.800699	0.19547108
3.8034875	0.19520317
3.8062801	0.19509153
3.8090768	0.19513617
3.8118775	0.19524781
3.8146832	0.19538178
3.8174922	0.19544877
3.8203053	0.19538178
3.8231227	0.19518083
3.8259442	0.19491291
3.8287699	0.19457802
3.8315997	0.19428775
3.8344338	0.1939752
3.837271	0.19377425
3.8401134	0.19359563
3.8429599	0.19339469
3.8458109	0.19319375
3.848666	0.19299281
3.8515253	0.1928142
3.8543887	0.19272488
3.8572567	0.19283652
3.8601296	0.19303745
3.8630059	0.19326073
3.8658867	0.19337237
3.8687716	0.19341701
3.8716609	0.19337237
3.8745544	0.19330539
3.8774524	0.19321607
3.8803546	0.19312677
3.8832617	0.19305979
3.8861728	0.19299281
3.8890882	0.19288117
3.8920078	0.19276953
3.894932	0.19270256
3.8978605	0.19261324
3.9007933	0.19252394
3.9037306	0.19247928
3.9066718	0.19241232
3.9096179	0.19234532
3.9125686	0.19221137
3.9155238	0.19209974
3.9184833	0.19203274
3.9214473	0.19194345
3.9244158	0.19183181
3.9273889	0.19176482
3.9303668	0.19174251
3.9333489	0.19180949
3.9363356	0.19187646
3.9393268	0.19192113
3.9423223	0.1919881
3.9453225	0.19205509
3.9483273	0.19207741
3.9513369	0.19207741
3.9543512	0.19205509
3.9573698	0.19203274
3.960393	0.19196577
3.9634209	0.19187646
3.9664533	0.19180949
3.9694903	0.19176482
3.972532	0.19174251
3.9755785	0.19163086
3.9786289	0.1915639
3.9816847	0.19149691
3.984745	0.19142994
3.9878104	0.19129598
3.9908803	0.19118434
3.9939549	0.19102806
3.9970343	0.19087176
4.0001183	0.1907378
4.0032082	0.19058152
4.0063019	0.19042522
4.0094004	0.19024661
4.0125036	0.19002335
4.0156116	0.18986705
4.0187244	0.18968844
4.021842	0.18948749
4.0249648	0.1893089
4.028091	0.18908562
4.0312233	0.18884003
4.0343604	0.18861675
4.0375023	0.18837117
4.0406489	0.18812557
4.0438008	0.18787998
4.046958	0.18761204
4.0501194	0.18741111
4.0532866	0.18714319
4.056458	0.18689761
4.0596347	0.18660733
4.0628161	0.18638408
4.0660028	0.18618314
4.0691943	0.18593754
4.0723906	0.18569194
4.0755925	0.18540169
4.0787992	0.18511146
4.0820107	0.18482119
4.0852275	0.18459792
4.0884495	0.184397
4.0916762	0.1841514
4.0949082	0.18381649
4.0981455	0.18350393
4.1013875	0.18319134
4.1046343	0.1829011
4.1078868	0.18263318
4.1111441	0.18232059
4.1144071	0.18198571
4.1176748	0.18167311
4.1209483	0.18131588
4.1242266	0.180981
4.1275101	0.18062377
4.1307993	0.18024421
4.1340938	0.17984234
4.137393	0.17946278
4.1406975	0.17908323
4.1440077	0.17870367
4.1473227	0.17830177
4.1506433	0.17787756
4.1539693	0.17747568
4.1573014	0.17709613
4.1606379	0.17664959
4.16398	0.17620306
4.1673269	0.17573419
4.1706796	0.17526533
4.1740379	0.17479648
4.1774011	0.17432761
4.1807699	0.17385875
4.1841431	0.17343454
4.1875229	0.17296568
4.190908	0.17251915
4.1942987	0.17202796
4.1976953	0.17151444
4.2010965	0.17095627
4.204504	0.17037576
4.2079167	0.16975063
4.2113357	0.16901384
4.2147593	0.16821006
4.2181888	0.16740629
4.2216239	0.16651323
4.2250643	0.16550852
4.2285104	0.16452613
4.2319622	0.16347679
4.2354198	0.16233812
4.2388835	0.16093154
4.242352	0.15925701
4.2458267	0.15704668
4.2493072	0.15409952
4.2527928	0.15025933
4.2562842	0.14552605
4.2597818	0.14010063
4.2632847	0.13458592
4.2667923	0.13003126
4.2703071	0.12764229
4.2738276	0.12786555
4.2773538	0.12922747
4.2808857	0.12987496
4.2844238	0.12898189
4.2879677	0.12645896
4.2915173	0.12266341
4.2950735	0.11810873
4.298635	0.11337546
4.3022022	0.10895475
4.3057756	0.10515921
4.3093548	0.10221206
4.3129401	0.099957056
4.3165312	0.098059282
4.3201284	0.09607219
4.3237324	0.093884178
4.3273416	0.09133891
4.3309565	0.088391773
4.3345776	0.085065089
4.3382049	0.081515126
4.3418384	0.078076802
4.3454776	0.075107336
4.3491235	0.072874658
4.3527737	0.071646683
4.3564315	0.071311779
4.3600955	0.071713664
4.3637652	0.072718367
4.3674417	0.074124955
4.3711243	0.075754814
4.3748131	0.077518627
4.3785081	0.079059176
4.3822103	0.079996899
4.3859177	0.08015319
4.3896313	0.079662003
4.3933511	0.078612641
4.3970776	0.077228375
4.4008102	0.075754814
4.4045491	0.074348219
4.4082947	0.073053271
4.412045	0.071847625
4.415803	0.07064198
4.4195676	0.069458663
4.4233384	0.068253011
4.4271159	0.067047365
4.4308996	0.065752409
4.43469	0.06421186
4.4384871	0.062626652
4.4422908	0.061465666
4.4461007	0.061108433
4.4499168	0.061532643
4.4537401	0.062314082
4.4575696	0.063140176
4.4614058	0.063742995
4.4652486	0.063988596
4.4690976	0.063765317
4.4729543	0.063475072
4.4768167	0.063609034
4.4806862	0.064189531
4.4845624	0.064591415
4.4884448	0.064703055
4.4923344	0.064613737
4.4962306	0.065194242
4.5001335	0.067136668
4.5040426	0.069994502
4.5079594	0.072651386
4.5118828	0.075129665
4.5158129	0.078567982
4.5197501	0.083948746
4.523694	0.090892375
4.5276446	0.098349534
4.5316024	0.10515921
4.5355678	0.11058461
4.5395393	0.11395595
4.5435181	0.11444714
4.5475035	0.11120977
4.551496	0.10373028
4.5554957	0.092388272
4.5595021	0.079773642
4.5635157	0.069280043
4.5675368	0.062470369
4.5715647	0.058630161
4.5755997	0.056732383
4.5796418	0.055995598
4.5836911	0.056151889
4.5877471	0.056910995
4.5918107	0.058295261
4.5958815	0.060304672
4.5999584	0.062939234
4.604044	0.066087313
4.6081362	0.069637269
4.612236	0.073008612
4.616343	0.075598523
4.6204576	0.076580904
4.6245794	0.075687833
4.6287084	0.073522128
4.6328454	0.070999205
4.6369891	0.068677224
4.6411405	0.066824093
4.6452994	0.065350525
4.6494656	0.064100221
4.6536388	0.062916912
4.6578202	0.061733585
4.6620088	0.060483284
4.6662059	0.059523232
4.6704097	0.059255313
4.6746206	0.059791151
4.6788397	0.060885165
4.6830664	0.062090818
4.6873007	0.062492695
4.6915426	0.061532643
4.6957922	0.059344612
4.7000484	0.056620751
4.7043133	0.053561978
4.7085862	0.050078999
4.7128668	0.046238787
4.717155	0.042041354
4.7214513	0.037486687
4.7257552	0.033043656
4.7300668	0.028957851
4.7343879	0.026033042
4.7387152	0.02493903
4.7430506	0.025229275
4.7473941	0.025631161
4.7517457	0.025564181
4.7561049	0.025318583
4.7604723	0.025206951
4.7648478	0.02464878
4.7692318	0.023152884
4.7736235	0.02188026
4.7780232	0.023219867
4.7824311	0.028064778
4.7868466	0.035633564
4.7912707	0.044899184
4.7957029	0.055816982
4.8001437	0.06809672
4.8045907	0.080287151
4.8090477	0.091004014
4.8135128	0.100158
4.8179865	0.10815099
4.8224683	0.11511695
4.8269582	0.12092192
4.8314571	0.12547658
4.8359637	0.12864698
4.8404803	0.13110295
4.8450041	0.13429566
4.8495364	0.13813587
4.8540773	0.14159653
4.8586264	0.14445436
4.8631845	0.14673169
4.8677506	0.14865179
4.8723259	0.15046026
4.8769083	0.1521571
4.8815002	0.15367533
4.8861008	0.15501493
4.8907104	0.15610893
4.8953285	0.15709132
4.8999557	0.15807371
4.9045911	0.15910073
4.909236	0.15997148
4.9138899	0.16073059
4.9185519	0.16142271
4.923223	0.16209252
4.9279027	0.16265069
4.9325914	0.16316421
4.9372892	0.1636554
4.9419956	0.16407962
4.9467115	0.16443683
4.951437	0.16468243
4.9561706	0.16477174
4.9609137	0.16519594
4.9656653	0.16570947
4.9704261	0.16602205
4.9751964	0.16624531
4.9799757	0.16640159
4.9847641	0.16662487
4.9895606	0.1668258
4.9943671	0.16700442
4.9991837	0.16718303
5.0040088	0.16736166
5.0088439	0.16754025
5.0136881	0.16740629
5.0185413	0.16693743
5.0234041	0.16729467
5.0282774	0.16780818
5.0331593	0.16803145
5.0380507	0.16827706
5.0429511	0.16841102
5.0478616	0.16850032
5.0527816	0.1685673
5.0577111	0.1686566
5.0626502	0.16867894
5.0675998	0.16876824
5.0725584	0.16887988
5.0775266	0.16870125
5.0825043	0.16827706
5.087492	0.1686566
5.0924897	0.1691478
5.097497	0.16928177
5.1025143	0.16934872
5.1075401	0.16934872
5.112577	0.16930407
5.1176243	0.16934872
5.1226811	0.16928177
5.127748	0.16910313
5.1328249	0.16899151
5.1379123	0.16896917
5.1430092	0.16838868
5.1481171	0.16789749
5.1532345	0.16901384
5.1583619	0.16959432
5.1634998	0.16961667
5.1686478	0.169572
5.1738062	0.16959432
5.1789751	0.16961667
5.184154	0.16961667
5.1893444	0.16950503
5.1945438	0.16894685
5.1997542	0.16812076
5.2049747	0.16841102
5.210206	0.16720535
5.2154474	0.16687047
5.2206998	0.16861196
5.2259626	0.16896917
5.2312346	0.16858961
5.2365189	0.16809842
5.2418137	0.16834402
5.2471189	0.16854498
5.2524352	0.16854498
5.2577624	0.16845566
5.2631001	0.16843334
5.2684488	0.16816542
5.273809	0.16760725
5.2791796	0.1674733
5.2845607	0.16742863
5.2899532	0.16608903
5.2953568	0.16637927
5.3007712	0.16731699
5.3061967	0.16729467
5.3116336	0.16727233
5.3170795	0.16720535
5.3225384	0.16707139
5.3280087	0.16695976
5.3334904	0.16687047
5.3389831	0.16653556
5.3444872	0.16436987
5.3500028	0.1619139
5.3555293	0.16338748
5.3610692	0.16535224
5.3666191	0.16586575
5.37218	0.16566481
5.3777528	0.1654862
5.3833375	0.16528526
5.3889332	0.1651513
5.3945408	0.16472709
5.4001603	0.16421358
5.4057918	0.16305257
5.4114347	0.16155669
5.417089	0.15776113
5.4227557	0.15481399
5.4284339	0.15818533
5.434124	0.15979287
5.439826	0.15898909
5.44554	0.15827464
5.4512644	0.15762717
5.4570026	0.15537216
5.4627528	0.15130867
5.4685154	0.15077284
5.4742899	0.15050492
5.4800768	0.1491653
5.4858756	0.15048259
5.4916868	0.1507282
5.4975119	0.15046026
5.5033479	0.15014769
5.5091963	0.15046026
5.5150576	0.14992441
5.5209308	0.1491653
5.5268164	0.14952253
5.5327148	0.15043794
5.5386262	0.15054958
5.5445509	0.14983511
5.550487	0.14824991
5.5564361	0.14831688
5.562398	0.1494109
5.5683727	0.14929926
5.5743604	0.14563768
5.5803604	0.14376222
5.5863738	0.14704426
5.5923977	0.14871879
5.5984373	0.14722288
5.6044893	0.14628515
5.6105552	0.14586096
5.6166334	0.14469995
5.6227255	0.14461064
5.6288304	0.14327103
5.6349487	0.13898429
5.6410818	0.13351424
5.6472268	0.13476452
5.6533852	0.1359925
5.6595569	0.13670696
5.6657424	0.13748839
5.6719413	0.13409473
5.6781535	0.13293372
5.6843796	0.13371517
5.6906204	0.13172808
5.6968741	0.13125922
5.7031412	0.12880328
5.7094221	0.12380207
5.7157168	0.12393603
5.7220259	0.12619105
5.7283483	0.12822278
5.7346849	0.12846838
5.7410331	0.1276646
5.7473979	0.12610173
5.7537766	0.12826744
5.76017	0.12429326
5.7665772	0.1188232
5.7729988	0.12465049
5.7794347	0.12907121
5.7858849	0.13110295
5.7923512	0.13300072
5.7988305	0.13409473
5.8053241	0.13619344
5.811832	0.13590319
5.8183551	0.13067873
5.8248925	0.13108061
5.8314447	0.13737676
5.8380117	0.14255658
5.8445945	0.14528045
5.851191	0.14516881
5.8578029	0.14320406
5.864429	0.14195375
5.8710709	0.14202073
5.877727	0.13221927
5.8843989	0.13210765
5.8910856	0.13619344
5.8977852	0.13518874
5.9045024	0.1428245
5.9112349	0.14496787
5.9179831	0.14344966
5.9247465	0.14159653
5.9315252	0.13309002
5.9383197	0.12793252
5.9451299	0.13579157
5.9519572	0.13911825
5.9587984	0.13864939
5.9656553	0.13297838
5.9725285	0.13206299
5.9794173	0.13291141
5.9863219	0.12833442
5.9932423	0.12779856
6.0001788	0.13087967
6.0071297	0.12871398
6.0140982	0.12527564
6.0210834	0.12639198
6.0280848	0.1267492
6.0351024	0.12369043
6.0421362	0.11263867
6.0491862	0.10259162
6.0562534	0.11022738
6.0633373	0.11201353
6.0704374	0.1042438
6.0775537	0.10062686
6.0846872	0.099421218
6.0918374	0.095514029
6.0990043	0.092477575
6.1061878	0.089351833
6.1133885	0.088391773
6.1206079	0.095737293
6.1278424	0.10165389
6.1350942	0.10198879
6.1423635	0.10004636
6.1496496	0.096608035
6.1569533	0.089530446
6.1642742	0.083904088
6.1716127	0.080956951
6.1789665	0.075754814
6.1863399	0.072584406
6.1937308	0.074817084
6.2011395	0.075151987
6.2085662	0.073343523
6.2160106	0.071356431
6.2234726	0.070329405
6.2309527	0.071200147
6.238452	0.074236594
6.2459679	0.07843402
6.2535024	0.081983991
6.261055	0.083926417
6.2686257	0.084640883
6.2762151	0.084819496
6.2838225	0.084618554
6.2914486	0.084038049
6.2990947	0.083569184
6.3067579	0.0831673
6.3144398	0.083211958
6.3221402	0.083435237
6.3298597	0.083457552
6.3375978	0.080376461
6.345355	0.078478679
6.3531313	0.082653791
6.3609242	0.083792455
6.3687387	0.0818277
6.3765721	0.083435237
6.3844252	0.08493112
6.3922973	0.084707856
6.4001889	0.082832403
6.4081001	0.074884064
6.4160309	0.072204851
6.4239826	0.079595022
6.431953	0.08495345
6.4399428	0.090646788
6.4479527	0.095536351
6.4559822	0.099979378
6.4640322	0.10330608
6.4721022	0.10339539
6.4801922	0.102413
6.4883046	0.099019326
6.4964356	0.1010734
6.5045867	0.11065159
6.5127583	0.11353175
6.5209503	0.11172327
6.5291634	0.11520626
6.5373969	0.11647888
6.545651	0.11473739
6.5539231	0.11315219
6.5622191	0.11183491
6.5705361	0.10759281
6.5788746	0.10964689
6.587234	0.11201353
6.5956144	0.11277264
6.6040168	0.11484903
6.6124401	0.11440249
6.6208863	0.11283962
6.629353	0.10636485
6.6378412	0.10181018
6.6463513	0.10902173
6.6548829	0.11473739
6.6634369	0.11362106
6.6720128	0.11060694
6.6806107	0.10848588
6.6892328	0.11089718
6.6978755	0.11234843
6.7065401	0.10899942
6.7152276	0.10768213
6.723937	0.10908871
6.7326698	0.11076323
6.7414246	0.11103114
6.7502027	0.11002644
6.7590008	0.10955757
6.7678242	0.1074142
6.7766714	0.10471267
6.7855411	0.10118503
6.7944345	0.10134131
6.8033509	0.10544945
6.8122911	0.10589598
6.8212547	0.1029935
6.8302436	0.10223439
6.8392544	0.10388657
6.848289	0.10127433
6.8573475	0.094509318
6.8664303	0.092857137
6.8755369	0.098572791
6.8846679	0.10018033
6.8938227	0.099376559
6.9029989	0.097300172
6.9122028	0.096965268
6.9214315	0.097233191
6.9306846	0.096741997
6.9399629	0.095960565
6.9492655	0.093392983
6.9585934	0.089106232
6.9679465	0.090512827
6.9773269	0.092142679
6.9867301	0.090825401
6.9961591	0.08975371
7.0056133	0.089664407
7.0150933	0.088324793
7.0245986	0.086940527
7.0341301	0.084908798
7.0436873	0.080956951
7.0532722	0.081046261
7.0628819	0.082430519
7.0725174	0.081760719
7.0821791	0.080354132
7.0918674	0.078835912
7.1015825	0.077340014
7.1113243	0.075107336
7.1210923	0.073410504
7.1308832	0.072249502
7.1407056	0.06988287
7.1505547	0.067717165
7.1604309	0.066154294
7.1703348	0.064256512
7.1802659	0.06403324
7.1902246	0.063274138
7.200211	0.061220072
7.210228	0.059545562
7.2202702	0.059232987
7.23034	0.058116641
7.2404385	0.056643076
7.2505651	0.05494624
7.2607198	0.053271733
7.2709031	0.051106032
7.2811151	0.049431525
7.2913575	0.04820355
7.3016272	0.046551365
7.3119259	0.044742897
7.3222532	0.04300141
7.3326101	0.040724073
7.3429961	0.039027233
7.3534117	0.03775461
7.3638568	0.036415
7.3743277	0.034852125
7.3848329	0.03337856
7.3953671	0.031904988
7.4059319	0.030632358
7.4165273	0.029382061
7.4271526	0.028288048
7.4378085	0.027104726
7.4484949	0.025943736
7.4592152	0.024604129
7.4699631	0.02346546
7.4807425	0.022349119
7.4915524	0.02123278
7.5023942	0.020004807
7.513267	0.018910795
7.5241718	0.017749801
7.5351081	0.016678113
7.5460782	0.015517122
7.5570784	0.01449009
7.5681105	0.013373749
7.579175	0.01232439
7.5902719	0.011208051
7.6014013	0.010203345
7.6125636	0.0091316588
7.6237588	0.00821626
7.6349821	0.0073678419
7.6462431	0.0066087311
7.6575375	0.0058496199
7.6688652	0.0052691237
7.6802268	0.0046439734
7.6916218	0.00410813
7.7030506	0.0035722868
7.7145133	0.0031257512
7.7260127	0.0027015421
7.7375441	0.0023666401
7.7491097	0.0019870845
7.7607102	0.0017191631
7.7723455	0.0014289148
7.7840157	0.0012279736
7.7957211	0.0010493593
7.8074613	0.0008930717
7.8192339	0.00071445742
7.8310452	0.00064747705
7.8428926	0.00053584302
7.8547754	0.00053584302
7.8666949	0.00042420905
7.8786502	0.00042420905
7.8906422	0.00040188231
7.9026704	0.00049118942
7.9147372	0.00053584302
7.9268394	0.00064747705
7.9389782	0.00069213065
7.9511547	0.00093772542
7.9633684	0.0011163397
7.9756198	0.0013619345
7.9879088	0.0016745096
8.0002356	0.0021433721
8.0126038	0.0025452545
8.0250072	0.0030364441
8.0374498	0.0036615944
8.0499296	0.0045323391
8.0624495	0.0054700649
8.0750074	0.0067650187
8.0876055	0.0083055673
8.1002417	0.010225672
8.1129141	0.012525331
8.1256304	0.015338507
8.1383867	0.018374952
8.1511831	0.021746298
8.1640196	0.025407892
8.1768961	0.029359734
8.1898146	0.033423211
8.2027731	0.037709951
8.2157736	0.042108335
8.2288151	0.046886265
8.2418976	0.052043758
8.2550211	0.057647783
8.2681875	0.063519731
8.281395	0.069324695
8.2946453	0.07439287
8.3079386	0.077719569
8.3212767	0.078099132
8.3346548	0.076692536
8.3480768	0.076558575
8.3615408	0.078947544
8.3750496	0.082966365
8.3886013	0.088012218
8.4021969	0.093727879
8.4158373	0.099823102
8.4295158	0.10565039
8.4432449	0.11058461
8.4570189	0.1135764
8.4708366	0.11440249
8.4847012	0.11335313
8.4986105	0.11083021
8.5125656	0.10750352
8.5265665	0.10426613
8.540616	0.10114038
8.5547094	0.098126262
8.5688496	0.09531308
8.5830364	0.09312506
8.59727	0.091718473
8.6115513	0.091004014
8.6258802	0.090624459
8.6402569	0.090535142
8.6546841	0.090557478
8.6691561	0.090713762
8.6836777	0.091004014
8.6982479	0.091584511
8.7128668	0.092499912
8.7275343	0.093772531
8.7422523	0.09538006
8.75702	0.097188532
8.7718325	0.098952346
8.7866993	0.10053755
8.8016176	0.10192181
8.8165865	0.10317212
8.8316059	0.10388657
8.8466768	0.10370796
8.8617992	0.10216741
8.8769741	0.099019326
8.8922033	0.094353035
8.9074821	0.088257812
8.9228134	0.080666713
8.9381971	0.07289698
8.9536343	0.06648919
8.9691257	0.061800562
8.9846697	0.057915702
9.000268	0.054477375
9.0159235	0.051173013
9.0316315	0.047980282
9.0473928	0.044452649
9.0632105	0.040255208
9.0790825	0.035566583
9.0950108	0.031570088
9.1109953	0.028846217
9.1270351	0.027238688
9.1431274	0.025943736
9.1592817	0.024805067
9.1754923	0.023800364
9.191761	0.023152884
9.2080879	0.022728674
9.224472	0.02270635
9.2409153	0.022884963
9.2574167	0.023420805
9.2739801	0.02409061
9.2906008	0.024849722
9.3072805	0.025497198
9.3240204	0.026189327
9.3408203	0.026814479
9.3576803	0.027484285
9.3746023	0.028243395
9.3915854	0.029158793
9.4086237	0.030007213
9.4257298	0.030989589
9.4428988	0.031882659
9.4601307	0.032842714
9.4774246	0.033735789
9.4947834	0.034762818
9.5122042	0.03572287
9.5296898	0.036682922
9.5472441	0.037509013
9.5648584	0.038223471
9.5825386	0.038826294
9.6002836	0.039585408
9.6180954	0.040590111
9.635973	0.041728776
9.6539164	0.042822793
9.6719275	0.043939132
9.6900091	0.044899184
9.7081556	0.045613639
9.7263699	0.046060178
9.7446527	0.046350423
9.7630043	0.046573695
9.7814245	0.04693092
9.7999153	0.047377456
9.8184757	0.048002604
9.837101	0.048672412
9.8558025	0.049476173
9.8745756	0.050212961
9.8934202	0.050994396
9.9123363	0.051708855
9.9313259	0.052334007
9.950388	0.05300381
9.9695234	0.053919207
9.9887362	0.054968569
10.008019	0.056151889
10.027377	0.057178922
10.04681	0.057982683
10.066319	0.058473874
10.085902	0.058853429
10.105563	0.059166007
10.1253	0.059590213
10.145119	0.060126051
10.165011	0.060907491
10.184982	0.061755911
10.205031	0.061934531
10.22516	0.059724174
10.245367	0.058116641
10.265656	0.061577298
10.286023	0.065506808
10.306466	0.067382261
10.326997	0.068677224
10.34761	0.069748908
10.368304	0.070820585
10.389083	0.071825288
10.409945	0.07289698
10.43089	0.074102633
10.45192	0.075375259
10.473039	0.076469272
10.49424	0.077340014
10.515526	0.078009821
10.536899	0.078679621
10.558359	0.07939408
10.579906	0.080287151
10.601542	0.081336506
10.623267	0.082452849
10.645084	0.083502211
10.666988	0.084417604
10.688982	0.08510974
10.711066	0.085801862
10.733243	0.086293057
10.755511	0.086784251
10.777872	0.087409399
10.800325	0.088168509
10.822865	0.088949949
10.845508	0.089664407
10.868244	0.090267226
10.891077	0.090937033
10.914005	0.091539852
10.937031	0.09220966
10.960154	0.092678517
10.983374	0.092991091
11.006698	0.093080409
11.030116	0.092968769
11.053635	0.092499912
11.077253	0.092008717
11.100973	0.091606833
11.124795	0.09145055
11.14872	0.091584511
11.172747	0.091919407
11.196871	0.09220966
11.221107	0.09236595
11.245447	0.092343614
11.269894	0.092343614
11.294447	0.092388272
11.319107	0.092589214
11.343875	0.092857137
11.368752	0.09321437
11.393744	0.093571596
11.418839	0.093995802
11.444047	0.094241396
11.469365	0.094308376
11.494797	0.094397686
11.52034	0.09464328
11.545999	0.094955862
11.571771	0.095246099
11.597663	0.09546937
11.623667	0.095536351
11.649787	0.095447041
11.676025	0.095603332
11.702382	0.095960565
11.728858	0.096451744
11.755454	0.096942939
11.782171	0.097344823
11.809002	0.097478785
11.835962	0.097478785
11.863048	0.097277842
11.890256	0.096942939
11.91759	0.096518725
11.94505	0.09613917
11.972636	0.09558101
12.000351	0.094777241
12.028198	0.093660899
12.056171	0.092388272
12.084274	0.090870053
12.112508	0.089374155
12.140875	0.088123858
12.169374	0.087230779
12.198009	0.08662796
12.226777	0.086360037
12.255688	0.086203754
12.28473	0.086025141
12.31391	0.085511625
12.343228	0.084596217
12.372687	0.083301276
12.402287	0.08191701
12.432029	0.080532752
12.461913	0.07939408
12.491931	0.078501001
12.522105	0.07778655
12.552425	0.077116743
12.582892	0.076647885
12.613507	0.076223671
12.644272	0.075732484
12.675187	0.075129665
12.706254	0.074616149
12.737479	0.074080303
12.768852	0.073589109
12.80038	0.073030949
12.832064	0.072450444
12.863906	0.071892269
12.895905	0.07146807
12.928064	0.071133167
12.960384	0.071066186
12.992874	0.071200147
13.025519	0.071579702
13.05833	0.071959265
13.091305	0.072249502
13.124448	0.072316483
13.157759	0.07213787
13.191238	0.071780644
13.22489	0.07128945
13.258701	0.070619643
13.292698	0.069905192
13.326869	0.069280043
13.361217	0.068788849
13.395742	0.068386972
13.430446	0.068342313
13.46533	0.068453953
13.500397	0.068520926
13.535651	0.068453953
13.571085	0.068409294
13.606705	0.068230681
13.642511	0.067873456
13.678508	0.067114346
13.714694	0.065953344
13.751073	0.064457454
13.787644	0.062805265
13.82442	0.061063778
13.861383	0.0597465
13.898545	0.059009712
13.935907	0.058853429
13.97347	0.058853429
14.011236	0.058764122
14.049208	0.058295261
14.087384	0.057469171
14.125755	0.056486789
14.16435	0.055437427
14.203156	0.054164801
14.242176	0.052892175
14.281411	0.051597219
14.320862	0.05014598
14.360532	0.048627757
14.400422	0.047109537
14.440542	0.045546658
14.48088	0.044050764
14.521442	0.042510215
14.562233	0.040925015
14.603253	0.03918352
14.644506	0.037263416
14.685991	0.035030741
14.727713	0.032664098
14.76966	0.029940229
14.811859	0.027037747
14.8543	0.024202244
14.896984	0.021567682
14.939916	0.018888468
14.983094	0.01643252
15.026524	0.014155188
15.070205	0.012145776
15.11415	0.010381959
15.158343	0.0090870056
15.202796	0.0085065085
15.24751	0.0089530442
15.292488	0.01051592
15.337732	0.013306769
15.383245	0.016499501
15.429028	0.019111736
15.475092	0.020406689
15.521424	0.020674611
15.568036	0.020071788
15.614927	0.018687526
15.662103	0.016544154
15.709563	0.014333802
15.757313	0.012592311
15.805353	0.012190429
15.853672	0.012949541
15.902304	0.014758012
15.951234	0.0174149
16.000465	0.020473668
16.050003	0.02304125
16.099848	0.02451482
16.150003	0.02507299
16.200472	0.025028337
16.251265	0.024135264
16.30237	0.022416102
16.353796	0.020116443
16.405548	0.018040052
16.45763	0.016544154
16.510042	0.016119946
16.56279	0.016745096
16.615877	0.018174011
16.669313	0.019803867
16.723085	0.022058873
16.777206	0.024849722
16.831676	0.027997799
16.886503	0.031190531
16.941689	0.034785144
16.997234	0.03851372
17.053146	0.04221997
17.109409	0.045546658
17.166063	0.048717063
17.223093	0.051798165
17.280504	0.05494624
17.338299	0.058161303
17.396481	0.061621949
17.455055	0.065082602
17.514025	0.067851126
17.573404	0.070150785
17.633179	0.072495103
17.693359	0.074794769
17.753954	0.077049762
17.814964	0.079081506
17.876394	0.080845326
17.938251	0.082341217
18.000536	0.083636165
18.063269	0.084841818
18.126427	0.086114444
18.190027	0.087498702
18.254078	0.089128561
18.318579	0.09060213
18.383539	0.09209802
18.448961	0.093303666
18.514851	0.094464667
18.58119	0.095179118
18.648029	0.095714971
18.715351	0.096183822
18.783159	0.096608035
18.851461	0.096786655
18.920263	0.096585713
18.989569	0.095960565
19.059383	0.09607219
19.129725	0.096563384
19.200575	0.096675016
19.271952	0.096451744
19.343863	0.096675016
19.416311	0.097210854
19.489305	0.097545765
19.562849	0.097657405
19.636951	0.097657405
19.711594	0.097277842
19.786827	0.097054578
19.862638	0.096429422
19.939034	0.095893584
20.016018	0.095960565
20.093599	0.09538006
20.171785	0.09437535
20.250582	0.093259022
20.330009	0.092053376
20.410049	0.091004014
20.490723	0.089798369
20.572035	0.088391773
20.653994	0.086828902
20.73661	0.085734881
20.819889	0.084484585
20.903841	0.083390571
20.988487	0.082207255
21.073807	0.080778345
21.159821	0.079282448
21.246542	0.078478679
21.333977	0.077630267
21.422132	0.076714866
21.511023	0.075486891
21.600651	0.074415207
21.691	0.073187225
21.782139	0.071110837
21.874046	0.069503307
21.966734	0.069681928
22.060209	0.068788849
22.154484	0.067203648
22.249567	0.065551475
22.34547	0.064345822
22.442221	0.062939234
22.539797	0.061086111
22.638224	0.059366945
22.737514	0.058272928
22.837679	0.056129556
22.93873	0.05494624
23.04068	0.054566685
23.143541	0.052557271
23.247343	0.049989689
23.35206	0.048002604
23.457727	0.046194136
23.564352	0.045033142
23.671953	0.043805171
23.78054	0.04096967
23.890127	0.037910897
24.000731	0.036772229
24.112324	0.035745196
24.224998	0.03489678
24.338732	0.034159996
24.453537	0.032597121
24.569429	0.030699342
24.686426	0.030074192
24.804543	0.028355028
