# Montmorillonite, Chemical Formula: (Na,Ca)0.33(Al,Mg)2Si4O10(OH)2*nH20
# Sample ID: SWy-1
# wavelengths (microns), reflectance
1.3794982	0.65481144
1.3798655	0.65271336
1.3802328	0.64923507
1.3806005	0.64779949
1.3809682	0.64984238
1.3813362	0.65094662
1.3817043	0.64956629
1.3820726	0.64619839
1.382441	0.643493
1.3828099	0.64443165
1.3831787	0.64575666
1.3835479	0.64459723
1.3839172	0.64421076
1.3842868	0.64360344
1.3846565	0.6418919
1.3850266	0.64133978
1.3853966	0.64178145
1.385767	0.6409533
1.3861375	0.64001471
1.3865082	0.63962817
1.3868792	0.63885528
1.3872503	0.63747489
1.3876216	0.63532174
1.387993	0.63410705
1.3883647	0.63361013
1.3887366	0.63322359
1.3891087	0.63261634
1.3894811	0.63162249
1.3898535	0.63062871
1.3902262	0.62935883
1.3905991	0.62803376
1.3909724	0.62698472
1.3913456	0.62532836
1.3917192	0.6230647
1.3920929	0.62058014
1.3924669	0.61919987
1.3928409	0.61931026
1.3932153	0.61842686
1.3935897	0.61671531
1.3939645	0.61555588
1.3943394	0.61329216
1.3947146	0.61064202
1.3950899	0.60909611
1.3954654	0.60821271
1.3958411	0.60616988
1.3962171	0.60396135
1.3965932	0.60357493
1.3969696	0.6031884
1.397346	0.60191852
1.3977228	0.60009652
1.3980998	0.59838504
1.398477	0.59700477
1.3988543	0.59529316
1.3992319	0.59269816
1.3996096	0.5912627
1.3999877	0.59010321
1.4003658	0.58745307
1.4007442	0.58601755
1.4011228	0.5851894
1.4015017	0.58441645
1.4018805	0.58391958
1.4022598	0.58281529
1.4026392	0.58110374
1.4030188	0.57939219
1.4033985	0.5782879
1.4037787	0.57646596
1.4041588	0.57431269
1.4045392	0.57177293
1.4049199	0.5706687
1.4053007	0.57105517
1.4056817	0.57028228
1.406063	0.56934363
1.4064443	0.56840509
1.406826	0.56680387
1.4072078	0.56586534
1.40759	0.56564444
1.4079722	0.56520271
1.4083548	0.56420892
1.4087374	0.56277341
1.4091204	0.56150359
1.4095035	0.56117231
1.4098868	0.56128275
1.4102703	0.56139308
1.4106542	0.56111705
1.411038	0.56078583
1.4114223	0.56062019
1.4118066	0.5603441
1.4121914	0.56017846
1.4125761	0.56006807
1.4129611	0.56006807
1.4133463	0.55995762
1.4137318	0.55973685
1.4141173	0.56017846
1.4145032	0.56089622
1.4148892	0.56100667
1.4152753	0.56117231
1.4156618	0.56161404
1.4160485	0.56255257
1.4164354	0.56332552
1.4168226	0.56365687
1.4172099	0.56415373
1.4175974	0.56481624
1.4179851	0.5656997
1.4183733	0.5664174
1.4187614	0.5664174
1.4191499	0.56685913
1.4195384	0.56829458
1.4199272	0.56945407
1.4203162	0.57022703
1.4207056	0.57122082
1.4210949	0.5723803
1.4214847	0.57320845
1.4218745	0.57409185
1.4222647	0.5750857
1.422655	0.57607949
1.4230455	0.57701802
1.4234362	0.57768065
1.4238272	0.5784536
1.4242183	0.57933694
1.4246095	0.58033079
1.425001	0.58137977
1.425393	0.58253926
1.4257849	0.58320177
1.4261771	0.58391958
1.4265696	0.58474767
1.4269623	0.58535504
1.4273552	0.58618325
1.4277484	0.58739787
1.4281417	0.58839166
1.4285352	0.58905423
1.428929	0.58955115
1.429323	0.58993763
1.4297171	0.59082103
1.4301115	0.59181482
1.4305061	0.59242213
1.4309008	0.59297425
1.4312959	0.59363681
1.4316912	0.59402329
1.4320866	0.5944097
1.4324824	0.59479624
1.4328783	0.59584528
1.4332745	0.59617656
1.4336708	0.59645259
1.4340675	0.59705997
1.4344643	0.59772253
1.4348613	0.59827459
1.4352585	0.5990476
1.4356561	0.59943408
1.4360538	0.59937882
1.4364517	0.60009652
1.4368497	0.60081434
1.4372482	0.60086954
1.4376467	0.60109043
1.4380456	0.60175294
1.4384446	0.60208416
1.4388438	0.6024155
1.4392433	0.60263634
1.439643	0.60302281
1.4400429	0.60313326
1.4404429	0.60346448
1.4408432	0.60346448
1.4412439	0.60390621
1.4416445	0.60467917
1.4420457	0.6049
1.4424468	0.60501045
1.4428483	0.60523123
1.4432499	0.60528648
1.443652	0.6051209
1.4440541	0.6049552
1.4444566	0.60506558
1.444859	0.60506558
1.445262	0.60501045
1.4456649	0.60550731
1.4460682	0.60572821
1.4464716	0.60539693
1.4468753	0.60556257
1.4472792	0.60583866
1.4476835	0.60616988
1.4480878	0.60616988
1.4484924	0.60616988
1.4488972	0.60628027
1.4493023	0.60644597
1.4497076	0.60605949
1.4501131	0.60572821
1.4505187	0.6056177
1.4509248	0.60556257
1.4513309	0.60594898
1.4517374	0.60639071
1.4521439	0.60605949
1.4525509	0.60589379
1.452958	0.60622507
1.4533653	0.60628027
1.4537728	0.60611469
1.4541807	0.60600418
1.4545887	0.60589379
1.4549969	0.60611469
1.4554054	0.60589379
1.4558141	0.60545212
1.456223	0.60539693
1.4566324	0.60528648
1.4570416	0.60501045
1.4574513	0.60478956
1.4578612	0.60506558
1.4582713	0.60506558
1.4586816	0.60462391
1.4590921	0.60473436
1.4595029	0.60506558
1.4599138	0.60478956
1.460325	0.6041823
1.4607365	0.6041823
1.4611483	0.60462391
1.4615602	0.60434788
1.4619724	0.60390621
1.4623848	0.60429269
1.4627974	0.6040718
1.4632103	0.60396135
1.4636234	0.60374057
1.4640367	0.60340929
1.4644502	0.60351968
1.4648641	0.60340929
1.4652781	0.60368532
1.4656924	0.60374057
1.4661069	0.60357493
1.4665216	0.60340929
1.4669366	0.60313326
1.4673518	0.60307801
1.4677672	0.6032989
1.4681829	0.6032989
1.4685988	0.60357493
1.469015	0.60385102
1.4694314	0.60368532
1.469848	0.60351968
1.4702649	0.60368532
1.470682	0.60379571
1.4710993	0.60423744
1.471517	0.60451353
1.4719347	0.60451353
1.4723527	0.60467917
1.472771	0.60451353
1.4731897	0.60462391
1.4736084	0.60467917
1.4740274	0.60456878
1.4744467	0.60451353
1.4748662	0.60467917
1.4752858	0.60484481
1.4757057	0.6051209
1.476126	0.60523123
1.4765463	0.60517609
1.476967	0.60517609
1.4773879	0.60550731
1.477809	0.60567296
1.4782305	0.60589379
1.478652	0.60589379
1.4790739	0.6057834
1.479496	0.60567296
1.4799184	0.60600418
1.480341	0.60628027
1.4807638	0.60639071
1.4811869	0.60633552
1.4816102	0.60633552
1.4820337	0.60639071
1.4824575	0.60639071
1.4828815	0.60666674
1.4833061	0.60710847
1.4837304	0.60721886
1.4841553	0.60743976
1.4845803	0.6073845
1.4850056	0.60732931
1.4854311	0.60732931
1.4858568	0.60749489
1.4862827	0.60777098
1.4867089	0.60793662
1.4871353	0.60793662
1.4875621	0.60782623
1.4879889	0.60793662
1.4884162	0.60799187
1.4888437	0.60837835
1.4892714	0.60882002
1.4896992	0.60893047
1.4901278	0.60876483
1.4905561	0.60870957
1.4909849	0.60865438
1.4914138	0.60904086
1.491843	0.60931695
1.4922724	0.60942739
1.4927021	0.60948259
1.493132	0.60937214
1.4935622	0.60937214
1.4939926	0.60986906
1.4944233	0.61014515
1.4948542	0.61031073
1.4952854	0.61014515
1.4957168	0.61020029
1.4961485	0.61047637
1.4965804	0.61042118
1.4970125	0.61036593
1.4974447	0.61031073
1.4978775	0.61042118
1.4983103	0.61075246
1.4987437	0.61108369
1.499177	0.61108369
1.4996107	0.61102849
1.5000446	0.6109733
1.5004789	0.6109733
1.5009133	0.61119413
1.5013479	0.61141497
1.5017828	0.61152542
1.502218	0.61152542
1.5026534	0.61163586
1.5030892	0.61207753
1.503525	0.61207753
1.5039612	0.61196715
1.5043976	0.61251926
1.5048344	0.61257446
1.5052713	0.61279529
1.5057086	0.61296093
1.506146	0.61312652
1.5065837	0.61312652
1.5070215	0.61301613
1.5074598	0.61318177
1.5078982	0.61307132
1.5083369	0.61301613
1.5087758	0.61312652
1.5092151	0.61323702
1.5096546	0.61351305
1.5100944	0.61362344
1.5105344	0.61351305
1.5109746	0.61384434
1.5114151	0.61417562
1.511856	0.61417562
1.5122969	0.61423081
1.5127382	0.61428601
1.5131798	0.61445165
1.5136217	0.61445165
1.5140636	0.61456209
1.514506	0.61478287
1.5149485	0.61483812
1.5153915	0.61500371
1.5158345	0.61478287
1.5162779	0.61478287
1.5167215	0.61533499
1.5171654	0.61516935
1.5176095	0.61505896
1.518054	0.61527979
1.5184987	0.61555588
1.5189435	0.61577672
1.5193887	0.61572152
1.5198342	0.61599755
1.5202799	0.61638403
1.5207258	0.61632884
1.521172	0.61616319
1.5216186	0.61621845
1.5220653	0.61627364
1.5225123	0.61638403
1.5229596	0.61677051
1.5234071	0.61710185
1.5238549	0.61721224
1.524303	0.61710185
1.5247513	0.61710185
1.5251998	0.61704654
1.5256486	0.61710185
1.5260978	0.61710185
1.5265471	0.61732262
1.5269967	0.61754346
1.5274466	0.61765397
1.5278969	0.61748827
1.5283473	0.61804038
1.528798	0.61804038
1.529249	0.61793
1.5297003	0.61809564
1.5301517	0.61820602
1.5306035	0.61848211
1.5310555	0.6185925
1.5315078	0.6188134
1.5319604	0.61914468
1.5324134	0.6194759
1.5328665	0.61942071
1.5333198	0.61903417
1.5337734	0.61908942
1.5342274	0.61942071
1.5346816	0.61991763
1.5351361	0.62002796
1.5355908	0.61991763
1.5360456	0.62013847
1.5365007	0.62019366
1.5369563	0.62046969
1.537412	0.62063533
1.5378683	0.62069058
1.5383245	0.62091142
1.5387812	0.62113225
1.539238	0.62124264
1.5396953	0.62118745
1.5401527	0.6212979
1.5406104	0.62151873
1.5410683	0.62179482
1.5415267	0.62212604
1.5419852	0.62223655
1.542444	0.62245733
1.5429029	0.62245733
1.5433626	0.62251252
1.5438222	0.62273335
1.5442821	0.62289906
1.5447421	0.6230647
1.5452026	0.62339592
1.5456632	0.62339592
1.5461243	0.62345111
1.5465856	0.62361681
1.5470469	0.62411374
1.5475086	0.62411374
1.5479708	0.62400323
1.5484331	0.62444496
1.5488957	0.62477624
1.5493586	0.62477624
1.5498219	0.62483144
1.5502852	0.62499702
1.5507492	0.62521791
1.5512131	0.62543875
1.5516775	0.625494
1.552142	0.62565964
1.5526069	0.62599093
1.553072	0.62626696
1.5535375	0.62610132
1.5540031	0.62610132
1.5544689	0.62648779
1.5549351	0.62665343
1.5554017	0.627316
1.5558684	0.62748164
1.5563356	0.62742633
1.5568029	0.62753683
1.5572705	0.62770241
1.5577384	0.62792331
1.5582068	0.62814415
1.5586753	0.62830979
1.5591441	0.62853062
1.5596131	0.62880671
1.5600824	0.62858582
1.560552	0.62864107
1.561022	0.62875146
1.5614921	0.62919319
1.5619628	0.62952447
1.5624335	0.62952447
1.5629046	0.62946922
1.5633758	0.6297453
1.5638475	0.62991095
1.5643194	0.63040781
1.5647916	0.6306839
1.565264	0.63046306
1.5657365	0.63051826
1.5662096	0.63084948
1.5666829	0.63090473
1.5671564	0.63079429
1.5676304	0.63112557
1.5681045	0.6313464
1.5685791	0.63123602
1.5690538	0.63140166
1.5695291	0.63162249
1.5700043	0.63189858
1.57048	0.63206422
1.5709559	0.632285
1.5714321	0.63239545
1.5719085	0.63283712
1.5723853	0.63267148
1.5728624	0.63294756
1.5733397	0.63311321
1.5738174	0.63327885
1.5742953	0.63349968
1.5747734	0.63361013
1.5752521	0.63366532
1.5757308	0.63383096
1.5762099	0.63388616
1.5766892	0.63432789
1.5771688	0.63449353
1.5776488	0.63471437
1.5781291	0.63482475
1.5786096	0.63471437
1.5790905	0.63465911
1.5795716	0.6349352
1.5800531	0.63526642
1.5805347	0.63510078
1.5810168	0.63510078
1.5814991	0.63554251
1.5819818	0.63576335
1.5824646	0.63576335
1.5829479	0.63592899
1.5834312	0.63626027
1.5839151	0.63637072
1.5843991	0.6365363
1.5848837	0.63664681
1.5853683	0.63670194
1.5858533	0.63675719
1.5863385	0.63719893
1.5868242	0.63736451
1.58731	0.63741976
1.5877962	0.63753015
1.5882826	0.63753015
1.5887693	0.63764054
1.5892563	0.63802707
1.5897436	0.63835829
1.5902313	0.63841355
1.5907192	0.63846874
1.5912075	0.63874483
1.591696	0.63907611
1.5921849	0.63935214
1.592674	0.63940734
1.5931635	0.63940734
1.5936533	0.63935214
1.5941433	0.63940734
1.5946337	0.63951772
1.5951242	0.63973868
1.5956153	0.63995939
1.5961065	0.63990426
1.5965984	0.64018029
1.5970901	0.64056683
1.5975825	0.64089805
1.5980748	0.6410085
1.5985676	0.64122939
1.5990607	0.64139491
1.5995542	0.64156061
1.6000477	0.641671
1.6005416	0.64178145
1.6010358	0.64200234
1.6015304	0.64233357
1.6020253	0.64238876
1.6025206	0.64244401
1.603016	0.64233357
1.6035119	0.64249921
1.604008	0.64299613
1.6045047	0.64338255
1.6050013	0.64338255
1.6054984	0.64338255
1.6059958	0.64371389
1.6064935	0.64421076
1.6069914	0.6443764
1.6074898	0.64454204
1.6079884	0.64476287
1.608487	0.64503896
1.6089861	0.64492846
1.6094857	0.64487332
1.6099856	0.64514941
1.6104858	0.64531505
1.6109861	0.64559108
1.611487	0.64592236
1.6119881	0.64586711
1.6124896	0.64592236
1.6129912	0.64630884
1.6134933	0.64664006
1.6139956	0.6468057
1.6144984	0.6470266
1.6150012	0.6470266
1.6155045	0.64713705
1.616008	0.64741307
1.6165122	0.64752346
1.6170163	0.64763385
1.6175209	0.64796519
1.6180257	0.64813083
1.6185309	0.64818597
1.6190363	0.64824128
1.6195421	0.64851731
1.6200482	0.64873815
1.6205544	0.64917982
1.6210611	0.64934546
1.6215682	0.64929026
1.6220756	0.6494559
1.6225833	0.64962149
1.6230912	0.65000802
1.6235996	0.65044969
1.6241082	0.6503945
1.6246173	0.65050489
1.6251266	0.65061533
1.6256363	0.65067059
1.6261462	0.65089136
1.6266564	0.65122265
1.627167	0.65144354
1.6276779	0.65155393
1.6281891	0.65155393
1.6287007	0.65155393
1.6292125	0.65183002
1.6297247	0.65227169
1.6302372	0.65238214
1.6307501	0.65243733
1.6312631	0.65265822
1.6317767	0.65271336
1.6322904	0.65293425
1.6328044	0.65337598
1.6333188	0.65337598
1.6338336	0.65348637
1.6343486	0.65359676
1.6348641	0.65343112
1.6353798	0.6537624
1.6358958	0.65403849
1.6364123	0.65420407
1.6369292	0.65420407
1.637446	0.6546458
1.6379635	0.65486664
1.6384811	0.65497708
1.6389992	0.65514266
1.6395175	0.65514266
1.6400362	0.65547395
1.6405551	0.65569484
1.6410745	0.65591568
1.6415942	0.65580523
1.6421142	0.65580523
1.6426344	0.65580523
1.6431552	0.65591568
1.643676	0.65635735
1.6441975	0.65652299
1.644719	0.65657824
1.6452409	0.65668863
1.6457632	0.65690947
1.6462859	0.65696472
1.6468087	0.65707511
1.6473321	0.65713036
1.6478556	0.65751684
1.6483797	0.65773767
1.648904	0.65795851
1.6494286	0.65812415
1.6499535	0.65823454
1.6504788	0.65840018
1.6510044	0.65834498
1.6515305	0.65851063
1.6520567	0.65834498
1.6525834	0.65856582
1.6531103	0.65878671
1.6536378	0.65906274
1.6541654	0.65917313
1.6546935	0.65922838
1.6552217	0.65939403
1.6557504	0.65939403
1.6562793	0.65944922
1.6568087	0.66000134
1.6573384	0.66011173
1.6578683	0.66011173
1.6583985	0.66022223
1.6589293	0.66055346
1.6594603	0.6606639
1.6599917	0.6607191
1.6605233	0.66082948
1.6610554	0.66099513
1.6615878	0.66127121
1.6621207	0.66116083
1.6626537	0.66132641
1.6631873	0.66160244
1.6637208	0.66193378
1.664255	0.66209942
1.6647894	0.66215456
1.6653243	0.66209942
1.6658593	0.662265
1.6663947	0.6624859
1.6669306	0.66237545
1.6674668	0.66254109
1.6680032	0.66287231
1.6685401	0.66303802
1.6690773	0.66309321
1.6696149	0.66342443
1.6701527	0.66364527
1.670691	0.66364527
1.6712295	0.6640318
1.6717685	0.66430783
1.6723077	0.66436309
1.6728474	0.66419739
1.6733873	0.66419739
1.6739277	0.66474956
1.6744683	0.6649704
1.6750095	0.66502559
1.6755508	0.66524649
1.6760926	0.66519123
1.6766347	0.66530162
1.6771772	0.66552252
1.6777198	0.66574335
1.6782631	0.6656881
1.6788064	0.66601938
1.6793501	0.66607463
1.6798942	0.66607463
1.6804388	0.66618508
1.6809837	0.6665715
1.6815289	0.66695803
1.6820744	0.66684759
1.6826205	0.66712368
1.6831667	0.6673997
1.6837136	0.66767573
1.6842605	0.66767573
1.684808	0.66778624
1.6853557	0.66778624
1.6859038	0.66795182
1.6864522	0.66806227
1.687001	0.66806227
1.6875501	0.66795182
1.6881	0.66844875
1.6886498	0.66866958
1.6892	0.66866958
1.6897506	0.66883522
1.6903015	0.66889042
1.6908529	0.66911125
1.6914046	0.66944253
1.6919565	0.66966343
1.6925087	0.66966343
1.6930614	0.66982901
1.6936146	0.67010504
1.694168	0.67004991
1.6947218	0.66988426
1.695276	0.67021555
1.6958306	0.67049152
1.6963854	0.67071241
1.6969409	0.67071241
1.6974965	0.67087811
1.6980526	0.67093325
1.6986089	0.67087811
1.6991657	0.67115414
1.6997228	0.67126453
1.7002803	0.67148536
1.7008381	0.6718719
1.7013963	0.67214793
1.7019548	0.67214793
1.7025138	0.6718719
1.703073	0.67192709
1.7036328	0.67231357
1.7041928	0.67242396
1.7047533	0.67231357
1.7053139	0.67220318
1.705875	0.67231357
1.7064364	0.67264479
1.7069983	0.67292088
1.7075605	0.67303133
1.7081233	0.67297608
1.7086862	0.67292088
1.7092496	0.67308652
1.7098132	0.67319691
1.7103775	0.67325217
1.7109419	0.67341781
1.7115068	0.67363864
1.712072	0.67369384
1.7126377	0.67391467
1.7132035	0.67402518
1.7137699	0.67402518
1.7143366	0.67385948
1.7149036	0.67402518
1.715471	0.67452204
1.7160389	0.67468768
1.7166071	0.67457724
1.7171758	0.67463243
1.7177447	0.67474288
1.7183142	0.67485332
1.7188838	0.67501897
1.7194541	0.67496371
1.7200245	0.6750741
1.7205955	0.6750741
1.7211666	0.67496371
1.7217383	0.67518461
1.7223103	0.67546064
1.7228827	0.67562628
1.7234554	0.67573667
1.7240288	0.67562628
1.7246022	0.67562628
1.7251762	0.6759575
1.7257504	0.67617834
1.7263252	0.67601269
1.7269002	0.67590231
1.7274756	0.6759575
1.7280514	0.67601269
1.7286276	0.67623359
1.7292041	0.67639917
1.7297812	0.67634404
1.7303585	0.67639917
1.7309363	0.67645448
1.7315143	0.67656487
1.732093	0.67678571
1.7326717	0.67695135
1.7332511	0.67695135
1.7338307	0.67678571
1.7344109	0.6768409
1.7349913	0.67700654
1.7355722	0.67711699
1.7361534	0.67711699
1.7367351	0.67733777
1.737317	0.67755872
1.7378997	0.67761391
1.7384824	0.6777243
1.7390656	0.6777243
1.7396491	0.6777243
1.7402332	0.67805558
1.7408174	0.67833161
1.7414023	0.67849725
1.7419873	0.67838681
1.7425728	0.67838681
1.7431587	0.67871815
1.7437451	0.67871815
1.7443317	0.67882854
1.7449189	0.67893898
1.7455064	0.67899418
1.7460943	0.67899418
1.7466825	0.67910463
1.7472714	0.67932546
1.7478604	0.67938066
1.7484499	0.67927027
1.7490398	0.67927027
1.7496301	0.67938066
1.7502208	0.67971194
1.7508119	0.67993271
1.7514033	0.67987758
1.7519954	0.67998803
1.7525877	0.68020886
1.7531804	0.68037444
1.7537735	0.68042964
1.754367	0.68054008
1.7549609	0.68048489
1.7555553	0.68054008
1.7561499	0.68070579
1.7567449	0.68070579
1.7573403	0.68070579
1.7579362	0.68081617
1.7585325	0.68098181
1.7591293	0.68103701
1.7597264	0.68109226
1.760324	0.68109226
1.7609218	0.68125784
1.7615204	0.6813131
1.7621191	0.68164432
1.7627183	0.68186522
1.7633178	0.68175477
1.7639178	0.68180996
1.7645181	0.68186522
1.7651191	0.68192035
1.7657201	0.6819756
1.7663218	0.68214124
1.7669238	0.68225169
1.7675263	0.68241733
1.768129	0.68236214
1.7687324	0.68241733
1.769336	0.68247253
1.7699401	0.68252772
1.7705445	0.68263811
1.7711494	0.68296945
1.7717546	0.6830247
1.7723604	0.68296945
1.7729665	0.6830247
1.773573	0.68313509
1.7741799	0.68319023
1.7747874	0.68341112
1.7753952	0.68357676
1.7760036	0.68352157
1.7766122	0.68346632
1.7772213	0.68357676
1.7778307	0.68357676
1.7784407	0.68352157
1.7790509	0.68330073
1.7796618	0.68341112
1.7802728	0.68368721
1.7808841	0.68368721
1.781496	0.6837424
1.7821085	0.68385279
1.7827213	0.6837976
1.7833346	0.6837424
1.7839482	0.68385279
1.7845623	0.6837976
1.7851768	0.68390805
1.785792	0.68412882
1.7864072	0.68390805
1.7870232	0.68401843
1.7876393	0.68418401
1.788256	0.68418401
1.788873	0.68401843
1.7894906	0.68423927
1.7901084	0.68412882
1.790727	0.68423927
1.7913457	0.68429452
1.7919649	0.68418401
1.7925845	0.68412882
1.7932047	0.68407363
1.793825	0.68396324
1.794446	0.68423927
1.7950673	0.68446016
1.795689	0.68446016
1.7963111	0.68440497
1.7969339	0.684681
1.7975569	0.68440497
1.7981805	0.68429452
1.7988043	0.68429452
1.7994287	0.68418401
1.8000535	0.68429452
1.800679	0.68418401
1.8013045	0.68423927
1.8019307	0.68423927
1.8025571	0.68423927
1.8031842	0.68446016
1.8038116	0.6846258
1.8044394	0.6846258
1.8050677	0.68434966
1.8056965	0.68396324
1.8063256	0.68407363
1.8069552	0.68440497
1.8075852	0.6845153
1.8082157	0.684681
1.8088466	0.684681
1.809478	0.68473619
1.8101097	0.68440497
1.8107419	0.68407363
1.8113745	0.68446016
1.8120078	0.6846258
1.8126413	0.68429452
1.8132753	0.6846258
1.8139096	0.68490183
1.8145447	0.68446016
1.8151799	0.68368721
1.8158158	0.68407363
1.8164519	0.68446016
1.8170887	0.68473619
1.8177258	0.68484664
1.8183634	0.68473619
1.8190013	0.68490183
1.8196399	0.6837976
1.8202788	0.68247253
1.8209183	0.68335587
1.8215581	0.68363196
1.8221985	0.68401843
1.8228391	0.68490183
1.8234804	0.68545401
1.8241218	0.68545401
1.824764	0.68550915
1.8254064	0.68385279
1.8260493	0.68192035
1.8266927	0.68390805
1.8273367	0.68545401
1.8279809	0.6845153
1.8286258	0.68412882
1.829271	0.68434966
1.8299167	0.68418401
1.8305628	0.68307984
1.8312097	0.68324548
1.8318566	0.68440497
1.8325043	0.6846258
1.8331522	0.68512273
1.8338007	0.6853435
1.8344495	0.68401843
1.835099	0.68324548
1.8357487	0.6819756
1.8363992	0.6819756
1.83705	0.68225169
1.8377012	0.68208599
1.8383528	0.68429452
1.839005	0.68346632
1.8396575	0.68142349
1.8403107	0.68307984
1.8409641	0.6829142
1.8416178	0.68042964
1.8422722	0.68247253
1.8429272	0.68490183
1.8435825	0.68539876
1.8442384	0.68545401
1.8448946	0.68550915
1.8455515	0.68506747
1.8462087	0.68236214
1.8468666	0.67971194
1.8475248	0.68059528
1.8481835	0.68153393
1.8488425	0.68385279
1.8495022	0.684681
1.8501621	0.68446016
1.8508228	0.684681
1.8514837	0.68501222
1.852145	0.68429452
1.8528068	0.68252772
1.8534694	0.68037444
1.8541322	0.68153393
1.8547956	0.68429452
1.8554593	0.68401843
1.8561238	0.68180996
1.8567885	0.68164432
1.8574541	0.68335587
1.8581197	0.68396324
1.858786	0.68208599
1.8594526	0.67899418
1.8601199	0.67987758
1.8607875	0.68164432
1.8614557	0.68263811
1.8621242	0.68252772
1.8627936	0.68203086
1.8634632	0.68103701
1.8641332	0.68031925
1.8648038	0.68054008
1.8654748	0.68054008
1.8661463	0.68004322
1.8668184	0.67766905
1.8674908	0.6743564
1.8681637	0.67512935
1.868837	0.67634404
1.869511	0.67540538
1.8701854	0.6718719
1.8708603	0.66938734
1.8715357	0.67225832
1.8722117	0.67098844
1.872888	0.66734451
1.8735651	0.66833836
1.8742423	0.66960818
1.8749202	0.66855913
1.8755985	0.6676206
1.8762774	0.66546732
1.8769567	0.66353488
1.8776366	0.66419739
1.8783168	0.66375577
1.8789977	0.662265
1.8796788	0.66055346
1.8803607	0.65862101
1.881043	0.65679908
1.8817258	0.65530831
1.882409	0.65321028
1.8830929	0.65006316
1.883777	0.64647442
1.8844618	0.64520454
1.8851469	0.64360344
1.8858327	0.6410085
1.8865188	0.63808227
1.8872057	0.63559771
1.8878928	0.63305795
1.8885808	0.63024217
1.8892689	0.62599093
1.8899578	0.6212979
1.8906469	0.61908942
1.8913368	0.616108
1.892027	0.61218792
1.8927178	0.60904086
1.893409	0.60523123
1.8941009	0.60169774
1.8947932	0.59827459
1.8954861	0.59474105
1.8961793	0.5912627
1.8968732	0.58734274
1.8975675	0.58331221
1.8982624	0.57983387
1.8989576	0.57497525
1.8996536	0.57144165
1.9003499	0.57072389
1.9010466	0.57000619
1.9017439	0.56801856
1.9024419	0.56454021
1.9031402	0.56365687
1.9038392	0.56431943
1.9045385	0.56222129
1.9052386	0.56067538
1.905939	0.56166917
1.9066402	0.56244218
1.9073416	0.56426418
1.9080436	0.56581002
1.9087461	0.56691432
1.9094492	0.5681842
1.9101527	0.56945407
1.9108568	0.57055831
1.9115614	0.57215947
1.9122664	0.57431269
1.912972	0.57503039
1.9136782	0.57685244
1.9143847	0.58049643
1.915092	0.58292574
1.9157996	0.58474767
1.916508	0.58712184
1.9172167	0.58971673
1.9179261	0.59187001
1.9186358	0.59341598
1.9193462	0.59380245
1.9200571	0.59407848
1.9207685	0.59683907
1.9214803	0.60109043
1.9221928	0.60357493
1.9229058	0.6051209
1.9236195	0.60611469
1.9243335	0.60826796
1.9250481	0.61069727
1.9257631	0.61235356
1.9264789	0.61334741
1.927195	0.61461723
1.9279118	0.61561108
1.9286289	0.6169914
1.9293463	0.61903417
1.9300646	0.62024885
1.9307835	0.62146348
1.9315028	0.62273335
1.9322227	0.62383765
1.9329431	0.62494189
1.9336642	0.62577009
1.9343857	0.62703991
1.9351079	0.6281994
1.9358305	0.62858582
1.9365537	0.62930357
1.9372772	0.63062871
1.9380015	0.63162249
1.9387262	0.632285
1.9394516	0.63294756
1.9401773	0.63399655
1.940904	0.63476962
1.9416308	0.63565296
1.9423584	0.63642591
1.9430864	0.63697803
1.943815	0.63753015
1.9445441	0.63819271
1.9452738	0.6391865
1.9460039	0.63990426
1.9467345	0.64067721
1.9474658	0.64133978
1.9481977	0.641671
1.94893	0.64200234
1.949663	0.64272004
1.9503965	0.64338255
1.9511306	0.64404517
1.9518652	0.64470774
1.9526006	0.64520454
1.9533362	0.64575666
1.9540726	0.64641923
1.9548093	0.64664006
1.9555469	0.64708173
1.9562846	0.6476891
1.9570233	0.64818597
1.9577622	0.6486277
1.9585019	0.64912462
1.959242	0.6495111
1.9599829	0.65000802
1.960724	0.65044969
1.961466	0.65083617
1.9622083	0.65122265
1.9629514	0.65138829
1.9636948	0.65166438
1.9644389	0.6521613
1.9651834	0.65271336
1.9659288	0.65315509
1.9666744	0.65343112
1.9674209	0.65370721
1.9681678	0.65414888
1.9689153	0.65453541
1.9696634	0.65475619
1.9704123	0.65503228
1.9711614	0.65514266
1.9719112	0.65569484
1.9726615	0.65619171
1.9734125	0.65668863
1.9741639	0.65713036
1.9749161	0.65746158
1.9756685	0.65779293
1.976422	0.6580137
1.9771756	0.65828973
1.9779301	0.65873146
1.9786849	0.65906274
1.9794405	0.65911794
1.9801965	0.65939403
1.9809532	0.6598357
1.9817104	0.66022223
1.9824681	0.66049826
1.9832264	0.66105038
1.9839855	0.6613816
1.984745	0.66160244
1.9855052	0.66182333
1.9862659	0.66209942
1.9870273	0.6624859
1.987789	0.66292757
1.9885516	0.66325879
1.9893147	0.66353488
1.9900783	0.66381091
1.9908425	0.66419739
1.9916074	0.66447347
1.9923728	0.66502559
1.9931389	0.66546732
1.9939053	0.66552252
1.9946727	0.66574335
1.9954402	0.66607463
1.9962088	0.66668195
1.9969776	0.66695803
1.9977473	0.66717887
1.9985173	0.66734451
1.9992882	0.6673997
2.0000594	0.66800702
2.0008314	0.66839349
2.0016038	0.66861433
2.002377	0.66877997
2.0031507	0.66916651
2.0039251	0.66966343
2.0046999	0.67016035
2.0054755	0.67032599
2.0062516	0.67054677
2.0070286	0.67093325
2.0078058	0.67131972
2.0085838	0.6718719
2.0093622	0.67203754
2.0101414	0.67214793
2.010921	0.67247921
2.0117013	0.67292088
2.0124824	0.67336255
2.0132637	0.67352819
2.0140457	0.67352819
2.0148287	0.67391467
2.0156119	0.67424601
2.016396	0.67441154
2.0171804	0.67463243
2.0179658	0.6750741
2.0187516	0.67523974
2.0195379	0.67557108
2.0203249	0.67590231
2.0211127	0.67606795
2.0219009	0.67650968
2.0226898	0.67695135
2.0234792	0.67700654
2.0242696	0.67717224
2.0250602	0.67733777
2.0258517	0.67777956
2.0266438	0.67794514
2.0274363	0.67800045
2.0282295	0.67816597
2.0290234	0.67849725
2.0298178	0.67877334
2.0306129	0.67888373
2.0314085	0.67893898
2.0322044	0.67904937
2.0330014	0.67921501
2.0337989	0.6795463
2.0345972	0.67960155
2.0353961	0.67971194
2.0361953	0.67993271
2.0369956	0.68020886
2.0377963	0.68037444
2.0385981	0.68037444
2.0393999	0.68037444
2.0402026	0.68048489
2.0410056	0.68087143
2.0418096	0.68081617
2.042614	0.68059528
2.0434194	0.68081617
2.044225	0.68087143
2.0450315	0.68076092
2.0458386	0.68081617
2.0466464	0.68076092
2.0474546	0.68103701
2.0482635	0.68103701
2.049073	0.68103701
2.0498834	0.68109226
2.0506942	0.68109226
2.0515053	0.68109226
2.0523174	0.68103701
2.0531304	0.68098181
2.0539436	0.68092656
2.0547578	0.68087143
2.0555725	0.68027836
2.0563879	0.68065584
2.057204	0.68081748
2.0580208	0.68087143
2.0588381	0.68033224
2.0596561	0.67995489
2.0604746	0.67968529
2.0612941	0.6794697
2.062114	0.67893052
2.0629346	0.67925406
2.0637558	0.67952359
2.0645773	0.679308
2.0653996	0.67898446
2.0662231	0.67903835
2.0670469	0.67898446
2.0678713	0.67828363
2.0686965	0.67828363
2.0695224	0.6783914
2.0703487	0.67763662
2.0711763	0.67672008
2.0720038	0.67628884
2.0728326	0.67628884
2.0736616	0.67612702
2.0744915	0.67564183
2.0753219	0.67564183
2.076153	0.67591143
2.0769846	0.67569578
2.0778172	0.67553395
2.0786502	0.67504883
2.0794842	0.67440188
2.0803187	0.67434788
2.0811539	0.67456359
2.0819895	0.67402446
2.0828261	0.67326963
2.0836632	0.67283833
2.084501	0.67278439
2.0853395	0.67294616
2.0861788	0.67256874
2.0870185	0.67224526
2.0878592	0.67235309
2.0887003	0.67251486
2.0895422	0.67192185
2.0903847	0.67132878
2.0912282	0.67159832
2.092072	0.67159832
2.0929167	0.67143661
2.0937619	0.67149049
2.0946081	0.67138267
2.0954545	0.67100525
2.096302	0.67111313
2.0971498	0.67116702
2.0979986	0.67116702
2.0988479	0.67105919
2.0996981	0.67057401
2.1005487	0.67003489
2.1014004	0.67014265
2.1022525	0.669927
2.1031053	0.66965747
2.1039588	0.67008877
2.1048129	0.67003489
2.1056678	0.67014265
2.1065235	0.669927
2.1073797	0.66944182
2.1082368	0.66960353
2.1090944	0.67019653
2.1099529	0.67008877
2.1108119	0.669927
2.1116717	0.67008877
2.1125321	0.67025054
2.1133935	0.67030442
2.1142552	0.67014265
2.115118	0.66987306
2.1159811	0.66976529
2.1168454	0.66976529
2.1177099	0.669927
2.1185756	0.66965747
2.1194417	0.66998094
2.1203086	0.66965747
2.121176	0.66874099
2.1220446	0.66830957
2.1229134	0.66868699
2.1237831	0.66911829
2.1246536	0.66917223
2.1255245	0.6686331
2.1263962	0.66814792
2.1272688	0.66841739
2.1281419	0.6682018
2.1290162	0.66798615
2.1298907	0.66787833
2.1307662	0.66744703
2.1316423	0.66685396
2.1325192	0.66680002
2.1333966	0.6666922
2.1342752	0.6662609
2.135154	0.66529047
2.1360338	0.66475135
2.1369143	0.66491306
2.1377954	0.664967
2.1386774	0.66415828
2.1395605	0.66345745
2.1404438	0.66345745
2.1413281	0.66345745
2.1422129	0.66329569
2.1430986	0.66243309
2.1439848	0.66140872
2.144872	0.66076171
2.1457596	0.66054612
2.1466477	0.66016871
2.1475368	0.65962958
2.148427	0.65892869
2.1493175	0.65833563
2.1502092	0.65763479
2.1511011	0.6569339
2.1519942	0.65666431
2.1528878	0.65617907
2.1537826	0.65520871
2.1546776	0.65466952
2.1555736	0.65407646
2.1564703	0.65289038
2.1573677	0.65159649
2.1582658	0.65094954
2.1591649	0.64949387
2.1600645	0.64739126
2.1609645	0.64534253
2.1618655	0.64377904
2.1627674	0.64248514
2.1636701	0.64054424
2.1645734	0.63801032
2.1654775	0.63612336
2.1663826	0.63369721
2.1672883	0.63089377
2.168195	0.62771291
2.169102	0.62480158
2.1700101	0.62156671
2.1709187	0.61892503
2.1718283	0.61628324
2.1727386	0.61337197
2.1736495	0.61002934
2.1745613	0.60733366
2.1754742	0.60453016
2.1763873	0.60178053
2.1773014	0.5987075
2.1782162	0.59558058
2.179132	0.59256136
2.1800482	0.58991963
2.1809654	0.58706224
2.1818831	0.58398914
2.1828015	0.58102393
2.1837208	0.57795084
2.1846411	0.57503957
2.1855621	0.57212824
2.1864841	0.56943262
2.1874065	0.56700647
2.1883299	0.56441861
2.189254	0.56215423
2.1901793	0.55999774
2.1911051	0.55740994
2.1920316	0.55492991
2.1929588	0.55261159
2.193887	0.55088639
2.1948156	0.54862201
2.1957452	0.54614204
2.1966755	0.54425502
2.197607	0.54269159
2.1985388	0.54150546
2.1994717	0.54010379
2.2004051	0.53880984
2.2013395	0.5376237
2.2022746	0.53670716
2.2032106	0.53579062
2.2041473	0.53503591
2.2050848	0.53460455
2.206023	0.53384978
2.2069621	0.53390366
2.207902	0.53406543
2.2088428	0.53471237
2.2097843	0.53541321
2.2107267	0.53632981
2.2116697	0.53740805
2.2126141	0.5384863
2.2135587	0.53994197
2.2145045	0.54172111
2.2154505	0.54360807
2.216398	0.54527944
2.2173457	0.54759765
2.2182946	0.54996985
2.2192442	0.55180287
2.2201948	0.5532586
2.2211459	0.55492991
2.2220981	0.55714035
2.2230508	0.55881166
2.2240045	0.56107605
2.2249589	0.56285512
2.2259145	0.56387955
2.2268705	0.56544298
2.2278273	0.56722212
2.228785	0.56873173
2.2297437	0.56948644
2.2307031	0.57067257
2.2316635	0.57234389
2.2326245	0.57342219
2.2335865	0.57476997
2.234549	0.57590216
2.2355127	0.5768187
2.2364771	0.57811266
2.2374425	0.57978392
2.2384083	0.58097005
2.2393754	0.58221
2.2403431	0.58398914
2.2413118	0.58566046
2.2422812	0.58765531
2.243252	0.58932656
2.2442229	0.59148312
2.2451949	0.59401709
2.2461677	0.59574229
2.2471414	0.59725183
2.2481158	0.5991388
2.2490911	0.60140318
2.2500672	0.60339797
2.251044	0.60474581
2.2520218	0.60636318
2.2530005	0.60798061
2.2539799	0.60959804
2.2549605	0.61116147
2.2559416	0.6121859
2.2569239	0.61353368
2.2579067	0.61477369
2.2588909	0.6162293
2.2598755	0.61719978
2.2608612	0.61790061
2.2618475	0.61854768
2.2628348	0.61887109
2.263823	0.61919457
2.264812	0.61973369
2.2658017	0.61984158
2.2667923	0.6203807
2.2677839	0.620812
2.2687764	0.62156671
2.2697697	0.6216746
2.2707639	0.62135112
2.271759	0.6216746
2.2727549	0.62189025
2.2737517	0.62162071
2.2747495	0.62102765
2.275748	0.62097371
2.2767475	0.62097371
2.2777479	0.62027282
2.278749	0.61962593
2.2797511	0.61924851
2.2807541	0.61887109
2.2817578	0.61887109
2.282763	0.61827809
2.2837684	0.61736155
2.284775	0.61639106
2.2857823	0.61595976
2.2867908	0.61563629
2.2877998	0.61498934
2.28881	0.61418062
2.2898209	0.61342585
2.2908323	0.61250931
2.2918451	0.61126935
2.2928588	0.6101371
2.2938731	0.60932845
2.2948887	0.60884321
2.2959049	0.60765713
2.2969222	0.60657883
2.2979403	0.60593188
2.2989597	0.60479969
2.2999794	0.60350579
2.3010006	0.60269707
2.3020222	0.60205013
2.303045	0.60113364
2.3040683	0.60016316
2.3050931	0.59908491
2.3061182	0.59822232
2.3071454	0.59725183
2.3081722	0.59617358
2.3092005	0.5956344
2.3102295	0.59477186
2.3112597	0.59337008
2.3122904	0.59202224
2.3133223	0.59126747
2.3143549	0.59062052
2.3153882	0.58997357
2.3164227	0.58884138
2.3174584	0.58760136
2.3184946	0.58690047
2.3195322	0.58652312
2.3205702	0.5857144
2.3216095	0.58490568
2.3226497	0.58404309
2.3236911	0.58318049
2.324733	0.58231783
2.3257761	0.58123958
2.3268199	0.58059263
2.3278646	0.57999963
2.3289104	0.57908309
2.3299572	0.57832825
2.3310046	0.57725
2.3320534	0.57595611
2.3331029	0.57482392
2.3341534	0.57374561
2.3352048	0.57282913
2.3362572	0.57164299
2.3373103	0.5703491
2.3383648	0.56883955
2.3394198	0.56781518
2.340476	0.56695259
2.3415329	0.56565869
2.342591	0.56425691
2.3436501	0.56312472
2.3447101	0.56199259
2.3457711	0.56086034
2.346833	0.56010556
2.3478959	0.55962038
2.3489597	0.55854207
2.3500245	0.55751777
2.3510904	0.55670905
2.3521569	0.5556308
2.3532248	0.55487597
2.3542933	0.55385166
2.3553631	0.5528273
2.3564336	0.55223429
2.3575051	0.55142552
2.3585775	0.55045509
2.3596511	0.55002373
2.3607256	0.54943067
2.3618011	0.5488916
2.3628776	0.54835248
2.363955	0.54765159
2.3650334	0.54711246
2.3661137	0.5465194
2.3671939	0.54587251
2.3682754	0.54538727
2.3693576	0.54527944
2.3704412	0.54484808
2.3715253	0.54452461
2.3726108	0.54425502
2.373697	0.54360807
2.3747847	0.5428533
2.3758729	0.54220641
2.3769624	0.54193681
2.3780525	0.54166722
2.379144	0.54118198
2.3802361	0.54058892
2.3813298	0.53988802
2.3824239	0.53951073
2.3835192	0.53902549
2.3846154	0.5384863
2.3857129	0.53789324
2.3868113	0.53740805
2.3879108	0.53692287
2.3890109	0.53649151
2.3901126	0.53595239
2.3912148	0.53552109
2.3923185	0.53541321
2.3934228	0.53492802
2.3945284	0.53428113
2.3956349	0.53401154
2.3967426	0.53368807
2.397851	0.53314894
2.3989608	0.53277153
2.4000711	0.53223234
2.4011834	0.53190893
2.4022958	0.53169322
2.4034097	0.53120798
2.4045243	0.53099239
2.4056404	0.5302915
2.4067569	0.52969843
2.4078751	0.52964449
2.4089937	0.52921325
2.4101133	0.52851236
2.4112341	0.52775753
2.4123564	0.52764976
2.4134791	0.52732629
2.4146035	0.52646363
2.4157286	0.52603233
2.4168549	0.52554715
2.4179819	0.52479237
2.4191108	0.52392972
2.4202399	0.52382189
2.4213705	0.52349842
2.4225018	0.52290541
2.4236345	0.52204275
2.424768	0.52134192
2.4259028	0.52112627
2.4270384	0.52047926
2.4281759	0.51967055
2.4293137	0.51886189
2.4304526	0.51794535
2.4315925	0.51713663
2.4327338	0.51654363
2.4338756	0.51595056
2.435019	0.5150879
2.4361632	0.51427925
2.4373078	0.5136323
2.4384544	0.51303923
2.4396017	0.51244617
2.4407504	0.51169139
2.4419	0.51115221
2.4430506	0.51082879
2.4442027	0.51018184
2.4453554	0.50964272
2.4465098	0.50899571
2.447665	0.50861835
2.4488211	0.50834876
2.4499784	0.50780964
2.4511368	0.50791746
2.4522963	0.50764787
2.4534569	0.50721663
2.4546185	0.50694704
2.4557815	0.50683922
2.4569452	0.5064618
2.4581103	0.5060305
2.4592764	0.50581485
2.4604435	0.50538355
2.4616117	0.50522184
2.4627812	0.50500613
2.4639518	0.50479048
2.4651229	0.50457484
2.4662957	0.50452095
2.4674697	0.50452095
2.4686446	0.50446701
2.4698207	0.50441313
2.4709978	0.50462878
2.4721763	0.50446701
2.4733558	0.50479048
2.4745364	0.50489831
2.4757183	0.50511402
2.4769011	0.50538355
2.478085	0.50511402
2.4792702	0.50489831
2.4804564	0.50500613
2.4816439	0.50538355
2.4828324	0.50500613
2.4840217	0.50446701
2.4852126	0.50430524
2.4864044	0.50414354
2.4875975	0.50392789
2.4887917	0.50365835
2.4899871	0.50355047
2.4911838	0.50290352
2.4923813	0.5023644
2.4935806	0.50166351
2.4947805	0.50128615
2.4959817	0.50107044
2.497184	0.50058526
2.4983873	0.49983045
2.4995921	0.49918354
2.5007977	0.49842873
2.5020049	0.49745825
2.5032129	0.49670351
2.5044224	0.49638
2.5056329	0.49584088
2.5068443	0.49530172
2.5080571	0.49460089
2.5092711	0.49400783
2.5104864	0.49352264
2.5117025	0.49287561
2.5129199	0.49212086
2.5141385	0.49136606
2.5153584	0.49093479
2.5165794	0.49050346
2.5178018	0.48974866
2.5190251	0.4892095
2.5202496	0.48877823
2.5214756	0.48829302
2.5227027	0.48759213
2.5239308	0.48705298
2.5251603	0.48667562
2.5263908	0.48602864
2.5276225	0.48532781
2.5288556	0.48478866
2.5300899	0.48408777
2.5313251	0.48327911
2.532562	0.48247039
2.5337996	0.48230863
2.5350387	0.48160774
2.536279	0.48106864
2.5375204	0.48123035
2.538763	0.48101467
2.5400069	0.48069125
2.5412521	0.4798286
2.5424979	0.47826514
2.5437455	0.47821122
2.5449944	0.4785347
2.5462441	0.47794163
2.5474954	0.47702509
2.548748	0.47740254
2.5500016	0.47675553
2.5512564	0.47567728
2.5525131	0.47486863
2.5537705	0.47589299
2.5550292	0.476486
2.556289	0.47610861
2.5575502	0.47546163
2.5588126	0.4741677
2.5600762	0.47082511
2.561341	0.46818334
2.5626073	0.46753636
2.5638747	0.46775201
2.5651433	0.47028595
2.5664132	0.47233468
2.5676842	0.47098681
2.5689566	0.46796769
2.5702302	0.46823725
2.5715053	0.46888423
2.5727808	0.46489459
2.5740583	0.46559554
2.5753372	0.46651202
2.576617	0.46484074
2.5778983	0.46608073
2.579181	0.46672764
2.5804646	0.46446332
2.5817497	0.46343902
2.5830364	0.45923376
2.5843241	0.45928767
2.585613	0.46139029
2.5869033	0.45928767
2.5881948	0.45950332
2.5894876	0.46041983
2.5907817	0.4610129
2.592077	0.45831722
2.5933733	0.44801974
2.5946712	0.44068757
2.5959706	0.44801974
2.5972712	0.45497459
2.598573	0.45669976
2.5998762	0.45481282
2.6011808	0.45206326
2.6024866	0.4501763
2.6037939	0.44640237
2.6051023	0.44208926
2.6064122	0.44397628
2.6077232	0.44586325
2.6090355	0.44532409
2.6103492	0.44516239
2.6116643	0.44483885
2.6129806	0.44370672
2.6142986	0.44268233
2.6156178	0.43745273
2.6169381	0.43470314
2.6182597	0.43659011
2.6195827	0.4327623
2.6209071	0.43260053
2.6222329	0.43621275
2.62356	0.43599707
2.6248877	0.43281618
2.6262174	0.42780226
2.6275485	0.42855707
2.628881	0.425484
2.6302147	0.42025441
2.6315498	0.4231118
2.6328864	0.42375875
2.6342242	0.42257264
2.6355639	0.4226805
2.6369042	0.42144051
2.6382463	0.42014655
2.6395895	0.41847527
2.6409342	0.41648045
2.6422803	0.4146474
2.6436276	0.4129222
2.6449764	0.40984911
2.6463268	0.40833953
2.6476784	0.40785432
2.6490314	0.40639865
2.6503856	0.4032717
2.6517413	0.39922822
2.6530983	0.39761078
2.6544569	0.39620906
2.6558168	0.39394468
2.6571774	0.3924351
2.65854	0.38833773
2.6599042	0.38515681
2.6612697	0.38300028
2.6626365	0.37981939
2.6640048	0.37173238
2.6653745	0.36488542
2.6667454	0.36229756
2.6681182	0.36175844
2.6694922	0.35286275
2.6708674	0.34860358
2.6722443	0.35065228
2.6736224	0.34628528
2.6750021	0.33830613
2.676383	0.32994956
2.6777654	0.32412693
2.6791496	0.31701034
2.6805348	0.3107025
2.6819217	0.30051288
2.6833098	0.28698063
2.6846995	0.27220839
2.6860905	0.2557109
2.6874828	0.23829691
2.6888769	0.22077508
2.6902716	0.20363064
2.6916685	0.18691751
2.6930668	0.171067
2.6944666	0.15882866
2.6958678	0.149286
2.6972704	0.14082162
2.6986744	0.13305809
2.7000799	0.12637284
2.7014871	0.1205502
2.7028956	0.11580583
2.7043056	0.11127711
2.7057171	0.10691013
2.70713	0.10243532
2.7085443	0.09774486
2.7099602	0.092838757
2.7113776	0.088633515
2.7127967	0.085290886
2.7142169	0.081193469
2.7156389	0.076503009
2.7170622	0.071758635
2.718487	0.066582963
2.7199132	0.061137717
2.7213409	0.057148125
2.7227702	0.053751592
2.7242005	0.049869832
2.7256327	0.046904597
2.7270665	0.044101104
2.7285018	0.041351523
2.7299387	0.039033249
2.7313771	0.037254114
2.7328169	0.035367142
2.7342582	0.033641916
2.7357013	0.032348
2.7371457	0.031000163
2.7385917	0.029598417
2.7400391	0.028466236
2.741488	0.027711451
2.7429385	0.027172318
2.7443907	0.026471443
2.7458441	0.025878398
2.747299	0.02560883
2.7487557	0.025393179
2.7502139	0.024961872
2.7516737	0.024854043
2.753135	0.024800133
2.7545979	0.024638392
2.7560623	0.025069699
2.7575283	0.02593231
2.7589962	0.026471443
2.7604654	0.027064493
2.7619359	0.027603623
2.7634082	0.028304499
2.7648821	0.029221023
2.7663574	0.030083636
2.7678344	0.030946251
2.7693131	0.031970605
2.7707932	0.033210613
2.772275	0.034720182
2.7737584	0.036175843
2.7752433	0.037739329
2.7767296	0.039464556
2.7782178	0.040974129
2.7797074	0.042591531
2.7811987	0.04437067
2.782691	0.046527203
2.7841854	0.048737649
2.7856815	0.050462876
2.7871792	0.052403752
2.7886784	0.054991595
2.7901793	0.057363782
2.7916818	0.059628136
2.7931859	0.062000327
2.794692	0.064264685
2.7961996	0.066097744
2.7977085	0.068200365
2.7992191	0.070195146
2.8007314	0.072082117
2.8022454	0.073753439
2.803761	0.075856052
2.8052781	0.077958666
2.806797	0.079845637
2.8083177	0.081732608
2.8098397	0.083242178
2.8113635	0.084697843
2.8128889	0.08609958
2.8144159	0.087339595
2.8159447	0.088687427
2.8174751	0.08998134
2.8190067	0.091167435
2.8205404	0.092299618
2.8220758	0.093377881
2.8236129	0.094510064
2.8251517	0.095588326
2.8266921	0.096558772
2.8282342	0.097475298
2.829778	0.098230086
2.8313241	0.098984867
2.8328712	0.099739663
2.83442	0.10038661
2.8359706	0.10097966
2.8375227	0.10178836
2.8390768	0.10254315
2.8406324	0.10324402
2.8421898	0.10378316
2.843749	0.10432229
2.84531	0.10475361
2.8468723	0.10540055
2.8484366	0.10561621
2.8500025	0.10610142
2.8515701	0.10647883
2.8531396	0.10685621
2.8547106	0.10734144
2.8562829	0.10777275
2.8578575	0.10798839
2.8594339	0.10809623
2.861012	0.10852753
2.8625917	0.10885101
2.8641732	0.10890492
2.8657565	0.10906666
2.8673415	0.10933623
2.8689287	0.10976753
2.870517	0.10992928
2.8721075	0.11030668
2.8736994	0.11068407
2.8752933	0.1108458
2.876889	0.11089971
2.8784864	0.11111537
2.8800855	0.11149276
2.8816857	0.11192407
2.8832886	0.11230146
2.8848929	0.11251713
2.8864994	0.11273277
2.8881073	0.11294842
2.8897173	0.11311015
2.8913291	0.11348756
2.8929424	0.11370321
2.8945582	0.11391886
2.8961751	0.11418843
2.897794	0.11456582
2.8994148	0.11467365
2.9010372	0.1148893
2.9026616	0.11532062
2.9042876	0.11569799
2.9059157	0.11591365
2.9075458	0.11634496
2.9091775	0.1165067
2.9108109	0.11656062
2.9124463	0.11683018
2.9140832	0.11704583
2.9157224	0.11726149
2.9173632	0.11780062
2.9190059	0.11812411
2.9206498	0.11817802
2.922296	0.11839367
2.9239442	0.11866322
2.9255943	0.1189328
2.9272463	0.11925627
2.9289	0.11941802
2.9305558	0.11968759
2.9322133	0.11984932
2.9338732	0.12011889
2.9355345	0.12033454
2.9371977	0.12071193
2.9388628	0.12103542
2.9405298	0.12119716
2.9421985	0.12152064
2.9438694	0.12189803
2.9455421	0.12205978
2.9472167	0.12249108
2.9488933	0.12286849
2.9505715	0.12308413
2.9522519	0.12335369
2.953934	0.12373109
2.9556181	0.1241624
2.9573042	0.12432414
2.9589922	0.12448587
2.9606814	0.12497109
2.9623733	0.12545632
2.964067	0.12577979
2.9657626	0.12621111
2.9674604	0.12653458
2.9691598	0.12685806
2.9708614	0.12728937
2.9725649	0.12777458
2.9742706	0.12825981
2.9759779	0.12869112
2.9776874	0.12923023
2.9793985	0.12987721
2.9811118	0.13041633
2.9828272	0.13073982
2.9845443	0.13117112
2.9862635	0.13181809
2.9879854	0.13246505
2.9897087	0.13289636
2.9914336	0.13332765
2.993161	0.13397461
2.99489	0.13451375
2.9966211	0.13483724
2.9983544	0.13543028
3.0000894	0.13618506
3.001826	0.13688593
3.0035653	0.13747898
3.0053065	0.13812594
3.0070496	0.13866508
3.0087948	0.13936596
3.0105422	0.14001291
3.0122914	0.14060596
3.0140429	0.14119901
3.0157964	0.14173815
3.0175517	0.14206162
3.0193093	0.1427625
3.0210688	0.14373294
3.0228302	0.14448771
3.0245938	0.14502685
3.0263596	0.14556599
3.0281272	0.14588948
3.0298975	0.14637469
3.0316694	0.14696774
3.0334435	0.14734513
3.0352194	0.14761469
3.0369976	0.14793816
3.0387776	0.14809993
3.04056	0.14853121
3.0423443	0.1489086
3.0441301	0.14917818
3.0459187	0.14939384
3.0477092	0.14955558
3.0495021	0.14950165
3.0512969	0.14960948
3.0530939	0.1496634
3.054893	0.14971732
3.0566943	0.14982514
3.0584979	0.14993297
3.0603034	0.15020253
3.0621109	0.15020253
3.0639207	0.15020253
3.0657327	0.15020253
3.0675466	0.15020253
3.0693629	0.15036426
3.0711813	0.150526
3.0730011	0.15079558
3.0748239	0.15095732
3.0766487	0.15106516
3.0784757	0.15122689
3.0803049	0.15144254
3.0821362	0.15160429
3.0839698	0.15192777
3.0858054	0.15225124
3.0876439	0.15268254
3.0894837	0.15311386
3.0913262	0.15359907
3.0931706	0.15392256
3.0950172	0.15429994
3.0968661	0.15494691
3.0987172	0.15564777
3.1005704	0.15629473
3.1024263	0.15704952
3.104284	0.15764257
3.106144	0.15828954
3.1080062	0.15904433
3.1098707	0.15990694
3.1117373	0.16071562
3.1136062	0.16152433
3.1154773	0.1626565
3.1173501	0.16368087
3.1192257	0.16454348
3.1211035	0.16551392
3.1229837	0.16653828
3.1248662	0.16756263
3.1267509	0.16853306
3.128638	0.16966525
3.1305273	0.17079742
3.1324193	0.17198353
3.1343131	0.17311569
3.1362092	0.17419396
3.1381078	0.17521831
3.1400084	0.17645831
3.1419115	0.17764442
3.1438167	0.17899226
3.1457245	0.18028617
3.1476347	0.18163399
3.1495469	0.1828201
3.1514616	0.18416794
3.1533785	0.18540794
3.1552978	0.18670186
3.1572194	0.18804967
3.1591434	0.18945144
3.1610696	0.19079928
3.162998	0.19230884
3.1649289	0.19376449
3.1668622	0.19511233
3.168798	0.19651408
3.1707361	0.19796973
3.1726766	0.1994254
3.1746194	0.20082715
3.1765647	0.20217498
3.1785126	0.20357673
3.1804626	0.20487064
3.182415	0.20643413
3.1843698	0.20799764
3.186327	0.20929153
3.1882865	0.21063937
3.1902485	0.21231069
3.1922131	0.21387418
3.19418	0.21532984
3.1961493	0.21683942
3.1981211	0.2184568
3.2000952	0.21980463
3.2020719	0.22142203
3.2040508	0.22282378
3.2060323	0.22417162
3.2080164	0.2257351
3.2100022	0.22735251
3.2119911	0.2289699
3.2139823	0.23058729
3.215976	0.23204297
3.2179723	0.23360646
3.2199712	0.23516993
3.2219722	0.23667949
3.2239761	0.238243
3.2259824	0.23996823
3.2279911	0.2414778
3.2300024	0.24287954
3.2320161	0.24438912
3.2340324	0.24595259
3.2360511	0.24751607
3.2380724	0.24918741
3.2400961	0.25069696
3.2421229	0.25215262
3.2441516	0.25371611
3.2461832	0.25538746
3.2482171	0.25705874
3.2502534	0.25873005
3.2522926	0.26029354
3.2543342	0.26185706
3.2563784	0.26342052
3.2584248	0.2649301
3.2604742	0.26649359
3.262526	0.2681649
3.2645805	0.26983619
3.2666376	0.27139971
3.2686973	0.2729632
3.2707596	0.27452669
3.2728245	0.27609015
3.2748921	0.27786928
3.2769623	0.27959451
3.2790351	0.281158
3.2811103	0.28288323
3.2831883	0.2846624
3.2852688	0.28622586
3.2873521	0.28778934
3.289438	0.28929892
3.2915258	0.29091632
3.293617	0.29247981
3.2957108	0.29398936
3.2978072	0.29555288
3.2999065	0.29722416
3.3020084	0.2988416
3.3041129	0.30051288
3.3062201	0.30207637
3.3083303	0.30353203
3.3104429	0.30504164
3.3125582	0.30671293
3.314676	0.30838424
3.3167968	0.30994773
3.3189204	0.31140339
3.3210464	0.31302077
3.3231752	0.31458429
3.3253074	0.31598604
3.3274417	0.31738776
3.3295789	0.31884339
3.3317187	0.32024518
3.3338614	0.32159302
3.3360066	0.32283303
3.3381548	0.32407302
3.3403056	0.32504344
3.3424585	0.32601392
3.344615	0.32687652
3.3467741	0.32800871
3.3489361	0.32930261
3.3511009	0.33048871
3.3532684	0.33172873
3.3554389	0.33313045
3.3576121	0.33469394
3.3597887	0.33636528
3.3619676	0.33782092
3.3641491	0.33933049
3.3663337	0.34078613
3.368521	0.34202614
3.3707113	0.34326619
3.3729043	0.34472179
3.3751001	0.34596181
3.3772995	0.34714791
3.3795011	0.34838793
3.3817058	0.34973577
3.383913	0.35108358
3.3861232	0.35259315
3.3883364	0.35394099
3.3905525	0.35528883
3.3927715	0.35663664
3.3949924	0.35798451
3.3972173	0.35917062
3.3994448	0.36019492
3.4016755	0.36089578
3.403909	0.36148885
3.4061456	0.36208189
3.408385	0.36262104
3.4106274	0.36310628
3.4128728	0.36375323
3.4151211	0.36472365
3.4173725	0.36607152
3.4196265	0.36795846
3.4218838	0.37027672
3.424144	0.37281069
3.4264071	0.37529069
3.4286733	0.37771678
3.4309425	0.37981939
3.4332149	0.38176027
3.4354899	0.38359332
3.4377682	0.38526466
3.4400494	0.38677424
3.4423335	0.38833773
3.4446208	0.38968554
3.4469111	0.39092556
3.449204	0.39238122
3.4515004	0.39367512
3.4537997	0.39496908
3.4561024	0.39610121
3.4584079	0.39728731
3.4607165	0.39820385
3.4630284	0.3988508
3.4653432	0.39933604
3.4676619	0.39987519
3.4699829	0.40046823
3.472307	0.40084559
3.4746342	0.4013308
3.4769647	0.40197781
3.4792981	0.40273255
3.4816349	0.40375692
3.4839747	0.40483516
3.4863167	0.40580562
3.488663	0.40677607
3.4910121	0.40753087
3.4933646	0.40817782
3.4957201	0.4085013
3.4980791	0.40877086
3.5004408	0.40941784
3.5028062	0.41081959
3.5051751	0.41270655
3.5075467	0.41502479
3.5099213	0.41750482
3.5122993	0.41971529
3.5146806	0.42197961
3.517065	0.42408225
3.5194528	0.42623875
3.5218437	0.42844924
3.5242381	0.43071356
3.5266356	0.43270838
3.5290363	0.43470314
3.5314403	0.43659011
3.5338476	0.43836924
3.536258	0.43998671
3.538672	0.44160408
3.5410891	0.44305974
3.5435085	0.44440758
3.5459323	0.44580933
3.5483594	0.44726494
3.5507898	0.4485589
3.5532234	0.44985279
3.5556605	0.45125458
3.5581009	0.45244062
3.5605447	0.45346501
3.5629921	0.4545972
3.5654426	0.45578328
3.5678964	0.45686156
3.5703535	0.4579398
3.5728142	0.45901811
3.5752783	0.46015024
3.5777457	0.46133637
3.5802164	0.4623068
3.5826914	0.46311551
3.5851691	0.46408594
3.5876501	0.4651103
3.5901346	0.46608073
3.5926225	0.46699721
3.595114	0.46780595
3.5976088	0.4687764
3.6001072	0.46963897
3.6026084	0.47028595
3.6051137	0.47098681
3.6076224	0.47174162
3.6101346	0.4723886
3.6126504	0.47303557
3.6151698	0.47357467
3.6176925	0.4741677
3.620219	0.47470686
3.6227491	0.47513819
3.6252825	0.47556946
3.6278193	0.47605467
3.6303599	0.47643209
3.6329038	0.4768095
3.6354516	0.47713298
3.6380026	0.47745648
3.6405575	0.4777799
3.6431165	0.47815731
3.6456785	0.47842687
3.6482441	0.47869647
3.6508133	0.47891206
3.6533861	0.47912771
3.6559625	0.47945121
3.6585426	0.47988254
3.6611264	0.48020601
3.6637127	0.48036775
3.6663036	0.48069125
3.6688983	0.48112255
3.6714969	0.48155382
3.6740987	0.48198515
3.6767046	0.48241645
3.6793139	0.4829556
3.6819272	0.48360252
3.6845443	0.4842495
3.687165	0.48484257
3.6897893	0.48532781
3.6924174	0.48592088
3.695049	0.48672953
3.6976848	0.48732254
3.7003241	0.48796952
3.7029672	0.48877823
3.7056146	0.48958698
3.7082653	0.49034172
3.7109196	0.49109653
3.713578	0.49179736
3.7162399	0.49260607
3.7189059	0.49346867
3.7215757	0.49411565
3.7242491	0.49487045
3.7269256	0.49567917
3.7296069	0.49654177
3.7322919	0.49735042
3.7349808	0.49788958
3.7376738	0.49853656
3.7403705	0.4992913
3.7430711	0.50010002
3.7457757	0.50080085
3.7484846	0.50144792
3.7511971	0.50209481
3.7539134	0.50274181
3.7566335	0.50338876
3.7593577	0.50403571
3.7620859	0.50457484
3.764818	0.50506002
3.767554	0.50559914
3.770293	0.50613832
3.7730372	0.50662357
3.7757852	0.50705487
3.778537	0.50737834
3.7812932	0.50764787
3.7840533	0.5077557
3.7868173	0.50786358
3.7895856	0.50797135
3.7923579	0.50791746
3.7951343	0.50770181
3.7979145	0.50737834
3.800699	0.50700098
3.8034875	0.50662357
3.8062801	0.50619221
3.8090768	0.50576097
3.8118775	0.50522184
3.8146832	0.50457484
3.8174922	0.50408959
3.8203053	0.50355047
3.8231227	0.50284964
3.8259442	0.50225657
3.8287699	0.50160956
3.8315997	0.50085485
3.8344338	0.50026178
3.837271	0.49966875
3.8401134	0.49923739
3.8429599	0.49880612
3.8458109	0.49853656
3.848666	0.49832088
3.8515253	0.49805132
3.8543887	0.49783573
3.8572567	0.49772784
3.8601296	0.49756613
3.8630059	0.49740434
3.8658867	0.49735042
3.8687716	0.49729657
3.8716609	0.49702698
3.8745544	0.49686524
3.8774524	0.49686524
3.8803546	0.49670351
3.8832617	0.49659568
3.8861728	0.49643391
3.8890882	0.49627218
3.8920078	0.49611044
3.894932	0.49589479
3.8978605	0.4956252
3.9007933	0.49530172
3.9037306	0.49503213
3.9066718	0.49454698
3.9096179	0.49411565
3.9125686	0.49373823
3.9155238	0.49336091
3.9184833	0.49287561
3.9214473	0.4922826
3.9244158	0.4915278
3.9273889	0.49082696
3.9303668	0.48996431
3.9333489	0.48899391
3.9363356	0.48786169
3.9393268	0.48619038
3.9423223	0.48403385
3.9453225	0.48171562
3.9483273	0.47945121
3.9513369	0.47713298
3.9543512	0.47497645
3.9573698	0.47303557
3.960393	0.47136426
3.9634209	0.46996248
3.9664533	0.46872249
3.9694903	0.46780595
3.972532	0.467159
3.9755785	0.46661988
3.9786289	0.46629637
3.9816847	0.46624246
3.984745	0.46667379
3.9878104	0.46737468
3.9908803	0.4684529
3.9939549	0.46996248
3.9970343	0.47157985
4.0001183	0.47330508
4.0032082	0.47503036
4.0063019	0.47675553
4.0094004	0.47837296
4.0125036	0.4798286
4.0156116	0.48128426
4.0187244	0.48252431
4.021842	0.48365644
4.0249648	0.48489648
4.028091	0.48629823
4.0312233	0.48737645
4.0343604	0.48834693
4.0375023	0.4893713
4.0406489	0.4902339
4.0438008	0.49104255
4.046958	0.49168953
4.0501194	0.49212086
4.0532866	0.4922826
4.056458	0.49233651
4.0596347	0.49239042
4.0628161	0.49244434
4.0660028	0.49239042
4.0691943	0.49212086
4.0723906	0.49179736
4.0755925	0.49163562
4.0787992	0.49131215
4.0820107	0.4909887
4.0852275	0.49071911
4.0884495	0.49012607
4.0916762	0.48969474
4.0949082	0.48926347
4.0981455	0.48883215
4.1013875	0.48834693
4.1046343	0.48786169
4.1078868	0.48732254
4.1111441	0.48672953
4.1144071	0.48619038
4.1176748	0.48575908
4.1209483	0.48521993
4.1242266	0.48468083
4.1275101	0.48403385
4.1307993	0.48333302
4.1340938	0.48279387
4.137393	0.48230863
4.1406975	0.48176947
4.1440077	0.48123035
4.1473227	0.48069125
4.1506433	0.47993645
4.1539693	0.47923559
4.1573014	0.47858861
4.1606379	0.47794163
4.16398	0.4772408
4.1673269	0.47670165
4.1706796	0.47610861
4.1740379	0.47551554
4.1774011	0.47486863
4.1807699	0.47405988
4.1841431	0.47335899
4.1875229	0.47276598
4.190908	0.47217292
4.1942987	0.47147202
4.1976953	0.47071728
4.2010965	0.47001639
4.204504	0.46947724
4.2079167	0.4687764
4.2113357	0.46812943
4.2147593	0.46748245
4.2181888	0.46672764
4.2216239	0.46602681
4.2250643	0.46527204
4.2285104	0.46446332
4.2319622	0.46376243
4.2354198	0.46316943
4.2388835	0.46268418
4.242352	0.46214506
4.2458267	0.46139029
4.2493072	0.46079722
4.2527928	0.46015024
4.2562842	0.45939544
4.2597818	0.45853281
4.2632847	0.45777807
4.2667923	0.45686156
4.2703071	0.45599893
4.2738276	0.45540586
4.2773538	0.45475891
4.2808857	0.45400417
4.2844238	0.45335716
4.2879677	0.45276415
4.2915173	0.45206326
4.2950735	0.45125458
4.298635	0.45055366
4.3022022	0.44996062
4.3057756	0.44931367
4.3093548	0.44861281
4.3129401	0.44796586
4.3165312	0.44742671
4.3201284	0.44672585
4.3237324	0.44597104
4.3273416	0.44532409
4.3309565	0.44473103
4.3345776	0.44403017
4.3382049	0.44327536
4.3418384	0.44273627
4.3454776	0.44203538
4.3491235	0.44133452
4.3527737	0.44063365
4.3564315	0.44004062
4.3600955	0.43944755
4.3637652	0.43885452
4.3674417	0.43815359
4.3711243	0.43739885
4.3748131	0.4367519
4.3785081	0.43610492
4.3822103	0.43545797
4.3859177	0.434811
4.3896313	0.43405619
4.3933511	0.43330145
4.3970776	0.43265444
4.4008102	0.43195358
4.4045491	0.43136054
4.4082947	0.43071356
4.412045	0.43006662
4.415803	0.42936575
4.4195676	0.42861095
4.4233384	0.427964
4.4271159	0.4272092
4.4308996	0.42656225
4.43469	0.42596918
4.4384871	0.42510661
4.4422908	0.42435181
4.4461007	0.4235431
4.4499168	0.4226805
4.4537401	0.42197961
4.4575696	0.42122483
4.4614058	0.42041612
4.4652486	0.41955352
4.4690976	0.41879871
4.4729543	0.41820568
4.4768167	0.41755873
4.4806862	0.41691178
4.4845624	0.41637266
4.4884448	0.41577959
4.4923344	0.41524047
4.4962306	0.41459349
4.5001335	0.41410825
4.5040426	0.41367695
4.5079594	0.41329959
4.5118828	0.4129222
4.5158129	0.41254479
4.5197501	0.41211349
4.523694	0.41162825
4.5276446	0.41114303
4.5316024	0.41065782
4.5355678	0.41017258
4.5395393	0.40963349
4.5435181	0.40909433
4.5475035	0.40855518
4.551496	0.40801606
4.5554957	0.40736911
4.5595021	0.40688393
4.5635157	0.40634477
4.5675368	0.40575171
4.5715647	0.40515867
4.5755997	0.40461951
4.5796418	0.40397257
4.5836911	0.4033795
4.5877471	0.40294823
4.5918107	0.40240911
4.5958815	0.40170822
4.5999584	0.40111518
4.604044	0.40052214
4.6081362	0.39982122
4.612236	0.39912036
4.616343	0.39836559
4.6204576	0.39761078
4.6245794	0.39680213
4.6287084	0.39604732
4.6328454	0.39523858
4.6369891	0.39432207
4.6411405	0.39329773
4.6452994	0.39232731
4.6494656	0.39135686
4.6536388	0.39049426
4.6578202	0.38957772
4.6620088	0.38849944
4.6662059	0.38752899
4.6704097	0.38666639
4.6746206	0.38569593
4.6788397	0.38467163
4.6830664	0.38386291
4.6873007	0.38310811
4.6915426	0.38235331
4.6957922	0.38149071
4.7000484	0.38078985
4.7043133	0.38008898
4.7085862	0.37933415
4.7128668	0.37852547
4.717155	0.37777069
4.7214513	0.37690809
4.7257552	0.37604544
4.7300668	0.37507504
4.7343879	0.3741585
4.7387152	0.37329587
4.7430506	0.37221763
4.7473941	0.37113935
4.7517457	0.37016892
4.7561049	0.36919847
4.7604723	0.36822805
4.7648478	0.36725757
4.7692318	0.36634105
4.7736235	0.36531669
4.7780232	0.36423844
4.7824311	0.36316019
4.7868466	0.36208189
4.7912707	0.36100367
4.7957029	0.35992536
4.8001437	0.35890102
4.8045907	0.35782275
4.8090477	0.35679841
4.8135128	0.35566622
4.8179865	0.35453406
4.8224683	0.35345578
4.8269582	0.35226968
4.8314571	0.35102969
4.8359637	0.34978968
4.8404803	0.34844187
4.8450041	0.34714791
4.8495364	0.34596181
4.8540773	0.34477571
4.8586264	0.3433201
4.8631845	0.34175661
4.8677506	0.34019309
4.8723259	0.33852178
4.8769083	0.33668873
4.8815002	0.33464003
4.8861008	0.33232176
4.8907104	0.32989568
4.8953285	0.32730782
4.8999557	0.32439649
4.9045911	0.32126951
4.909236	0.31798083
4.9138899	0.31469211
4.9185519	0.31145731
4.923223	0.30811465
4.9279027	0.30487987
4.9325914	0.3017529
4.9372892	0.29867986
4.9419956	0.29560679
4.9467115	0.2924259
4.951437	0.28908327
4.9561706	0.28547108
4.9609137	0.28180498
4.9656653	0.27824667
4.9704261	0.27436492
4.9751964	0.27053708
4.9799757	0.26687101
4.9847641	0.26325879
4.9895606	0.25970051
4.9943671	0.25635788
4.9991837	0.25317699
5.0040088	0.25010392
5.0088439	0.24724652
5.0136881	0.24449696
5.0185413	0.24174738
5.0234041	0.23948301
5.0282774	0.23738039
5.0331593	0.23533168
5.0380507	0.2333369
5.0429511	0.23144993
5.0478616	0.22950906
5.0527816	0.22767597
5.0577111	0.22622031
5.0626502	0.22481857
5.0675998	0.22347075
5.0725584	0.22223073
5.0775266	0.22126031
5.0825043	0.22028986
5.087492	0.21958898
5.0924897	0.21904986
5.097497	0.21840289
5.1025143	0.21780984
5.1075401	0.21721679
5.112577	0.21656984
5.1176243	0.21592289
5.1226811	0.215222
5.127748	0.21452114
5.1328249	0.2139281
5.1379123	0.21322721
5.1430092	0.21220285
5.1481171	0.21128632
5.1532345	0.21096285
5.1583619	0.21047764
5.1634998	0.20977676
5.1686478	0.20902196
5.1738062	0.20821328
5.1789751	0.20740458
5.184154	0.20659587
5.1893444	0.20557152
5.1945438	0.20427759
5.1997542	0.20303759
5.2049747	0.2018515
5.210206	0.20001845
5.2154474	0.19834714
5.2206998	0.19705322
5.2259626	0.19516625
5.2312346	0.19279407
5.2365189	0.19026013
5.2418137	0.18778013
5.2471189	0.1852462
5.2524352	0.18260445
5.2577624	0.17990878
5.2631001	0.17715921
5.2684488	0.17435569
5.273809	0.1714983
5.2791796	0.16891046
5.2845607	0.16632262
5.2899532	0.16346522
5.2953568	0.16114694
5.3007712	0.15915214
5.3061967	0.15699562
5.3116336	0.154893
5.3170795	0.1529521
5.3225384	0.15117297
5.3280087	0.14960948
5.3334904	0.148046
5.3389831	0.14664425
5.3444872	0.14497294
5.3500028	0.14362511
5.3555293	0.14330162
5.3610692	0.14324771
5.3666191	0.1431938
5.37218	0.14313988
5.3777528	0.14324771
5.3833375	0.14357118
5.3889332	0.14405641
5.3945408	0.14470337
5.4001603	0.14535032
5.4057918	0.14583556
5.4114347	0.14621295
5.417089	0.14588948
5.4227557	0.14594337
5.4284339	0.14745295
5.434124	0.14831556
5.439826	0.14869297
5.44554	0.14912426
5.4512644	0.1496634
5.4570026	0.14982514
5.4627528	0.1496634
5.4685154	0.15041819
5.4742899	0.15111905
5.4800768	0.15149644
5.4858756	0.15257472
5.4916868	0.15332951
5.4975119	0.15397647
5.5033479	0.15435386
5.5091963	0.15483908
5.5150576	0.15500081
5.5209308	0.15494691
5.5268164	0.15510865
5.5327148	0.15516256
5.5386262	0.15467733
5.5445509	0.15365298
5.550487	0.15252082
5.5564361	0.15198168
5.562398	0.15198168
5.5683727	0.15208949
5.5743604	0.15138863
5.5803604	0.15160429
5.5863738	0.15354516
5.5923977	0.15505473
5.5984373	0.15553994
5.6044893	0.15618691
5.6105552	0.15688778
5.6166334	0.15726519
5.6227255	0.1577504
5.6288304	0.15785822
5.6349487	0.15688778
5.6410818	0.15580952
5.6472268	0.15683387
5.6533852	0.15737301
5.6595569	0.15769649
5.6657424	0.15780431
5.6719413	0.15651038
5.6781535	0.15586343
5.6843796	0.15580952
5.6906204	0.15478517
5.6968741	0.15435386
5.7031412	0.15300602
5.7094221	0.1509034
5.7157168	0.15014863
5.7220259	0.1496634
5.7283483	0.14896253
5.7346849	0.14783035
5.7410331	0.1464286
5.7473979	0.14486511
5.7537766	0.14432599
5.76017	0.14163031
5.7665772	0.13888073
5.7729988	0.13985118
5.7794347	0.14022857
5.7858849	0.13963552
5.7923512	0.1387729
5.7988305	0.13764073
5.8053241	0.13677812
5.811832	0.1351068
5.8183551	0.13208765
5.8248925	0.13084765
5.8314447	0.13133287
5.8380117	0.13138679
5.8445945	0.13073982
5.851191	0.12933809
5.8578029	0.12750502
5.864429	0.12594153
5.8710709	0.12448587
5.877727	0.1205502
5.8843989	0.11909454
5.8910856	0.11801627
5.8977852	0.11591365
5.9045024	0.11585975
5.9112349	0.11424234
5.9179831	0.11176234
5.9247465	0.10901275
5.9315252	0.1048075
5.9383197	0.10168053
5.9451299	0.10103358
5.9519572	0.099146612
5.9587984	0.09650486
5.9656553	0.092946582
5.9725285	0.090412654
5.9794173	0.087986551
5.9863219	0.084751755
5.9932423	0.08227174
6.0001788	0.080330856
6.0071297	0.077581279
6.0140982	0.074777789
6.0210834	0.072729081
6.0280848	0.07062646
6.0351024	0.068092532
6.0421362	0.064534254
6.0491862	0.061245538
6.0562534	0.061029889
6.0633373	0.059951626
6.0704374	0.05768726
6.0775537	0.05639334
6.0846872	0.05574638
6.0918374	0.054829855
6.0990043	0.054021154
6.1061878	0.052835062
6.1133885	0.052026358
6.1206079	0.052457672
6.1278424	0.052996803
6.1350942	0.053374194
6.1423635	0.053967241
6.1496496	0.054775942
6.1569533	0.055530731
6.1642742	0.057094216
6.1716127	0.05898118
6.1789665	0.060059447
6.1863399	0.061784673
6.1937308	0.065019473
6.2011395	0.067984708
6.2085662	0.070949942
6.2160106	0.074616045
6.2234726	0.078929111
6.2309527	0.08351174
6.238452	0.088310026
6.2459679	0.093270063
6.2535024	0.098176166
6.261055	0.1027049
6.2686257	0.10707187
6.2762151	0.11095363
6.2838225	0.11467365
6.2914486	0.11790846
6.2990947	0.12076586
6.3067579	0.12329978
6.3144398	0.12567197
6.3221402	0.12761284
6.3298597	0.12928416
6.3375978	0.12912242
6.345355	0.12971547
6.3531313	0.13278854
6.3609242	0.1339207
6.3687387	0.13375898
6.3765721	0.1351068
6.3844252	0.13618506
6.3922973	0.13656245
6.4001889	0.13575377
6.4081001	0.13203374
6.4160309	0.1310633
6.4239826	0.13402854
6.431953	0.13494506
6.4399428	0.13532245
6.4479527	0.13489115
6.4559822	0.13408245
6.4640322	0.13284245
6.4721022	0.130632
6.4801922	0.12815198
6.4883046	0.12491719
6.4964356	0.123785
6.5045867	0.12513283
6.5127583	0.1241624
6.5209503	0.12179022
6.5291634	0.12108934
6.5373969	0.11990325
6.545651	0.11817802
6.5539231	0.11645278
6.5622191	0.11478147
6.5705361	0.1124632
6.5788746	0.11230146
6.587234	0.11208581
6.5956144	0.11138494
6.6040168	0.11089971
6.6124401	0.10971363
6.6208863	0.10820404
6.629353	0.10523882
6.6378412	0.10292054
6.6463513	0.10399882
6.6548829	0.1043762
6.6634369	0.10286663
6.6720128	0.10103358
6.6806107	0.099362269
6.6892328	0.098877043
6.6978755	0.098122254
6.7065401	0.096181378
6.7152276	0.094995283
6.723937	0.094456151
6.7326698	0.094078757
6.7414246	0.093323968
6.7502027	0.09235353
6.7590008	0.0913831
6.7678242	0.090196997
6.7766714	0.088795252
6.7855411	0.087177843
6.7944345	0.086584806
6.8033509	0.086854368
6.8122911	0.086207412
6.8212547	0.0849135
6.8302436	0.084050886
6.8392544	0.083673485
6.848289	0.08221782
6.8573475	0.079953469
6.8664303	0.079036944
6.8755369	0.079737812
6.8846679	0.079360418
6.8938227	0.078497812
6.9029989	0.077419542
6.9122028	0.076718666
6.9214315	0.076125622
6.9306846	0.075316921
6.9399629	0.074400395
6.9492655	0.073106475
6.9585934	0.071542986
6.9679465	0.071381249
6.9773269	0.071165599
6.9867301	0.070249073
6.9961591	0.069494285
7.0056133	0.068847321
7.0150933	0.067876883
7.0245986	0.067176007
7.0341301	0.066367306
7.0436873	0.064965568
7.0532722	0.064534254
7.0628819	0.064372517
7.0725174	0.063779466
7.0821791	0.063078597
7.0918674	0.062162071
7.1015825	0.061353371
7.1113243	0.060329016
7.1210923	0.059142925
7.1308832	0.057956826
7.1407056	0.056716822
7.1505547	0.055638555
7.1604309	0.054614201
7.1703348	0.053482026
7.1802659	0.052888975
7.1902246	0.05213419
7.200211	0.050948095
7.210228	0.049977653
7.2202702	0.049438521
7.23034	0.048737649
7.2404385	0.047875036
7.2505651	0.04695851
7.2607198	0.046149809
7.2709031	0.045179367
7.2811151	0.044532407
7.2913575	0.043993276
7.3016272	0.043292403
7.3119259	0.042591531
7.3222532	0.041890658
7.3326101	0.041081958
7.3429961	0.040434998
7.3534117	0.03984195
7.3638568	0.03919499
7.3743277	0.038494118
7.3848329	0.037739329
7.3953671	0.036984541
7.4059319	0.036175843
7.4165273	0.035421059
7.4271526	0.034774095
7.4378085	0.034073226
7.4484949	0.033210613
7.4592152	0.032348
7.4699631	0.031593211
7.4807425	0.03078451
7.4915524	0.03013755
7.5023942	0.029436676
7.513267	0.028574063
7.5241718	0.027711451
7.5351081	0.027064493
7.5460782	0.026309704
7.5570784	0.025662744
7.5681105	0.024961872
7.579175	0.024260996
7.5902719	0.023452299
7.6014013	0.022805339
7.6125636	0.022266204
7.6237588	0.021727072
7.6349821	0.021134026
7.6462431	0.020756632
7.6575375	0.020325324
7.6688652	0.019840105
7.6802268	0.019462712
7.6916218	0.018977489
7.7030506	0.018384444
7.7145133	0.018007051
7.7260127	0.017629659
7.7375441	0.017198352
7.7491097	0.016820958
7.7607102	0.01655139
7.7723455	0.016120085
7.7840157	0.015742691
7.7957211	0.015473126
7.8074613	0.015311385
7.8192339	0.015041818
7.8310452	0.014826166
7.8428926	0.014664426
7.8547754	0.014556598
7.8666949	0.014394859
7.8786502	0.014394859
7.8906422	0.014448772
7.9026704	0.014448772
7.9147372	0.014502686
7.9268394	0.014664426
7.9389782	0.014718338
7.9511547	0.015041818
7.9633684	0.015311385
7.9756198	0.015580952
7.9879088	0.01585052
8.0002356	0.01622791
8.0126038	0.016605306
8.0250072	0.016820958
8.0374498	0.017144438
8.0499296	0.017683571
8.0624495	0.018222705
8.0750074	0.018761838
8.0876055	0.019354885
8.1002417	0.020055758
8.1129141	0.020810544
8.1256304	0.021619244
8.1383867	0.022266204
8.1511831	0.022967078
8.1640196	0.023721866
8.1768961	0.024422739
8.1898146	0.024907958
8.2027731	0.025447091
8.2157736	0.026147963
8.2288151	0.027010577
8.2418976	0.027819278
8.2550211	0.02852015
8.2681875	0.029167112
8.281395	0.030083636
8.2946453	0.031054078
8.3079386	0.03207843
8.3212767	0.033048872
8.3346548	0.03401931
8.3480768	0.035151489
8.3615408	0.036229759
8.3750496	0.037092373
8.3886013	0.037901074
8.4021969	0.038763683
8.4158373	0.039410643
8.4295158	0.039895866
8.4432449	0.040434998
8.4570189	0.041028041
8.4708366	0.041513264
8.4847012	0.04178283
8.4986105	0.041998483
8.5125656	0.042106312
8.5265665	0.042375877
8.540616	0.042645443
8.5547094	0.04307675
8.5688496	0.043454144
8.5830364	0.043831535
8.59727	0.044316757
8.6115513	0.044963717
8.6258802	0.045880243
8.6402569	0.046850681
8.6546841	0.047659378
8.6691561	0.048468087
8.6836777	0.049115043
8.6982479	0.049438521
8.7128668	0.049600266
8.7275343	0.049869832
8.7422523	0.050085481
8.75702	0.050193306
8.7718325	0.050085481
8.7866993	0.049869832
8.8016176	0.049708087
8.8165865	0.049384609
8.8316059	0.048953306
8.8466768	0.04825243
8.8617992	0.047228076
8.8769741	0.046257637
8.8922033	0.045341112
8.9074821	0.04437067
8.9228134	0.043400228
8.9381971	0.042591531
8.9536343	0.041675001
8.9691257	0.041028041
8.9846697	0.040920217
9.000268	0.041189782
9.0159235	0.041675001
9.0316315	0.042753268
9.0473928	0.04437067
9.0632105	0.046365459
9.0790825	0.048683733
9.0950108	0.051325489
9.1109953	0.053859416
9.1270351	0.05639334
9.1431274	0.059089009
9.1592817	0.061784673
9.1754923	0.064372517
9.191761	0.066798612
9.2080879	0.069224715
9.224472	0.071542986
9.2409153	0.073376037
9.2574167	0.075101264
9.2739801	0.076449104
9.2906008	0.077203885
9.3072805	0.077527367
9.3240204	0.077257805
9.3408203	0.076449104
9.3576803	0.075155184
9.3746023	0.073268212
9.3915854	0.071219504
9.4086237	0.069440365
9.4257298	0.06782297
9.4428988	0.066097744
9.4601307	0.064588167
9.4774246	0.063240334
9.4947834	0.061946411
9.5122042	0.060652491
9.5296898	0.059412491
9.5472441	0.058064654
9.5648584	0.056878563
9.5825386	0.055638555
9.6002836	0.054398548
9.6180954	0.053320281
9.635973	0.052457672
9.6539164	0.051541142
9.6719275	0.050516788
9.6900091	0.049276784
9.7081556	0.048414167
9.7263699	0.047659378
9.7446527	0.047012419
9.7630043	0.046473291
9.7814245	0.045664586
9.7999153	0.044640236
9.8184757	0.04372371
9.837101	0.042861093
9.8558025	0.042321961
9.8745756	0.041728918
9.8934202	0.041028041
9.9123363	0.040381081
9.9313259	0.039734125
9.950388	0.039033249
9.9695234	0.038440201
9.9887362	0.037954979
10.008019	0.037739329
10.027377	0.037254114
10.04681	0.036822803
10.066319	0.036499321
10.085902	0.036337581
10.105563	0.036121927
10.1253	0.035690624
10.145119	0.035367142
10.165011	0.03531323
10.184982	0.035259318
10.205031	0.035151489
10.22516	0.034774095
10.245367	0.034558445
10.265656	0.034504529
10.286023	0.034234967
10.306466	0.034073226
10.326997	0.034073226
10.34761	0.033803657
10.368304	0.033588003
10.389083	0.033318438
10.409945	0.033156697
10.43089	0.032887131
10.45192	0.032671478
10.473039	0.032455821
10.49424	0.032401912
10.515526	0.03207843
10.536899	0.03170104
10.558359	0.031269729
10.579906	0.030946251
10.601542	0.030568859
10.623267	0.03013755
10.645084	0.029706245
10.666988	0.029167112
10.688982	0.02852015
10.711066	0.027981019
10.733243	0.027495798
10.755511	0.027172318
10.777872	0.026687097
10.800325	0.026579272
10.822865	0.026794923
10.845508	0.02690275
10.868244	0.027064493
10.891077	0.02722623
10.914005	0.027657539
10.937031	0.028358411
10.960154	0.02884363
10.983374	0.029544504
11.006698	0.030029723
11.030116	0.030568859
11.053635	0.031000163
11.077253	0.031269729
11.100973	0.031377561
11.124795	0.031161904
11.14872	0.030676685
11.172747	0.030299291
11.196871	0.030083636
11.221107	0.029760158
11.245447	0.029274937
11.269894	0.028951459
11.294447	0.02884363
11.319107	0.028681891
11.343875	0.028681891
11.368752	0.029274937
11.393744	0.029814068
11.418839	0.030191464
11.444047	0.030730596
11.469365	0.031539299
11.494797	0.032563653
11.52034	0.033641916
11.545999	0.034504529
11.571771	0.035097573
11.597663	0.035528883
11.623667	0.035636712
11.649787	0.03531323
11.676025	0.035097573
11.702382	0.034935836
11.728858	0.034828011
11.755454	0.034774095
11.782171	0.035043664
11.809002	0.035582799
11.835962	0.036014102
11.863048	0.036445409
11.890256	0.037469763
11.91759	0.038601942
11.94505	0.039248906
11.972636	0.039680209
12.000351	0.040165428
12.028198	0.040812388
12.056171	0.04113587
12.084274	0.040920217
12.112508	0.040758479
12.140875	0.040542826
12.169374	0.040327169
12.198009	0.039626293
12.226777	0.038440201
12.255688	0.037254114
12.28473	0.036229759
12.31391	0.034828011
12.343228	0.032779302
12.372687	0.030892337
12.402287	0.028897544
12.432029	0.027172318
12.461913	0.026363619
12.491931	0.026147963
12.522105	0.026417531
12.552425	0.027280144
12.582892	0.028466236
12.613507	0.029544504
12.644272	0.030622769
12.675187	0.03143147
12.706254	0.03207843
12.737479	0.03207843
12.768852	0.031862777
12.80038	0.031808864
12.832064	0.032132342
12.863906	0.03337235
12.895905	0.03531323
12.928064	0.037308022
12.960384	0.039248906
12.992874	0.040650647
13.025519	0.041567177
13.05833	0.041675001
13.091305	0.041836742
13.124448	0.041675001
13.157759	0.041675001
13.191238	0.041297607
13.22489	0.040596735
13.258701	0.039788034
13.292698	0.038871512
13.326869	0.037685417
13.361217	0.036714979
13.395742	0.035636712
13.430446	0.034450617
13.46533	0.033156697
13.500397	0.031916689
13.535651	0.030838422
13.571085	0.029867982
13.606705	0.028789718
13.642511	0.027603623
13.678508	0.026363619
13.714694	0.025770571
13.751073	0.025231438
13.787644	0.024530564
13.82442	0.023560124
13.861383	0.023128819
13.898545	0.022967078
13.935907	0.022266204
13.97347	0.020972285
14.011236	0.020109672
14.049208	0.019732278
14.087384	0.019247059
14.125755	0.018869665
14.16435	0.018600099
14.203156	0.017953139
14.242176	0.017360091
14.281411	0.016713131
14.320862	0.01585052
14.360532	0.015365298
14.400422	0.015095732
14.440542	0.014826166
14.48088	0.014718338
14.521442	0.014664426
14.562233	0.014826166
14.603253	0.014556598
14.644506	0.014125292
14.685991	0.013747899
14.727713	0.013693986
14.76966	0.013262678
14.811859	0.012723546
14.8543	0.012184412
14.896984	0.011537452
14.939916	0.010836579
14.983094	0.010459186
15.026524	0.010405272
15.070205	0.010135707
15.11415	0.0095965723
15.158343	0.0090574399
15.202796	0.0086261323
15.24751	0.0080869999
15.292488	0.0077096056
15.337732	0.0077635194
15.383245	0.0076017794
15.429028	0.007278299
15.475092	0.0070087328
15.521424	0.0077635194
15.568036	0.0084643923
15.614927	0.0085722189
15.662103	0.0086261323
15.709563	0.0086261323
15.757313	0.0086800456
15.805353	0.0092730932
15.853672	0.0098661389
15.902304	0.010782666
15.951234	0.011267886
16.000465	0.011860933
16.050003	0.012238326
16.099848	0.012292238
16.150003	0.012615719
16.200472	0.013640072
16.251265	0.014448772
16.30237	0.015365298
16.353796	0.015634865
16.405548	0.015580952
16.45763	0.015796605
16.510042	0.016713131
16.56279	0.017414005
16.615877	0.017899225
16.669313	0.01811488
16.723085	0.019193145
16.777206	0.020325324
16.831676	0.02140359
16.886503	0.022158379
16.941689	0.023074904
16.997234	0.023991432
17.053146	0.02528535
17.109409	0.025986224
17.166063	0.02690275
17.223093	0.02819667
17.280504	0.029975813
17.338299	0.031161904
17.396481	0.03207843
17.455055	0.033426262
17.514025	0.03466627
17.573404	0.035421059
17.633179	0.036445409
17.693359	0.037469763
17.753954	0.038440201
17.814964	0.038979333
17.876394	0.040057603
17.938251	0.040920217
18.000536	0.042106312
18.063269	0.042861093
18.126427	0.043400228
18.190027	0.043777622
18.254078	0.044694144
18.318579	0.045718499
18.383539	0.046581116
18.448961	0.046419378
18.514851	0.046796773
18.58119	0.047174163
18.648029	0.047174163
18.715351	0.046149809
18.783159	0.045718499
18.851461	0.04501763
18.920263	0.04437067
18.989569	0.043885447
19.059383	0.043831535
19.129725	0.041836742
19.200575	0.040920217
19.271952	0.040057603
19.343863	0.037092373
19.416311	0.034181051
19.489305	0.032294083
19.562849	0.03110799
19.636951	0.029544504
19.711594	0.027657539
19.786827	0.027118403
19.862638	0.025878398
19.939034	0.023560124
20.016018	0.023290558
20.093599	0.02560883
20.171785	0.027495798
20.250582	0.030730596
20.330009	0.034881923
20.410049	0.039464556
20.490723	0.043993276
20.572035	0.048198517
20.653994	0.05121766
20.73661	0.053535935
20.819889	0.05749299
20.903841	0.058726747
20.988487	0.058479995
21.073807	0.058068745
21.159821	0.058644496
21.246542	0.061029751
21.333977	0.062674761
21.422132	0.061029751
21.511023	0.058644496
21.600651	0.056588236
21.691	0.055683482
21.782139	0.055107728
21.874046	0.054285228
21.966734	0.053791724
22.060209	0.053051472
22.154484	0.052393466
22.249567	0.051735464
22.34547	0.051982213
22.442221	0.052228969
22.539797	0.051817719
22.638224	0.052393466
22.737514	0.052969221
22.837679	0.05288697
22.93873	0.052393466
23.04068	0.053544972
23.143541	0.055518981
23.247343	0.055601232
23.35206	0.054120727
23.457727	0.052722473
23.564352	0.052393466
23.671953	0.052557968
23.78054	0.053298224
23.890127	0.054531977
24.000731	0.056670487
24.112324	0.058562241
24.224998	0.059302498
24.338732	0.059549246
24.453537	0.060124997
24.569429	0.061441008
24.686426	0.062016763
24.804543	0.060865253
24.923796	0.059220251
25.044222	0.057657488
25.165796	0.058808994
25.288555	0.062510259
25.412519	0.065635778
25.537704	0.067034028
25.664127	0.067445286
25.791811	0.066540524
25.920769	0.065553524
26.051052	0.064566523
26.182623	0.064402014
26.315529	0.063003764
26.449793	0.060700752
26.585432	0.058973499
26.722471	0.057081733
26.860929	0.056341488
27.00083	0.056505986
27.142149	0.057739742
27.285002	0.059466995
27.429367	0.0596315
27.575268	0.058973499
27.722729	0.059549246
27.871777	0.058562241
28.022434	0.056999486
28.17473	0.056012485
28.328716	0.053627223
28.484369	0.050419457
28.641743	0.047047194
28.800863	0.044579685
28.961761	0.04400393
29.124468	0.045977939
29.289013	0.048774455
29.455427	0.051077463
29.623777	0.053215973
29.794029	0.055354483
29.966249	0.056752738
30.140471	0.058315497
30.316732	0.059878252
30.495066	0.061276503
30.67551	0.063415021
30.858103	0.066622779
31.04282	0.069830537
31.229824	0.071640044
31.419096	0.072791554
31.610676	0.074354313
31.804607	0.075917065
32.000931	0.07780882
32.199696	0.078795828
32.400944	0.079289332
32.604759	0.078220069
32.811115	0.077233069
33.020103	0.078466833
33.231773	0.081756838
33.446171	0.084224351
33.663353	0.08619836
33.883377	0.087678872
34.106293	0.088665873
34.332088	0.090557627
34.560966	0.092284888
34.792919	0.094341144
35.028008	0.094670139
35.266293	0.095739402
35.507843	0.097055405
35.752724	0.097055405
36.001007	0.098206908
36.252811	0.10034542
36.508114	0.10067442
36.767036	0.10075667
37.029659	0.10182592
37.296059	0.10297742
37.566319	0.10289518
37.840527	0.10133242
38.118767	0.10149693
38.40118	0.1050337
38.687756	0.10717221
38.978642	0.10717221
39.273933	0.1068432
39.573734	0.10815921
39.878147	0.10906395
40.187283	0.1088172
40.501244	0.10914621
40.820042	0.10939296
41.144012	0.1096397
41.473164	0.11021546
41.807625	0.1093107
42.147522	0.10774796
42.492992	0.10774796
42.844173	0.10807695
43.20121	0.1083237
43.564312	0.10791244
43.933502	0.10840595
44.309002	0.10939296
44.690975	0.10972196
45.079594	0.11087346
45.475029	0.11243621
45.87746	0.11292972
46.287083	0.11317647
46.704159	0.11358772
47.128742	0.11358772
47.561119	0.11169597
48.001499	0.10857046
48.450111	0.10388219
48.907188	0.097548909
49.372971	0.093683138
49.847713	0.097548909
50.331509	0.10034542
50.824955	0.10067442
51.328171	0.10248393
51.841454	0.10725445
52.365105	0.1084882
52.899441	0.11037996
53.444794	0.11416347
54.001511	0.11572624
54.570061	0.11539723
55.150593	0.11572624
55.74361	0.11292972
56.349518	0.1093107
56.968742	0.10708994
57.60173	0.10536269
58.24894	0.10264843
58.910862	0.10207268
59.588123	0.10371768
60.28101	0.10264843
60.9902	0.10223718
61.716274	0.10256618
62.459846	0.10059217
63.221554	0.10009868
64.002068	0.10141467
64.802094	0.099605165
65.622093	0.098453656
66.463402	0.096973158
67.326561	0.096644156
68.21244	0.096068405
69.121933	0.094670139
70.056015	0.09129788
71.015686	0.08833687
72.002014	0.087103114
73.016319	0.086856358
74.05941	0.086280607
75.132736	0.083813101
76.237625	0.081921339
77.375504	0.080523089
78.547859	0.078220069
79.756294	0.074025311
81.002487	0.068596795
82.28849	0.065553524
83.61573	0.064155273
84.986481	0.066869535
86.402931	0.068596795
87.867393	0.066458285
89.382355	0.06382627
90.95047	0.069666043
92.574593	0.075834811
94.25721	0.071640044
96.002708	0.068596795
97.814079	0.067363031
99.695114	0.065964773
101.64992	0.064895518
103.68291	0.064731024
105.79889	0.067116275
108.00303	0.07443656
110.30139	0.077562071
112.69925	0.07344956
115.20368	0.075012311
117.82195	0.073860809
120.562	0.077726573
123.43254	0.088830367
126.44309	0.094423398
129.60419	0.092531636
132.92625	0.091380127
136.42429	0.10034542
140.11142	0.10544495
144.00337	0.1078302
148.11772	0.10215493
152.47411	0.087267615
157.0945	0.077315323
162.00366	0.10569169
167.23055	0.12074351
172.80489	0.13094255
178.76367	0.14410259
185.14809	0.15495966
192.0054	0.14747486
199.39021	0.14418486
207.36581	0.17182097
216.00604	0.15010688
