# Nahcolite, Chemical Formula: NaHCO_3_
# Sample ID: R070237
# wavelengths (microns), reflectance
2.500225020251823	0.003905513
2.5014314441439116	0.003903963
2.502638406540095	0.004220665
2.503847161163127	0.00483805
2.505056456457359	0.005099374
2.5062669204345465	0.004897036
2.507479183534688	0.004601519
2.5086919905743423	0.00366426
2.50990660135555	0.003582654
2.511121758267366	0.003719568
2.5123387235560646	0.002915217
2.51355623717615	0.002706724
2.514775563825255	0.00299821
2.5159954410162606	0.003630197
2.5172171359053084	0.003767151
2.5184393835565553	0.004003016
2.5196634535918307	0.004123352
2.5208880786194405	0.00423434
2.5221145307341093	0.004506986
2.5233415400811356	0.003909492
2.5245697438899732	0.003370396
2.525799781871931	0.002784807
2.52703038046464	0.003380932
2.5282628179764544	0.003812636
2.529495818363988	0.004026567
2.5307306624339354	0.003959341
2.5319660716546397	0.004274795
2.533203329338472	0.003960879
2.5344411544582215	0.003462458
2.535680832839298	0.003684121
2.5369210809516294	0.004015679
2.538163187141056	0.003847098
2.5394058653673035	0.003919069
2.540650406504065	0.004661037
2.5418955219934967	0.004665646
2.54314185848738	0.003970248
2.5443900651745515	0.003751082
2.5456388497072644	0.004366714
2.5468895093111734	0.005415074
2.5481407491024175	0.00540612
2.549393868860709	0.004200154
2.5506475711586036	0.003233357
2.551903158337425	0.003687742
2.5531593304186466	0.004641956
2.5544173923127875	0.005073979
2.555676041482711	0.004544607
2.556936585415745	0.004892803
2.558197719008586	0.005832351
2.5594607523330124	0.005332768
2.560724377711967	0.003597096
2.5619892514302944	0.002743099
2.5632560323667466	0.003251913
2.564523408969677	0.002892115
2.565792697805298	0.002625495
2.5670625847291095	0.003318246
2.568334388918767	0.003664981
2.5696067936292253	0.004134869
2.570881120657364	0.004688698
2.572156050649868	0.004219428
2.5734329080306546	0.003071487
2.5747103708303856	0.003178357
2.575989766107857	0.002674744
2.577269769269924	0.002935714
2.578551710018137	0.004457959
2.5798342611277283	0.004521141
2.5811180887336778	0.003923008
2.5824038616234386	0.003397161
2.5836902486104267	0.002281705
2.5849785860373933	0.002993049
2.5862675400664568	0.00358947
2.5875584497109307	0.003214008
2.5888499784737125	0.003147376
2.590143468046695	0.003076825
2.591437579265597	0.003476754
2.5927336565089414	0.003308787
2.594030357937279	0.00198926
2.5953290306238443	0.0005321276
2.5966283300460016	0.00142916
2.5979296059798105	0.002761986
2.599231511211395	0.00343528
2.6005347219495274	0.003815194
2.6018399171157873	0.004633937
2.603145745444625	0.004119072
2.604453563504521	0.002368901
2.6057620173184155	0.001086281
2.60707246618627	0.002915381
2.608383553411348	0.00447803
2.6096966410333566	0.004078749
2.611010369627683	0.003828757
2.612326103982073	0.004082992
2.61364248193581	0.004137736
2.6149608710330066	0.003828132
2.616279906368575	0.002196873
2.6176009582513586	0.002274965
2.6189226590236028	0.002528607
2.620245695198347	0.001071004
2.6215707560636274	0.001738852
2.622896469817412	0.00344008
2.6242242137168197	0.003609518
2.6255526131862603	0.003174325
2.626883048277119	0.002342118
2.628214141631832	0.002748384
2.6295472761045677	0.002830912
2.630881071547337	0.002734216
2.6322169136256446	0.004563733
2.6335534193925922	0.005048712
2.6348919773336053	0.003636436
2.6362312016943585	0.003963625
2.63757248378882	0.004503176
2.6389144350466838	0.004457816
2.640257752522832	0.003974291
2.641603136111243	0.004127057
2.6429491930018933	0.004684055
2.644297321617686	0.004481384
2.645646126311083	0.004025054
2.6469970083639813	0.004058518
2.6483485692826525	0.003958739
2.649702213216768	0.004447398
2.6510565388176976	0.004801211
2.6524129531117047	0.00435455
2.653770051886512	0.0032428
2.655129245053826	0.003113351
2.6564891255289402	0.004014383
2.657851106117895	0.004339899
2.659213776854735	0.003743987
2.660577845581126	0.004005346
2.661944023043917	0.003777832
2.6633108949390434	0.003809574
2.6646798813471344	0.002310828
2.666049565060674	0.000494723
2.6674213690860267	-0.0002719903
2.6687938733032808	0.001349233
2.6701685036535916	-0.0003141231
2.6715438370956686	-1.062813e-05
2.672921302514551	0.00395222
2.6742994739385506	0.004669446
2.6756797832057213	0.003147084
2.6770608014049215	0.002178243
2.6784439633363877	0.002343902
2.6798278371404307	0.003405588
2.6812131416980924	0.005600973
2.6826005988637576	0.004950806
2.683988772338168	0.003162217
2.6853791043669903	0.002801425
2.686770155679523	0.002813843
2.688163371516006	0.002989019
2.689557309625065	0.002478733
2.6909534182508534	0.003411525
2.692350252152063	0.002815129
2.6937492625861394	0.001826689
2.6951490013125374	0.00267168
2.6965509226114155	0.00377644
2.6979535752336496	0.003836565
2.6993584164915685	0.003675795
2.7007639921180906	0.00390991
2.7021710322941863	0.003933255
2.7035802702444767	0.00349604
2.7049902471576637	0.003622305
2.7064024279677463	0.003530033
2.707815350821849	0.00279153
2.7092304837195567	0.002655975
2.7106463617569	0.001666753
2.712064456008687	0.002147132
2.7134832985102975	0.004232608
2.714904363421442	0.004173433
2.7163261797072504	0.004324418
2.717750224622056	0.003689234
2.7191750240511032	0.003083396
2.720602058353105	0.002054122
2.722029850323745	0.00203787
2.723459141712745	0.001495461
2.7248906773860235	0.0005835184
2.726322975487085	0.00252917
2.727757524178161	0.004734763
2.729192838488824	0.004708576
2.7306304097201703	0.003994974
2.7320687497780196	0.004066369
2.7335093531122783	0.002855589
2.734950728495151	0.002627086
2.736394373535345	0.003813929
2.7378387938615463	0.002947751
2.739285490251294	0.001147
2.74073296517981	0.001844526
2.742182722603538	0.003186439
2.7436332618342503	0.003121878
2.745085336467855	0.003439961
2.7465397032913157	0.003924035
2.747994856852826	0.004128119
2.749452309100027	0.003676457
2.750910551392511	0.002855525
2.7523710988924184	0.00264123
2.753832439760604	0.002890454
2.755296092383976	0.002217724
2.7567605417144736	0.003295374
2.758227309374084	0.004238805
2.7596948770956087	0.004079263
2.76116476974647	0.003644193
2.762635465830067	0.002540119
2.7641084934696556	0.002010743
2.7655823279289247	0.002490243
2.767057734936345	0.00209096
2.7685354834887312	0.002962206
2.770014043971203	0.003294582
2.7714949526919668	0.003032923
2.7729766767704693	0.003261119
2.7744607558075014	0.003495792
2.775945653646371	0.004367971
2.7774329131910567	0.004766965
2.77892099499822	0.004844724
2.780411445285673	0.00418915
2.78190272131288	0.003668266
2.783396372622179	0.00416209
2.7848908531652374	0.003930521
2.7863877158196604	0.002566126
2.787885411218674	0.002092743
2.7893847175190096	0.003026258
2.790886416225544	0.003821851
2.7923889529742154	0.00382961
2.7938938890276526	0.003929126
2.7953996666765435	0.004150826
2.7969078505567384	0.004251163
2.798416879602871	0.005100288
2.799928321834961	0.005345028
2.8014406128207368	0.004204345
2.802955323975387	0.003412103
2.8044708874888347	0.003584609
2.8059888781824824	0.003788077
2.807507724857505	0.004100578
2.8090290057526106	0.004129275
2.810551146269232	0.003842138
2.8120749372977594	0.003936727
2.813601173159145	0.004355484
2.8151282741349393	0.003520695
2.8166578270555194	0.003622354
2.8181882487750043	0.004123144
2.8197211295802846	0.003837607
2.8212548828868886	0.003808151
2.8227911024495334	0.004113744
2.8243281982339474	0.003882211
2.825867767474036	0.004121251
2.8274082166744705	0.004788483
2.828951146559755	0.004669745
2.8304949601621985	0.004680397
2.832041261708367	0.0050381
2.833588450746849	0.005043961
2.8351373312171866	0.003945007
2.8366887105746366	0.003316055
2.8382409831212647	0.003505584
2.839795761888805	0.004229761
2.8413514376670004	0.004432478
2.8429096270301573	0.0044141
2.844468717244165	0.00470556
2.8460303284375916	0.004777082
2.8475928443408933	0.004991157
2.8491578886486413	0.005201072
2.8507238415442258	0.004921189
2.852292330300015	0.004611833
2.853861731540652	0.004688083
2.8554336761281465	0.004048314
2.8570065371166575	0.003510887
2.858581131820896	0.003855478
2.8601582811592796	0.003970939
2.861736352808594	0.00488683
2.8633169866566566	0.005689709
2.864898546780212	0.006097285
2.866482676698592	0.005568796
2.8680677368765823	0.004240707
2.8696553744771127	0.004387086
2.8712439463410444	0.004228711
2.8728351032870405	0.004103265
2.874427198520015	0.004512223
2.8760218865265563	0.004493379
2.877617516863558	0.004884904
2.879215747697779	0.005168139
2.8808149249259634	0.004774368
2.8824158795749706	0.005485959
2.884019446366323	0.0064216
2.88562396568416	0.005797942
2.8872311049491186	0.005059865
2.888839200854634	0.005011527
2.890449924544805	0.004762233
2.8920616090100446	0.004296534
2.893675929130404	0.004649414
2.895291214180905	0.005093137
2.8969091427901	0.005114903
2.89852804050519	0.00496553
2.9001495897158374	0.00468429
2.901772112228938	0.00481266
2.9033972942079256	0.005267216
2.9050234537068533	0.005350406
2.906651435813143	0.004631948
2.9082820894029178	0.004792032
2.909913726877826	0.005089176
2.9115480438910044	0.005201363
2.9131833490596684	0.005656592
2.9148213418554936	0.005963173
2.9164603270985245	0.005658905
2.9181020080918967	0.005315252
2.919744685845691	0.005070666
2.921390067507482	0.004972398
2.9230364502645347	0.004997626
2.9246855451219025	0.004992473
2.9263356454311267	0.004798295
2.9279884660678346	0.004660789
2.929642296534878	0.004555425
2.9312979963405676	0.005021024
2.9329564288791796	0.004737377
2.934615877856592	0.00456837
2.936278067882051	0.004437046
2.9379412787800727	0.004040995
2.939607239076787	0.003797377
2.9412742247021737	0.003647221
2.9429439681126133	0.003426828
2.944614741330318	0.003995726
2.9462882807553457	0.005020566
2.9479628544888485	0.005053304
2.9496402028880517	0.004440594
2.9513185901196937	0.003753432
2.952999760511719	0.004278899
2.954681974283039	0.00474759
2.9563661057356163	0.004530213
2.958053033158	0.004274566
2.959741010822589	0.003858303
2.9614317930433005	0.004399189
2.963123630110907	0.005070943
2.9648182803579606	0.00532212
2.966513990079977	0.005524855
2.9682125216419797	0.005194811
2.969912117330536	0.004284181
2.9716145435570347	0.003869885
2.973318038585343	0.004533671
2.975024372887175	0.004803641
2.976731780689881	0.004510391
2.9784420365395268	0.0045361
2.980153370613065	0.004596002
2.9818666723918508	0.004945131
2.9835828354479474	0.00481533
2.9853000838570796	0.003729195
2.987020202412437	0.003835769
2.9887414111043697	0.004805743
2.990465498850017	0.004229205
2.992190681540248	0.003684639
2.9939187522304698	0.004771498
2.9956479226979047	0.004985658
2.9973799901506095	0.004216125
2.999113162237926	0.004324778
3.000849240335015	0.004427317
3.0025864279490353	0.00393047
3.00432653063677	0.00394793
3.006067747748831	0.004475083
3.007810984345246	0.004264501
3.009557149684538	0.004191525
3.011304436855957	0.004159145
3.01305466193376	0.004102179
3.014806013814444	0.004016102
3.0165603128052383	0.003958198
3.0183157435952848	0.004666772
3.020074130739613	0.005242525
3.021833654705343	0.004859145
3.0235961443101966	0.004646826
3.0253597757845365	0.005277395
3.027126382223745	0.005126524
3.0288941356066195	0.004564685
3.0306648733212387	0.004507784
3.032436763079961	0.004529769
3.034210725934916	0.004284991
3.0359876872483356	0.004140039
3.037765808305434	0.004162266
3.039546937291715	0.004242985
3.0413292311884663	0.004661507
3.043114542527069	0.005235485
3.044901023969765	0.005839407
3.0466905324091704	0.006010429
3.04848121617329	0.005557244
3.0502749365314044	0.005031461
3.0520698374620205	0.004978456
3.0538677846265854	0.005545875
3.055666917638776	0.005343254
3.0574691065677797	0.006158728
3.0592724866470404	0.006908068
3.0610779953489984	0.006279313
3.0628865745717935	0.005562406
3.064696352950046	0.005432206
3.0665092116403465	0.005984597
3.068323274858251	0.006150305
3.070140428223187	0.005471718
3.071958791515987	0.005963649
3.073780254834826	0.006779752
3.075602933510078	0.006231302
3.0774287221346524	0.006058336
3.079255731572656	0.006377617
3.081085860927795	0.006470908
3.0829172165820253	0.005777697
3.084751702165989	0.005527886
3.0865874195635317	0.006144896
3.088425323111057	0.006397331
3.0902663716904404	0.006165379
3.092108660408857	0.00601658
3.093954104284817	0.00598854
3.0958007938871557	0.006023286
3.0976506488184166	0.006161978
3.099501755092869	0.006885655
3.1013560369135798	0.007189752
3.1032115757239485	0.00717994
3.105070300344135	0.007850816
3.1069302876302856	0.008159246
3.108793471036304	0.007791579
3.1106579228146227	0.00752758
3.1125255810696197	0.007458583
3.114394513433474	0.007486141
3.1162656915663565	0.007526718
3.118140091798044	0.008296265
3.1200157747997572	0.008926697
3.1218946903751674	0.009188014
3.12377489453355	0.00943411
3.125658341788239	0.009893041
3.1275430834697464	0.01012743
3.129431078818164	0.01076603
3.131320374468341	0.0115951
3.133212934404307	0.01195046
3.135106800548267	0.01179332
3.1370039416454527	0.01178933
3.13890239488836	0.01156596
3.1408041338007684	0.01186978
3.1427071908283235	0.01242732
3.144612555431658	0.01305788
3.146521221869707	0.01342522
3.1484312154361285	0.01359333
3.1503445216768906	0.0137895
3.152259161095574	0.01376527
3.1541771240780734	0.01396281
3.1560964263204556	0.0146754
3.1580190630662726	0.01480352
3.1599430451865533	0.01464323
3.1618703728003266	0.01537616
3.163799051935976	0.01631744
3.1657310876059097	0.01628161
3.167664480978175	0.01630761
3.1696012419765505	0.01630078
3.1715393668909684	0.01680414
3.1734798634768966	0.01702468
3.175423744421574	0.01709503
3.17736899866487	0.01757655
3.179317648487646	0.01827024
3.1812676779068276	0.01885971
3.183221114178321	0.01874837
3.185175936378022	0.01881485
3.1871341767552743	0.01934482
3.1890938094267702	0.0202211
3.191056871653778	0.02047791
3.193021332575523	0.02070778
3.1949892344837747	0.02115635
3.196958541521938	0.02151291
3.1989313010309517	0.02172449
3.200905472139959	0.02204757
3.2028820814121377	0.0225694
3.204862160480909	0.02292696
3.206843660919896	0.02347957
3.2088286427745842	0.02428787
3.2108150525578316	0.02440939
3.212804955430363	0.02410129
3.2147962928255067	0.02481549
3.2167911350383185	0.02580158
3.2187874184037386	0.02580348
3.2207872183703397	0.02576257
3.222788466155726	0.02593097
3.2247932423812644	0.02604658
3.226799473128182	0.02654947
3.2288092442100185	0.02699968
3.230820476552482	0.02784851
3.2328352611807607	0.02845311
3.2348515138458116	0.02855574
3.23687028307078	0.02836064
3.238892622612329	0.02835524
3.2409164404236916	0.02890219
3.242943840644334	0.02976977
3.244972726004238	0.02997611
3.247005205923447	0.0299448
3.249039177889119	0.02988397
3.251076756621793	0.02988418
3.253115834346137	0.03052163
3.2551585311032025	0.0309102
3.2572027338353986	0.03118687
3.2592505679244113	0.03142503
3.261299915010524	0.03195383
3.2633529058362782	0.03211299
3.2654074167198655	0.03155037
3.267464516152221	0.03145861
3.269525278007735	0.0313633
3.271587570584502	0.03113477
3.2736535381156395	0.03090383
3.2757210435267985	0.03134985
3.277792236483532	0.03153526
3.279864974518729	0.03125297
3.2819414127510647	0.03141623
3.2840194033002423	0.03152307
3.286101106758853	0.03189242
3.288184369812889	0.03251809
3.2902713585497536	0.0319135
3.2923599142011004	0.03132041
3.294452208370149	0.03146992
3.2965460768134793	0.03168799
3.2986426085665745	0.03173715
3.3007428982040987	0.03151622
3.302844773231632	0.03102613
3.304950419133812	0.03077376
3.307057657888854	0.0309255
3.3091686805715725	0.03095053
3.311281303611714	0.03058206
3.3133977236957635	0.03033917
3.315515751683785	0.03059827
3.3176375898955373	0.0303831
3.319761043600082	0.03031572
3.3218883207721666	0.03057794
3.324017221068419	0.03114372
3.326149958140403	0.031314
3.3282843260107753	0.03076142
3.3304214348587884	0.03089331
3.3325624005646692	0.03139813
3.334705008660229	0.03206503
3.3368514870845494	0.03216222
3.338999615681144	0.0327804
3.3411516281431886	0.03289777
3.343305298603969	0.03288975
3.345462866533093	0.03329956
3.3476221003315816	0.03355102
3.3497852452679258	0.03431438
3.3519500639887263	0.03499422
3.354118807583931	0.03528114
3.356289232923452	0.035731
3.35846359694138	0.03627386
3.3606396507085576	0.03666247
3.362818526170799	0.0370818
3.365001361143051	0.03767082
3.3671858979560847	0.03823368
3.36937440825362	0.03893349
3.3715646285108947	0.0401583
3.3737588362961124	0.04079665
3.3759547622061863	0.04076643
3.3781546897570296	0.04106871
3.3803563436443214	0.04198229
3.3825620133550314	0.04300957
3.384769417660576	0.04369359
3.386980852042451	0.04441948
3.3891940293246625	0.04473701
3.3914112510068253	0.04523978
3.3936302239422647	0.04633354
3.395852102490892	0.04751239
3.398078047056585	0.04839271
3.4003057554935343	0.04871533
3.4025375444498995	0.04912996
3.404771105750488	0.05024126
3.4070087621451344	0.05126991
3.4092481994055635	0.05228984
3.4114917464074437	0.05346078
3.413737082845596	0.05445235
3.4159865437458072	0.05480133
3.418237802702049	0.05541272
3.42049320091464	0.0563159
3.4227504058526295	0.05712557
3.425011764915413	0.05753244
3.4272749394229156	0.05746548
3.4295411068226604	0.05753501
3.4318114507879955	0.05795722
3.4340836233703125	0.05794166
3.4363599875741224	0.05785562
3.4386381892406384	0.05824953
3.4409205976603805	0.05828508
3.443204852439734	0.05837951
3.445493329180365	0.05819758
3.4477836612290518	0.0579213
3.450078230523877	0.05802022
3.4523746641271003	0.05787235
3.454675350338627	0.05740234
3.456977909911156	0.05721097
3.4592847375319593	0.05773579
3.461593447618995	0.05797427
3.463905241408216	0.05765839
3.4662213265506314	0.05705818
3.4685393079154148	0.05653793
3.4708615962700735	0.05637344
3.4731857900855134	0.05587003
3.4755143066070917	0.05513257
3.4778447378817976	0.0548896
3.480179507659005	0.05512846
3.4825162015359985	0.05483679
3.484857249792477	0.05417836
3.487200231550095	0.05395874
3.489547583645328	0.05386033
3.491896878698137	0.05364563
3.4942505601283647	0.05297465
3.496606194028076	0.05225593
3.4989650061511806	0.05177227
3.501328228863619	0.05173563
3.5036934184170243	0.05157477
3.5060630348060897	0.05118883
3.508434627688426	0.05095961
3.51081066373631	0.05088115
3.5131886859866284	0.05098839
3.515571167816493	0.050616
3.51795564561522	0.0499357
3.520344599492155	0.04937542
3.522735559162054	0.04901769
3.525131011494042	0.04867486
3.5275284795011794	0.0482276
3.52993045684007	0.04784185
3.5323344597947925	0.04758869
3.5347417393969236	0.04734503
3.537153553495203	0.04702285
3.539567408229636	0.04654149
3.5419858143468135	0.04603554
3.5444062711889033	0.04578765
3.5468312963881194	0.04570037
3.549258382460985	0.04547578
3.5516900539537235	0.04490875
3.554123796529256	0.04437197
3.556562141676364	0.04421199
3.5590025681762536	0.04449231
3.5614476144889657	0.04449976
3.563894752485728	0.04431954
3.5663465276267035	0.04429165
3.568800404844718	0.04430844
3.5712576612404976	0.04426444
3.573719580945642	0.04415836
3.5761836184326516	0.04380331
3.578652336788403	0.04355386
3.581123183475265	0.0436639
3.583598728682515	0.0436272
3.5860764128334197	0.04353457
3.588558813249246	0.043899
3.5910433632850287	0.04415948
3.5935326474237783	0.04462222
3.596024091923006	0.04498684
3.598520288457386	0.04543442
3.6010186561574535	0.04590176
3.6035217939196333	0.04629823
3.6060271137178677	0.04674055
3.60853591954697	0.04697714
3.611049522655364	0.04734767
3.613565324227149	0.04790707
3.6160859413449167	0.04817797
3.618608767961417	0.04861191
3.6211364284876253	0.04888301
3.6236663096147463	0.04914525
3.6262010431129923	0.04969143
3.628738008381659	0.05043
3.631279844581223	0.05070669
3.6338239237885377	0.05097846
3.6363728925855447	0.05148748
3.638924115695953	0.05183175
3.6414802471545475	0.05167848
3.644038644301015	0.05209184
3.646600638884432	0.05210152
3.6491675701397375	0.05198613
3.6517367842732846	0.05211046
3.6543109540894294	0.05233929
3.656887418332562	0.05266622
3.6594688573711034	0.05281182
3.6620526024559923	0.05256673
3.664641341551902	0.05246796
3.6672323983846575	0.05278968
3.6698284685475517	0.05326927
3.6724268682094534	0.0535872
3.675030300624829	0.05377812
3.67763607437357	0.05402824
3.6802469004040543	0.0544829
3.682860079674995	0.05502245
3.6854769725870535	0.05563968
3.6880989472690366	0.0564912
3.6907232931881055	0.05725702
3.693352740670868	0.05765183
3.6959845714820045	0.05811228
3.6986215237580953	0.05888896
3.7012608715284947	0.05933166
3.7039053607733456	0.06024218
3.7065522577536436	0.06123282
3.7092043163268786	0.06190509
3.7118587949524655	0.06283504
3.7145184553992197	0.06400111
3.7171805482915654	0.06470153
3.719847843343816	0.06532597
3.722517583311805	0.06598008
3.7251911581842823	0.0667548
3.7278699659309966	0.06774103
3.7305512374424983	0.0685873
3.733237762446615	0.06949803
3.7359267638804625	0.0703333
3.738621039538535	0.07144018
3.741317804370233	0.07234513
3.744019864271792	0.07278352
3.7467244261704202	0.07349396
3.749434304099369	0.07410716
3.7521466969289805	0.07477777
3.7548644268650038	0.07555811
3.7575846846860386	0.07628535
3.7603103008060224	0.07705346
3.7630384578767355	0.07775059
3.7657705764528626	0.07839955
3.768508085334097	0.07867711
3.7712481549168406	0.07915045
3.77399363629193	0.08000361
3.776741691640371	0.08066869
3.7794951803877455	0.08158837
3.7822512564638675	0.08259606
3.7850127876657034	0.08335784
3.7877769196358737	0.08390215
3.790546528579584	0.0846739
3.7933187518160514	0.08481494
3.7960964739957905	0.08442141
3.798876824078193	0.0849946
3.8016626951963715	0.08567353
3.8044512079132584	0.08649401
3.807243814370975	0.08705825
3.810041975232441	0.08719395
3.8128427983978432	0.08768111
3.81564919837026	0.08838523
3.818458274560896	0.08882912
3.821272950087679	0.08908989
3.824090315835443	0.08940115
3.8269133035752554	0.0897018
3.82973899562797	0.08976582
3.832570332456313	0.08999681
3.835404387779328	0.09069594
3.838244110790148	0.09126581
3.841086566567951	0.09151947
3.843934713075259	0.09197674
3.8467856067131025	0.09211721
3.8496407322786603	0.09238452
3.852501583378151	0.09315491
3.8553652033242503	0.09343987
3.8582345721738722	0.09377764
3.86110672446486	0.09445196
3.863984649161786	0.09535892
3.866865371988582	0.09629513
3.869751890857518	0.09695292
3.8726412226393054	0.09748868
3.875536374234194	0.09821992
3.8784343536201304	0.09936896
3.881338176725866	0.09995499
3.8842448425968037	0.1004981
3.8871573762309652	0.1013488
3.8900727677011924	0.102297
3.8929925355761124	0.1032923
3.8959182075347836	0.1044935
3.8988467601168253	0.1055182
3.90178124117222	0.1067346
3.904718618166938	0.1078275
3.9076619481648645	0.1085917
3.9106081895174585	0.1097213
3.9135604085443982	0.1109391
3.9165155544415247	0.1122267
3.9194767028264526	0.113196
3.92244079369805	0.1135846
3.9254109120142697	0.1134937
3.928383988535404	0.1143847
3.931363117602403	0.1150621
3.934345220695128	0.1151379
3.937331851321624	0.1152051
3.940324572415679	0.1151953
3.943320291458689	0.1157193
3.9463221264362143	0.1165565
3.9493269754434794	0.1167079
3.9523379660004077	0.1168046
3.9553519867733034	0.1166285
3.958372174860299	0.1164342
3.961395409455772	0.1164894
3.9644248372801822	0.1161394
3.9674573280127086	0.1163798
3.970496038040528	0.1169403
3.9735378274840873	0.1168486
3.9765858624419423	0.1163495
3.979636993432007	0.1161134
3.9826928101243237	0.1158047
3.9857549119447095	0.1155683
3.9888201349258297	0.1161689
3.991891669640626	0.1168545
3.994966342408565	0.1168295
3.9980473536724666	0.1164702
4.001131519993854	0.1163142
4.004222051731346	0.1159303
4.007315755643503	0.115779
4.010415852050946	0.1158588
4.013519137863981	0.115955
4.016628843411724	0.1160311
4.019741755710646	0.1165944
4.0228611151451465	0.1168285
4.025983698792004	0.1164974
4.02911113376367	0.1167898
4.032245057274009	0.1174532
4.0353822314049586	0.1171845
4.038525921884409	0.11676
4.041672880738721	0.1168828
4.0448263839171235	0.1172879
4.047983173343545	0.1175727
4.05114653523667	0.1172051
4.054313201370844	0.1170737
4.057486468282629	0.1172816
4.060663057549341	0.1178002
4.063846276074146	0.1177797
4.067032835189595	0.1172053
4.070226052214488	0.1169556
4.073422628188573	0.1170842
4.076624229008442	0.1171151
4.079832531034266	0.1175697
4.0830442197772046	0.1175225
4.086262638810341	0.1166029
4.089484463230628	0.1158945
4.09271304720085	0.1157545
4.09594505535465	0.1156836
4.099183852494968	0.1152454
4.102426092742727	0.1150556
4.105675151591791	0.1148696
4.108927672600643	0.1139843
4.112187042005169	0.1136129
4.115449892751376	0.1131318
4.118719621868589	0.1122751
4.121992851639996	0.1115839
4.125271288153087	0.1111482
4.128556648338628	0.1103396
4.131845538391869	0.1097338
4.13514138255144	0.1092025
4.138440776222506	0.1085023
4.141747154619705	0.1074888
4.145057102306641	0.1070915
4.148374065526887	0.1064801
4.151694617950682	0.1053065
4.155022216903793	0.1039086
4.158353425110966	0.102655
4.161691711033768	0.1021171
4.165033626398983	0.1015598
4.168382650857936	0.1010151
4.171735325086647	0.1005813
4.175093396839287	0.099761
4.178458625111618	0.09870029
4.181827533905213	0.09788536
4.18520363108267	0.09712934
4.188583429461323	0.09605381
4.191970448285128	0.09477196
4.195361189133175	0.09389091
4.198759182686333	0.09306862
4.202160919231106	0.09227294
4.2055699409411815	0.09141553
4.208982726755788	0.09033301
4.21240283039771	0.08926249
4.215826719403848	0.08819832
4.219257959102732	0.08686126
4.222693005573532	0.08540858
4.226133649786221	0.08419159
4.2295816943704265	0.08338463
4.233033578115555	0.08248112
4.236492895613238	0.08165499
4.239956074055073	0.08142339
4.243426719839633	0.08131691
4.246901248504029	0.08074137
4.250383278312122	0.08032738
4.253869213089496	0.08005116
4.257362683024022	0.07990941
4.2608600801723435	0.07921355
4.264365046705459	0.07788028
4.267873962853279	0.07686752
4.271390482829438	0.07607426
4.274910974978946	0.07542679
4.278437275114641	0.07456385
4.281971231148086	0.07380342
4.285509193488597	0.07295941
4.289054846717757	0.07267035
4.29260452921289	0.07263546
4.296161937809619	0.07238206
4.2997233987937555	0.07280479
4.303292621316274	0.07343777
4.3068659195115675	0.07304498
4.31044701490768	0.07197648
4.314032209427283	0.07123835
4.317625237037626	0.07082579
4.321222387388945	0.06988712
4.324827406950257	0.06953364
4.328436573038255	0.06946467
4.332051768018628	0.06908657
4.335674886817207	0.0685342
4.3393021881365215	0.06798476
4.342937449974789	0.06785491
4.346576918546452	0.06772318
4.350224384573757	0.06690198
4.353876081720513	0.0662054
4.357535813497467	0.06579852
4.361199800954841	0.06609707
4.364871860456793	0.06629368
4.368548200376568	0.06622777
4.372232649997092	0.06628571
4.375921404950829	0.0662865
4.379618307505264	0.06596377
4.383319540487846	0.06593395
4.387027034615398	0.06542031
4.390742733650082	0.06481189
4.3944628010921125	0.06485844
4.398191111959473	0.06496485
4.401923816784888	0.06455002
4.405664803804733	0.06404804
4.409410210518471	0.06386973
4.4131639384487205	0.0642969
4.416922111995477	0.0636448
4.420688646035902	0.06316774
4.424459651803875	0.06308573
4.4282390575998765	0.06258596
4.4320229614245585	0.06268666
4.43581530507098	0.06203241
4.439612173238994	0.06069609
4.44341554688892	0.06050844
4.44722742053694	0.06030046
4.451043858805766	0.05967553
4.454868837524251	0.05905104
4.458698407843386	0.0580944
4.462536559330762	0.05736959
4.466379329596463	0.05710134
4.470230722018255	0.0569946
4.474086760595644	0.05710273
4.477951462588506	0.05613065
4.481820838315625	0.05487145
4.485698918991418	0.05412669
4.48958170118332	0.05339686
4.493473230133231	0.05287527
4.497369488586126	0.05336659
4.501272509738503	0.05368099
4.505184340880268	0.05380234
4.5091009438901	0.05292678
4.513026399399226	0.05174192
4.516956655283936	0.05082987
4.520895806462259	0.05034811
4.524839786735251	0.05097197
4.5287927053830135	0.05035692
4.532750482058013	0.0490378
4.536717240478224	0.04845827
4.540688886073661	0.04849505
4.544669557076505	0.04830499
4.548655144619941	0.04787242
4.552649801527232	0.0472337
4.556649404559839	0.04646325
4.560656041250222	0.04636996
4.564671813790604	0.0460127
4.56869257724517	0.0471676
4.572722521252872	0.04826102
4.576757486316639	0.04698082
4.5808016769398785	0.04504679
4.584850918987518	0.04403711
4.588909431906779	0.04400957
4.5929730268473055	0.04423521
4.597045938280061	0.04322442
4.601123962561575	0.0430451
4.605211349267058	0.04334496
4.609303879881541	0.04369073
4.613405819165564	0.04448767
4.617512933653727	0.04421717
4.621627367428619	0.04479966
4.625751279829735	0.0467831
4.629880414818766	0.04577491
4.634019075476122	0.04215665
4.638162990613286	0.04024569
4.642316478784381	0.04081642
4.646475253569771	0.04155216
4.650643649081033	0.0412389
4.654817363585923	0.04026541
4.65900074683782	0.03953555
4.663189481709805	0.0390282
4.6673879336820185	0.03984854
4.6715917701502105	0.03999248
4.675805372406857	0.03957608
4.680024392287133	0.04015956
4.684251032760246	0.04008665
4.688487512682359	0.03946964
4.692729460392425	0.03934912
4.696981297090173	0.03939697
4.701238635343254	0.0384028
4.705505912468179	0.03839057
4.7097787251759335	0.03939539
4.714061526988238	0.03958587
4.718349898673435	0.04049655
4.7226483100475285	0.04124157
4.726952325849623	0.04151641
4.731266432279727	0.04185
4.735586177960488	0.04200727
4.739916065566311	0.04165702
4.7442516275155215	0.04153664
4.748597383047982	0.0417449
4.7529488482892	0.04237097
4.757308295936926	0.04231627
4.7616780153326035	0.04258386
4.766053497997304	0.04257859
4.770439304985157	0.04170093
4.774830911300353	0.04110894
4.7792328948865075	0.04140332
4.783640714140155	0.04177325
4.788058963988529	0.04313268
4.792483086129068	0.04387259
4.7969176925674635	0.0445307
4.801358208209938	0.04472755
4.805809262236191	0.04543026
4.810266262668437	0.04593521
4.814733855956644	0.04669851
4.819207433145545	0.04714915
4.823689331253359	0.04678286
4.828181904650167	0.04640627
4.832680518739927	0.04539943
4.837189863571898	0.04458949
4.841705287335842	0.04402345
4.846231497693921	0.04486123
4.850763825525786	0.04581787
4.855306996206063	0.046423
4.85985632320766	0.04698624
4.864416549717986	0.04700037
4.8689829717058535	0.04676239
4.8735603502725295	0.04770704
4.878143963784659	0.0490631
4.882738591359213	0.04727337
4.8873394936618535	0.04632998
4.891949074810132	0.04790286
4.896569757022415	0.04777035
4.901196774228331	0.04669526
4.905834951032409	0.04573394
4.910479503413029	0.04625044
4.9151352743530206	0.04725743
4.919797461778093	0.04655553
4.924470927154764	0.0460164
4.929150850253876	0.04500634
4.933842111131833	0.04348221
4.938539871301651	0.04256024
4.943246585946746	0.04332762
4.947964728928227	0.04360544
4.952689434179995	0.04243737
4.957425628700719	0.04147657
4.962168427905647	0.04148587
4.966922777761497	0.04069888
4.971683775059151	0.04077579
4.976456384843306	0.04189448
4.981235685173949	0.04147748
4.986026660284552	0.03988061
4.990824369396864	0.03878517
4.995633816044776	0.03950895
5.000450040503646	0.04040097
5.005278065720302	0.04058162
5.010112912914718	0.04019722
5.01495710957932	0.03991053
5.0198132027111	0.03936768
5.024676184743274	0.03837599
5.02955112765051	0.03828504
5.034433004534514	0.03867162
5.0393269071836615	0.03990094
5.044227789256198	0.04050605
5.0491407624707465	0.04010727
5.05406076092928	0.03868148
5.058992916398118	0.03714162
5.063932143309279	0.03848392
5.068883593595162	0.03971571
5.073842161903259	0.03903465
5.078813020451364	0.0381452
5.083791043986993	0.03936003
5.088778835565272	0.04147412
5.093779018622347	0.04235562
5.09878643783993	0.04365829
5.10380631667485	0.04510404
5.1088334796162655	0.04677713
5.11387317083149	0.04864125
5.118920194498491	0.04996929
5.123979815618711	0.05187653
5.129046817939354	0.05494693
5.13412648742062	0.0571636
5.139213587258451	0.05940864
5.144313424497426	0.06217679
5.149420741660771	0.06545123
5.154540867004083	0.06870026
5.159668522255457	0.07123423
5.16480638948528	0.07435492
5.1699571720747866	0.07801031
5.175115560330462	0.0813603
5.18028693609339	0.08409871
5.185465968564668	0.0866684
5.190658061247689	0.08903129
5.195857862112324	0.09048982
5.201070796455574	0.09198137
5.20629149088925	0.09372779
5.2115253926363225	0.09464636
5.216767106822696	0.09501011
5.222022102730752	0.0941786
5.22728496387162	0.09235308
5.232561181721618	0.09059787
5.2378453180472055	0.08882195
5.24314013760097	0.08614112
5.248448427433639	0.08214019
5.253764716451691	0.07884964
5.2590945522091355	0.07595549
5.264432441538478	0.07267294
5.2697839546672105	0.06923983
5.275143576220286	0.06638912
5.280516899238233	0.0637734
5.285898386003787	0.06138124
5.2912936525112215	0.0584431
5.296697138565305	0.05606993
5.302114483255923	0.05410067
5.307540103773024	0.0517836
5.31297966244515	0.05002
5.31842755370947	0.04841299
5.3238866288990145	0.04651047
5.329359762694269	0.04482276
5.334841315145081	0.04317518
5.340337007307183	0.04144151
5.345841176127825	0.03983691
5.351359566411443	0.03849365
5.356886491860746	0.03801607
5.362427721177353	0.03796506
5.367977544676336	0.03826852
5.373541755106208	0.03853868
5.37911461925013	0.03871597
5.384701954054492	0.03922413
5.390298002625075	0.03947429
5.3959086062583905	0.03928908
5.401527984236181	0.0392062
5.407159078620093	0.03992293
5.412804855935493	0.04018397
5.418459499453549	0.04004713
5.424128912017374	0.03996508
5.429807252702144	0.04026832
5.435500449244112	0.04017687
5.441202636371502	0.03994587
5.446919766871834	0.03977618
5.45264595097417	0.03934722
5.458387166676765	0.03857786
5.464137499556039	0.03782061
5.469902952981808	0.03698999
5.4756775877230925	0.03629656
5.481467432683469	0.03594064
5.4872665236685005	0.03518803
5.493077897886978	0.03382807
5.498904618200054	0.03256327
5.50474068267592	0.03124149
5.510592184767952	0.0301381
5.516453097185009	0.02923895
5.52232953949294	0.02835995
5.52821545888058	0.02747429
5.534117001194816	0.02672021
5.540028087942406	0.02583718
5.545954891421295	0.02494143
5.551891307292742	0.02406652
5.557843534477248	0.02329368
5.56380544262576	0.02261858
5.569783257454319	0.02215285
5.575770822437348	0.02130165
5.581771274642125	0.02080927
5.587787778055305	0.02071282
5.593814136575209	0.02030997
5.599856643669922	0.01977053
5.605909076639504	0.01943549
5.611977756364965	0.01911414
5.618056433376873	0.01884885
5.624151456149053	0.01871013
5.6302565482698785	0.01853183
5.636378085987457	0.01799347
5.642509765773777	0.01740436
5.6486579918343	0.01745953
5.654816433348941	0.01747463
5.660991522665195	0.01772525
5.667176901493698	0.01788172
5.673375811789162	0.01758993
5.67959152377761	0.01760772
5.685817637633745	0.01769412
5.692060656875183	0.01744558
5.698314153757611	0.01762576
5.70458466060003	0.01763856
5.710865721556462	0.01751027
5.717163897939478	0.01837319
5.723472705617188	0.01939755
5.729798735089632	0.02037505
5.736135473753165	0.02138933
5.742489541490922	0.02222736
5.74885439704003	0.02324579
5.755236689864107	0.02497342
5.761629849851927	0.02599317
5.768037229219492	0.02717348
5.774462209898237	0.02912056
5.780898178149939	0.02966716
5.787351858260808	0.02895712
5.79381660716417	0.02816702
5.800299179431675	0.02771096
5.806792902473171	0.02774031
5.813304561351291	0.02757129
5.819827453755652	0.02722053
5.826368395447275	0.02820509
5.832920654197049	0.03034332
5.839491076673686	0.03295106
5.8460729005290695	0.03691335
5.852673003550817	0.04194019
5.859284593069756	0.04841856
5.865911137312181	0.05656176
5.872556135764102	0.06548193
5.879212749895938	0.07405968
5.8858879362252265	0.08382241
5.892574825388277	0.09140725
5.8992804057761035	0.09441148
5.905997776982437	0.09249358
5.9127339594918595	0.08567964
5.919482021645178	0.07879756
5.9262490162426635	0.07599031
5.933027980159954	0.07713881
5.939825998737193	0.08265539
5.946636077170686	0.09136369
5.953465333566709	0.09968463
5.96030674122613	0.1069161
5.9671638905431195	0.1133373
5.974040404824874	0.1207469
5.980929209123788	0.1286184
5.9878375044609395	0.1361545
5.994758183444396	0.1438171
6.00169848067003	0.1510103
6.008651256078502	0.1570119
6.01562377807642	0.1624636
6.022608873711914	0.1675841
6.029613845440497	0.17203
6.0366314871905695	0.1752863
6.043669135706964	0.176416
6.050719551569073	0.1768986
6.057790106053731	0.1788194
6.064873526159922	0.1790822
6.071973531052984	0.1773933
6.07909387458343	0.1760526
6.086227232945478	0.1752467
6.093381064818341	0.1747348
6.1005480122279385	0.175615
6.107735569253171	0.1778472
6.114936343512665	0.1822977
6.122157864738268	0.1902554
6.129392705900092	0.2000862
6.136648432638624	0.2111934
6.143917583031974	0.2240995
6.151207758887419	0.2384015
6.158511463145312	0.2533537
6.16583633404035	0.2684541
6.173174839127063	0.2820319
6.180530833432222	0.2923543
6.187908208569634	0.2993882
6.195299378549519	0.3016915
6.2027120738271595	0.297198
6.210138672396555	0.2865262
6.217586942072608	0.2715643
6.225049224576743	0.253988
6.232533325355691	0.2350243
6.2400315495995144	0.2160693
6.2475517406616285	0.198097
6.255086166939493	0.1816662
6.262642709970754	0.1671737
6.270213601096534	0.1544624
6.277806760318988	0.1431229
6.285414381656647	0.1331254
6.293040463620877	0.1241889
6.300689043353781	0.1160375
6.308352258390109	0.1083654
6.316038126132545	0.1012399
6.323738746116434	0.09458892
6.331462175211819	0.08821543
6.339200474679331	0.08177067
6.346961741149321	0.07616103
6.35473799732974	0.07200079
6.362537379907106	0.06778403
6.370351872756044	0.06374282
6.378189652918054	0.06047661
6.386042665151046	0.05738262
6.393919127153311	0.05431713
6.401810944279918	0.05110468
6.409722266734182	0.04709738
6.4176572855491685	0.04443163
6.425607846438254	0.04324301
6.433582270076637	0.04152287
6.441572362047286	0.0400338
6.449586484762529	0.03835631
6.457616403378883	0.03663932
6.465670522361521	0.03498111
6.47374056614156	0.03326365
6.481834981555939	0.03164132
6.489945452008476	0.02999095
6.498080467030039	0.02915001
6.506231668692274	0.02933783
6.514407589545418	0.02873307
6.522599830021048	0.02767457
6.530812700863308	0.0270896
6.53905055601547	0.02640586
6.547304932870483	0.02536277
6.555584472967064	0.0241851
6.563880671274949	0.02322395
6.572202213517706	0.02200722
6.580540551923097	0.02170455
6.588904416740298	0.02145971
6.597285217133149	0.02079769
6.605691728220704	0.02033957
6.614115315777708	0.01998663
6.622564800140928	0.01945336
6.63103150336757	0.01816377
6.639524291363572	0.01738168
6.648034442136838	0.01810042
6.656566436526976	0.01856281
6.6651248011293385	0.01831557
6.673700747254272	0.01772656
6.682303256286377	0.01714073
6.690923494642578	0.01734599
6.6995704905358515	0.0176041
6.708235365146022	0.01742182
6.71692719388276	0.01749619
6.725637052341598	0.01764265
6.7343740635011065	0.01781501
6.743129257021789	0.01824316
6.751911803827254	0.01867833
6.760712687288643	0.01924603
6.76954112665473	0.01983024
6.778388058649325	0.02058419
6.787258144540092	0.02149296
6.79615609411317	0.02334341
6.80507277344824	0.02601444
6.814017524290269	0.02885231
6.822981165160494	0.03227124
6.8319730874916145	0.03714616
6.840984061875332	0.0436501
6.850023529830826	0.05181824
6.859082213645321	0.06226297
6.868169605327502	0.07617138
6.877276378481277	0.09133223
6.886412076012217	0.101853
6.8955673224581036	0.1038331
6.904751712033187	0.09693217
6.913955819822312	0.08534312
6.92318449871298	0.07377472
6.932442653101263	0.06460216
6.941720783164938	0.05856766
6.951028613214183	0.055255
6.960356592988972	0.05397527
6.969714499584954	0.05517309
6.979092731903037	0.05749157
6.988501120256729	0.06008834
6.997930012302361	0.0632391
7.007389292008423	0.0670774
7.016869255376852	0.07108195
7.026379840473072	0.07526897
7.03591129123044	0.07970986
7.045473600258146	0.08456589
7.055056959002359	0.0906615
7.06466642411312	0.09724963
7.074307106990406	0.1045882
7.083969119561814	0.1128081
7.093662592776239	0.1220153
7.1033775850078955	0.1324014
7.113124283352728	0.1440759
7.122892692197014	0.1568187
7.132693055253407	0.1699753
7.142515322480995	0.182351
7.152369794684073	0.1933385
7.16224636695053	0.2015085
7.17215539765657	0.2057886
7.182086726570057	0.2075279
7.192050770124797	0.2083886
7.202037312314907	0.2089471
7.212051626750365	0.2098814
7.222099045310728	0.2114153
7.232169267475271	0.2130673
7.242272856975251	0.2144747
7.252399456360137	0.2153002
7.262559689162446	0.215561
7.272743140530488	0.2154939
7.282960494309095	0.215486
7.293201277768864	0.2155522
7.303476235583851	0.2154177
7.313774836665124	0.2156137
7.324107887038819	0.2167097
7.334464796769315	0.2183688
7.344856433763717	0.2205204
7.35527214874714	0.223175
7.365717446659315	0.2259402
7.376197894538073	0.2285293
7.38670275317185	0.2308795
7.3972430475161906	0.2328731
7.407807977764724	0.2347366
7.418408632653757	0.2369573
7.429034151269994	0.2394457
7.439695686687632	0.2421654
7.4503823163685645	0.2450402
7.4611052582885415	0.2482279
7.471853527760925	0.2517211
7.4826384082332975	0.2553149
7.4934488523408405	0.2588503
7.5042962095799846	0.2622407
7.515169369372077	0.2656228
7.52607408366285	0.2690957
7.537016170668194	0.2726986
7.547984423979343	0.27624
7.558990360775491	0.279719
7.57002271006813	0.2831874
7.581093057159168	0.2862003
7.592190065922986	0.2887805
7.603325390392743	0.2921148
7.61448762874195	0.296018
7.625688504350837	0.299701
7.636916549121792	0.3032927
7.648183556405353	0.306791
7.65947799125594	0.3104763
7.670811717625147	0.3140217
7.682173133135902	0.3173651
7.693574172979244	0.3207101
7.705003166756302	0.3238848
7.71646616715409	0.3267618
7.727969298323572	0.3295143
7.739500786720255	0.3318699
7.751072748468388	0.3341075
7.762673340495694	0.3361347
7.7743147524619305	0.3374635
7.785985071152225	0.3381948
7.797696560436047	0.338405
7.809437236333876	0.3377245
7.821219437607395	0.3362648
7.833031108883049	0.3339847
7.844884664505663	0.3311419
7.856767977070808	0.3274522
7.868693537205938	0.3229613
7.880649144831358	0.3182083
7.892641138181994	0.3131533
7.904675932000815	0.3075498
7.916741215979784	0.3017569
7.9288496745603645	0.2959184
7.940988923114551	0.2902515
7.953171724883885	0.2847384
7.9653856202486475	0.2795534
7.977643451990144	0.2746082
7.98993268481713	0.2698077
8.002266241799678	0.2652815
8.014631511287005	0.2608321
8.027041497396429	0.2563484
8.039483511421292	0.251851
8.051970639294261	0.2470275
8.064490114548018	0.2420795
8.07704858183181	0.2372612
8.089652767834247	0.2324086
8.10228978811702	0.2276749
8.114972936565257	0.2232546
8.127689249180323	0.2187366
8.140452104428975	0.2144205
8.153248458016884	0.2102599
8.16609177380579	0.2064894
8.178968926461256	0.2029721
8.191893466063853	0.1991585
8.204852185485453	0.1954401
8.217858721859997	0.1920193
8.230899785502752	0.1885055
8.243989101446408	0.1850442
8.257113296677256	0.1816774
8.270279345225445	0.1782224
8.28349430923941	0.1748207
8.296744689253725	0.1716666
8.310044433807587	0.1687389
8.3233799581334	0.1657084
8.336765301715872	0.1626878
8.350186793678574	0.1598308
8.363658565348192	0.1571576
8.377166858922646	0.1545597
8.39072589847893	0.1517397
8.404321838462211	0.1489721
8.417968996620186	0.1462034
8.431653438807697	0.143445
8.445389577375815	0.1407331
8.459163388740853	0.1380636
8.472982201653588	0.135591
8.486853439679265	0.1332066
8.500762943474177	0.1308012
8.514725366048044	0.1284011
8.528726456450617	0.1263219
8.542780965658876	0.1241537
8.556874550229281	0.1219217
8.571022060096578	0.1199535
8.58520905842578	0.118178
8.599450495113363	0.1163791
8.613731839023135	0.114603
8.62806814103095	0.1129829
8.64244477477789	0.111579
8.656876893150764	0.1102706
8.671349773634415	0.108932
8.685871127730078	0.107669
8.700448769147513	0.1065548
8.715067829372915	0.1052778
8.729743720913586	0.1040169
8.744461476712187	0.1028072
8.759236615010527	0.1017189
8.774054069230797	0.100557
8.788929464446582	0.0994307
8.803847633569776	0.09837343
8.818824309618337	0.09730865
8.833844223990955	0.09634107
8.848923218778124	0.09547384
8.864045922849117	0.09451278
8.879228288510989	0.09358316
8.89445484107388	0.09253644
8.909733705878999	0.09142569
8.925073118661524	0.09056748
8.940457447445755	0.08959527
8.955902925177012	0.08849531
8.971393813685681	0.08745983
8.986946460266463	0.08629907
9.002545019477006	0.08507805
9.0182059541803	0.08395802
9.033913310567872	0.08284263
9.049683668307374	0.08174654
9.065500964116026	0.08084261
9.081381895720307	0.07994772
9.097310289239882	0.07875145
9.113302961732328	0.07754696
9.129343627581209	0.0764413
9.145440860549403	0.07538558
9.161603353879757	0.07443216
9.177814652197535	0.07355401
9.194091876560123	0.07256378
9.210418456941753	0.07151499
9.226811638331128	0.07043174
9.243254734857238	0.0696011
9.259765116798047	0.06869926
9.276325981226572	0.06749212
9.292954825088003	0.06647924
9.309634727171845	0.06564815
9.326383312488867	0.06484085
9.343183540300421	0.06390278
9.360053165101979	0.0628245
9.376975025364718	0.06186409
9.393958181855758	0.06098108
9.411011824936358	0.06018235
9.428118609503356	0.05963846
9.445296620095057	0.05958794
9.462528387585163	0.06037279
9.479832131132621	0.06285343
9.497190256262686	0.06960107
9.51462111827245	0.08471206
9.532106995994608	0.1112355
9.549666382404931	0.1343088
9.56728142828031	0.1309338
9.584970765839165	0.1091406
9.602716416419876	0.09097861
9.620537153071405	0.08276077
9.63841486629109	0.08582163
9.656359147034484	0.106732
9.674379727143796	0.1442449
9.692458298198172	0.1598516
9.710613992412126	0.1387115
9.7288283669286	0.1158529
9.747120700545059	0.1042951
9.765472414493523	0.1006503
9.783902935855753	0.1015611
9.802393548456662	0.1050029
9.820963829390216	0.110004
9.839594923556186	0.1169443
9.858306559815768	0.1255302
9.877079742603302	0.1356834
9.895924561387883	0.1469595
9.914851257401438	0.1591147
9.93384062146107	0.1717494
9.952912769686613	0.1847665
9.972048348479213	0.1972171
9.991267632089553	0.2082695
10.010554127216324	0.2175724
10.029916231142629	0.2251176
10.049354389276616	0.2302639
10.06886803671069	0.2323519
10.088456596281858	0.231566
10.10812254359987	0.228132
10.127865312355013	0.2220855
10.147684323806518	0.2141341
10.167582087973987	0.2046503
10.187558037244694	0.1940503
10.20761159139625	0.1827452
10.227745295595135	0.1712336
10.247958581030764	0.1596024
10.268250866101289	0.1483065
10.28862473187844	0.137514
10.30907960846528	0.1271117
10.329614912989006	0.1175841
10.350233263207054	0.1090797
10.370934088254367	0.1014845
10.391716804102318	0.09477446
10.412584065997457	0.08896659
10.433535302231869	0.08395255
10.45456992774324	0.07967863
10.475690636094411	0.07592166
10.496896854867279	0.07256589
10.518187998095366	0.06971017
10.53956679850962	0.06702392
10.561032683122233	0.06456323
10.582585065199835	0.06250495
10.604226717518882	0.06068693
10.62595706667055	0.05916723
10.64777552530002	0.05767323
10.669684907133197	0.05628974
10.69168463849757	0.05518674
10.713774131570933	0.05404043
10.73595624196011	0.05285778
10.758230395895348	0.05168197
10.78059600525015	0.05060184
10.803055968472362	0.0497498
10.825609711870985	0.04888595
10.848256647187899	0.04792158
10.870999716701748	0.04702934
10.8938383469864	0.04633028
10.916771949834812	0.04554949
10.939803512377075	0.04463891
10.962932461648647	0.04393708
10.986158209686868	0.04332109
11.009483789525973	0.04280435
11.032908628870938	0.04222886
11.056432140207942	0.04149626
11.080057403561398	0.04086784
11.103783847525506	0.040174
11.12761088525152	0.03934544
11.151541644874696	0.0385475
11.17557555611061	0.03786903
11.199712033004207	0.03702621
11.223954252958297	0.03634334
11.248301647055065	0.0357854
11.272753630474853	0.03509075
11.297313431082207	0.03424363
11.32198048158497	0.03344985
11.346754198554356	0.03271406
11.371637861549853	0.03207295
11.396630905178549	0.03173907
11.421732747672564	0.03125921
11.446946721560117	0.03073306
11.472272263636487	0.03032105
11.49770879408006	0.03007492
11.523259699703853	0.03008841
11.548924419796474	0.02999401
11.57470237678411	0.02994847
11.600597013124684	0.03007078
11.626607770922343	0.03029758
11.65273407516969	0.03076504
11.678979425375527	0.03137095
11.705343266799773	0.03242569
11.731825027338086	0.03411111
11.75842826500393	0.03749574
11.785152428572253	0.04415786
11.811996949197427	0.05644414
11.838965444901218	0.07519577
11.866057368352916	0.09977382
11.893272154341371	0.129319
11.92061348245226	0.162173
11.948080809649747	0.1951759
11.97567357475413	0.2228448
12.003395520524846	0.2364581
12.031246108643836	0.2301558
12.059224782382245	0.2078625
12.087335349339705	0.1806216
12.115577276362497	0.1553785
12.143950011615688	0.1339325
12.172457429264632	0.115955
12.201099001791487	0.1011979
12.229874182723371	0.08982272
12.258786914578566	0.08303122
12.287836675973065	0.08085617
12.317022926290624	0.07681263
12.346349678254127	0.06762277
12.375816417139268	0.05827103
12.405422608709028	0.05135872
12.435172337809911	0.04567864
12.465065096932708	0.04083984
12.495100358771817	0.03689174
12.525282282286796	0.03347213
12.55561036777015	0.03057705
12.586084095431215	0.02826238
12.616707700405678	0.02645303
12.647480691407416	0.02478559
12.678402556777375	0.02334282
12.709477609967484	0.02199074
12.740705368767614	0.020627
12.772085330302092	0.01978474
12.803621888559835	0.01910614
12.835314571098337	0.01824058
12.867162884514254	0.01715699
12.89917130563864	0.01638401
12.931339372527447	0.01590274
12.96366660197797	0.01559472
12.996157556056975	0.01530373
13.028811784091221	0.0149248
13.06162881384867	0.01415
13.094613295118013	0.01349253
13.12776478931316	0.01322282
13.16108283598698	0.01293597
13.19457217523342	0.01247058
13.228232381416504	0.0120767
13.26206300673514	0.01190436
13.296068884273677	0.01195533
13.330249602258677	0.01187169
13.36460472644592	0.01169324
13.399139185702154	0.0116778
13.433852583081325	0.01181749
13.46874449885967	0.01214782
13.503819960590452	0.01251102
13.539078587175487	0.01301449
13.574519974431034	0.0136412
13.610149251618722	0.01437534
13.645966054567761	0.01555697
13.681969995713438	0.01716772
13.718166309171252	0.01928942
13.754554648840031	0.02257302
13.791134644916207	0.02742633
13.827911639644624	0.03389549
13.864885306202526	0.04269143
13.902055293756685	0.05368028
13.93942705609337	0.06568539
13.977000286947817	0.07815898
14.014774655737572	0.09101985
14.052755731346162	0.104156
14.090943229421551	0.1176431
14.129336840988302	0.1314963
14.167942253734244	0.1451623
14.206759206654786	0.1584215
14.245787413818329	0.171304
14.285032685583287	0.18518
14.324494785812275	0.2010642
14.364173453140115	0.2141752
14.404074624629814	0.2208711
14.444198090621455	0.22504
14.484543615930157	0.2259941
14.525117268534268	0.2214689
14.565918866957956	0.2103363
14.60694820390774	0.1940773
14.64821148267439	0.1767046
14.689708551775421	0.1602721
14.73143923362339	0.1459275
14.773409871415195	0.1333869
14.815620345580271	0.1220948
14.858070510162252	0.1117224
14.900766853065326	0.1024204
14.943709288665987	0.09408022
14.986897704681681	0.0863278
15.030338738744154	0.0788441
15.074032341336387	0.07361331
15.117978436017918	0.08028427
15.162183815399805	0.1137448
15.206648468363557	0.1453438
15.251374682657023	0.1309113
15.296362433235203	0.1044652
15.341618727943548	0.08924033
15.387143610673261	0.08075847
15.43293709781766	0.07498435
15.479006365431788	0.07184897
15.525351501720674	0.07111312
15.571972567167368	0.0677884
15.618876912160529	0.06256197
15.666064672021536	0.05907647
15.713535954141616	0.05643606
15.761298289662715	0.0539895
15.80935186400163	0.05189921
15.857696834454842	0.05024077
15.90634091965055	0.04843501
15.955284358268889	0.04686004
16.004527360699793	0.04551852
16.054077840122897	0.04439919
16.1039360918517	0.04323836
16.15410238276241	0.04223735
16.20458482800373	0.04109695
16.255383783108968	0.03986706
16.306499575052623	0.03853866
16.357940528744255	0.03752535
16.409707063755324	0.03672859
16.461799571005503	0.03620421
16.51422659335451	0.03545856
16.56698861847882	0.03471177
16.620086105342093	0.03399289
16.67352782336598	0.0332044
16.72731433266547	0.03230736
16.78144616461726	0.03148337
16.835932324266118	0.03058898
16.890773448785147	0.03005143
16.94597014662331	0.02941581
17.00153166798797	0.0291406
17.05745873203722	0.02878172
17.11375202926315	0.02815318
17.170421065084653	0.02775544
17.227466645901828	0.02690576
17.28488954955578	0.02645986
17.34269954726883	0.02614617
17.400897538295027	0.02592132
17.459484393490687	0.02531929
17.51847016105255	0.02478554
17.577855839082464	0.02419519
17.637642397505896	0.02372109
17.697840173283094	0.02369689
17.758450269768616	0.02346158
17.819473762428636	0.02274021
17.88092128943615	0.02223915
17.94279406624623	0.02199158
18.005093280787268	0.02131567
18.06782988559992	0.02131166
18.13100521556496	0.02101816
18.194620578479764	0.02101097
18.258687255162418	0.02085408
18.323206707759514	0.02058412
18.38818037186785	0.02046864
18.453619871300766	0.02041554
18.51952680386673	0.01982487
18.585902741457826	0.01975582
18.652759666466274	0.01956534
18.72009932135896	0.01903243
18.787923423430193	0.01890003
18.856244330163033	0.01886847
18.925063938328513	0.01847801
18.994384120390965	0.01775637
19.06421762643246	0.01695463
19.134566517876276	0.01705107
19.20543283283975	0.01699472
19.27682973258218	0.01713748
19.348759454287592	0.01747134
19.42122421298402	0.01711315
19.49423760083638	0.01653282
19.567798213733973	0.01613093
19.64191994267702	0.01620545
19.716605344737946	0.0162206
19.7918569571247	0.01549729
19.867689137420435	0.01533992
19.944104652301462	0.01504117
20.02110625020897	0.0148864
20.09870877855323	0.01510223
20.176915228103052	0.01497082
20.255728573237118	0.01468466
20.335164175947973	0.01485159
20.4152252666994	0.01466125
20.49591506164864	0.01439199
20.57724946375688	0.01448177
20.659231959997115	0.01382842
20.74186602538348	0.01336685
20.825168131994914	0.01362734
20.909142041447357	0.01352766
20.99379150603792	0.01311626
21.07913359701924	0.01297189
21.16517237022204	0.01333134
21.251911875122065	0.01345009
21.339369814266394	0.01265224
21.427550558841233	0.01202506
21.51645847700052	0.0120823
21.606111936944725	0.01155251
21.696515648069497	0.01148006
21.78767432045878	0.01186641
21.87960702475415	0.01246622
21.972318833287446	0.01276308
22.065814823240686	0.01267679
22.160114807122795	0.01255164
22.255224246977797	0.01242306
22.351148614351718	0.01163234
22.447908505916594	0.01122038
22.54550980244948	0.01185709
22.643958399425387	0.0120998
22.743275723099707	0.01257618
22.843468104465007	0.01278813
22.94454189501266	0.01218204
23.046519399407707	0.01123928
23.149407433043233	0.01111799
23.253212838284835	0.0120249
23.357958850751054	0.01314163
23.46365280739086	0.01243198
23.57030207934848	0.01146536
23.677930889802436	0.01140578
23.786547137681527	0.01211648
23.896158764167136	0.01339436
24.00679104104969	0.01357671
24.118452473262888	0.01304835
24.231151616981094	0.01360912
24.344914858529265	0.01618027
24.459751356843558	0.01533596
24.575670332127896	0.01325358
24.692699356508253	0.01227118
24.810848295308638	0.01254918
24.930127086308847	0.01576293
25.05056456457359	0.0179014
25.172171359053085	0.02096607
25.29495818363988	0.01923408
25.41895521993497	0.01889832
25.544173923127875	0.01975363
25.670625847291095	0.02086674
25.79834261127728	0.01959477
25.92733656508941	0.01958696
26.057620173184155	0.02118941
26.189226590236025	0.02566592
26.322169136256445	0.0196638
26.456461263110832	0.0137868
26.592137768547353	0.01199866
26.72921302514551	0.01025472
