# Nesquehonite, Chemical Formula: MgCO_3_&#183;3H_2_O
# Sample ID: R050639
# wavelengths (microns), reflectance
2.500225020251823	0.001052429
2.5014314441439116	0.0005227672
2.502638406540095	0.0007663474
2.503847161163127	0.00129112
2.505056456457359	0.001249463
2.5062669204345465	0.00125521
2.507479183534688	0.001208056
2.5086919905743423	0.001147865
2.50990660135555	0.0008902609
2.511121758267366	0.0004295478
2.5123387235560646	0.0002987459
2.51355623717615	0.0002218696
2.514775563825255	0.0005074725
2.5159954410162606	0.0002374598
2.5172171359053084	0.0004224513
2.5184393835565553	0.0009119918
2.5196634535918307	0.001006546
2.5208880786194405	0.001225306
2.5221145307341093	0.00154539
2.5233415400811356	0.001934498
2.5245697438899732	0.001127512
2.525799781871931	0.0007374031
2.52703038046464	0.0007136949
2.5282628179764544	0.0005536638
2.529495818363988	0.0005675454
2.5307306624339354	0.001129091
2.5319660716546397	0.00116154
2.533203329338472	0.0006990015
2.5344411544582215	0.0007249487
2.535680832839298	0.0008218576
2.5369210809516294	0.0007476288
2.538163187141056	0.00114551
2.5394058653673035	0.0008164746
2.540650406504065	0.0005077833
2.5418955219934967	0.0008583208
2.54314185848738	0.0007203829
2.5443900651745515	0.0009213223
2.5456388497072644	0.001362669
2.5468895093111734	0.001288178
2.5481407491024175	0.001587002
2.549393868860709	0.001041494
2.5506475711586036	0.0004787651
2.551903158337425	0.0005768493
2.5531593304186466	0.0008393427
2.5544173923127875	0.0007444546
2.555676041482711	0.0002257336
2.556936585415745	-8.034075e-05
2.558197719008586	0.0002455896
2.5594607523330124	0.0006998601
2.560724377711967	0.0006521379
2.5619892514302944	0.0003267174
2.5632560323667466	0.0001782664
2.564523408969677	0.0006085194
2.565792697805298	0.001243794
2.5670625847291095	0.0007002409
2.568334388918767	-0.0002031783
2.5696067936292253	0.0002528819
2.570881120657364	0.0006843734
2.572156050649868	0.0004828795
2.5734329080306546	0.0004992541
2.5747103708303856	0.0004627053
2.575989766107857	0.000494384
2.577269769269924	0.0006030663
2.578551710018137	0.0005622755
2.5798342611277283	0.0007894167
2.5811180887336778	0.0006435178
2.5824038616234386	-0.0005711256
2.5836902486104267	-0.0006264789
2.5849785860373933	0.0002990686
2.5862675400664568	0.0007167017
2.5875584497109307	7.785704e-05
2.5888499784737125	-0.0008395157
2.590143468046695	6.191615e-05
2.591437579265597	-9.103362e-05
2.5927336565089414	-0.0005220922
2.594030357937279	0.0005004006
2.5953290306238443	0.001500644
2.5966283300460016	0.001024081
2.5979296059798105	0.0006494332
2.599231511211395	0.0005835609
2.6005347219495274	0.0005652971
2.6018399171157873	0.0007857978
2.603145745444625	0.0003815156
2.604453563504521	-0.0008147767
2.6057620173184155	-0.0005188462
2.60707246618627	0.0007343776
2.608383553411348	0.0005895189
2.6096966410333566	-7.617905e-07
2.611010369627683	-2.994841e-05
2.612326103982073	-0.0001904987
2.61364248193581	-0.0001546564
2.6149608710330066	-0.0003115495
2.616279906368575	-0.0002915126
2.6176009582513586	-0.0002792158
2.6189226590236028	-7.692106e-05
2.620245695198347	0.0005672429
2.6215707560636274	0.0008305907
2.622896469817412	5.17938e-06
2.6242242137168197	-0.0003131007
2.6255526131862603	-4.076156e-05
2.626883048277119	-0.0003576786
2.628214141631832	-0.0006876977
2.6295472761045677	-0.0006980553
2.630881071547337	-0.0001269454
2.6322169136256446	0.0003259325
2.6335534193925922	0.0004253094
2.6348919773336053	-9.192146e-05
2.6362312016943585	-0.0004122023
2.63757248378882	-0.0006927921
2.6389144350466838	-0.0008555902
2.640257752522832	-0.0004214853
2.641603136111243	0.0004299102
2.6429491930018933	0.0007477375
2.644297321617686	3.796748e-05
2.645646126311083	5.222586e-05
2.6469970083639813	5.582943e-05
2.6483485692826525	-0.0007324927
2.649702213216768	-0.0006337467
2.6510565388176976	0.0004447544
2.6524129531117047	0.0005523661
2.653770051886512	0.0003787335
2.655129245053826	0.001054712
2.6564891255289402	0.001297319
2.657851106117895	0.0005438783
2.659213776854735	0.0002479746
2.660577845581126	0.000104739
2.661944023043917	0.0002053935
2.6633108949390434	9.940598e-05
2.6646798813471344	0.0005749497
2.666049565060674	0.0005480489
2.6674213690860267	0.0006045546
2.6687938733032808	0.000552329
2.6701685036535916	0.001237521
2.6715438370956686	0.001260963
2.672921302514551	-0.0001669681
2.6742994739385506	-0.0001912873
2.6756797832057213	0.0003377308
2.6770608014049215	0.0007344949
2.6784439633363877	0.0002725479
2.6798278371404307	-1.29824e-05
2.6812131416980924	-0.0001922768
2.6826005988637576	-0.0002929502
2.683988772338168	0.000485975
2.6853791043669903	0.0005271945
2.686770155679523	0.0004059067
2.688163371516006	0.0003603263
2.689557309625065	0.0005982232
2.6909534182508534	0.0006379458
2.692350252152063	0.0003708445
2.6937492625861394	0.0006126735
2.6951490013125374	0.0006690529
2.6965509226114155	0.0002676454
2.6979535752336496	0.0001317824
2.6993584164915685	0.0004026633
2.7007639921180906	0.0008685915
2.7021710322941863	0.001118071
2.7035802702444767	0.0004410176
2.7049902471576637	4.838517e-05
2.7064024279677463	0.000116556
2.707815350821849	0.0004607684
2.7092304837195567	0.0006590909
2.7106463617569	0.001117144
2.712064456008687	0.001066557
2.7134832985102975	0.0009788797
2.714904363421442	0.001387398
2.7163261797072504	0.0008670326
2.717750224622056	0.0007609443
2.7191750240511032	0.002099205
2.720602058353105	0.002784218
2.722029850323745	0.00247209
2.723459141712745	0.0025935
2.7248906773860235	0.003175523
2.726322975487085	0.003191634
2.727757524178161	0.003460305
2.729192838488824	0.003437923
2.7306304097201703	0.003902778
2.7320687497780196	0.003984856
2.7335093531122783	0.004352945
2.734950728495151	0.004732517
2.736394373535345	0.004741801
2.7378387938615463	0.005582782
2.739285490251294	0.007240768
2.74073296517981	0.007474028
2.742182722603538	0.007204715
2.7436332618342503	0.007557133
2.745085336467855	0.0078093
2.7465397032913157	0.007809167
2.747994856852826	0.008522655
2.749452309100027	0.009079466
2.750910551392511	0.009548872
2.7523710988924184	0.01082668
2.753832439760604	0.01172835
2.755296092383976	0.01235334
2.7567605417144736	0.01274222
2.758227309374084	0.01313356
2.7596948770956087	0.01412233
2.76116476974647	0.01497836
2.762635465830067	0.01650515
2.7641084934696556	0.01775876
2.7655823279289247	0.01787567
2.767057734936345	0.01844482
2.7685354834887312	0.0197402
2.770014043971203	0.02097248
2.7714949526919668	0.02196676
2.7729766767704693	0.02265618
2.7744607558075014	0.0236537
2.775945653646371	0.02581237
2.7774329131910567	0.02686135
2.77892099499822	0.0274827
2.780411445285673	0.02956638
2.78190272131288	0.0325176
2.783396372622179	0.03430618
2.7848908531652374	0.03564433
2.7863877158196604	0.03764464
2.787885411218674	0.04008765
2.7893847175190096	0.04257805
2.790886416225544	0.04543551
2.7923889529742154	0.04901361
2.7938938890276526	0.05295728
2.7953996666765435	0.05749711
2.7969078505567384	0.06298874
2.798416879602871	0.06882207
2.799928321834961	0.0771062
2.8014406128207368	0.08679591
2.802955323975387	0.09665582
2.8044708874888347	0.1068347
2.8059888781824824	0.1166585
2.807507724857505	0.1252323
2.8090290057526106	0.1313945
2.810551146269232	0.1351676
2.8120749372977594	0.1370298
2.813601173159145	0.1354075
2.8151282741349393	0.1321969
2.8166578270555194	0.1286604
2.8181882487750043	0.1241584
2.8197211295802846	0.1193288
2.8212548828868886	0.1148877
2.8227911024495334	0.1109615
2.8243281982339474	0.1075517
2.825867767474036	0.1040532
2.8274082166744705	0.1010715
2.828951146559755	0.09795667
2.8304949601621985	0.09516502
2.832041261708367	0.09334655
2.833588450746849	0.09181731
2.8351373312171866	0.09079748
2.8366887105746366	0.09049106
2.8382409831212647	0.09042694
2.839795761888805	0.0903642
2.8413514376670004	0.09046603
2.8429096270301573	0.09110624
2.844468717244165	0.09221416
2.8460303284375916	0.09274804
2.8475928443408933	0.09363443
2.8491578886486413	0.09550488
2.8507238415442258	0.09766683
2.852292330300015	0.099679
2.853861731540652	0.1011618
2.8554336761281465	0.1028339
2.8570065371166575	0.1047653
2.858581131820896	0.1063982
2.8601582811592796	0.1083351
2.861736352808594	0.1100599
2.8633169866566566	0.1113115
2.864898546780212	0.1127523
2.866482676698592	0.1148477
2.8680677368765823	0.1174545
2.8696553744771127	0.1199029
2.8712439463410444	0.1217925
2.8728351032870405	0.1237499
2.874427198520015	0.1259093
2.8760218865265563	0.1278233
2.877617516863558	0.1294663
2.879215747697779	0.130704
2.8808149249259634	0.1322652
2.8824158795749706	0.1345585
2.884019446366323	0.1371057
2.88562396568416	0.1393526
2.8872311049491186	0.1408174
2.888839200854634	0.1417947
2.890449924544805	0.1431904
2.8920616090100446	0.1447475
2.893675929130404	0.1457598
2.895291214180905	0.1467479
2.8969091427901	0.1480306
2.89852804050519	0.1491738
2.9001495897158374	0.1494178
2.901772112228938	0.1493436
2.9033972942079256	0.1501397
2.9050234537068533	0.1506976
2.906651435813143	0.1509291
2.9082820894029178	0.1510494
2.909913726877826	0.151851
2.9115480438910044	0.1522806
2.9131833490596684	0.1524055
2.9148213418554936	0.1527533
2.9164603270985245	0.1532532
2.9181020080918967	0.1536708
2.919744685845691	0.1542201
2.921390067507482	0.1542727
2.9230364502645347	0.1548088
2.9246855451219025	0.1558184
2.9263356454311267	0.1569547
2.9279884660678346	0.157725
2.929642296534878	0.1584806
2.9312979963405676	0.1592799
2.9329564288791796	0.1602456
2.934615877856592	0.1617506
2.936278067882051	0.1630201
2.9379412787800727	0.1637095
2.939607239076787	0.1645159
2.9412742247021737	0.1655728
2.9429439681126133	0.1668935
2.944614741330318	0.1683486
2.9462882807553457	0.1704295
2.9479628544888485	0.1722145
2.9496402028880517	0.1733429
2.9513185901196937	0.174439
2.952999760511719	0.1755819
2.954681974283039	0.1768386
2.9563661057356163	0.1780872
2.958053033158	0.1790937
2.959741010822589	0.1801569
2.9614317930433005	0.1817646
2.963123630110907	0.1835507
2.9648182803579606	0.1847701
2.966513990079977	0.1855747
2.9682125216419797	0.1872252
2.969912117330536	0.1890588
2.9716145435570347	0.1902581
2.973318038585343	0.1915814
2.975024372887175	0.1930152
2.976731780689881	0.1941128
2.9784420365395268	0.194997
2.980153370613065	0.1962568
2.9818666723918508	0.1972533
2.9835828354479474	0.1982993
2.9853000838570796	0.1995023
2.987020202412437	0.200578
2.9887414111043697	0.2016678
2.990465498850017	0.2028869
2.992190681540248	0.2036515
2.9939187522304698	0.2045362
2.9956479226979047	0.2052922
2.9973799901506095	0.2057928
2.999113162237926	0.2065007
3.000849240335015	0.2077583
3.0025864279490353	0.20888
3.00432653063677	0.2098035
3.006067747748831	0.2102895
3.007810984345246	0.2107818
3.009557149684538	0.2114665
3.011304436855957	0.2124508
3.01305466193376	0.2132544
3.014806013814444	0.2135334
3.0165603128052383	0.2139012
3.0183157435952848	0.2150128
3.020074130739613	0.2154229
3.021833654705343	0.2158501
3.0235961443101966	0.2165124
3.0253597757845365	0.216876
3.027126382223745	0.2175987
3.0288941356066195	0.2181078
3.0306648733212387	0.2183949
3.032436763079961	0.2192663
3.034210725934916	0.2200927
3.0359876872483356	0.2203369
3.037765808305434	0.2205971
3.039546937291715	0.2216363
3.0413292311884663	0.2226872
3.043114542527069	0.2228089
3.044901023969765	0.2230165
3.0466905324091704	0.2233583
3.04848121617329	0.2237989
3.0502749365314044	0.2245188
3.0520698374620205	0.2254375
3.0538677846265854	0.2261845
3.055666917638776	0.2268265
3.0574691065677797	0.2274124
3.0592724866470404	0.2277591
3.0610779953489984	0.2281271
3.0628865745717935	0.2285706
3.064696352950046	0.2286934
3.0665092116403465	0.2283182
3.068323274858251	0.2280843
3.070140428223187	0.2282694
3.071958791515987	0.2284216
3.073780254834826	0.2283151
3.075602933510078	0.2280705
3.0774287221346524	0.2277761
3.079255731572656	0.2278515
3.081085860927795	0.2274796
3.0829172165820253	0.2266215
3.084751702165989	0.2256299
3.0865874195635317	0.2250112
3.088425323111057	0.2246161
3.0902663716904404	0.224041
3.092108660408857	0.2225914
3.093954104284817	0.2216316
3.0958007938871557	0.2206018
3.0976506488184166	0.219549
3.099501755092869	0.2186757
3.1013560369135798	0.2170793
3.1032115757239485	0.215282
3.105070300344135	0.214242
3.1069302876302856	0.2134931
3.108793471036304	0.2119567
3.1106579228146227	0.2103297
3.1125255810696197	0.20906
3.114394513433474	0.2084316
3.1162656915663565	0.2080073
3.118140091798044	0.2065069
3.1200157747997572	0.2051801
3.1218946903751674	0.2035312
3.12377489453355	0.2016365
3.125658341788239	0.2008302
3.1275430834697464	0.1999439
3.129431078818164	0.1991311
3.131320374468341	0.1982939
3.133212934404307	0.1971581
3.135106800548267	0.1962239
3.1370039416454527	0.1951287
3.13890239488836	0.1946552
3.1408041338007684	0.1941637
3.1427071908283235	0.1934815
3.144612555431658	0.1926867
3.146521221869707	0.1917876
3.1484312154361285	0.191172
3.1503445216768906	0.1908786
3.152259161095574	0.1905652
3.1541771240780734	0.1899544
3.1560964263204556	0.1895266
3.1580190630662726	0.1888479
3.1599430451865533	0.1884057
3.1618703728003266	0.1885226
3.163799051935976	0.188392
3.1657310876059097	0.1881969
3.167664480978175	0.1880358
3.1696012419765505	0.1878972
3.1715393668909684	0.1874264
3.1734798634768966	0.187403
3.175423744421574	0.187476
3.17736899866487	0.1874626
3.179317648487646	0.1874679
3.1812676779068276	0.1874909
3.183221114178321	0.1873355
3.185175936378022	0.1871523
3.1871341767552743	0.1866288
3.1890938094267702	0.1863347
3.191056871653778	0.1858629
3.193021332575523	0.1856335
3.1949892344837747	0.1854442
3.196958541521938	0.1846765
3.1989313010309517	0.1840019
3.200905472139959	0.1836342
3.2028820814121377	0.1828894
3.204862160480909	0.18197
3.206843660919896	0.1807558
3.2088286427745842	0.1791432
3.2108150525578316	0.1781198
3.212804955430363	0.1776792
3.2147962928255067	0.1760823
3.2167911350383185	0.1737257
3.2187874184037386	0.1716756
3.2207872183703397	0.1701836
3.222788466155726	0.1687885
3.2247932423812644	0.1667568
3.226799473128182	0.1643741
3.2288092442100185	0.1624048
3.230820476552482	0.1605192
3.2328352611807607	0.1583894
3.2348515138458116	0.1560563
3.23687028307078	0.1539628
3.238892622612329	0.1517712
3.2409164404236916	0.1492073
3.242943840644334	0.147038
3.244972726004238	0.1452603
3.247005205923447	0.1430281
3.249039177889119	0.1404037
3.251076756621793	0.1384499
3.253115834346137	0.1365259
3.2551585311032025	0.1343016
3.2572027338353986	0.13185
3.2592505679244113	0.1296891
3.261299915010524	0.1279533
3.2633529058362782	0.1259991
3.2654074167198655	0.1242091
3.267464516152221	0.1222251
3.269525278007735	0.1196481
3.271587570584502	0.1176872
3.2736535381156395	0.116113
3.2757210435267985	0.1145943
3.277792236483532	0.1130911
3.279864974518729	0.1111092
3.2819414127510647	0.1095804
3.2840194033002423	0.1082032
3.286101106758853	0.1065933
3.288184369812889	0.1047425
3.2902713585497536	0.102878
3.2923599142011004	0.1013682
3.294452208370149	0.1001267
3.2965460768134793	0.09918708
3.2986426085665745	0.09761884
3.3007428982040987	0.09613025
3.302844773231632	0.09515775
3.304950419133812	0.09428451
3.307057657888854	0.0930399
3.3091686805715725	0.09178679
3.311281303611714	0.09059677
3.3133977236957635	0.08902305
3.315515751683785	0.08776802
3.3176375898955373	0.08680245
3.319761043600082	0.08647583
3.3218883207721666	0.08606791
3.324017221068419	0.08535595
3.326149958140403	0.08452984
3.3282843260107753	0.08364988
3.3304214348587884	0.08271818
3.3325624005646692	0.08189988
3.334705008660229	0.08129094
3.3368514870845494	0.08039286
3.338999615681144	0.07943778
3.3411516281431886	0.07870013
3.343305298603969	0.07775191
3.345462866533093	0.07691623
3.3476221003315816	0.07624945
3.3497852452679258	0.07556582
3.3519500639887263	0.07448814
3.354118807583931	0.07350042
3.356289232923452	0.07275905
3.35846359694138	0.07191152
3.3606396507085576	0.07132513
3.362818526170799	0.07055817
3.365001361143051	0.06974162
3.3671858979560847	0.06892008
3.36937440825362	0.0680455
3.3715646285108947	0.06745356
3.3737588362961124	0.06672188
3.3759547622061863	0.06578577
3.3781546897570296	0.06472529
3.3803563436443214	0.06361813
3.3825620133550314	0.06289545
3.384769417660576	0.06227247
3.386980852042451	0.06145693
3.3891940293246625	0.06064451
3.3914112510068253	0.0600584
3.3936302239422647	0.05936319
3.395852102490892	0.05854404
3.398078047056585	0.05768405
3.4003057554935343	0.05681355
3.4025375444498995	0.056242
3.404771105750488	0.05577365
3.4070087621451344	0.05530053
3.4092481994055635	0.05465475
3.4114917464074437	0.05430082
3.413737082845596	0.05414132
3.4159865437458072	0.05358323
3.418237802702049	0.05272883
3.42049320091464	0.05201267
3.4227504058526295	0.05149961
3.425011764915413	0.0509095
3.4272749394229156	0.05008068
3.4295411068226604	0.04972097
3.4318114507879955	0.049543
3.4340836233703125	0.04881806
3.4363599875741224	0.04816455
3.4386381892406384	0.04750685
3.4409205976603805	0.04665853
3.443204852439734	0.04627783
3.445493329180365	0.04588901
3.4477836612290518	0.04532472
3.450078230523877	0.04486666
3.4523746641271003	0.04441081
3.454675350338627	0.0435356
3.456977909911156	0.04256521
3.4592847375319593	0.0420537
3.461593447618995	0.04164195
3.463905241408216	0.04093373
3.4662213265506314	0.04033526
3.4685393079154148	0.03987884
3.4708615962700735	0.03952255
3.4731857900855134	0.0392419
3.4755143066070917	0.03885866
3.4778447378817976	0.03830418
3.480179507659005	0.03797261
3.4825162015359985	0.03733004
3.484857249792477	0.03654554
3.487200231550095	0.03599509
3.489547583645328	0.03602591
3.491896878698137	0.0357658
3.4942505601283647	0.03557797
3.496606194028076	0.0351489
3.4989650061511806	0.03420896
3.501328228863619	0.03372584
3.5036934184170243	0.03358413
3.5060630348060897	0.03302915
3.508434627688426	0.03251157
3.51081066373631	0.03213143
3.5131886859866284	0.03189007
3.515571167816493	0.03172853
3.51795564561522	0.03125997
3.520344599492155	0.0308411
3.522735559162054	0.0306569
3.525131011494042	0.03033412
3.5275284795011794	0.02973744
3.52993045684007	0.02909646
3.5323344597947925	0.02884914
3.5347417393969236	0.02870042
3.537153553495203	0.02833523
3.539567408229636	0.02786718
3.5419858143468135	0.02762836
3.5444062711889033	0.02740633
3.5468312963881194	0.02701079
3.549258382460985	0.02686978
3.5516900539537235	0.02668842
3.554123796529256	0.02629583
3.556562141676364	0.02589425
3.5590025681762536	0.02532459
3.5614476144889657	0.02499285
3.563894752485728	0.02485137
3.5663465276267035	0.02469349
3.568800404844718	0.02430242
3.5712576612404976	0.02415176
3.573719580945642	0.02373316
3.5761836184326516	0.02325913
3.578652336788403	0.02316297
3.581123183475265	0.02286127
3.583598728682515	0.02260392
3.5860764128334197	0.02242847
3.588558813249246	0.02217755
3.5910433632850287	0.022181
3.5935326474237783	0.02213719
3.596024091923006	0.02170131
3.598520288457386	0.02125211
3.6010186561574535	0.02139113
3.6035217939196333	0.02147634
3.6060271137178677	0.02141549
3.60853591954697	0.02105387
3.611049522655364	0.02060529
3.613565324227149	0.02038649
3.6160859413449167	0.02007996
3.618608767961417	0.01970978
3.6211364284876253	0.01979099
3.6236663096147463	0.01974269
3.6262010431129923	0.01946956
3.628738008381659	0.01907671
3.631279844581223	0.0190298
3.6338239237885377	0.01901768
3.6363728925855447	0.01905416
3.638924115695953	0.01901359
3.6414802471545475	0.01892833
3.644038644301015	0.01866674
3.646600638884432	0.01844394
3.6491675701397375	0.01814809
3.6517367842732846	0.01804024
3.6543109540894294	0.01793051
3.656887418332562	0.01772252
3.6594688573711034	0.01760056
3.6620526024559923	0.01763737
3.664641341551902	0.01752654
3.6672323983846575	0.01734727
3.6698284685475517	0.01711184
3.6724268682094534	0.01715191
3.675030300624829	0.01723115
3.67763607437357	0.01689472
3.6802469004040543	0.01672721
3.682860079674995	0.01672675
3.6854769725870535	0.01654937
3.6880989472690366	0.01639084
3.6907232931881055	0.01623508
3.693352740670868	0.01587993
3.6959845714820045	0.01551792
3.6986215237580953	0.01558248
3.7012608715284947	0.01558507
3.7039053607733456	0.01557285
3.7065522577536436	0.0155418
3.7092043163268786	0.01564539
3.7118587949524655	0.01566957
3.7145184553992197	0.01556371
3.7171805482915654	0.01544922
3.719847843343816	0.01539004
3.722517583311805	0.01553261
3.7251911581842823	0.0155293
3.7278699659309966	0.01556129
3.7305512374424983	0.01526641
3.733237762446615	0.01491251
3.7359267638804625	0.01497041
3.738621039538535	0.01507319
3.741317804370233	0.01512181
3.744019864271792	0.01482411
3.7467244261704202	0.01478045
3.749434304099369	0.01503142
3.7521466969289805	0.01522982
3.7548644268650038	0.01532172
3.7575846846860386	0.0153503
3.7603103008060224	0.01552983
3.7630384578767355	0.01585096
3.7657705764528626	0.01595489
3.768508085334097	0.01565699
3.7712481549168406	0.01561658
3.77399363629193	0.01584874
3.776741691640371	0.01584993
3.7794951803877455	0.0156009
3.7822512564638675	0.01554513
3.7850127876657034	0.01600418
3.7877769196358737	0.01632297
3.790546528579584	0.01635591
3.7933187518160514	0.01598774
3.7960964739957905	0.01600144
3.798876824078193	0.01626882
3.8016626951963715	0.01620934
3.8044512079132584	0.01613191
3.807243814370975	0.01637475
3.810041975232441	0.01677331
3.8128427983978432	0.01676407
3.81564919837026	0.01678294
3.818458274560896	0.016848
3.821272950087679	0.01706425
3.824090315835443	0.01705405
3.8269133035752554	0.01667397
3.82973899562797	0.01631026
3.832570332456313	0.01616605
3.835404387779328	0.01595914
3.838244110790148	0.01511223
3.841086566567951	0.01457112
3.843934713075259	0.01426096
3.8467856067131025	0.01434155
3.8496407322786603	0.01403875
3.852501583378151	0.01352284
3.8553652033242503	0.01360212
3.8582345721738722	0.01359583
3.86110672446486	0.01342244
3.863984649161786	0.01347718
3.866865371988582	0.01310904
3.869751890857518	0.0129663
3.8726412226393054	0.01308888
3.875536374234194	0.01268569
3.8784343536201304	0.01232175
3.881338176725866	0.01253127
3.8842448425968037	0.01242968
3.8871573762309652	0.01197252
3.8900727677011924	0.01205592
3.8929925355761124	0.01210039
3.8959182075347836	0.01183522
3.8988467601168253	0.01152558
3.90178124117222	0.01170106
3.904718618166938	0.01182321
3.9076619481648645	0.01179674
3.9106081895174585	0.01212452
3.9135604085443982	0.01232014
3.9165155544415247	0.01243488
3.9194767028264526	0.01244823
3.92244079369805	0.01246548
3.9254109120142697	0.01233595
3.928383988535404	0.01222861
3.931363117602403	0.01196739
3.934345220695128	0.01215874
3.937331851321624	0.01250778
3.940324572415679	0.01250611
3.943320291458689	0.01249423
3.9463221264362143	0.01249661
3.9493269754434794	0.01256059
3.9523379660004077	0.01292784
3.9553519867733034	0.01283916
3.958372174860299	0.01248439
3.961395409455772	0.01240507
3.9644248372801822	0.01255638
3.9674573280127086	0.01291348
3.970496038040528	0.01338704
3.9735378274840873	0.0135485
3.9765858624419423	0.01368863
3.979636993432007	0.01372333
3.9826928101243237	0.01381196
3.9857549119447095	0.01394836
3.9888201349258297	0.01365506
3.991891669640626	0.01323555
3.994966342408565	0.01315568
3.9980473536724666	0.01292177
4.001131519993854	0.01260697
4.004222051731346	0.01256351
4.007315755643503	0.01234563
4.010415852050946	0.01183414
4.013519137863981	0.01148284
4.016628843411724	0.01142468
4.019741755710646	0.01155904
4.0228611151451465	0.01160228
4.025983698792004	0.01151342
4.02911113376367	0.01132886
4.032245057274009	0.0115894
4.0353822314049586	0.01152918
4.038525921884409	0.01128057
4.041672880738721	0.01098609
4.0448263839171235	0.01108727
4.047983173343545	0.0112155
4.05114653523667	0.01087909
4.054313201370844	0.01070128
4.057486468282629	0.01082621
4.060663057549341	0.01062084
4.063846276074146	0.01053051
4.067032835189595	0.01053213
4.070226052214488	0.01053801
4.073422628188573	0.01088829
4.076624229008442	0.01116915
4.079832531034266	0.01097474
4.0830442197772046	0.01090305
4.086262638810341	0.01092011
4.089484463230628	0.01097708
4.09271304720085	0.0109991
4.09594505535465	0.01087975
4.099183852494968	0.01068906
4.102426092742727	0.0108646
4.105675151591791	0.01100278
4.108927672600643	0.01098478
4.112187042005169	0.01087439
4.115449892751376	0.01070374
4.118719621868589	0.01047479
4.121992851639996	0.01050633
4.125271288153087	0.01073327
4.128556648338628	0.01094188
4.131845538391869	0.01072624
4.13514138255144	0.01040373
4.138440776222506	0.01055515
4.141747154619705	0.01098496
4.145057102306641	0.01097788
4.148374065526887	0.01092907
4.151694617950682	0.01082638
4.155022216903793	0.01059213
4.158353425110966	0.01069425
4.161691711033768	0.01076096
4.165033626398983	0.01068674
4.168382650857936	0.01079244
4.171735325086647	0.01052073
4.175093396839287	0.01032614
4.178458625111618	0.01061523
4.181827533905213	0.01094421
4.18520363108267	0.01080834
4.188583429461323	0.01074071
4.191970448285128	0.01052297
4.195361189133175	0.01058371
4.198759182686333	0.01090104
4.202160919231106	0.01109615
4.2055699409411815	0.01128961
4.208982726755788	0.01132216
4.21240283039771	0.01135432
4.215826719403848	0.01145906
4.219257959102732	0.01153233
4.222693005573532	0.01180524
4.226133649786221	0.01208537
4.2295816943704265	0.0121754
4.233033578115555	0.01211692
4.236492895613238	0.01225701
4.239956074055073	0.01243619
4.243426719839633	0.01250395
4.246901248504029	0.01264948
4.250383278312122	0.01261655
4.253869213089496	0.01212473
4.257362683024022	0.01197996
4.2608600801723435	0.01224208
4.264365046705459	0.01258344
4.267873962853279	0.01278133
4.271390482829438	0.01287717
4.274910974978946	0.01291296
4.278437275114641	0.01291086
4.281971231148086	0.01280609
4.285509193488597	0.01303702
4.289054846717757	0.01333884
4.29260452921289	0.01310586
4.296161937809619	0.01309603
4.2997233987937555	0.01416009
4.303292621316274	0.01515277
4.3068659195115675	0.01499354
4.31044701490768	0.01441989
4.314032209427283	0.0139991
4.317625237037626	0.01373435
4.321222387388945	0.01362785
4.324827406950257	0.013564
4.328436573038255	0.0134713
4.332051768018628	0.01313189
4.335674886817207	0.01319649
4.3393021881365215	0.01362223
4.342937449974789	0.01365074
4.346576918546452	0.01344397
4.350224384573757	0.01370308
4.353876081720513	0.01389329
4.357535813497467	0.01384384
4.361199800954841	0.01384692
4.364871860456793	0.01393427
4.368548200376568	0.01395769
4.372232649997092	0.01391489
4.375921404950829	0.01387874
4.379618307505264	0.01377105
4.383319540487846	0.0135787
4.387027034615398	0.0137167
4.390742733650082	0.01339204
4.3944628010921125	0.01333606
4.398191111959473	0.01341235
4.401923816784888	0.0133935
4.405664803804733	0.01292939
4.409410210518471	0.01249077
4.4131639384487205	0.01216912
4.416922111995477	0.01234843
4.420688646035902	0.01294081
4.424459651803875	0.01312193
4.4282390575998765	0.01282088
4.4320229614245585	0.01317538
4.43581530507098	0.01304845
4.439612173238994	0.01224194
4.44341554688892	0.01177821
4.44722742053694	0.01175568
4.451043858805766	0.01234249
4.454868837524251	0.01262759
4.458698407843386	0.01230512
4.462536559330762	0.01195548
4.466379329596463	0.0118752
4.470230722018255	0.01189318
4.474086760595644	0.01141928
4.477951462588506	0.01208461
4.481820838315625	0.01254424
4.485698918991418	0.01227811
4.48958170118332	0.01203297
4.493473230133231	0.01160581
4.497369488586126	0.01142084
4.501272509738503	0.01253552
4.505184340880268	0.01282048
4.5091009438901	0.01203215
4.513026399399226	0.01141347
4.516956655283936	0.01163122
4.520895806462259	0.01169787
4.524839786735251	0.01110338
4.5287927053830135	0.01071963
4.532750482058013	0.01164308
4.536717240478224	0.01240614
4.540688886073661	0.01215654
4.544669557076505	0.01117583
4.548655144619941	0.01102661
4.552649801527232	0.01143396
4.556649404559839	0.01180484
4.560656041250222	0.01191739
4.564671813790604	0.01199681
4.56869257724517	0.01178621
4.572722521252872	0.0119299
4.576757486316639	0.01134179
4.5808016769398785	0.01048418
4.584850918987518	0.01014615
4.588909431906779	0.01030177
4.5929730268473055	0.01029375
4.597045938280061	0.009656812
4.601123962561575	0.008884727
4.605211349267058	0.00856771
4.609303879881541	0.00881686
4.613405819165564	0.009805651
4.617512933653727	0.01022947
4.621627367428619	0.01047979
4.625751279829735	0.01104089
4.629880414818766	0.01001637
4.634019075476122	0.00631661
4.638162990613286	0.00513249
4.642316478784381	0.005808994
4.646475253569771	0.006946244
4.650643649081033	0.007381054
4.654817363585923	0.006884315
4.65900074683782	0.006817884
4.663189481709805	0.007536175
4.6673879336820185	0.007586868
4.6715917701502105	0.007614935
4.675805372406857	0.007260629
4.680024392287133	0.007053882
4.684251032760246	0.006583848
4.688487512682359	0.006085929
4.692729460392425	0.006341157
4.696981297090173	0.006656238
4.701238635343254	0.007531243
4.705505912468179	0.008287609
4.7097787251759335	0.008193986
4.714061526988238	0.008130736
4.718349898673435	0.008177188
4.7226483100475285	0.007937317
4.726952325849623	0.008327174
4.731266432279727	0.009128896
4.735586177960488	0.009123251
4.739916065566311	0.00863692
4.7442516275155215	0.008359395
4.748597383047982	0.008475197
4.7529488482892	0.008655108
4.757308295936926	0.00882065
4.7616780153326035	0.009258821
4.766053497997304	0.009140626
4.770439304985157	0.007752785
4.774830911300353	0.007146346
4.7792328948865075	0.007548772
4.783640714140155	0.008045315
4.788058963988529	0.008219924
4.792483086129068	0.008410913
4.7969176925674635	0.008167525
4.801358208209938	0.007868524
4.805809262236191	0.008160623
4.810266262668437	0.008590292
4.814733855956644	0.008718368
4.819207433145545	0.008343314
4.823689331253359	0.008082891
4.828181904650167	0.008519897
4.832680518739927	0.00830123
4.837189863571898	0.008351845
4.841705287335842	0.008472127
4.846231497693921	0.008699465
4.850763825525786	0.008410797
4.855306996206063	0.008307663
4.85985632320766	0.008239879
4.864416549717986	0.008287431
4.8689829717058535	0.008029331
4.8735603502725295	0.008644162
4.878143963784659	0.009254689
4.882738591359213	0.008075122
4.8873394936618535	0.00805404
4.891949074810132	0.00790532
4.896569757022415	0.007596351
4.901196774228331	0.008135172
4.905834951032409	0.00834488
4.910479503413029	0.007691897
4.9151352743530206	0.007428762
4.919797461778093	0.007588745
4.924470927154764	0.00706836
4.929150850253876	0.006944902
4.933842111131833	0.006631794
4.938539871301651	0.006867865
4.943246585946746	0.006421452
4.947964728928227	0.006421672
4.952689434179995	0.006474582
4.957425628700719	0.006178175
4.962168427905647	0.006773922
4.966922777761497	0.007318612
4.971683775059151	0.006727242
4.976456384843306	0.006549982
4.981235685173949	0.006074355
4.986026660284552	0.005624296
4.990824369396864	0.005683839
4.995633816044776	0.006492094
5.000450040503646	0.007478309
5.005278065720302	0.007165008
5.010112912914718	0.006410501
5.01495710957932	0.006182023
5.0198132027111	0.005695332
5.024676184743274	0.006018719
5.02955112765051	0.006733961
5.034433004534514	0.007212572
5.0393269071836615	0.007523153
5.044227789256198	0.007067359
5.0491407624707465	0.00707537
5.05406076092928	0.00789494
5.058992916398118	0.007602732
5.063932143309279	0.005637281
5.068883593595162	0.004392303
5.073842161903259	0.004681861
5.078813020451364	0.005101277
5.083791043986993	0.005259817
5.088778835565272	0.005330529
5.093779018622347	0.005317116
5.09878643783993	0.005191256
5.10380631667485	0.0053752
5.1088334796162655	0.004810361
5.11387317083149	0.004446796
5.118920194498491	0.00462319
5.123979815618711	0.005228389
5.129046817939354	0.005551344
5.13412648742062	0.005133124
5.139213587258451	0.005026014
5.144313424497426	0.005224184
5.149420741660771	0.005058256
5.154540867004083	0.005082657
5.159668522255457	0.005406642
5.16480638948528	0.005661895
5.1699571720747866	0.005487611
5.175115560330462	0.005398365
5.18028693609339	0.005748593
5.185465968564668	0.005847277
5.190658061247689	0.005556327
5.195857862112324	0.005321941
5.201070796455574	0.005375595
5.20629149088925	0.005687391
5.2115253926363225	0.00585223
5.216767106822696	0.005964175
5.222022102730752	0.005746223
5.22728496387162	0.005523839
5.232561181721618	0.005680582
5.2378453180472055	0.005620011
5.24314013760097	0.005579086
5.248448427433639	0.005463243
5.253764716451691	0.005429781
5.2590945522091355	0.005538885
5.264432441538478	0.005280678
5.2697839546672105	0.005131622
5.275143576220286	0.0052484
5.280516899238233	0.005527343
5.285898386003787	0.0056415
5.2912936525112215	0.005837286
5.296697138565305	0.005916765
5.302114483255923	0.005659296
5.307540103773024	0.005806465
5.31297966244515	0.006167908
5.31842755370947	0.006069507
5.3238866288990145	0.006037324
5.329359762694269	0.006153585
5.334841315145081	0.006167725
5.340337007307183	0.006133935
5.345841176127825	0.006200125
5.351359566411443	0.00628976
5.356886491860746	0.006344359
5.362427721177353	0.006322858
5.367977544676336	0.006074735
5.373541755106208	0.005994396
5.37911461925013	0.006032121
5.384701954054492	0.006042107
5.390298002625075	0.00618535
5.3959086062583905	0.006217967
5.401527984236181	0.006339284
5.407159078620093	0.006357757
5.412804855935493	0.006389506
5.418459499453549	0.006326994
5.424128912017374	0.006361944
5.429807252702144	0.006567093
5.435500449244112	0.006677432
5.441202636371502	0.006493911
5.446919766871834	0.006512916
5.45264595097417	0.006557846
5.458387166676765	0.006561354
5.464137499556039	0.006794952
5.469902952981808	0.006883107
5.4756775877230925	0.006924555
5.481467432683469	0.00720944
5.4872665236685005	0.007299566
5.493077897886978	0.007504032
5.498904618200054	0.007393712
5.50474068267592	0.007278519
5.510592184767952	0.007525711
5.516453097185009	0.008002137
5.52232953949294	0.008480195
5.52821545888058	0.008703182
5.534117001194816	0.008607095
5.540028087942406	0.008847741
5.545954891421295	0.009194803
5.551891307292742	0.00951257
5.557843534477248	0.009703001
5.56380544262576	0.009755373
5.569783257454319	0.009837737
5.575770822437348	0.01006672
5.581771274642125	0.01011651
5.587787778055305	0.009882303
5.593814136575209	0.009653796
5.599856643669922	0.009696824
5.605909076639504	0.009601729
5.611977756364965	0.009371636
5.618056433376873	0.009119523
5.624151456149053	0.009087824
5.6302565482698785	0.009324591
5.636378085987457	0.009573219
5.642509765773777	0.00974269
5.6486579918343	0.00981336
5.654816433348941	0.009929447
5.660991522665195	0.0102585
5.667176901493698	0.01060486
5.673375811789162	0.01069525
5.67959152377761	0.01101805
5.685817637633745	0.01143336
5.692060656875183	0.01171083
5.698314153757611	0.01184442
5.70458466060003	0.01209899
5.710865721556462	0.01275002
5.717163897939478	0.01340631
5.723472705617188	0.01413125
5.729798735089632	0.01475432
5.736135473753165	0.01535618
5.742489541490922	0.01617042
5.74885439704003	0.01704043
5.755236689864107	0.01798251
5.761629849851927	0.01909413
5.768037229219492	0.02016552
5.774462209898237	0.02112227
5.780898178149939	0.02211017
5.787351858260808	0.02304262
5.79381660716417	0.02406255
5.800299179431675	0.02525134
5.806792902473171	0.02638577
5.813304561351291	0.02739794
5.819827453755652	0.02867465
5.826368395447275	0.02989762
5.832920654197049	0.03082522
5.839491076673686	0.03187466
5.8460729005290695	0.03300867
5.852673003550817	0.03398339
5.859284593069756	0.03483706
5.865911137312181	0.03591311
5.872556135764102	0.03693778
5.879212749895938	0.03817626
5.8858879362252265	0.03923403
5.892574825388277	0.04043671
5.8992804057761035	0.04172467
5.905997776982437	0.04278238
5.9127339594918595	0.04418065
5.919482021645178	0.04578887
5.9262490162426635	0.04769165
5.933027980159954	0.05005992
5.939825998737193	0.05221988
5.946636077170686	0.05409396
5.953465333566709	0.05617502
5.96030674122613	0.05812089
5.9671638905431195	0.06003043
5.974040404824874	0.06141566
5.980929209123788	0.06261214
5.9878375044609395	0.06398176
5.994758183444396	0.064854
6.00169848067003	0.0653822
6.008651256078502	0.06598938
6.01562377807642	0.0664973
6.022608873711914	0.06687087
6.029613845440497	0.06721923
6.0366314871905695	0.06756317
6.043669135706964	0.06835068
6.050719551569073	0.06900065
6.057790106053731	0.068998
6.064873526159922	0.0693325
6.071973531052984	0.06987696
6.07909387458343	0.07010416
6.086227232945478	0.07001742
6.093381064818341	0.06984892
6.1005480122279385	0.06964753
6.107735569253171	0.06936813
6.114936343512665	0.06880904
6.122157864738268	0.06774639
6.129392705900092	0.06659056
6.136648432638624	0.06534579
6.143917583031974	0.06416382
6.151207758887419	0.06298283
6.158511463145312	0.06185575
6.16583633404035	0.06082664
6.173174839127063	0.05981378
6.180530833432222	0.05892917
6.187908208569634	0.05828914
6.195299378549519	0.05742358
6.2027120738271595	0.05672735
6.210138672396555	0.05620176
6.217586942072608	0.05577719
6.225049224576743	0.05567306
6.232533325355691	0.05560093
6.2400315495995144	0.05556717
6.2475517406616285	0.05573511
6.255086166939493	0.05605996
6.262642709970754	0.05647395
6.270213601096534	0.05710767
6.277806760318988	0.05795461
6.285414381656647	0.05889916
6.293040463620877	0.0599189
6.300689043353781	0.06122788
6.308352258390109	0.06300309
6.316038126132545	0.06502201
6.323738746116434	0.06721394
6.331462175211819	0.06981875
6.339200474679331	0.07308745
6.346961741149321	0.07660232
6.35473799732974	0.08016213
6.362537379907106	0.08424906
6.370351872756044	0.08898818
6.378189652918054	0.09411891
6.386042665151046	0.09970868
6.393919127153311	0.1057163
6.401810944279918	0.1120829
6.409722266734182	0.1191427
6.4176572855491685	0.1265308
6.425607846438254	0.1340855
6.433582270076637	0.1422997
6.441572362047286	0.1510113
6.449586484762529	0.1604729
6.457616403378883	0.1704652
6.465670522361521	0.1810521
6.47374056614156	0.1925109
6.481834981555939	0.204867
6.489945452008476	0.2180254
6.498080467030039	0.2316791
6.506231668692274	0.2458979
6.514407589545418	0.2612021
6.522599830021048	0.2777783
6.530812700863308	0.2954247
6.53905055601547	0.3139236
6.547304932870483	0.3335659
6.555584472967064	0.3542227
6.563880671274949	0.375227
6.572202213517706	0.3954222
6.580540551923097	0.4122474
6.588904416740298	0.4233471
6.597285217133149	0.4263157
6.605691728220704	0.4192819
6.614115315777708	0.4025909
6.622564800140928	0.3779367
6.63103150336757	0.3482115
6.639524291363572	0.3165135
6.648034442136838	0.285336
6.656566436526976	0.2568888
6.6651248011293385	0.2322841
6.673700747254272	0.2122763
6.682303256286377	0.1972852
6.690923494642578	0.1874495
6.6995704905358515	0.1829299
6.708235365146022	0.184229
6.71692719388276	0.1913198
6.725637052341598	0.2035718
6.7343740635011065	0.219964
6.743129257021789	0.2388631
6.751911803827254	0.2580889
6.760712687288643	0.2753385
6.76954112665473	0.2892321
6.778388058649325	0.2989783
6.787258144540092	0.3040932
6.79615609411317	0.3046295
6.80507277344824	0.3018233
6.814017524290269	0.2973907
6.822981165160494	0.2923929
6.8319730874916145	0.2874965
6.840984061875332	0.2834654
6.850023529830826	0.2807582
6.859082213645321	0.2795878
6.868169605327502	0.2797261
6.877276378481277	0.2809266
6.886412076012217	0.2835174
6.8955673224581036	0.2875457
6.904751712033187	0.2928022
6.913955819822312	0.2993041
6.92318449871298	0.3066001
6.932442653101263	0.314974
6.941720783164938	0.3242677
6.951028613214183	0.334312
6.960356592988972	0.3451338
6.969714499584954	0.3563744
6.979092731903037	0.3682643
6.988501120256729	0.3808149
6.997930012302361	0.3934219
7.007389292008423	0.4059907
7.016869255376852	0.4185703
7.026379840473072	0.4309408
7.03591129123044	0.4429835
7.045473600258146	0.4543982
7.055056959002359	0.4648405
7.06466642411312	0.4742163
7.074307106990406	0.4823194
7.083969119561814	0.4887928
7.093662592776239	0.4934152
7.1033775850078955	0.4957208
7.113124283352728	0.4953503
7.122892692197014	0.4923398
7.132693055253407	0.4864812
7.142515322480995	0.4774424
7.152369794684073	0.4656961
7.16224636695053	0.4523141
7.17215539765657	0.4378565
7.182086726570057	0.4224724
7.192050770124797	0.4074192
7.202037312314907	0.3927137
7.212051626750365	0.3785312
7.222099045310728	0.3645408
7.232169267475271	0.3506182
7.242272856975251	0.3367726
7.252399456360137	0.3229784
7.262559689162446	0.3094116
7.272743140530488	0.2962715
7.282960494309095	0.2836454
7.293201277768864	0.2716255
7.303476235583851	0.2600248
7.313774836665124	0.2489427
7.324107887038819	0.238594
7.334464796769315	0.2288019
7.344856433763717	0.2194927
7.35527214874714	0.2107592
7.365717446659315	0.2025122
7.376197894538073	0.1946926
7.38670275317185	0.1875838
7.3972430475161906	0.1810305
7.407807977764724	0.1747635
7.418408632653757	0.1688075
7.429034151269994	0.1632886
7.439695686687632	0.1579439
7.4503823163685645	0.1526884
7.4611052582885415	0.1477966
7.471853527760925	0.1432495
7.4826384082332975	0.1387835
7.4934488523408405	0.1345178
7.5042962095799846	0.1304725
7.515169369372077	0.1266999
7.52607408366285	0.1231075
7.537016170668194	0.119717
7.547984423979343	0.1164077
7.558990360775491	0.1134398
7.57002271006813	0.1106204
7.581093057159168	0.1078314
7.592190065922986	0.1052795
7.603325390392743	0.1027862
7.61448762874195	0.1004696
7.625688504350837	0.09823673
7.636916549121792	0.09614763
7.648183556405353	0.09410489
7.65947799125594	0.09197616
7.670811717625147	0.0899689
7.682173133135902	0.08817954
7.693574172979244	0.08647032
7.705003166756302	0.08479513
7.71646616715409	0.08325616
7.727969298323572	0.08171411
7.739500786720255	0.08028995
7.751072748468388	0.07896727
7.762673340495694	0.07778318
7.7743147524619305	0.07654351
7.785985071152225	0.07524511
7.797696560436047	0.07412345
7.809437236333876	0.07308345
7.821219437607395	0.07195628
7.833031108883049	0.07077373
7.844884664505663	0.06942918
7.856767977070808	0.06807291
7.868693537205938	0.06675878
7.880649144831358	0.0655866
7.892641138181994	0.06442515
7.904675932000815	0.06341548
7.916741215979784	0.06235519
7.9288496745603645	0.06141531
7.940988923114551	0.06054009
7.953171724883885	0.05965569
7.9653856202486475	0.05877677
7.977643451990144	0.05793488
7.98993268481713	0.05706599
8.002266241799678	0.05630584
8.014631511287005	0.0555289
8.027041497396429	0.05473853
8.039483511421292	0.05399733
8.051970639294261	0.05329372
8.064490114548018	0.05257798
8.07704858183181	0.05196064
8.089652767834247	0.05134879
8.10228978811702	0.05065996
8.114972936565257	0.04993948
8.127689249180323	0.0492789
8.140452104428975	0.04866506
8.153248458016884	0.04809458
8.16609177380579	0.04760509
8.178968926461256	0.04710807
8.191893466063853	0.04649198
8.204852185485453	0.04592197
8.217858721859997	0.04525209
8.230899785502752	0.04462792
8.243989101446408	0.04416917
8.257113296677256	0.04386629
8.270279345225445	0.04350261
8.28349430923941	0.04293604
8.296744689253725	0.04234498
8.310044433807587	0.04201919
8.3233799581334	0.04156317
8.336765301715872	0.04119156
8.350186793678574	0.0407984
8.363658565348192	0.04033675
8.377166858922646	0.03998408
8.39072589847893	0.03963156
8.404321838462211	0.03913684
8.417968996620186	0.03851098
8.431653438807697	0.03799618
8.445389577375815	0.03772807
8.459163388740853	0.03739617
8.472982201653588	0.03701237
8.486853439679265	0.03670927
8.500762943474177	0.03637899
8.514725366048044	0.03605496
8.528726456450617	0.03582654
8.542780965658876	0.03562994
8.556874550229281	0.03532509
8.571022060096578	0.03503302
8.58520905842578	0.03482989
8.599450495113363	0.03468926
8.613731839023135	0.03438356
8.62806814103095	0.0338808
8.64244477477789	0.03343488
8.656876893150764	0.03313389
8.671349773634415	0.03289145
8.685871127730078	0.03262422
8.700448769147513	0.03231687
8.715067829372915	0.03198187
8.729743720913586	0.03183731
8.744461476712187	0.03155138
8.759236615010527	0.03122688
8.774054069230797	0.03096935
8.788929464446582	0.03080651
8.803847633569776	0.03067002
8.818824309618337	0.03049814
8.833844223990955	0.0303399
8.848923218778124	0.03031936
8.864045922849117	0.03021092
8.879228288510989	0.03003963
8.89445484107388	0.03009266
8.909733705878999	0.03009309
8.925073118661524	0.03001955
8.940457447445755	0.0300334
8.955902925177012	0.0300333
8.971393813685681	0.03023701
8.986946460266463	0.03039569
9.002545019477006	0.03075375
9.0182059541803	0.03126408
9.033913310567872	0.03222958
9.049683668307374	0.03420047
9.065500964116026	0.03697159
9.081381895720307	0.03926587
9.097310289239882	0.03964414
9.113302961732328	0.03820381
9.129343627581209	0.03612395
9.145440860549403	0.03434544
9.161603353879757	0.0331664
9.177814652197535	0.03229985
9.194091876560123	0.03156937
9.210418456941753	0.03106972
9.226811638331128	0.03066631
9.243254734857238	0.03023969
9.259765116798047	0.02988613
9.276325981226572	0.02950164
9.292954825088003	0.02907353
9.309634727171845	0.02879975
9.326383312488867	0.02867659
9.343183540300421	0.02856946
9.360053165101979	0.02844226
9.376975025364718	0.02821205
9.393958181855758	0.02807808
9.411011824936358	0.02806044
9.428118609503356	0.0279203
9.445296620095057	0.02769592
9.462528387585163	0.02756303
9.479832131132621	0.02757386
9.497190256262686	0.02750437
9.51462111827245	0.02739664
9.532106995994608	0.02731821
9.549666382404931	0.02726563
9.56728142828031	0.0273092
9.584970765839165	0.0272261
9.602716416419876	0.02717903
9.620537153071405	0.0273673
9.63841486629109	0.02746934
9.656359147034484	0.02748926
9.674379727143796	0.02757076
9.692458298198172	0.02752074
9.710613992412126	0.02759805
9.7288283669286	0.02763408
9.747120700545059	0.02760563
9.765472414493523	0.02761096
9.783902935855753	0.02760362
9.802393548456662	0.02753553
9.820963829390216	0.02750351
9.839594923556186	0.02757095
9.858306559815768	0.02754947
9.877079742603302	0.02739112
9.895924561387883	0.02739454
9.914851257401438	0.02736242
9.93384062146107	0.02724361
9.952912769686613	0.02706633
9.972048348479213	0.02700519
9.991267632089553	0.02706809
10.010554127216324	0.02706426
10.029916231142629	0.02690496
10.049354389276616	0.02689158
10.06886803671069	0.02682224
10.088456596281858	0.02681794
10.10812254359987	0.02695046
10.127865312355013	0.02706913
10.147684323806518	0.02712882
10.167582087973987	0.02714084
10.187558037244694	0.02715147
10.20761159139625	0.02714116
10.227745295595135	0.02719368
10.247958581030764	0.02724799
10.268250866101289	0.02735336
10.28862473187844	0.0274432
10.30907960846528	0.02745578
10.329614912989006	0.02762513
10.350233263207054	0.02774138
10.370934088254367	0.02776053
10.391716804102318	0.02788101
10.412584065997457	0.02805743
10.433535302231869	0.02811853
10.45456992774324	0.02834359
10.475690636094411	0.02854917
10.496896854867279	0.02862309
10.518187998095366	0.0287432
10.53956679850962	0.02890882
10.561032683122233	0.02901537
10.582585065199835	0.02929819
10.604226717518882	0.02951817
10.62595706667055	0.02977643
10.64777552530002	0.030032
10.669684907133197	0.03033582
10.69168463849757	0.03066691
10.713774131570933	0.03093576
10.73595624196011	0.03111658
10.758230395895348	0.03138924
10.78059600525015	0.03158232
10.803055968472362	0.03189851
10.825609711870985	0.03233957
10.848256647187899	0.03270458
10.870999716701748	0.0328866
10.8938383469864	0.03295956
10.916771949834812	0.03310093
10.939803512377075	0.03344205
10.962932461648647	0.03385315
10.986158209686868	0.03414698
11.009483789525973	0.03449586
11.032908628870938	0.03484097
11.056432140207942	0.03514054
11.080057403561398	0.03554713
11.103783847525506	0.03598448
11.12761088525152	0.03645976
11.151541644874696	0.03704836
11.17557555611061	0.03775834
11.199712033004207	0.03850513
11.223954252958297	0.0393467
11.248301647055065	0.04023529
11.272753630474853	0.04122866
11.297313431082207	0.04195732
11.32198048158497	0.04248361
11.346754198554356	0.04310609
11.371637861549853	0.04363213
11.396630905178549	0.04411054
11.421732747672564	0.04460679
11.446946721560117	0.04502551
11.472272263636487	0.04540561
11.49770879408006	0.04618436
11.523259699703853	0.04775197
11.548924419796474	0.05001217
11.57470237678411	0.05355386
11.600597013124684	0.05997855
11.626607770922343	0.07160614
11.65273407516969	0.09030166
11.678979425375527	0.114308
11.705343266799773	0.1359699
11.731825027338086	0.1451336
11.75842826500393	0.1391163
11.785152428572253	0.1250371
11.811996949197427	0.1110064
11.838965444901218	0.09995688
11.866057368352916	0.09171744
11.893272154341371	0.08569339
11.92061348245226	0.08126902
11.948080809649747	0.07805602
11.97567357475413	0.07571743
12.003395520524846	0.07418577
12.031246108643836	0.07316539
12.059224782382245	0.07231363
12.087335349339705	0.07148399
12.115577276362497	0.07076158
12.143950011615688	0.07011035
12.172457429264632	0.06942973
12.201099001791487	0.06887401
12.229874182723371	0.06855615
12.258786914578566	0.0684127
12.287836675973065	0.06815463
12.317022926290624	0.06784903
12.346349678254127	0.06771592
12.375816417139268	0.06760173
12.405422608709028	0.06744217
12.435172337809911	0.06736706
12.465065096932708	0.06742211
12.495100358771817	0.06745478
12.525282282286796	0.06737193
12.55561036777015	0.0672709
12.586084095431215	0.0673407
12.616707700405678	0.06759226
12.647480691407416	0.06763402
12.678402556777375	0.06761236
12.709477609967484	0.06791706
12.740705368767614	0.06852072
12.772085330302092	0.06909374
12.803621888559835	0.06970127
12.835314571098337	0.07057434
12.867162884514254	0.07153662
12.89917130563864	0.07240848
12.931339372527447	0.07339279
12.96366660197797	0.07462827
12.996157556056975	0.07604268
13.028811784091221	0.0775157
13.06162881384867	0.07887607
13.094613295118013	0.08035004
13.12776478931316	0.08199139
13.16108283598698	0.08372927
13.19457217523342	0.08549283
13.228232381416504	0.08716014
13.26206300673514	0.08869354
13.296068884273677	0.09020829
13.330249602258677	0.09201238
13.36460472644592	0.0936959
13.399139185702154	0.09508764
13.433852583081325	0.09594381
13.46874449885967	0.09664066
13.503819960590452	0.09725171
13.539078587175487	0.09794602
13.574519974431034	0.09886362
13.610149251618722	0.09956056
13.645966054567761	0.1003263
13.681969995713438	0.1011938
13.718166309171252	0.1021577
13.754554648840031	0.1033093
13.791134644916207	0.1044879
13.827911639644624	0.1056166
13.864885306202526	0.1066716
13.902055293756685	0.1076252
13.93942705609337	0.1088519
13.977000286947817	0.1102459
14.014774655737572	0.1117314
14.052755731346162	0.1131097
14.090943229421551	0.1144138
14.129336840988302	0.1162149
14.167942253734244	0.1181161
14.206759206654786	0.1197165
14.245787413818329	0.1210327
14.285032685583287	0.1217602
14.324494785812275	0.1217969
14.364173453140115	0.1210469
14.404074624629814	0.1197128
14.444198090621455	0.1186073
14.484543615930157	0.1179627
14.525117268534268	0.1172586
14.565918866957956	0.116803
14.60694820390774	0.1165132
14.64821148267439	0.1163245
14.689708551775421	0.1160408
14.73143923362339	0.1158135
14.773409871415195	0.1156403
14.815620345580271	0.1156452
14.858070510162252	0.1157137
14.900766853065326	0.1158253
14.943709288665987	0.1161565
14.986897704681681	0.1165204
15.030338738744154	0.1169491
15.074032341336387	0.1173722
15.117978436017918	0.1176212
15.162183815399805	0.1180398
15.206648468363557	0.1183219
15.251374682657023	0.1183229
15.296362433235203	0.1183911
15.341618727943548	0.1188367
15.387143610673261	0.119252
15.43293709781766	0.1194981
15.479006365431788	0.1198357
15.525351501720674	0.1203084
15.571972567167368	0.1207253
15.618876912160529	0.1212035
15.666064672021536	0.1218775
15.713535954141616	0.1223807
15.761298289662715	0.1227422
15.80935186400163	0.1231743
15.857696834454842	0.1236571
15.90634091965055	0.1245864
15.955284358268889	0.1256563
16.004527360699793	0.1263941
16.054077840122897	0.1273357
16.1039360918517	0.1281243
16.15410238276241	0.1286433
16.20458482800373	0.1291048
16.255383783108968	0.1293302
16.306499575052623	0.1296599
16.357940528744255	0.1300134
16.409707063755324	0.129931
16.461799571005503	0.1294663
16.51422659335451	0.1293558
16.56698861847882	0.1289376
16.620086105342093	0.1279306
16.67352782336598	0.1266959
16.72731433266547	0.1253674
16.78144616461726	0.1240403
16.835932324266118	0.1225383
16.890773448785147	0.1210856
16.94597014662331	0.1195446
17.00153166798797	0.1178282
17.05745873203722	0.1160446
17.11375202926315	0.1142589
17.170421065084653	0.1125492
17.227466645901828	0.110914
17.28488954955578	0.1095163
17.34269954726883	0.1079108
17.400897538295027	0.106444
17.459484393490687	0.1050933
17.51847016105255	0.1035186
17.577855839082464	0.1021094
17.637642397505896	0.1009525
17.697840173283094	0.1000737
17.758450269768616	0.09900306
17.819473762428636	0.09832726
17.88092128943615	0.09757155
17.94279406624623	0.09653225
18.005093280787268	0.09563976
18.06782988559992	0.09549341
18.13100521556496	0.09522901
18.194620578479764	0.09465072
18.258687255162418	0.09426668
18.323206707759514	0.09377719
18.38818037186785	0.09378218
18.453619871300766	0.09410386
18.51952680386673	0.09416053
18.585902741457826	0.09424836
18.652759666466274	0.09475002
18.72009932135896	0.09515493
18.787923423430193	0.09550381
18.856244330163033	0.09636692
18.925063938328513	0.09754872
18.994384120390965	0.09848041
19.06421762643246	0.09948099
19.134566517876276	0.1005947
19.20543283283975	0.1012612
19.27682973258218	0.1017582
19.348759454287592	0.1024624
19.42122421298402	0.1038861
19.49423760083638	0.1052451
19.567798213733973	0.1062645
19.64191994267702	0.1072237
19.716605344737946	0.108268
19.7918569571247	0.1092649
19.867689137420435	0.1103532
19.944104652301462	0.1110131
20.02110625020897	0.1117142
20.09870877855323	0.1129049
20.176915228103052	0.1135786
20.255728573237118	0.11334
20.335164175947973	0.1142541
20.4152252666994	0.1156213
20.49591506164864	0.1159516
20.57724946375688	0.1156804
20.659231959997115	0.1162188
20.74186602538348	0.1176763
20.825168131994914	0.1182841
20.909142041447357	0.1179327
20.99379150603792	0.1184066
21.07913359701924	0.1193569
21.16517237022204	0.1203463
21.251911875122065	0.1208939
21.339369814266394	0.1206843
21.427550558841233	0.1207505
21.51645847700052	0.1212346
21.606111936944725	0.1223326
21.696515648069497	0.1234069
21.78767432045878	0.1236773
21.87960702475415	0.1240157
21.972318833287446	0.1252211
22.065814823240686	0.1273081
22.160114807122795	0.1292998
22.255224246977797	0.1307286
22.351148614351718	0.1322844
22.447908505916594	0.1343915
22.54550980244948	0.1374574
22.643958399425387	0.1407542
22.743275723099707	0.1429591
22.843468104465007	0.1455511
22.94454189501266	0.1493725
23.046519399407707	0.1526013
23.149407433043233	0.1555093
23.253212838284835	0.1599367
23.357958850751054	0.162465
23.46365280739086	0.1642179
23.57030207934848	0.1644243
23.677930889802436	0.1630871
23.786547137681527	0.1644174
23.896158764167136	0.1680999
24.00679104104969	0.1687902
24.118452473262888	0.1687499
24.231151616981094	0.1702626
24.344914858529265	0.1718589
24.459751356843558	0.1709383
24.575670332127896	0.1742126
24.692699356508253	0.1785814
24.810848295308638	0.1832683
24.930127086308847	0.1886726
25.05056456457359	0.1943758
25.172171359053085	0.1997852
25.29495818363988	0.2049573
25.41895521993497	0.2163242
25.544173923127875	0.2316013
25.670625847291095	0.2367534
25.79834261127728	0.242177
25.92733656508941	0.2591839
26.057620173184155	0.2759781
26.189226590236025	0.2859108
26.322169136256445	0.2958185
26.456461263110832	0.2980788
26.592137768547353	0.2966349
26.72921302514551	0.3208294
