# Pyrite, Chemical Formula: FeS2
# Sample ID: GDS483.c_30-60um
# wavelengths (microns), reflectance
1.2805996	0.058766671
1.2809869	0.058766671
1.2813035	0.058793802
1.2816203	0.058811195
1.2819371	0.058831848
1.2822543	0.058869291
1.2825714	0.058888592
1.2828889	0.058892619
1.2832065	0.058914378
1.2835242	0.058960181
1.283842	0.058988757
1.28416	0.058995947
1.2844782	0.059011456
1.2847966	0.059026461
1.285115	0.059056122
1.2854337	0.059081923
1.2857524	0.059112336
1.2860715	0.05915273
1.2863907	0.059171632
1.2867099	0.059174262
1.2870294	0.059198938
1.287349	0.059237663
1.2876687	0.059264816
1.2879887	0.059295628
1.2883087	0.059330579
1.2886288	0.05935774
1.2889491	0.05935806
1.2892698	0.059371863
1.2895905	0.059409857
1.2899114	0.059429113
1.2902323	0.059437156
1.2905536	0.059475832
1.2908748	0.059502967
1.2911966	0.059507079
1.2915182	0.059518754
1.2918401	0.059551228
1.2921619	0.059588205
1.2924842	0.059616622
1.2928065	0.059634902
1.293129	0.059656203
1.2934515	0.059694849
1.2937745	0.059727397
1.2940974	0.059731457
1.2944206	0.059739623
1.2947438	0.0597758
1.2950673	0.059812963
1.2953908	0.059824664
1.2957146	0.059830789
1.2960385	0.059867498
1.2963626	0.059929162
1.2966868	0.059954282
1.2970113	0.059969798
1.2973359	0.060000584
1.2976606	0.060015671
1.2979854	0.060030285
1.2983105	0.06005517
1.2986357	0.060083777
1.2989613	0.060093682
1.2992867	0.060124397
1.2996125	0.060159829
1.2999383	0.060173161
1.3002645	0.06019244
1.3005906	0.060193397
1.300917	0.060214691
1.3012435	0.060255431
1.3015703	0.060294595
1.301897	0.060324296
1.3022242	0.06035075
1.3025513	0.060383547
1.3028787	0.060399722
1.3032062	0.060391556
1.3035339	0.06039159
1.3038617	0.06043293
1.3041897	0.060472079
1.3045179	0.060495511
1.3048463	0.060537715
1.3051747	0.060555726
1.3055034	0.060566355
1.3058323	0.060606748
1.3061613	0.060639627
1.3064904	0.060652606
1.3068198	0.060680825
1.3071493	0.060711171
1.3074789	0.060730122
1.3078088	0.060748417
1.3081388	0.060767502
1.3084689	0.060783662
1.3087993	0.060805324
1.3091297	0.06083132
1.3094605	0.06086193
1.3097913	0.060890649
1.3101224	0.060918085
1.3104535	0.060934536
1.3107849	0.060961593
1.3111165	0.060989413
1.3114481	0.06099784
1.31178	0.06101077
1.3121119	0.061029572
1.312444	0.061057515
1.3127764	0.061092835
1.3131089	0.061121922
1.3134416	0.06113895
1.3137745	0.061144155
1.3141075	0.061165299
1.3144406	0.06120364
1.3147742	0.061224341
1.3151076	0.061229158
1.3154414	0.061260249
1.3157752	0.061304193
1.3161093	0.061324071
1.3164434	0.061352443
1.3167778	0.061388664
1.3171123	0.061411086
1.3174471	0.061423119
1.3177819	0.061444279
1.318117	0.061484095
1.3184521	0.061516225
1.3187876	0.061538428
1.3191231	0.061560325
1.319459	0.061578821
1.3197948	0.061592907
1.3201309	0.061614733
1.3204671	0.061641414
1.3208036	0.061665263
1.3211402	0.061697043
1.3214769	0.061729293
1.3218138	0.061749168
1.3221509	0.06176921
1.3224882	0.061788376
1.3228258	0.061804939
1.3231634	0.06181762
1.3235012	0.061845724
1.3238392	0.061892308
1.3241774	0.061920784
1.3245157	0.061933283
1.3248541	0.061943196
1.3251928	0.061981548
1.3255315	0.062017724
1.3258705	0.062030278
1.3262097	0.062064089
1.3265491	0.062103409
1.3268886	0.06212562
1.3272283	0.062146634
1.3275682	0.062161639
1.3279082	0.062183835
1.3282485	0.06221775
1.328589	0.062245931
1.3289295	0.062257007
1.3292702	0.062277827
1.3296112	0.062312417
1.3299522	0.062347747
1.3302935	0.062376644
1.330635	0.06239111
1.3309767	0.062395383
1.3313185	0.062426183
1.3316605	0.062480073
1.3320026	0.062513709
1.332345	0.062526546
1.3326875	0.062541515
1.3330302	0.062571175
1.333373	0.062613428
1.333716	0.062649347
1.3340591	0.062668748
1.3344026	0.062684566
1.3347461	0.062718123
1.3350899	0.062747374
1.3354337	0.062780604
1.3357779	0.062808633
1.3361222	0.062828779
1.3364667	0.062850513
1.3368113	0.062878348
1.3371562	0.062899902
1.337501	0.062928088
1.3378463	0.062980816
1.3381916	0.063009344
1.3385372	0.063027963
1.3388828	0.063063234
1.3392287	0.063099384
1.3395747	0.063130736
1.339921	0.063159995
1.3402674	0.063185558
1.340614	0.063210942
1.3409607	0.063243628
1.3413078	0.063285828
1.3416548	0.063319989
1.342002	0.063337423
1.3423495	0.063361809
1.3426973	0.063392639
1.343045	0.06343098
1.3433931	0.063469984
1.3437413	0.063504502
1.3440897	0.063533112
1.3444382	0.063567407
1.3447871	0.063587494
1.345136	0.063609526
1.3454852	0.063633263
1.3458345	0.063666463
1.346184	0.063713633
1.3465335	0.063745581
1.3468834	0.063773327
1.3472334	0.063812286
1.3475837	0.063851215
1.347934	0.063882664
1.3482846	0.063915357
1.3486353	0.0639432
1.3489863	0.063959576
1.3493373	0.063988343
1.3496888	0.064019673
1.3500402	0.06404797
1.3503917	0.064081371
1.3507435	0.064108036
1.3510957	0.064151578
1.3514478	0.064192109
1.3518003	0.064218551
1.3521528	0.064252287
1.3525057	0.064295098
1.3528585	0.064320378
1.3532118	0.064351775
1.3535651	0.064397089
1.3539187	0.064420529
1.3542722	0.064436056
1.3546262	0.064473413
1.3549802	0.064517014
1.3553345	0.064557053
1.3556889	0.064593472
1.3560435	0.06462352
1.3563982	0.064646132
1.3567532	0.064673811
1.3571084	0.064718544
1.3574637	0.064755179
1.3578192	0.064787112
1.358175	0.064831138
1.3585309	0.064868197
1.3588871	0.064895384
1.3592433	0.064926334
1.3595998	0.06496378
1.3599564	0.065000303
1.3603133	0.065041304
1.3606703	0.065082625
1.3610276	0.065113656
1.361385	0.06513264
1.3617427	0.065170169
1.3621005	0.065210357
1.3624585	0.065248482
1.3628166	0.065295592
1.3631749	0.065325394
1.3635335	0.065361232
1.3638922	0.065405801
1.3642511	0.065442137
1.3646102	0.065476701
1.3649695	0.065519758
1.3653289	0.065552756
1.3656886	0.065589294
1.3660485	0.065629154
1.3664085	0.065667436
1.3667688	0.065708973
1.3671292	0.065759204
1.3674898	0.065798782
1.3678507	0.065823726
1.3682116	0.065859221
1.3685728	0.065897033
1.3689343	0.065930046
1.3692958	0.06597431
1.3696576	0.066027142
1.3700196	0.066071719
1.3703818	0.066102266
1.3707441	0.066135809
1.3711067	0.066185355
1.3714694	0.066223055
1.3718324	0.066262223
1.3721954	0.066310659
1.3725587	0.066354305
1.3729222	0.066378072
1.3732859	0.066410057
1.3736497	0.066448793
1.3740138	0.06649176
1.374378	0.066543318
1.3747425	0.066590346
1.3751072	0.066622384
1.3754721	0.066653818
1.375837	0.066683419
1.3762023	0.066731118
1.3765677	0.066775687
1.3769335	0.066811375
1.3772992	0.066855215
1.3776653	0.066898398
1.3780315	0.066937424
1.3783978	0.066971377
1.3787644	0.067015395
1.3791313	0.067061603
1.3794982	0.067099519
1.3798655	0.067128032
1.3802328	0.067162968
1.3806005	0.067210123
1.3809682	0.067256317
1.3813362	0.067290157
1.3817043	0.067327067
1.3820726	0.0673614
1.382441	0.067396455
1.3828099	0.067442417
1.3831787	0.067491762
1.3835479	0.067525707
1.3839172	0.067563981
1.3842868	0.067616083
1.3846565	0.067656852
1.3850266	0.067700177
1.3853966	0.067754358
1.385767	0.067800134
1.3861375	0.067839757
1.3865082	0.067882434
1.3868792	0.067921966
1.3872503	0.067950293
1.3876216	0.067984015
1.387993	0.068028502
1.3883647	0.068076663
1.3887366	0.068133347
1.3891087	0.068185337
1.3894811	0.068219058
1.3898535	0.068258062
1.3902262	0.068294369
1.3905991	0.068317793
1.3909724	0.068352021
1.3913456	0.06839557
1.3917192	0.068426602
1.3920929	0.068449505
1.3924669	0.0684852
1.3928409	0.068514854
1.3932153	0.068517014
1.3935897	0.068527393
1.3939645	0.068572715
1.3943394	0.06863492
1.3947146	0.068691447
1.3950899	0.068754643
1.3954654	0.068822466
1.3958411	0.068877921
1.3962171	0.068935186
1.3965932	0.068989545
1.3969696	0.069037408
1.397346	0.069097295
1.3977228	0.06914755
1.3980998	0.069188677
1.398477	0.069238953
1.3988543	0.069288731
1.3992319	0.06933713
1.3996096	0.069380581
1.3999877	0.069419205
1.4003658	0.069455348
1.4007442	0.069494866
1.4011228	0.069553003
1.4015017	0.069608025
1.4018805	0.06964419
1.4022598	0.069682121
1.4026392	0.069740526
1.4030188	0.069790401
1.4033985	0.069820836
1.4037787	0.069856577
1.4041588	0.069905668
1.4045392	0.069940388
1.4049199	0.06997975
1.4053007	0.070030943
1.4056817	0.070076883
1.406063	0.070126832
1.4064443	0.070171058
1.406826	0.070213258
1.4072078	0.07025677
1.40759	0.070308372
1.4079722	0.070359126
1.4083548	0.070398644
1.4087374	0.070438296
1.4091204	0.070483446
1.4095035	0.070531994
1.4098868	0.070586972
1.4102703	0.070638731
1.4106542	0.070683986
1.411038	0.070723191
1.4114223	0.070770293
1.4118066	0.070820443
1.4121914	0.07085827
1.4125761	0.07089898
1.4129611	0.070939407
1.4133463	0.070972808
1.4137318	0.071007356
1.4141173	0.071054153
1.4145032	0.071101345
1.4148892	0.071142465
1.4152753	0.071198218
1.4156618	0.071245767
1.4160485	0.071283273
1.4164354	0.071323551
1.4168226	0.071373433
1.4172099	0.071425788
1.4175974	0.071475968
1.4179851	0.071531698
1.4183733	0.071573257
1.4187614	0.071615048
1.4191499	0.071669169
1.4195384	0.07170447
1.4199272	0.071735427
1.4203162	0.07178361
1.4207056	0.071826249
1.4210949	0.071865246
1.4214847	0.071916096
1.4218745	0.071962863
1.4222647	0.071999982
1.422655	0.072030738
1.4230455	0.072074175
1.4234362	0.072126135
1.4238272	0.072164446
1.4242183	0.07220792
1.4246095	0.072253585
1.425001	0.072292916
1.425393	0.072338261
1.4257849	0.072377823
1.4261771	0.072416164
1.4265696	0.072457671
1.4269623	0.072476789
1.4273552	0.072518811
1.4277484	0.072567895
1.4281417	0.072601326
1.4285352	0.072654344
1.428929	0.072690323
1.429323	0.072722889
1.4297171	0.072775394
1.4301115	0.072815716
1.4305061	0.072845936
1.4309008	0.072879791
1.4312959	0.072925121
1.4316912	0.072977677
1.4320866	0.073027946
1.4324824	0.073067158
1.4328783	0.073094845
1.4332745	0.073128223
1.4336708	0.073168673
1.4340675	0.073201217
1.4344643	0.073235668
1.4348613	0.073291786
1.4352585	0.073345296
1.4356561	0.073381141
1.4360538	0.073420368
1.4364517	0.073460147
1.4368497	0.073505998
1.4372482	0.073542707
1.4376467	0.07357543
1.4380456	0.073618732
1.4384446	0.073659457
1.4388438	0.073694408
1.4392433	0.073730662
1.439643	0.07377284
1.4400429	0.073822893
1.4404429	0.073867381
1.4408432	0.073903121
1.4412439	0.073942728
1.4416445	0.073984578
1.4420457	0.074024312
1.4424468	0.074069202
1.4428483	0.074107885
1.4432499	0.074151896
1.443652	0.074204005
1.4440541	0.07425122
1.4444566	0.074290089
1.444859	0.07432837
1.445262	0.074362449
1.4456649	0.074402012
1.4460682	0.074452654
1.4464716	0.074498795
1.4468753	0.074529931
1.4472792	0.074564934
1.4476835	0.074611358
1.4480878	0.074651644
1.4484924	0.07467939
1.4488972	0.074717134
1.4493023	0.074765973
1.4497076	0.074800067
1.4501131	0.074834958
1.4505187	0.074877769
1.4509248	0.074922092
1.4513309	0.074966021
1.4517374	0.075012513
1.4521439	0.075054206
1.4525509	0.075081699
1.452958	0.075115174
1.4533653	0.075161248
1.4537728	0.075193204
1.4541807	0.075218976
1.4545887	0.075256035
1.4549969	0.075302392
1.4554054	0.075338237
1.4558141	0.075359873
1.456223	0.075387917
1.4566324	0.075442135
1.4570416	0.07548961
1.4574513	0.07552278
1.4578612	0.075550623
1.4582713	0.075588338
1.4586816	0.075632505
1.4590921	0.075673796
1.4595029	0.07570564
1.4599138	0.075746901
1.460325	0.07580176
1.4607365	0.075845115
1.4611483	0.075873144
1.4615602	0.075894356
1.4619724	0.07592503
1.4623848	0.075976864
1.4627974	0.076023981
1.4632103	0.076058455
1.4636234	0.076098718
1.4640367	0.07613115
1.4644502	0.07616359
1.4648641	0.076202452
1.4652781	0.076232061
1.4656924	0.076272056
1.4661069	0.076312445
1.4665216	0.076345295
1.4669366	0.076381087
1.4673518	0.076413281
1.4677672	0.076451711
1.4681829	0.076494552
1.4685988	0.076522134
1.469015	0.07655184
1.4694314	0.076602817
1.469848	0.076646224
1.4702649	0.076673448
1.470682	0.076707743
1.4710993	0.076740116
1.471517	0.076765493
1.4719347	0.076792032
1.4723527	0.076831363
1.472771	0.076875888
1.4731897	0.076912567
1.4736084	0.076937936
1.4740274	0.076965444
1.4744467	0.077001691
1.4748662	0.077037118
1.4752858	0.077065296
1.4757057	0.077093229
1.476126	0.077118136
1.4765463	0.077142604
1.476967	0.077172413
1.4773879	0.077202909
1.477809	0.077239163
1.4782305	0.077278182
1.478652	0.077317648
1.4790739	0.077349894
1.479496	0.077377945
1.4799184	0.077411272
1.480341	0.077443451
1.4807638	0.077481359
1.4811869	0.077523574
1.4816102	0.077549912
1.4820337	0.07758078
1.4824575	0.077618614
1.4828815	0.077655599
1.4833061	0.077683531
1.4837304	0.077719137
1.4841553	0.07776057
1.4845803	0.077795669
1.4850056	0.077817641
1.4854311	0.077842034
1.4858568	0.077877939
1.4862827	0.07791426
1.4867089	0.077949911
1.4871353	0.077984765
1.4875621	0.078023694
1.4879889	0.07806474
1.4884162	0.078094535
1.4888437	0.078125305
1.4892714	0.078150973
1.4896992	0.078175053
1.4901278	0.078214996
1.4905561	0.078263164
1.4909849	0.078291111
1.4914138	0.078305669
1.491843	0.07833828
1.4922724	0.078374669
1.4927021	0.0784069
1.493132	0.078450479
1.4935622	0.078489862
1.4939926	0.078528099
1.4944233	0.078563988
1.4948542	0.078587264
1.4952854	0.078605227
1.4957168	0.078638367
1.4961485	0.078687951
1.4965804	0.078731477
1.4970125	0.078754142
1.4974447	0.078780882
1.4978775	0.078827955
1.4983103	0.078869447
1.4987437	0.078902721
1.499177	0.078935109
1.4996107	0.078969337
1.5000446	0.079005517
1.5004789	0.079037555
1.5009133	0.079071552
1.5013479	0.079098679
1.5017828	0.079128891
1.502218	0.079162568
1.5026534	0.079193346
1.5030892	0.079222895
1.503525	0.079256423
1.5039612	0.079306334
1.5043976	0.079341568
1.5048344	0.079364188
1.5052713	0.079391971
1.5057086	0.079424873
1.506146	0.079463094
1.5065837	0.079503357
1.5070215	0.079533689
1.5074598	0.079560764
1.5078982	0.079593763
1.5083369	0.079630546
1.5087758	0.079669312
1.5092151	0.079699591
1.5096546	0.079724677
1.5100944	0.079753637
1.5105344	0.079778388
1.5109746	0.079809219
1.5114151	0.079842277
1.511856	0.079873465
1.5122969	0.079909682
1.5127382	0.079945251
1.5131798	0.079971261
1.5136217	0.080001406
1.5140636	0.080032736
1.514506	0.080057979
1.5149485	0.080084108
1.5153915	0.080115236
1.5158345	0.080146469
1.5162779	0.080173351
1.5167215	0.080203034
1.5171654	0.080239274
1.5176095	0.080271021
1.518054	0.080303118
1.5184987	0.080333732
1.5189435	0.080370829
1.5193887	0.080397084
1.5198342	0.080409922
1.5202799	0.080434136
1.5207258	0.080461256
1.521172	0.08048781
1.5216186	0.080517814
1.5220653	0.080549292
1.5225123	0.080578119
1.5229596	0.080620214
1.5234071	0.080666125
1.5238549	0.080690727
1.524303	0.080711745
1.5247513	0.080734536
1.5251998	0.080758482
1.5256486	0.080786541
1.5260978	0.080807641
1.5265471	0.080834642
1.5269967	0.080870099
1.5274466	0.080893397
1.5278969	0.080930896
1.5283473	0.080985054
1.528798	0.081020124
1.529249	0.081038639
1.5297003	0.081062958
1.5301517	0.081096366
1.5306035	0.081124909
1.5310555	0.081147552
1.5315078	0.08118239
1.5319604	0.081221581
1.5324134	0.081252813
1.5328665	0.081279509
1.5333198	0.081310339
1.5337734	0.081343263
1.5342274	0.08136791
1.5346816	0.081390046
1.5351361	0.081429169
1.5355908	0.081459723
1.5360456	0.081476822
1.5365007	0.081508443
1.5369563	0.081549034
1.537412	0.081581891
1.5378683	0.081608646
1.5383245	0.08163929
1.5387812	0.081663392
1.539238	0.081689499
1.5396953	0.081727639
1.5401527	0.081761003
1.5406104	0.081780374
1.5410683	0.081810243
1.5415267	0.081844613
1.5419852	0.081880569
1.542444	0.081915341
1.5429029	0.081932314
1.5433626	0.081951283
1.5438222	0.081983335
1.5442821	0.082017176
1.5447421	0.082057275
1.5452026	0.082093999
1.5456632	0.082119152
1.5461243	0.082142562
1.5465856	0.082172185
1.5470469	0.082198068
1.5475086	0.08222419
1.5479708	0.082256876
1.5484331	0.082286313
1.5488957	0.082315706
1.5493586	0.082345985
1.5498219	0.082372114
1.5502852	0.082395852
1.5507492	0.082427219
1.5512131	0.082463861
1.5516775	0.082500614
1.552142	0.082530931
1.5526069	0.082551375
1.553072	0.082582906
1.5535375	0.082618602
1.5540031	0.082636312
1.5544689	0.082655609
1.5549351	0.082684964
1.5554017	0.082705617
1.5558684	0.082726397
1.5563356	0.082751855
1.5568029	0.082775645
1.5572705	0.082797736
1.5577384	0.082820877
1.5582068	0.082846858
1.5586753	0.082875922
1.5591441	0.082908198
1.5596131	0.082926735
1.5600824	0.082936592
1.560552	0.082959101
1.561022	0.082994141
1.5614921	0.083033621
1.5619628	0.083060049
1.5624335	0.083081886
1.5629046	0.083118595
1.5633758	0.083144218
1.5638475	0.083159596
1.5643194	0.083184615
1.5647916	0.083215132
1.565264	0.083246499
1.5657365	0.083274901
1.5662096	0.083293609
1.5666829	0.083316922
1.5671564	0.083352417
1.5676304	0.083378986
1.5681045	0.083398566
1.5685791	0.08342281
1.5690538	0.083439745
1.5695291	0.083456524
1.5700043	0.083483957
1.57048	0.083508626
1.5709559	0.083530262
1.5714321	0.083547093
1.5719085	0.083563738
1.5723853	0.083585016
1.5728624	0.083614074
1.5733397	0.083642542
1.5738174	0.083660074
1.5742953	0.083677143
1.5747734	0.083700955
1.5752521	0.083724111
1.5757308	0.08374662
1.5762099	0.083775751
1.5766892	0.083795838
1.5771688	0.08381068
1.5776488	0.083832972
1.5781291	0.083859868
1.5786096	0.08388675
1.5790905	0.083918363
1.5795716	0.083943255
1.5800531	0.083960325
1.5805347	0.083979242
1.5810168	0.083999023
1.5814991	0.084010087
1.5819818	0.084020592
1.5824646	0.084044404
1.5829479	0.084070899
1.5834312	0.084095627
1.5839151	0.084104419
1.5843991	0.084120631
1.5848837	0.084142961
1.5853683	0.084160201
1.5858533	0.08417701
1.5863385	0.084196314
1.5868242	0.084222265
1.58731	0.084246948
1.5877962	0.084259152
1.5882826	0.084269203
1.5887693	0.084295042
1.5892563	0.084324837
1.5897436	0.084346928
1.5902313	0.084358796
1.5907192	0.084374793
1.5912075	0.084403135
1.591696	0.084429391
1.5921849	0.084444471
1.592674	0.084455878
1.5931635	0.084470823
1.5936533	0.08448787
1.5941433	0.084502824
1.5946337	0.084521689
1.5951242	0.084544741
1.5956153	0.084563628
1.5961065	0.08458069
1.5965984	0.084605783
1.5970901	0.084626056
1.5975825	0.084629565
1.5980748	0.084641628
1.5985676	0.084668331
1.5990607	0.084689341
1.5995542	0.084705986
1.6000477	0.084726006
1.6005416	0.084742762
1.6010358	0.084753856
1.6015304	0.084764987
1.6020253	0.084785193
1.6025206	0.084807873
1.603016	0.084836662
1.6035119	0.084868923
1.604008	0.084885478
1.6045047	0.08489383
1.6050013	0.084905304
1.6054984	0.084923461
1.6059958	0.084943131
1.6064935	0.084960297
1.6069914	0.084974825
1.6074898	0.084991477
1.6079884	0.085009687
1.608487	0.085027494
1.6089861	0.085041285
1.6094857	0.085054345
1.6099856	0.085069202
1.6104858	0.085089296
1.6109861	0.085115053
1.611487	0.085131235
1.6119881	0.085141286
1.6124896	0.085160986
1.6129912	0.085184015
1.6134933	0.085196666
1.6139956	0.085218892
1.6144984	0.085246198
1.6150012	0.085266963
1.6155045	0.085286081
1.616008	0.085299738
1.6165122	0.085315861
1.6170163	0.08533702
1.6175209	0.085357964
1.6180257	0.085374683
1.6185309	0.085386962
1.6190363	0.08540342
1.6195421	0.085419767
1.6200482	0.08543618
1.6205544	0.085447587
1.6210611	0.08546479
1.6215682	0.085477948
1.6220756	0.085484974
1.6225833	0.085503064
1.6230912	0.085522547
1.6235996	0.085531555
1.6241082	0.085535817
1.6246173	0.085551344
1.6251266	0.085570969
1.6256363	0.085592672
1.6261462	0.085606366
1.6266564	0.085614465
1.627167	0.085638709
1.6276779	0.085666753
1.6281891	0.085682169
1.6287007	0.085692503
1.6292125	0.085700408
1.6297247	0.085706018
1.6302372	0.085716717
1.6307501	0.085734434
1.6312631	0.085754126
1.6317767	0.085771158
1.6322904	0.085781649
1.6328044	0.085790552
1.6333188	0.08580368
1.6338336	0.085828014
1.6343486	0.08584778
1.6348641	0.085856497
1.6353798	0.085861363
1.6358958	0.085872218
1.6364123	0.085887097
1.6369292	0.085894585
1.637446	0.085902914
1.6379635	0.085910916
1.6384811	0.085912794
1.6389992	0.085923925
1.6395175	0.085942745
1.6400362	0.085965008
1.6405551	0.085981496
1.6410745	0.085992664
1.6415942	0.08600609
1.6421142	0.086023487
1.6426344	0.086033821
1.6431552	0.086029612
1.643676	0.08603429
1.6441975	0.086049698
1.644719	0.086058818
1.6452409	0.086067669
1.6457632	0.086072199
1.6462859	0.086087801
1.6468087	0.086108796
1.6473321	0.086106755
1.6478556	0.086109616
1.6483797	0.086128511
1.648904	0.086146913
1.6494286	0.086157463
1.6499535	0.086165152
1.6504788	0.086179987
1.6510044	0.086189471
1.6515305	0.086196296
1.6520567	0.086214192
1.6525834	0.08623369
1.6531103	0.086242691
1.6536378	0.086245574
1.6541654	0.086249657
1.6546935	0.086260468
1.6552217	0.086270683
1.6557504	0.086277328
1.6562793	0.086289294
1.6568087	0.086300813
1.6573384	0.086306535
1.6578683	0.086319357
1.6583985	0.08633282
1.6589293	0.086339891
1.6594603	0.086345911
1.6599917	0.086360283
1.6605233	0.086375043
1.6610554	0.086377613
1.6615878	0.086390287
1.6621207	0.08640416
1.6626537	0.086410657
1.6631873	0.086420037
1.6637208	0.086424813
1.664255	0.086424582
1.6647894	0.08642178
1.6653243	0.086424999
1.6658593	0.086432114
1.6663947	0.086433321
1.6669306	0.086437732
1.6674668	0.086451754
1.6680032	0.086466715
1.6685401	0.086470701
1.6690773	0.086469516
1.6696149	0.086470209
1.6701527	0.086474553
1.670691	0.086480364
1.6712295	0.086487405
1.6717685	0.086494178
1.6723077	0.086496964
1.6728474	0.086507261
1.6733873	0.086517878
1.6739277	0.086524427
1.6744683	0.08653447
1.6750095	0.086532176
1.6755508	0.086526178
1.6760926	0.08653263
1.6766347	0.086543493
1.6771772	0.086550444
1.6777198	0.086555369
1.6782631	0.086554579
1.6788064	0.086552992
1.6793501	0.086555563
1.6798942	0.086560182
1.6804388	0.086562276
1.6809837	0.086571664
1.6815289	0.086588047
1.6820744	0.086595885
1.6826205	0.086595282
1.6831667	0.086595044
1.6837136	0.086595275
1.6842605	0.08659938
1.684808	0.086607389
1.6853557	0.086612366
1.6859038	0.086618677
1.6864522	0.086630583
1.687001	0.086632788
1.6875501	0.086623445
1.6881	0.086614586
1.6886498	0.08661183
1.6892	0.086615093
1.6897506	0.086617768
1.6903015	0.086612344
1.6908529	0.086604789
1.6914046	0.086606592
1.6919565	0.08662501
1.6925087	0.086638831
1.6930614	0.086642601
1.6936146	0.086649194
1.694168	0.086652257
1.6947218	0.086650327
1.695276	0.086650938
1.6958306	0.086654596
1.6963854	0.086658053
1.6969409	0.086656123
1.6974965	0.086646289
1.6980526	0.086635873
1.6986089	0.08663404
1.6991657	0.086643666
1.6997228	0.086650401
1.7002803	0.08664415
1.7008381	0.086637162
1.7013963	0.08663056
1.7019548	0.086625531
1.7025138	0.086630404
1.703073	0.086628102
1.7036328	0.086619571
1.7041928	0.086610273
1.7047533	0.086604334
1.7053139	0.086601734
1.705875	0.086594239
1.7064364	0.08658535
1.7069983	0.086579494
1.7075605	0.086574726
1.7081233	0.086567551
1.7086862	0.086558126
1.7092496	0.08654733
1.7098132	0.086547956
1.7103775	0.086549416
1.7109419	0.086533427
1.7115068	0.086515911
1.712072	0.086511232
1.7126377	0.086506084
1.7132035	0.086497091
1.7137699	0.08648815
1.7143366	0.086481392
1.7149036	0.08647988
1.715471	0.086470358
1.7160389	0.086457327
1.7166071	0.086451568
1.7171758	0.086437993
1.7177447	0.086420484
1.7183142	0.086405277
1.7188838	0.086388022
1.7194541	0.086382933
1.7200245	0.086381711
1.7205955	0.08636906
1.7211666	0.086359099
1.7217383	0.086355701
1.7223103	0.086344525
1.7228827	0.086331017
1.7234554	0.086321756
1.7240288	0.086308934
1.7246022	0.086293176
1.7251762	0.086278722
1.7257504	0.086266764
1.7263252	0.086253211
1.7269002	0.086242586
1.7274756	0.086224228
1.7280514	0.086202219
1.7286276	0.086187929
1.7292041	0.086173192
1.7297812	0.086163528
1.7303585	0.086155333
1.7309363	0.086139068
1.7315143	0.086113028
1.732093	0.086082764
1.7326717	0.086067528
1.7332511	0.086061224
1.7338307	0.086048618
1.7344109	0.086043842
1.7349913	0.086040482
1.7355722	0.086022541
1.7361534	0.086008303
1.7367351	0.086005062
1.737317	0.085988462
1.7378997	0.08596506
1.7384824	0.085952252
1.7390656	0.085934728
1.7396491	0.085917078
1.7402332	0.08590664
1.7408174	0.085895523
1.7414023	0.085881442
1.7419873	0.085853733
1.7425728	0.0858353
1.7431587	0.085821792
1.7437451	0.085793279
1.7443317	0.085769944
1.7449189	0.085757099
1.7455064	0.085744701
1.7460943	0.085739776
1.7466825	0.085728951
1.7472714	0.085696489
1.7478604	0.085660934
1.7484499	0.085639946
1.7490398	0.085619561
1.7496301	0.085598208
1.7502208	0.085578203
1.7508119	0.0855591
1.7514033	0.085542299
1.7519954	0.085526273
1.7525877	0.085502088
1.7531804	0.085482329
1.7537735	0.085460365
1.754367	0.085427865
1.7549609	0.085402057
1.7555553	0.085377306
1.7561499	0.085350983
1.7567449	0.085328981
1.7573403	0.085308619
1.7579362	0.085294135
1.7585325	0.085277155
1.7591293	0.085250601
1.7597264	0.085224256
1.760324	0.085200116
1.7609218	0.085174598
1.7615204	0.085151553
1.7621191	0.085120827
1.7627183	0.085086986
1.7633178	0.08506193
1.7639178	0.085035712
1.7645181	0.085009106
1.7651191	0.084981002
1.7657201	0.084955983
1.7663218	0.084933132
1.7669238	0.084905073
1.7675263	0.08488325
1.768129	0.084869534
1.7687324	0.084848329
1.769336	0.084816679
1.7699401	0.084775992
1.7705445	0.084735326
1.7711494	0.084706068
1.7717546	0.084680766
1.7723604	0.084643915
1.7729665	0.084607892
1.773573	0.084581889
1.7741799	0.084555522
1.7747874	0.084527671
1.7753952	0.08450181
1.7760036	0.084475778
1.7766122	0.084451072
1.7772213	0.084427685
1.7778307	0.084395282
1.7784407	0.084359087
1.7790509	0.08433041
1.7796618	0.084296398
1.7802728	0.084257536
1.7808841	0.084226705
1.781496	0.084193677
1.7821085	0.084154502
1.7827213	0.084119976
1.7833346	0.084084332
1.7839482	0.084050581
1.7845623	0.084019244
1.7851768	0.083981819
1.785792	0.083949097
1.7864072	0.083917879
1.7870232	0.083884321
1.7876393	0.083855353
1.788256	0.083827652
1.788873	0.083799362
1.7894906	0.083769709
1.7901084	0.083736569
1.790727	0.083701946
1.7913457	0.083665609
1.7919649	0.083629258
1.7925845	0.083595417
1.7932047	0.083564959
1.793825	0.083530821
1.794446	0.083497904
1.7950673	0.083468951
1.795689	0.083430253
1.7963111	0.083385833
1.7969339	0.083343349
1.7975569	0.083306536
1.7981805	0.083278291
1.7988043	0.083248086
1.7994287	0.08321128
1.8000535	0.083171539
1.800679	0.083135016
1.8013045	0.083100036
1.8019307	0.083064206
1.8025571	0.08303044
1.8031842	0.082991533
1.8038116	0.082953319
1.8044394	0.082915775
1.8050677	0.082874931
1.8056965	0.082826748
1.8063256	0.082771882
1.8069552	0.082724571
1.8075852	0.082691051
1.8082157	0.082656667
1.8088466	0.082610905
1.809478	0.082569808
1.8101097	0.082530856
1.8107419	0.082485788
1.8113745	0.082445204
1.8120078	0.082406707
1.8126413	0.082368053
1.8132753	0.082330063
1.8139096	0.08229018
1.8145447	0.082248069
1.8151799	0.082203783
1.8158158	0.082160458
1.8164519	0.082119234
1.8170887	0.082085125
1.8177258	0.082043931
1.8183634	0.081995256
1.8190013	0.081946723
1.8196399	0.081901357
1.8202788	0.081860617
1.8209183	0.081816733
1.8215581	0.081767514
1.8221985	0.081726275
1.8228391	0.081694327
1.8234804	0.081659295
1.8241218	0.081624977
1.824764	0.081587397
1.8254064	0.081541464
1.8260493	0.081503034
1.8266927	0.081474505
1.8273367	0.081434689
1.8279809	0.081385553
1.8286258	0.081331991
1.829271	0.081283294
1.8299167	0.081240855
1.8305628	0.081193998
1.8312097	0.08114399
1.8318566	0.081095584
1.8325043	0.081051759
1.8331522	0.081015721
1.8338007	0.080972597
1.8344495	0.080926634
1.835099	0.08088778
1.8357487	0.080838926
1.8363992	0.080787458
1.83705	0.080743149
1.8377012	0.080694966
1.8383528	0.080652148
1.839005	0.080601841
1.8396575	0.080557041
1.8403107	0.080522329
1.8409641	0.080472216
1.8416178	0.08042565
1.8422722	0.080388837
1.8429272	0.080340311
1.8435825	0.080292784
1.8442384	0.080257349
1.8448946	0.080218285
1.8455515	0.080174208
1.8462087	0.080131821
1.8468666	0.080093972
1.8475248	0.080058686
1.8481835	0.080011912
1.8488425	0.079958282
1.8495022	0.079905733
1.8501621	0.079856567
1.8508228	0.079806648
1.8514837	0.079755947
1.852145	0.079705715
1.8528068	0.079655945
1.8534694	0.079608604
1.8541322	0.079565562
1.8547956	0.079518631
1.8554593	0.079461135
1.8561238	0.079408668
1.8567885	0.079366125
1.8574541	0.079322673
1.8581197	0.079273149
1.858786	0.07922104
1.8594526	0.079181343
1.8601199	0.079147063
1.8607875	0.079097785
1.8614557	0.07903783
1.8621242	0.078981794
1.8627936	0.078935422
1.8634632	0.078892253
1.8641332	0.07885728
1.8648038	0.078816354
1.8654748	0.078758076
1.8661463	0.078702465
1.8668184	0.078657188
1.8674908	0.078617685
1.8681637	0.078579135
1.868837	0.078524977
1.869511	0.078474328
1.8701854	0.078436226
1.8708603	0.0783998
1.8715357	0.078362666
1.8722117	0.078310497
1.872888	0.078262582
1.8735651	0.078220017
1.8742423	0.078168258
1.8749202	0.078111775
1.8755985	0.078059152
1.8762774	0.078006864
1.8769567	0.077957585
1.8776366	0.077915817
1.8783168	0.077870049
1.8789977	0.077827729
1.8796788	0.077784456
1.8803607	0.077735595
1.881043	0.077684537
1.8817258	0.077635735
1.882409	0.07758867
1.8830929	0.07753887
1.883777	0.077489227
1.8844618	0.07744348
1.8851469	0.077391982
1.8858327	0.077343613
1.8865188	0.077291936
1.8872057	0.077233307
1.8878928	0.077181235
1.8885808	0.077131711
1.8892689	0.07708285
1.8899578	0.077043854
1.8906469	0.077004805
1.8913368	0.07695172
1.892027	0.076898098
1.8927178	0.076850116
1.893409	0.076809376
1.8941009	0.076769836
1.8947932	0.076728344
1.8954861	0.076689698
1.8961793	0.076648034
1.8968732	0.07660757
1.8975675	0.07656081
1.8982624	0.076509096
1.8989576	0.076464221
1.8996536	0.076421976
1.9003499	0.076370366
1.9010466	0.076313384
1.9017439	0.076257333
1.9024419	0.076201282
1.9031402	0.076147355
1.9038392	0.076098725
1.9045385	0.076053597
1.9052386	0.07600572
1.905939	0.075959988
1.9066402	0.075912692
1.9073416	0.07586123
1.9080436	0.075817764
1.9087461	0.075779721
1.9094492	0.075735614
1.9101527	0.075685814
1.9108568	0.075636104
1.9115614	0.075590745
1.9122664	0.075549223
1.912972	0.075502105
1.9136782	0.075461373
1.9143847	0.075424723
1.915092	0.075379513
1.9157996	0.075332657
1.916508	0.075283803
1.9172167	0.075240046
1.9179261	0.075202174
1.9186358	0.075161293
1.9193462	0.07511425
1.9200571	0.075063393
1.9207685	0.075018667
1.9214803	0.07497067
1.9221928	0.074917413
1.9229058	0.074869394
1.9236195	0.074819222
1.9243335	0.074771576
1.9250481	0.074727163
1.9257631	0.074676298
1.9264789	0.074625686
1.927195	0.074574187
1.9279118	0.074522376
1.9286289	0.074483961
1.9293463	0.074443392
1.9300646	0.074392013
1.9307835	0.074347623
1.9315028	0.074303575
1.9322227	0.074261174
1.9329431	0.074223287
1.9336642	0.074179955
1.9343857	0.074132673
1.9351079	0.074087881
1.9358305	0.074042723
1.9365537	0.074004315
1.9372772	0.073968977
1.9380015	0.073923379
1.9387262	0.073883943
1.9394516	0.073850617
1.9401773	0.073806517
1.940904	0.073762305
1.9416308	0.073722146
1.9423584	0.073680483
1.9430864	0.073640063
1.943815	0.073601909
1.9445441	0.073556297
1.9452738	0.073508814
1.9460039	0.073467761
1.9467345	0.073426768
1.9474658	0.073384456
1.9481977	0.073344141
1.94893	0.073305644
1.949663	0.073265746
1.9503965	0.073228098
1.9511306	0.073193602
1.9518652	0.073158093
1.9526006	0.073120363
1.9533362	0.073081382
1.9540726	0.073043205
1.9548093	0.073002711
1.9555469	0.072959781
1.9562846	0.072917029
1.9570233	0.072878852
1.9577622	0.072843537
1.9585019	0.072808661
1.959242	0.07277029
1.9599829	0.072725505
1.960724	0.072679363
1.961466	0.072641768
1.9622083	0.072599337
1.9629514	0.072548598
1.9636948	0.072503403
1.9644389	0.072463155
1.9651834	0.072420858
1.9659288	0.072380543
1.9666744	0.072342277
1.9674209	0.072296061
1.9681678	0.07224644
1.9689153	0.072206832
1.9696634	0.072167329
1.9704123	0.072126999
1.9711614	0.072090462
1.9719112	0.072048172
1.9726615	0.072008848
1.9734125	0.071976013
1.9741639	0.071940757
1.9749161	0.071904749
1.9756685	0.071871184
1.976422	0.07183408
1.9771756	0.071797624
1.9779301	0.071770318
1.9786849	0.07173904
1.9794405	0.071701139
1.9801965	0.071662255
1.9809532	0.071636237
1.9817104	0.071619913
1.9824681	0.071588308
1.9832264	0.071552895
1.9839855	0.071521752
1.984745	0.071491934
1.9855052	0.07146582
1.9862659	0.071435437
1.9870273	0.071398675
1.987789	0.07137017
1.9885516	0.071355172
1.9893147	0.071337134
1.9900783	0.07131774
1.9908425	0.07129813
1.9916074	0.071276695
1.9923728	0.071252555
1.9931389	0.071226344
1.9939053	0.071202658
1.9946727	0.07118462
1.9954402	0.071164086
1.9962088	0.071143523
1.9969776	0.071129881
1.9977473	0.071114518
1.9985173	0.071095064
1.9992882	0.07107944
2.0000594	0.07106369
2.0008314	0.071044944
2.0016038	0.071030304
2.002377	0.071016036
2.0031507	0.070996337
2.0039251	0.070982099
2.0046999	0.070972249
2.0054755	0.070954889
2.0062516	0.070942134
2.0070286	0.070935689
2.0078058	0.070927143
2.0085838	0.070915364
2.0093622	0.070908368
2.0101414	0.070898354
2.010921	0.070885293
2.0117013	0.070882328
2.0124824	0.070876502
2.0132637	0.070858851
2.0140457	0.070847891
2.0148287	0.070841938
2.0156119	0.070823818
2.016396	0.070809446
2.0171804	0.070803344
2.0179658	0.070796467
2.0187516	0.070789501
2.0195379	0.070778452
2.0203249	0.07076516
2.0211127	0.07075239
2.0219009	0.070737422
2.0226898	0.070729002
2.0234792	0.070721611
2.0242696	0.070709027
2.0250602	0.070702069
2.0258517	0.070696153
2.0266438	0.070690453
2.0274363	0.070691943
2.0282295	0.070691817
2.0290234	0.070691556
2.0298178	0.070687413
2.0306129	0.070676193
2.0314085	0.070672996
2.0322044	0.070669517
2.0330014	0.070652276
2.0337989	0.070635721
2.0345972	0.070625648
2.0353961	0.070620835
2.0361953	0.070618585
2.0369956	0.07061094
2.0377963	0.070597649
2.0385981	0.070593677
2.0393999	0.07059598
2.0402026	0.070588961
2.0410056	0.070583053
2.0418096	0.070580818
2.042614	0.070575789
2.0434194	0.070567831
2.044225	0.070560038
2.0450315	0.070554197
2.0458386	0.070549741
2.0466464	0.070548899
2.0474546	0.070548214
2.0482635	0.070542879
2.049073	0.070538022
2.0498834	0.070540853
2.0506942	0.070536673
2.0515053	0.070520617
2.0523174	0.070512675
2.0531304	0.070511922
2.0539436	0.070515588
2.0547578	0.0705138
2.0555725	0.070502952
2.0563879	0.070500404
2.057204	0.070500448
2.0580208	0.070498273
2.0588381	0.070498504
2.0596561	0.070494644
2.0604746	0.070490927
2.0612941	0.070492029
2.062114	0.070489585
2.0629346	0.070488073
2.0637558	0.070496611
2.0645773	0.07050214
2.0653996	0.070499435
2.0662231	0.070499562
2.0670469	0.070506595
2.0678713	0.070514746
2.0686965	0.07052578
2.0695224	0.070537351
2.0703487	0.070549674
2.0711763	0.070567183
2.0720038	0.070577882
2.0728326	0.070580512
2.0736616	0.070586592
2.0744915	0.070602462
2.0753219	0.070613459
2.076153	0.070614889
2.0769846	0.070618719
2.0778172	0.070627004
2.0786502	0.070630781
2.0794842	0.070634075
2.0803187	0.070639797
2.0811539	0.070645005
2.0819895	0.070651695
2.0828261	0.070652172
2.0836632	0.070655331
2.084501	0.070670336
2.0853395	0.070687816
2.0861788	0.070696488
2.0870185	0.070703723
2.0878592	0.070723437
2.0887003	0.07074555
2.0895422	0.070758767
2.0903847	0.070772372
2.0912282	0.070787668
2.092072	0.070800483
2.0929167	0.070818879
2.0937619	0.07083977
2.0946081	0.070857257
2.0954545	0.070875704
2.096302	0.070897505
2.0971498	0.07092116
2.0979986	0.070941031
2.0988479	0.070954807
2.0996981	0.070971951
2.1005487	0.070997432
2.1014004	0.071018875
2.1022525	0.071035162
2.1031053	0.071054593
2.1039588	0.071076162
2.1048129	0.071097367
2.1056678	0.071118869
2.1065235	0.071145281
2.1073797	0.071170606
2.1082368	0.071191981
2.1090944	0.071218856
2.1099529	0.071251169
2.1108119	0.071281388
2.1116717	0.071307369
2.1125321	0.071341619
2.1133935	0.071376033
2.1142552	0.071404532
2.115118	0.071442775
2.1159811	0.071478814
2.1168454	0.071508363
2.1177099	0.071544871
2.1185756	0.071579464
2.1194417	0.071611941
2.1203086	0.071650118
2.121176	0.071688943
2.1220446	0.071726069
2.1229134	0.071766444
2.1237831	0.071804993
2.1246536	0.071842127
2.1255245	0.071880355
2.1263962	0.071918696
2.1272688	0.071962215
2.1281419	0.07200712
2.1290162	0.072047025
2.1298907	0.072086714
2.1307662	0.072123609
2.1316423	0.072155491
2.1325192	0.072186753
2.1333966	0.072215758
2.1342752	0.072256722
2.135154	0.072301
2.1360338	0.072332703
2.1369143	0.07236544
2.1377954	0.072406605
2.1386774	0.072447412
2.1395605	0.072477743
2.1404438	0.072501883
2.1413281	0.072535358
2.1422129	0.072575152
2.1430986	0.072607942
2.1439848	0.07263086
2.144872	0.072652206
2.1457596	0.072685942
2.1466477	0.072723687
2.1475368	0.072759241
2.148427	0.072796121
2.1493175	0.072828844
2.1502092	0.072861262
2.1511011	0.072892636
2.1519942	0.072917864
2.1528878	0.072940826
2.1537826	0.07296776
2.1546776	0.073003337
2.1555736	0.073038086
2.1564703	0.073066756
2.1573677	0.073095351
2.1582658	0.073118165
2.1591649	0.073135287
2.1600645	0.073155321
2.1609645	0.073179632
2.1618655	0.073201478
2.1627674	0.073219381
2.1636701	0.073236264
2.1645734	0.073253922
2.1654775	0.073270418
2.1663826	0.07329344
2.1672883	0.073323086
2.168195	0.073352307
2.169102	0.073385499
2.1700101	0.073421322
2.1709187	0.073456585
2.1718283	0.073488623
2.1727386	0.07352297
2.1736495	0.073563881
2.1745613	0.073605418
2.1754742	0.073640361
2.1763873	0.073676236
2.1773014	0.073717438
2.1782162	0.073749363
2.179132	0.073778123
2.1800482	0.073810443
2.1809654	0.073832922
2.1818831	0.073851503
2.1828015	0.073881
2.1837208	0.073917903
2.1846411	0.073947705
2.1855621	0.073977165
2.1864841	0.074005499
2.1874065	0.07402958
2.1883299	0.074054778
2.189254	0.074086644
2.1901793	0.074122645
2.1911051	0.074148618
2.1920316	0.074168995
2.1929588	0.074197441
2.193887	0.074233331
2.1948156	0.074268684
2.1957452	0.074296698
2.1966755	0.074316539
2.197607	0.074337512
2.1985388	0.074370131
2.1994717	0.074412562
2.2004051	0.074451655
2.2013395	0.074483566
2.2022746	0.074514024
2.2032106	0.074535243
2.2041473	0.07455308
2.2050848	0.074586138
2.206023	0.07462246
2.2069621	0.074653491
2.207902	0.074686639
2.2088428	0.074720785
2.2097843	0.074759312
2.2107267	0.074794881
2.2116697	0.074826278
2.2126141	0.074860416
2.2135587	0.07490015
2.2145045	0.074935935
2.2154505	0.074962616
2.216398	0.074994646
2.2173457	0.075028427
2.2182946	0.075058438
2.2192442	0.075091183
2.2201948	0.075128503
2.2211459	0.075164683
2.2220981	0.075206742
2.2230508	0.0752552
2.2240045	0.075291276
2.2249589	0.075323068
2.2259145	0.075362928
2.2268705	0.075406075
2.2278273	0.075444095
2.228785	0.07547947
2.2297437	0.075518571
2.2307031	0.075553507
2.2316635	0.075584128
2.2326245	0.075624228
2.2335865	0.075661115
2.234549	0.075683825
2.2355127	0.075709589
2.2364771	0.075739622
2.2374425	0.075771131
2.2384083	0.075806648
2.2393754	0.075837821
2.2403431	0.075866073
2.2413118	0.075896725
2.2422812	0.075923942
2.243252	0.075957425
2.2442229	0.075990789
2.2451949	0.076020472
2.2461677	0.076057918
2.2471414	0.076089256
2.2481158	0.076114409
2.2490911	0.07614629
2.2500672	0.076185375
2.251044	0.076217145
2.2520218	0.076241046
2.2530005	0.076264918
2.2539799	0.076288901
2.2549605	0.076322787
2.2559416	0.076363608
2.2569239	0.076394677
2.2579067	0.076423399
2.2588909	0.076455332
2.2598755	0.076491274
2.2608612	0.076531872
2.2618475	0.076564841
2.2628348	0.076592632
2.263823	0.076622285
2.264812	0.076646879
2.2658017	0.076673523
2.2667923	0.076709561
2.2677839	0.0767463
2.2687764	0.076773465
2.2697697	0.076795116
2.2707639	0.0768236
2.271759	0.076855063
2.2727549	0.076880425
2.2737517	0.076902404
2.2747495	0.076930717
2.275748	0.076962233
2.2767475	0.077001229
2.2777479	0.077039488
2.278749	0.077061772
2.2797511	0.077082969
2.2807541	0.077106915
2.2817578	0.077127248
2.282763	0.077146351
2.2837684	0.077176221
2.284775	0.077216126
2.2857823	0.07724788
2.2867908	0.077270657
2.2877998	0.077301458
2.28881	0.077335991
2.2898209	0.077363014
2.2908323	0.077382118
2.2918451	0.077399485
2.2928588	0.077424921
2.2938731	0.077453308
2.2948887	0.077477708
2.2959049	0.077503204
2.2969222	0.077531405
2.2979403	0.077560343
2.2989597	0.07758946
2.2999794	0.077619351
2.3010006	0.077652633
2.3020222	0.077684641
2.303045	0.077717058
2.3040683	0.077752478
2.3050931	0.07779073
2.3061182	0.077826202
2.3071454	0.077854924
2.3081722	0.077883616
2.3092005	0.077911414
2.3102295	0.077936694
2.3112597	0.077967979
2.3122904	0.078001328
2.3133223	0.078021765
2.3143549	0.078038417
2.3153882	0.078061566
2.3164227	0.07808242
2.3174584	0.078104615
2.3184946	0.078126803
2.3195322	0.078151599
2.3205702	0.078185461
2.3216095	0.078222379
2.3226497	0.078254186
2.3236911	0.078284569
2.324733	0.078311577
2.3257761	0.07834249
2.3268199	0.07837417
2.3278646	0.078396484
2.3289104	0.078423172
2.3299572	0.078456454
2.3310046	0.0784944
2.3320534	0.078538112
2.3331029	0.078576691
2.3341534	0.078610465
2.3352048	0.078646339
2.3362572	0.078678638
2.3373103	0.078714468
2.3383648	0.078758776
2.3394198	0.078794986
2.340476	0.078824863
2.3415329	0.078855701
2.342591	0.078891568
2.3436501	0.07893388
2.3447101	0.078971595
2.3457711	0.079006389
2.346833	0.079041846
2.3478959	0.079073228
2.3489597	0.079098888
2.3500245	0.079129949
2.3510904	0.079160042
2.3521569	0.079183862
2.3532248	0.079210944
2.3542933	0.07923644
2.3553631	0.079261012
2.3564336	0.079289496
2.3575051	0.079318002
2.3585775	0.079343587
2.3596511	0.079373986
2.3607256	0.079412483
2.3618011	0.07944335
2.3628776	0.079459131
2.363955	0.079475589
2.3650334	0.079494417
2.3661137	0.079518609
2.3671939	0.079545677
2.3682754	0.079561934
2.3693576	0.079577535
2.3704412	0.079590239
2.3715253	0.079596475
2.3726108	0.079608351
2.373697	0.079624355
2.3747847	0.07963229
2.3758729	0.079633497
2.3769624	0.079638541
2.3780525	0.079649962
2.379144	0.079663716
2.3802361	0.079670317
2.3813298	0.079667889
2.3824239	0.079666473
2.3835192	0.079670921
2.3846154	0.079673856
2.3857129	0.079674713
2.3868113	0.079681881
2.3879108	0.079690754
2.3890109	0.079693653
2.3901126	0.079696722
2.3912148	0.07970342
2.3923185	0.079708278
2.3934228	0.079717524
2.3945284	0.079732575
2.3956349	0.079745255
2.3967426	0.07976032
2.397851	0.07978341
2.3989608	0.079815336
2.4000711	0.079853177
2.4011834	0.07990101
2.4022958	0.079948857
2.4034097	0.079992011
2.4045243	0.080041461
2.4056404	0.080086097
2.4067569	0.080121517
2.4078751	0.080163375
2.4089937	0.08021903
2.4101133	0.080276251
2.4112341	0.08031942
2.4123564	0.080359653
2.4134791	0.080412969
2.4146035	0.080471016
2.4157286	0.080514111
2.4168549	0.080551058
2.4179819	0.080606498
2.4191108	0.080666728
2.4202399	0.080714047
2.4213705	0.080754347
2.4225018	0.080797009
2.4236345	0.080837704
2.424768	0.080876172
2.4259028	0.080920406
2.4270384	0.080959827
2.4281759	0.080999777
2.4293137	0.081037022
2.4304526	0.081075639
2.4315925	0.081119157
2.4327338	0.0811527
2.4338756	0.081182264
2.435019	0.081214942
2.4361632	0.081252724
2.4373078	0.081283651
2.4384544	0.081303574
2.4396017	0.081331082
2.4407504	0.081354119
2.4419	0.081374861
2.4430506	0.081405535
2.4442027	0.081434771
2.4453554	0.081462212
2.4465098	0.081488378
2.447665	0.081517406
2.4488211	0.081548288
2.4499784	0.081580922
2.4511368	0.081610523
2.4522963	0.081644937
2.4534569	0.081679136
2.4546185	0.081698634
2.4557815	0.081722774
2.4569452	0.081758201
2.4581103	0.081794642
2.4592764	0.081830181
2.4604435	0.081868663
2.4616117	0.081904963
2.4627812	0.081933551
2.4639518	0.081965424
2.4651229	0.081995875
2.4662957	0.082020536
2.4674697	0.082049251
2.4686446	0.082078874
2.4698207	0.082100756
2.4709978	0.082115993
2.4721763	0.082137056
2.4733558	0.08216197
2.4745364	0.08218199
2.4757183	0.082198493
2.4769011	0.082209848
2.478085	0.082217425
2.4792702	0.082227297
2.4804564	0.082241252
2.4816439	0.082258336
2.4828324	0.082277723
2.4840217	0.082300588
2.4852126	0.082322173
2.4864044	0.082339168
2.4875975	0.08235766
2.4887917	0.082382336
2.4899871	0.08239644
2.4911838	0.082403943
2.4923813	0.082423702
2.4935806	0.082444221
2.4947805	0.082464546
2.4959817	0.082485504
2.497184	0.082498237
2.4983873	0.082505375
2.4995921	0.082508661
2.5007977	0.082515083
2.5020049	0.082528345
2.5032129	0.082542524
2.5044224	0.082560562
2.5056329	0.082583129
2.5068443	0.082603708
2.5080571	0.082619965
2.5092711	0.082635134
2.5104864	0.082653314
2.5117025	0.082671978
2.5129199	0.082678676
2.5141385	0.082680702
2.5153584	0.082691766
2.5165794	0.0827033
2.5178018	0.082711101
2.5190251	0.082719803
2.5202496	0.08273077
2.5214756	0.082742617
2.5227027	0.08275643
2.5239308	0.082777143
2.5251603	0.082803711
2.5263908	0.082821362
2.5276225	0.082827307
2.5288556	0.082831398
2.5300899	0.082835585
2.5313251	0.082839355
2.532562	0.082846902
2.5337996	0.082856417
2.5350387	0.08286465
2.536279	0.08288122
2.5375204	0.082897313
2.538763	0.082898192
2.5400069	0.082899556
2.5412521	0.082909323
2.5424979	0.082913771
2.5437455	0.082907952
2.5449944	0.082900703
2.5462441	0.082902342
2.5474954	0.082923211
2.548748	0.082945772
2.5500016	0.082949467
2.5512564	0.082953297
2.5525131	0.08297132
2.5537705	0.08299575
2.5550292	0.083009616
2.556289	0.083027504
2.5575502	0.083048232
2.5588126	0.08304809
2.5600762	0.083037198
2.561341	0.083044469
2.5626073	0.083065175
2.5638747	0.08307258
2.5651433	0.08307267
2.5664132	0.08307071
2.5676842	0.083070703
2.5689566	0.083084822
2.5702302	0.083119303
2.5715053	0.08312986
2.5727808	0.083135307
2.5740583	0.083174758
2.5753372	0.083183311
2.576617	0.083186477
2.5778983	0.083210915
2.579181	0.083213523
2.5804646	0.083225898
2.5817497	0.083247185
2.5830364	0.083257161
2.5843241	0.083294258
2.585613	0.083295934
2.5869033	0.083292335
2.5881948	0.083330549
2.5894876	0.08334019
2.5907817	0.08333616
2.592077	0.083331585
2.5933733	0.083305135
2.5946712	0.083334215
2.5959706	0.083394125
2.5972712	0.083386257
2.598573	0.083375201
2.5998762	0.083389498
2.6011808	0.083403692
2.6024866	0.083425522
2.6037939	0.083430536
2.6051023	0.08344198
2.6064122	0.083482057
2.6077232	0.083496742
2.6090355	0.083500616
2.6103492	0.08351589
2.6116643	0.083531938
2.6129806	0.083557501
2.6142986	0.083589345
2.6156178	0.083613791
2.6169381	0.083671853
2.6182597	0.083709471
2.6195827	0.083697282
2.6209071	0.083745442
2.6222329	0.083795488
2.62356	0.083822355
2.6248877	0.08386229
2.6262174	0.083920412
2.6275485	0.08399462
2.628881	0.08402282
2.6302147	0.084079184
2.6315498	0.084166855
2.6328864	0.084207468
2.6342242	0.084259711
2.6355639	0.084315248
2.6369042	0.084350064
2.6382463	0.084390126
2.6395895	0.08443588
2.6409342	0.084474318
2.6422803	0.084520206
2.6436276	0.084568046
2.6449764	0.084607393
2.6463268	0.084652007
2.6476784	0.084686689
2.6490314	0.084725417
2.6503856	0.084763527
2.6517413	0.084790975
2.6530983	0.084819816
2.6544569	0.084837444
2.6558168	0.084869646
2.6571774	0.084888563
2.65854	0.084897019
2.6599042	0.084929273
2.6612697	0.084973954
2.6626365	0.08500617
2.6640048	0.085020185
2.6653745	0.085057586
2.6667454	0.085108154
2.6681182	0.085114792
2.6694922	0.085065447
2.6708674	0.085106865
2.6722443	0.085130945
2.6736224	0.085074455
2.6750021	0.085059673
2.676383	0.085073315
2.6777654	0.085071005
2.6791496	0.08506193
2.6805348	0.085064083
2.6819217	0.085026883
2.6833098	0.084994696
2.6846995	0.084972382
2.6860905	0.084934853
2.6874828	0.084899127
2.6888769	0.084852487
2.6902716	0.084783703
2.6916685	0.084688038
2.6930668	0.08458709
2.6944666	0.084495619
2.6958678	0.084387928
2.6972704	0.084251858
2.6986744	0.084090568
2.7000799	0.083919771
2.7014871	0.083756886
2.7028956	0.083578818
2.7043056	0.083357386
2.7057171	0.083103478
2.70713	0.082809255
2.7085443	0.082480021
2.7099602	0.082119346
2.7113776	0.081757165
2.7127967	0.081366599
2.7142169	0.080912694
2.7156389	0.080443203
2.7170622	0.07997033
2.718487	0.079411425
2.7199132	0.078697413
2.7213409	0.078086354
2.7227702	0.077857412
2.7242005	0.077931724
2.7256327	0.078034014
2.7270665	0.078008585
2.7285018	0.077897549
2.7299387	0.077752791
2.7313771	0.077587359
2.7328169	0.077391736
2.7342582	0.077195011
2.7357013	0.077010453
2.7371457	0.076785296
2.7385917	0.076530203
2.7400391	0.076280892
2.741488	0.076017089
2.7429385	0.075730853
2.7443907	0.075499602
2.7458441	0.075361274
2.747299	0.075224116
2.7487557	0.075047277
2.7502139	0.074836873
2.7516737	0.074603394
2.753135	0.074352778
2.7545979	0.074115887
2.7560623	0.073955201
2.7575283	0.073806338
2.7589962	0.073620073
2.7604654	0.073434182
2.7619359	0.073276676
2.7634082	0.073142841
2.7648821	0.073009841
2.7663574	0.072878033
2.7678344	0.072755262
2.7693131	0.072607629
2.7707932	0.072420239
2.772275	0.072216533
2.7737584	0.072015785
2.7752433	0.071817905
2.7767296	0.071602464
2.7782178	0.071353212
2.7797074	0.071062244
2.7811987	0.070741229
2.782691	0.070395365
2.7841854	0.07003127
2.7856815	0.069656007
2.7871792	0.0692738
2.7886784	0.068886399
2.7901793	0.068479583
2.7916818	0.068053894
2.7931859	0.067615598
2.794692	0.067160532
2.7961996	0.066702507
2.7977085	0.066240095
2.7992191	0.065773003
2.8007314	0.06528642
2.8022454	0.064785562
2.803761	0.064297318
2.8052781	0.06381005
2.806797	0.063310966
2.8083177	0.062802643
2.8098397	0.062274914
2.8113635	0.061736133
2.8128889	0.061206158
2.8144159	0.060685311
2.8159447	0.060164869
2.8174751	0.059640575
2.8190067	0.059107274
2.8205404	0.05856695
2.8220758	0.058028232
2.8236129	0.057491228
2.8251517	0.056948628
2.8266921	0.05639727
2.8282342	0.055831548
2.829778	0.055258442
2.8313241	0.054697312
2.8328712	0.054141067
2.83442	0.053578753
2.8359706	0.053021926
2.8375227	0.052467369
2.8390768	0.051905226
2.8406324	0.05134264
2.8421898	0.050772022
2.843749	0.050189912
2.84531	0.04961418
2.8468723	0.04904525
2.8484366	0.048475418
2.8500025	0.047905181
2.8515701	0.047342122
2.8531396	0.046781063
2.8547106	0.046212718
2.8562829	0.045632906
2.8578575	0.045050636
2.8594339	0.044474278
2.861012	0.043899331
2.8625917	0.043322023
2.8641732	0.042740416
2.8657565	0.042148095
2.8673415	0.041560214
2.8689287	0.040979836
2.870517	0.04040895
2.8721075	0.039842386
2.8736994	0.039267339
2.8752933	0.038689971
2.876889	0.038115278
2.8784864	0.037546046
2.8800855	0.036985174
2.8816857	0.036435552
2.8832886	0.035893772
2.8848929	0.035354871
2.8864994	0.034822982
2.8881073	0.034290478
2.8897173	0.033767033
2.8913291	0.033255711
2.8929424	0.03274427
2.8945582	0.032241583
2.8961751	0.031762175
2.897794	0.031304222
2.8994148	0.030852079
2.9010372	0.030402802
2.9026616	0.029966837
2.9042876	0.029541405
2.9059157	0.02912928
2.9075458	0.028731212
2.9091775	0.028353201
2.9108109	0.027996525
2.9124463	0.027647322
2.9140832	0.027313853
2.9157224	0.02700015
2.9173632	0.026693908
2.9190059	0.026397986
2.9206498	0.026109295
2.922296	0.02584108
2.9239442	0.025595564
2.9255943	0.025348397
2.9272463	0.025101924
2.9289	0.0248641
2.9305558	0.024639295
2.9322133	0.024430925
2.9338732	0.02421342
2.9355345	0.023997424
2.9371977	0.023797108
2.9388628	0.023607649
2.9405298	0.023423899
2.9421985	0.023239106
2.9438694	0.02305364
2.9455421	0.022876466
2.9472167	0.022704205
2.9488933	0.022530725
2.9505715	0.02236012
2.9522519	0.022194689
2.953934	0.022033583
2.9556181	0.02186786
2.9573042	0.021698395
2.9589922	0.021543257
2.9606814	0.021397552
2.9623733	0.021243809
2.964067	0.021081513
2.9657626	0.020931568
2.9674604	0.020792995
2.9691598	0.020657543
2.9708614	0.020526705
2.9725649	0.020392189
2.9742706	0.020253479
2.9759779	0.020128313
2.9776874	0.020015938
2.9793985	0.019900082
2.9811118	0.019775882
2.9828272	0.019658428
2.9845443	0.019547867
2.9862635	0.019437721
2.9879854	0.019332601
2.9897087	0.019232392
2.9914336	0.01913121
2.993161	0.019042533
2.99489	0.018964618
2.9966211	0.0188784
2.9983544	0.0187908
3.0000894	0.018709397
3.001826	0.01862896
3.0035653	0.018553806
3.0053065	0.018474109
3.0070496	0.018398864
3.0087948	0.018335324
3.0105422	0.018263681
3.0122914	0.01819258
3.0140429	0.018133435
3.0157964	0.018063745
3.0175517	0.017998436
3.0193093	0.017946284
3.0210688	0.01788234
3.0228302	0.017808614
3.0245938	0.017746419
3.0263596	0.017687125
3.0281272	0.017623398
3.0298975	0.01756224
3.0316694	0.017500639
3.0334435	0.017438456
3.0352194	0.017380144
3.0369976	0.017314419
3.0387776	0.017242203
3.04056	0.017185751
3.0423443	0.017133867
3.0441301	0.017064271
3.0459187	0.016994126
3.0477092	0.016926078
3.0495021	0.016862683
3.0512969	0.016812069
3.0530939	0.016759759
3.054893	0.016699027
3.0566943	0.016642606
3.0584979	0.016597683
3.0603034	0.016554235
3.0621109	0.016502885
3.0639207	0.016454849
3.0657327	0.016419254
3.0675466	0.016391503
3.0693629	0.016368568
3.0711813	0.016349077
3.0730011	0.016336344
3.0748239	0.016334429
3.0766487	0.016334061
3.0784757	0.016332246
3.0803049	0.016344093
3.0821362	0.01637743
3.0839698	0.016418748
3.0858054	0.016465487
3.0876439	0.016515624
3.0894837	0.01656989
3.0913262	0.016644893
3.0931706	0.0167359
3.0950172	0.016819842
3.0968661	0.016907712
3.0987172	0.017014636
3.1005704	0.01713087
3.1024263	0.017257061
3.104284	0.017383387
3.106144	0.017508434
3.1080062	0.017641351
3.1098707	0.017775482
3.1117373	0.017913621
3.1136062	0.018060047
3.1154773	0.018221442
3.1173501	0.018374825
3.1192257	0.018519569
3.1211035	0.018669771
3.1229837	0.018821277
3.1248662	0.018973472
3.1267509	0.019123899
3.128638	0.019269856
3.1305273	0.019422939
3.1324193	0.019588571
3.1343131	0.019749327
3.1362092	0.019906903
3.1381078	0.02006433
3.1400084	0.020208795
3.1419115	0.020360816
3.1438167	0.020523015
3.1457245	0.020679314
3.1476347	0.020823965
3.1495469	0.020967439
3.1514616	0.021116091
3.1533785	0.021265028
3.1552978	0.021416778
3.1572194	0.021567028
3.1591434	0.021709284
3.1610696	0.021864083
3.162998	0.02201895
3.1649289	0.022166025
3.1668622	0.022314157
3.168798	0.022464121
3.1707361	0.022607196
3.1726766	0.022745343
3.1746194	0.022890437
3.1765647	0.023040984
3.1785126	0.023189647
3.1804626	0.023339599
3.182415	0.023495711
3.1843698	0.023654873
3.186327	0.023807818
3.1882865	0.023950934
3.1902485	0.024083268
3.1922131	0.024210371
3.19418	0.024353314
3.1961493	0.024510898
3.1981211	0.024661032
3.2000952	0.02480698
3.2020719	0.024955513
3.2040508	0.025102597
3.2060323	0.025246965
3.2080164	0.025391227
3.2100022	0.025540948
3.2119911	0.025693633
3.2139823	0.025843259
3.215976	0.025987566
3.2179723	0.026129566
3.2199712	0.026281998
3.2219722	0.026434062
3.2239761	0.026574288
3.2259824	0.026721321
3.2279911	0.026878193
3.2300024	0.027026387
3.2320161	0.027165998
3.2340324	0.027311144
3.2360511	0.027465155
3.2380724	0.027618714
3.2400961	0.027759466
3.2421229	0.027899163
3.2441516	0.028047806
3.2461832	0.028191648
3.2482171	0.028338013
3.2502534	0.028493116
3.2522926	0.028643852
3.2543342	0.028790314
3.2563784	0.028933343
3.2584248	0.029080117
3.2604742	0.029234435
3.262526	0.029389886
3.2645805	0.02954663
3.2666376	0.029707327
3.2686973	0.029867981
3.2707596	0.030026508
3.2728245	0.030193545
3.2748921	0.030367758
3.2769623	0.030527821
3.2790351	0.030685049
3.2811103	0.030851958
3.2831883	0.031025086
3.2852688	0.03119548
3.2873521	0.031368684
3.289438	0.031544957
3.2915258	0.031720728
3.293617	0.031896856
3.2957108	0.032070197
3.2978072	0.032253172
3.2999065	0.032435358
3.3020084	0.032608721
3.3041129	0.032794539
3.3062201	0.032985911
3.3083303	0.033164717
3.3104429	0.033344164
3.3125582	0.033525866
3.314676	0.033712573
3.3167968	0.033904284
3.3189204	0.034090146
3.3210464	0.034270085
3.3231752	0.034442265
3.3253074	0.03461799
3.3274417	0.034809113
3.3295789	0.035003729
3.3317187	0.035193358
3.3338614	0.035377897
3.3360066	0.035565279
3.3381548	0.035750441
3.3403056	0.035928246
3.3424585	0.036113996
3.344615	0.036307853
3.3467741	0.03648819
3.3489361	0.036655579
3.3511009	0.036832031
3.3532684	0.037019331
3.3554389	0.037205886
3.3576121	0.037397809
3.3597887	0.037587356
3.3619676	0.037763126
3.3641491	0.037939738
3.3663337	0.03811755
3.368521	0.038284272
3.3707113	0.038453799
3.3729043	0.038633488
3.3751001	0.038812123
3.3772995	0.038985591
3.3795011	0.039166771
3.3817058	0.039359212
3.383913	0.039552141
3.3861232	0.039739791
3.3883364	0.039931186
3.3905525	0.040119868
3.3927715	0.040308952
3.3949924	0.040502019
3.3972173	0.040698905
3.3994448	0.040899061
3.4016755	0.041098047
3.403909	0.041291077
3.4061456	0.041475914
3.408385	0.041662466
3.4106274	0.041844338
3.4128728	0.042024918
3.4151211	0.042214315
3.4173725	0.042399298
3.4196265	0.04257087
3.4218838	0.042739596
3.424144	0.042911995
3.4264071	0.043079894
3.4286733	0.043252464
3.4309425	0.043426845
3.4332149	0.043599665
3.4354899	0.043791469
3.4377682	0.04397979
3.4400494	0.044157159
3.4423335	0.044338573
3.4446208	0.044522796
3.4469111	0.044701081
3.449204	0.044870686
3.4515004	0.045039106
3.4537997	0.045216169
3.4561024	0.045396037
3.4584079	0.045574274
3.4607165	0.045741871
3.4630284	0.045894757
3.4653432	0.046062246
3.4676619	0.046230815
3.4699829	0.046391092
3.472307	0.046564195
3.4746342	0.046733472
3.4769647	0.046897419
3.4792981	0.047078248
3.4816349	0.047257118
3.4839747	0.047423124
3.4863167	0.047592033
3.488663	0.047761962
3.4910121	0.047931407
3.4933646	0.048105758
3.4957201	0.048282128
3.4980791	0.048447166
3.5004408	0.048606906
3.5028062	0.048776116
3.5051751	0.048948709
3.5075467	0.049109682
3.5099213	0.049263757
3.5122993	0.049418371
3.5146806	0.049587846
3.517065	0.049773261
3.5194528	0.049954504
3.5218437	0.050115976
3.5242381	0.050270639
3.5266356	0.050425291
3.5290363	0.050585642
3.5314403	0.050759893
3.5338476	0.050934564
3.536258	0.051097576
3.538672	0.05125875
3.5410891	0.051412575
3.5435085	0.051571015
3.5459323	0.051745899
3.5483594	0.051921669
3.5507898	0.052093044
3.5532234	0.052257683
3.5556605	0.052422434
3.5581009	0.052595705
3.5605447	0.052785106
3.5629921	0.052981276
3.5654426	0.053157493
3.5678964	0.053310256
3.5703535	0.053469218
3.5728142	0.053640008
3.5752783	0.053800803
3.5777457	0.053959962
3.5802164	0.054121386
3.5826914	0.054275606
3.5851691	0.05443858
3.5876501	0.054610375
3.5901346	0.054775983
3.5926225	0.054940604
3.595114	0.055114258
3.5976088	0.055290941
3.6001072	0.055452783
3.6026084	0.055612482
3.6051137	0.055787694
3.6076224	0.055966929
3.6101346	0.056142736
3.6126504	0.056322392
3.6151698	0.056499179
3.6176925	0.056664135
3.620219	0.056833085
3.6227491	0.057001609
3.6252825	0.057172056
3.6278193	0.057355881
3.6303599	0.057532553
3.6329038	0.057697993
3.6354516	0.057865251
3.6380026	0.058042482
3.6405575	0.058215503
3.6431165	0.05838478
3.6456785	0.05855608
3.6482441	0.058718394
3.6508133	0.058871035
3.6533861	0.059021533
3.6559625	0.059165411
3.6585426	0.05930645
3.6611264	0.059470184
3.6637127	0.059654359
3.6663036	0.059835419
3.6688983	0.059995089
3.6714969	0.060151968
3.6740987	0.060315333
3.6767046	0.06048457
3.6793139	0.060663175
3.6819272	0.060833011
3.6845443	0.060985543
3.687165	0.061145213
3.6897893	0.061323214
3.6924174	0.061510224
3.695049	0.061682872
3.6976848	0.061840098
3.7003241	0.062011108
3.7029672	0.062190168
3.7056146	0.062345996
3.7082653	0.062496569
3.7109196	0.062650032
3.713578	0.062814593
3.7162399	0.062984735
3.7189059	0.063138328
3.7215757	0.063278183
3.7242491	0.063412093
3.7269256	0.063550934
3.7296069	0.063696273
3.7322919	0.063853189
3.7349808	0.064006284
3.7376738	0.064143658
3.7403705	0.064294338
3.7430711	0.064443365
3.7457757	0.064597316
3.7484846	0.064784102
3.7511971	0.064966932
3.7539134	0.065111846
3.7566335	0.065262742
3.7593577	0.065430544
3.7620859	0.065594986
3.764818	0.065759197
3.767554	0.065924548
3.770293	0.066087611
3.7730372	0.066239417
3.7757852	0.066374451
3.778537	0.06651935
3.7812932	0.066657506
3.7840533	0.066781901
3.7868173	0.066912331
3.7895856	0.067041919
3.7923579	0.067191876
3.7951343	0.067350924
3.7979145	0.067480326
3.800699	0.067596406
3.8034875	0.067705706
3.8062801	0.06782303
3.8090768	0.067951471
3.8118775	0.068079613
3.8146832	0.068208762
3.8174922	0.06831973
3.8203053	0.068419911
3.8231227	0.068520106
3.8259442	0.068665549
3.8287699	0.068819761
3.8315997	0.068969548
3.8344338	0.069111429
3.837271	0.069269039
3.8401134	0.069425091
3.8429599	0.069551721
3.8458109	0.069663078
3.848666	0.069783635
3.8515253	0.069908537
3.8543887	0.070034124
3.8572567	0.070166267
3.8601296	0.07030151
3.8630059	0.070433475
3.8658867	0.070562609
3.8687716	0.070690669
3.8716609	0.070827782
3.8745544	0.07096976
3.8774524	0.071096681
3.8803546	0.071214862
3.8832617	0.07132107
3.8861728	0.071419403
3.8890882	0.07152836
3.8920078	0.071650609
3.894932	0.071774863
3.8978605	0.071905315
3.9007933	0.072055109
3.9037306	0.072214156
3.9066718	0.072368704
3.9096179	0.072500788
3.9125686	0.07261268
3.9155238	0.072719038
3.9184833	0.072820947
3.9214473	0.072909914
3.9244158	0.073003337
3.9273889	0.07311099
3.9303668	0.073224917
3.9333489	0.073338605
3.9363356	0.073441684
3.9393268	0.07353045
3.9423223	0.073616877
3.9453225	0.073710881
3.9483273	0.073794708
3.9513369	0.073864989
3.9543512	0.073942184
3.9573698	0.074025683
3.960393	0.074108444
3.9634209	0.074190073
3.9664533	0.074278332
3.9694903	0.074375741
3.972532	0.074491523
3.9755785	0.07460919
3.9786289	0.074707441
3.9816847	0.074809052
3.984745	0.074930854
3.9878104	0.075052075
3.9908803	0.075157307
3.9939549	0.075250588
3.9970343	0.075331487
4.0001183	0.075409323
4.0032082	0.075471953
4.0063019	0.075523496
4.0094004	0.075599194
4.0125036	0.075694181
4.0156116	0.075775228
4.0187244	0.075856805
4.021842	0.075951792
4.0249648	0.076039217
4.028091	0.076129586
4.0312233	0.076231778
4.0343604	0.076347761
4.0375023	0.076477416
4.0406489	0.07660649
4.0438008	0.076707922
4.046958	0.076791629
4.0501194	0.076893203
4.0532866	0.077012837
4.056458	0.077128395
4.0596347	0.077215061
4.0628161	0.077281468
4.0660028	0.077344224
4.0691943	0.077411927
4.0723906	0.077464633
4.0755925	0.077506393
4.0787992	0.077554807
4.0820107	0.077600524
4.0852275	0.077654086
4.0884495	0.077712923
4.0916762	0.077746227
4.0949082	0.077779561
4.0981455	0.077825576
4.1013875	0.077869222
4.1046343	0.077909872
4.1078868	0.077940114
4.1111441	0.077960163
4.1144071	0.077979907
4.1176748	0.078002259
4.1209483	0.078044474
4.1242266	0.07811562
4.1275101	0.078202575
4.1307993	0.078278862
4.1340938	0.078362286
4.137393	0.07844121
4.1406975	0.078502849
4.1440077	0.078581773
4.1473227	0.078706212
4.1506433	0.078822382
4.1539693	0.078884386
4.1573014	0.078915358
4.1606379	0.078967862
4.16398	0.079023756
4.1673269	0.079069175
4.1706796	0.079128526
4.1740379	0.079192743
4.1774011	0.07924106
4.1807699	0.0792844
4.1841431	0.079330303
4.1875229	0.079368338
4.190908	0.079389244
4.1942987	0.079392761
4.1976953	0.079402931
4.2010965	0.079430595
4.204504	0.079465531
4.2079167	0.079498529
4.2113357	0.079492703
4.2147593	0.079439767
4.2181888	0.079359487
4.2216239	0.07929536
4.2250643	0.079245344
4.2285104	0.079191111
4.2319622	0.079143077
4.2354198	0.079119436
4.2388835	0.07912802
4.242352	0.079169013
4.2458267	0.079234056
4.2493072	0.079329245
4.2527928	0.07946828
4.2562842	0.079555832
4.2597818	0.079488292
4.2632847	0.079340458
4.2667923	0.079206437
4.2703071	0.079122335
4.2738276	0.079082899
4.2773538	0.079065248
4.2808857	0.079060137
4.2844238	0.079057939
4.2879677	0.07904584
4.2915173	0.079052195
4.2950735	0.079101115
4.298635	0.079170853
4.3022022	0.079214051
4.3057756	0.079237998
4.3093548	0.079260543
4.3129401	0.079291932
4.3165312	0.079332896
4.3201284	0.079374261
4.3237324	0.079378203
4.3273416	0.079372272
4.3309565	0.07938163
4.3345776	0.079396777
4.3382049	0.07941623
4.3418384	0.079446115
4.3454776	0.079477385
4.3491235	0.07951811
4.3527737	0.079579718
4.3564315	0.079634339
4.3600955	0.079669774
4.3637652	0.079709955
4.3674417	0.079767078
4.3711243	0.0798392
4.3748131	0.079921104
4.3785081	0.080000758
4.3822103	0.080034979
4.3859177	0.080018349
4.3896313	0.079983361
4.3933511	0.079956792
4.3970776	0.079933748
4.4008102	0.07991638
4.4045491	0.079900481
4.4082947	0.079889499
4.412045	0.07989908
4.415803	0.079913318
4.4195676	0.079906784
4.4233384	0.07989312
4.4271159	0.079891302
4.4308996	0.079883076
4.43469	0.079851814
4.4384871	0.079799615
4.4422908	0.079725802
4.4461007	0.079653457
4.4499168	0.079594858
4.4537401	0.079563938
4.4575696	0.079559684
4.4614058	0.079556353
4.4652486	0.07952448
4.4690976	0.07947541
4.4729543	0.079445116
4.4768167	0.079420753
4.4806862	0.079379901
4.4845624	0.079338603
4.4884448	0.079292051
4.4923344	0.079222955
4.4962306	0.079144754
4.5001335	0.079089411
4.5040426	0.079052888
4.5079594	0.07901413
4.5118828	0.079002343
4.5158129	0.079025626
4.5197501	0.079053812
4.523694	0.079075798
4.5276446	0.079086497
4.5316024	0.07908652
4.5355678	0.07906846
4.5395393	0.079050504
4.5435181	0.079053298
4.5475035	0.079065129
4.551496	0.079080842
4.5554957	0.079092219
4.5595021	0.079080448
4.5635157	0.079069808
4.5675368	0.079062477
4.5715647	0.079054229
4.5755997	0.079060502
4.5796418	0.079084106
4.5836911	0.07910493
4.5877471	0.079115905
4.5918107	0.079150945
4.5958815	0.079230584
4.5999584	0.079332903
4.604044	0.079442546
4.6081362	0.079570159
4.612236	0.079698525
4.616343	0.07982596
4.6204576	0.079970159
4.6245794	0.080103621
4.6287084	0.080215417
4.6328454	0.080312692
4.6369891	0.080384612
4.6411405	0.080424748
4.6452994	0.080456182
4.6494656	0.08050476
4.6536388	0.0805986
4.6578202	0.080701254
4.6620088	0.080771938
4.6662059	0.080808796
4.6704097	0.080829993
4.6746206	0.080845341
4.6788397	0.080882929
4.6830664	0.080937333
4.6873007	0.080990732
4.6915426	0.081046067
4.6957922	0.081124321
4.7000484	0.081217401
4.7043133	0.081331931
4.7085862	0.081458084
4.7128668	0.0815963
4.717155	0.081727311
4.7214513	0.081837341
4.7257552	0.081938952
4.7300668	0.082047105
4.7343879	0.082159132
4.7387152	0.082249954
4.7430506	0.082315326
4.7473941	0.082354672
4.7517457	0.082369626
4.7561049	0.082387865
4.7604723	0.082385443
4.7648478	0.082363144
4.7692318	0.082334392
4.7736235	0.08228188
4.7780232	0.082215279
4.7824311	0.082145207
4.7868466	0.082054473
4.7912707	0.081974536
4.7957029	0.081913941
4.8001437	0.081861034
4.8045907	0.081835695
4.8090477	0.081852973
4.8135128	0.081899785
4.8179865	0.081974439
4.8224683	0.082084373
4.8269582	0.082228713
4.8314571	0.082401857
4.8359637	0.082598977
4.8404803	0.082796551
4.8450041	0.082934894
4.8495364	0.083012126
4.8540773	0.083081014
4.8586264	0.08313214
4.8631845	0.083155386
4.8677506	0.083144218
4.8723259	0.083111614
4.8769083	0.083067358
4.8815002	0.083021194
4.8861008	0.082980029
4.8907104	0.082964711
4.8953285	0.082988299
4.8999557	0.083019219
4.9045911	0.083032034
4.909236	0.083085917
4.9138899	0.083187506
4.9185519	0.083309099
4.923223	0.083416626
4.9279027	0.083512582
4.9325914	0.083602548
4.9372892	0.08370351
4.9419956	0.083838642
4.9467115	0.084004425
4.951437	0.084195636
4.9561706	0.084383361
4.9609137	0.084522918
4.9656653	0.084633373
4.9704261	0.084728807
4.9751964	0.084843948
4.9799757	0.084998116
4.9847641	0.085163116
4.9895606	0.085289508
4.9943671	0.085385673
4.9991837	0.085487843
5.0040088	0.085613847
5.0088439	0.085734472
5.0136881	0.085839592
5.0185413	0.085915446
5.0234041	0.085974686
5.0282774	0.086049885
5.0331593	0.086130783
5.0380507	0.086190082
5.0429511	0.086241439
5.0478616	0.086298078
5.0527816	0.086410359
5.0577111	0.086557798
5.0626502	0.086685419
5.0675998	0.086786039
5.0725584	0.086877704
5.0775266	0.08695326
5.0825043	0.087035686
5.087492	0.087107517
5.0924897	0.087161347
5.097497	0.087206237
5.1025143	0.087286279
5.1075401	0.087409467
5.112577	0.087535873
5.1176243	0.087634593
5.1226811	0.087756954
5.127748	0.087884553
5.1328249	0.087990142
5.1379123	0.088080108
5.1430092	0.088170633
5.1481171	0.088230334
5.1532345	0.088261537
5.1583619	0.088290058
5.1634998	0.088322423
5.1686478	0.088372737
5.1738062	0.088450506
5.1789751	0.088485315
5.184154	0.088476717
5.1893444	0.088423811
5.1945438	0.08834675
5.1997542	0.088260889
5.2049747	0.088154711
5.210206	0.08808779
5.2154474	0.088077828
5.2206998	0.088036351
5.2259626	0.087952189
5.2312346	0.087871529
5.2365189	0.087853856
5.2418137	0.087866507
5.2471189	0.087843582
5.2524352	0.087769732
5.2577624	0.087656453
5.2631001	0.087507859
5.2684488	0.087376975
5.273809	0.087259814
5.2791796	0.087154567
5.2845607	0.087063573
5.2899532	0.086996555
5.2953568	0.086894609
5.3007712	0.086763412
5.3061967	0.086598791
5.3116336	0.086422436
5.3170795	0.086292714
5.3225384	0.08620096
5.3280087	0.086074807
5.3334904	0.085930154
5.3389831	0.085771449
5.3444872	0.085620195
5.3500028	0.085457712
5.3555293	0.085313559
5.3610692	0.085186683
5.3666191	0.085076496
5.37218	0.084974542
5.3777528	0.084856652
5.3833375	0.084663488
5.3889332	0.08442203
5.3945408	0.084195293
5.4001603	0.084000997
5.4057918	0.083808139
5.4114347	0.083628207
5.417089	0.083409443
5.4227557	0.083189286
5.4284339	0.082964912
5.434124	0.08270552
5.439826	0.082444616
5.44554	0.082192011
5.4512644	0.081950255
5.4570026	0.081662849
5.4627528	0.081348635
5.4685154	0.081151679
5.4742899	0.081010073
5.4800768	0.080812365
5.4858756	0.080537319
5.4916868	0.080237895
5.4975119	0.079993181
5.5033479	0.079800025
5.5091963	0.079557374
5.5150576	0.079307891
5.5209308	0.078999847
5.5268164	0.078646131
5.5327148	0.07827007
5.5386262	0.077884197
5.5445509	0.077563383
5.550487	0.07726188
5.5564361	0.076865174
5.562398	0.076511048
5.5683727	0.076178409
5.5743604	0.075826898
5.5803604	0.075494848
5.5863738	0.075160317
5.5923977	0.074759789
5.5984373	0.074425355
5.6044893	0.074091233
5.6105552	0.073713616
5.6166334	0.073344521
5.6227255	0.072954796
5.6288304	0.072498873
5.6349487	0.071994901
5.6410818	0.071445532
5.6472268	0.071005426
5.6533852	0.070661038
5.6595569	0.070212543
5.6657424	0.069684967
5.6719413	0.069182865
5.6781535	0.068728298
5.6843796	0.068346284
5.6906204	0.067972459
5.6968741	0.067610197
5.7031412	0.067299306
5.7094221	0.06700749
5.7157168	0.066647172
5.7220259	0.066282414
5.7283483	0.065948516
5.7346849	0.065603442
5.7410331	0.06519223
5.7473979	0.064785756
5.7537766	0.064442158
5.76017	0.064093187
5.7665772	0.063771866
5.7729988	0.063520357
5.7794347	0.063239969
5.7858849	0.06290514
5.7923512	0.062572122
5.7988305	0.062270578
5.8053241	0.061988868
5.811832	0.061696179
5.8183551	0.061365694
5.8248925	0.061088402
5.8314447	0.060871813
5.8380117	0.060651772
5.8445945	0.060450621
5.851191	0.06026141
5.8578029	0.060063824
5.864429	0.059886564
5.8710709	0.059717912
5.877727	0.059474584
5.8843989	0.059345588
5.8910856	0.059274957
5.8977852	0.059173964
5.9045024	0.059113733
5.9112349	0.059026372
5.9179831	0.058934249
5.9247465	0.058834769
5.9315252	0.05865401
5.9383197	0.058547664
5.9451299	0.058562476
5.9519572	0.058508385
5.9587984	0.058388866
5.9656553	0.058233172
5.9725285	0.058072001
5.9794173	0.057916943
5.9863219	0.057726271
5.9932423	0.057532977
6.0001788	0.057324491
6.0071297	0.057057533
6.0140982	0.056771412
6.0210834	0.056492619
6.0280848	0.056194641
6.0351024	0.055896197
6.0421362	0.05557416
6.0491862	0.055302992
6.0562534	0.055345751
6.0633373	0.055495214
6.0704374	0.05566654
6.0775537	0.056007996
6.0846872	0.056446634
6.0918374	0.056903724
6.0990043	0.057396449
6.1061878	0.057894811
6.1133885	0.058447164
6.1206079	0.059125125
6.1278424	0.059773259
6.1350942	0.060380649
6.1423635	0.061024535
6.1496496	0.061671719
6.1569533	0.062239755
6.1642742	0.062838979
6.1716127	0.063420951
6.1789665	0.063896939
6.1863399	0.064411342
6.1937308	0.065056235
6.2011395	0.065648548
6.2085662	0.066209786
6.2160106	0.066757835
6.2234726	0.06727989
6.2309527	0.067771584
6.238452	0.06828697
6.2459679	0.068780966
6.2535024	0.069254339
6.261055	0.069683425
6.2686257	0.070067011
6.2762151	0.070393659
6.2838225	0.070731468
6.2914486	0.071060926
6.2990947	0.071379624
6.3067579	0.071671218
6.3144398	0.071980663
6.3221402	0.072290108
6.3298597	0.072596677
6.3375978	0.07283441
6.345355	0.073099062
6.3531313	0.07340569
6.3609242	0.07358136
6.3687387	0.073661298
6.3765721	0.073787674
6.3844252	0.07388965
6.3922973	0.073970623
6.4001889	0.074028127
6.4081001	0.073982745
6.4160309	0.073970951
6.4239826	0.074118681
6.431953	0.074245714
6.4399428	0.074289225
6.4479527	0.074318051
6.4559822	0.074271537
6.4640322	0.074166171
6.4721022	0.074061595
6.4801922	0.073821805
6.4883046	0.073486574
6.4964356	0.073199354
6.5045867	0.073012158
6.5127583	0.072673492
6.5209503	0.072177775
6.5291634	0.071654424
6.5373969	0.071070865
6.545651	0.070456438
6.5539231	0.06978377
6.5622191	0.06905967
6.5705361	0.068347603
6.5788746	0.067648418
6.587234	0.066951238
6.5956144	0.066265404
6.6040168	0.065540947
6.6124401	0.064782739
6.6208863	0.063995562
6.629353	0.063112698
6.6378412	0.062103305
6.6463513	0.061248116
6.6548829	0.060591057
6.6634369	0.059932083
6.6720128	0.059344217
6.6806107	0.058962613
6.6892328	0.058815643
6.6978755	0.058838222
6.7065401	0.059043545
6.7152276	0.059395354
6.723937	0.059822626
6.7326698	0.060287375
6.7414246	0.060793772
6.7502027	0.061349135
6.7590008	0.061961081
6.7678242	0.062631957
6.7766714	0.063368708
6.7855411	0.0641101
6.7944345	0.064896069
6.8033509	0.065684743
6.8122911	0.06647177
6.8212547	0.0672362
6.8302436	0.068020605
6.8392544	0.068759851
6.848289	0.069450498
6.8573475	0.070130825
6.8664303	0.070862636
6.8755369	0.071514003
6.8846679	0.072059333
6.8938227	0.072476923
6.9029989	0.072824478
6.9122028	0.073140748
6.9214315	0.073433831
6.9306846	0.073669694
6.9399629	0.073915564
6.9492655	0.074148223
6.9585934	0.07438723
6.9679465	0.074542321
6.9773269	0.074652098
6.9867301	0.074747704
6.9961591	0.074855648
7.0056133	0.074957035
7.0150933	0.075038761
7.0245986	0.075091995
7.0341301	0.075136349
7.0436873	0.075230613
7.0532722	0.075325072
7.0628819	0.075313516
7.0725174	0.075273953
7.0821791	0.075260408
7.0918674	0.075233996
7.1015825	0.075180523
7.1113243	0.075157396
7.1210923	0.075134896
7.1308832	0.075080454
7.1407056	0.075007208
7.1505547	0.074944213
7.1604309	0.074879922
7.1703348	0.074840553
7.1802659	0.074790217
7.1902246	0.074773975
7.200211	0.074794523
7.210228	0.074795179
7.2202702	0.07473246
7.23034	0.074695289
7.2404385	0.074660748
7.2505651	0.074622698
7.2607198	0.07454481
7.2709031	0.074462026
7.2811151	0.074372552
7.2913575	0.074245214
7.3016272	0.074082233
7.3119259	0.073901206
7.3222532	0.073714778
7.3326101	0.073585391
7.3429961	0.07345362
7.3534117	0.073288403
7.3638568	0.073133633
7.3743277	0.072989278
7.3848329	0.072858818
7.3953671	0.072722219
7.4059319	0.072595716
7.4165273	0.072534792
7.4271526	0.072510354
7.4378085	0.072445959
7.4484949	0.072348922
7.4592152	0.072302878
7.4699631	0.072248474
7.4807425	0.072109573
7.4915524	0.071902595
7.5023942	0.071672633
7.513267	0.071443364
7.5241718	0.071225591
7.5351081	0.071016878
7.5460782	0.070833892
7.5570784	0.070639312
7.5681105	0.07043469
7.579175	0.070262864
7.5902719	0.070131339
7.6014013	0.069975495
7.6125636	0.069790825
7.6237588	0.069579102
7.6349821	0.069375888
7.6462431	0.069168463
7.6575375	0.068919197
7.6688652	0.068650968
7.6802268	0.068416215
7.6916218	0.068205632
7.7030506	0.067993797
7.7145133	0.06777297
7.7260127	0.067539498
7.7375441	0.067321606
7.7491097	0.067078367
7.7607102	0.066799633
7.7723455	0.066521384
7.7840157	0.066267371
7.7957211	0.066043176
7.8074613	0.06582351
7.8192339	0.065545417
7.8310452	0.065227062
7.8428926	0.064905293
7.8547754	0.064580739
7.8666949	0.064247102
7.8786502	0.063951373
7.8906422	0.063655056
7.9026704	0.063287653
7.9147372	0.062859237
7.9268394	0.062387396
7.9389782	0.061868571
7.9511547	0.061312448
7.9633684	0.060700193
7.9756198	0.060042333
7.9879088	0.05938236
8.0002356	0.058741577
8.0126038	0.058047514
8.0250072	0.057266787
8.0374498	0.056405846
8.0499296	0.055474836
8.0624495	0.054421477
8.0750074	0.053158786
8.0876055	0.051557634
8.1002417	0.049627572
8.1129141	0.047490969
8.1256304	0.045370042
8.1383867	0.043417223
8.1511831	0.041725535
8.1640196	0.040279262
8.1768961	0.039094225
8.1898146	0.038166285
8.2027731	0.037470862
8.2157736	0.036966823
8.2288151	0.036634844
8.2418976	0.036419246
8.2550211	0.036319017
8.2681875	0.036272161
8.281395	0.036275525
8.2946453	0.036305826
8.3079386	0.036376603
8.3212767	0.036466595
8.3346548	0.036594149
8.3480768	0.036764003
8.3615408	0.036962487
8.3750496	0.037171349
8.3886013	0.037399214
8.4021969	0.037621401
8.4158373	0.037856486
8.4295158	0.038071141
8.4432449	0.038272757
8.4570189	0.03846084
8.4708366	0.038631778
8.4847012	0.038766846
8.4986105	0.038903996
8.5125656	0.039019663
8.5265665	0.03914639
8.540616	0.039253425
8.5547094	0.039345875
8.5688496	0.039468233
8.5830364	0.039652437
8.59727	0.039868794
8.6115513	0.040125906
8.6258802	0.040460061
8.6402569	0.040873706
8.6546841	0.041263953
8.6691561	0.041441925
8.6836777	0.041187286
8.6982479	0.040577769
8.7128668	0.039869446
8.7275343	0.039266065
8.7422523	0.038819045
8.75702	0.038484078
8.7718325	0.038189072
8.7866993	0.037938192
8.8016176	0.037684672
8.8165865	0.037421454
8.8316059	0.037123613
8.8466768	0.036801592
8.8617992	0.036479704
8.8769741	0.036208242
8.8922033	0.035948362
8.9074821	0.035737604
8.9228134	0.035566207
8.9381971	0.03542402
8.9536343	0.035283711
8.9691257	0.03516354
8.9846697	0.034996785
9.000268	0.03482591
9.0159235	0.03477475
9.0316315	0.034900155
9.0473928	0.035128608
9.0632105	0.035418805
9.0790825	0.035707645
9.0950108	0.035995658
9.1109953	0.036239404
9.1270351	0.036467552
9.1431274	0.036665641
9.1592817	0.03683823
9.1754923	0.036991775
9.191761	0.037136279
9.2080879	0.037272558
9.224472	0.037391167
9.2409153	0.037442468
9.2574167	0.037400175
9.2739801	0.03717104
9.2906008	0.036778174
9.3072805	0.036258724
9.3240204	0.035709213
9.3408203	0.0352365
9.3576803	0.034975573
9.3746023	0.034920003
9.3915854	0.035007019
9.4086237	0.035171304
9.4257298	0.035363309
9.4428988	0.03557013
9.4601307	0.035777625
9.4774246	0.035976708
9.4947834	0.03616675
9.5122042	0.036349609
9.5296898	0.036545999
9.5472441	0.036737476
9.5648584	0.036917388
9.5825386	0.037034746
9.6002836	0.037084311
9.6180954	0.036938433
9.635973	0.036543678
9.6539164	0.035905451
9.6719275	0.035148297
9.6900091	0.034459569
9.7081556	0.034012694
9.7263699	0.033842657
9.7446527	0.033951245
9.7630043	0.034088146
9.7814245	0.033975337
9.7999153	0.033593964
9.8184757	0.033212844
9.837101	0.033030037
9.8558025	0.033191137
9.8745756	0.03372347
9.8934202	0.034583271
9.9123363	0.035572376
9.9313259	0.036544483
9.950388	0.037439346
9.9695234	0.038277455
9.9887362	0.039028268
10.008019	0.03971969
10.027377	0.04032838
10.04681	0.040861994
10.066319	0.041311231
10.085902	0.041754335
10.105563	0.04219193
10.1253	0.042604197
10.145119	0.042998053
10.165011	0.043405235
10.184982	0.043804105
10.205031	0.044200301
10.22516	0.04458788
10.245367	0.044989903
10.265656	0.045364872
10.286023	0.045704834
10.306466	0.04598815
10.326997	0.046243414
10.34761	0.046470515
10.368304	0.046697758
10.389083	0.046914693
10.409945	0.047120083
10.43089	0.047264777
10.45192	0.047391448
10.473039	0.047490336
10.49424	0.047566094
10.515526	0.047595199
10.536899	0.047667697
10.558359	0.047783215
10.579906	0.047907036
10.601542	0.048062172
10.623267	0.048236974
10.645084	0.048374947
10.666988	0.048487462
10.688982	0.048610024
10.711066	0.048755549
10.733243	0.04889328
10.755511	0.049036898
10.777872	0.049173862
10.800325	0.049318515
10.822865	0.049423538
10.845508	0.04948302
10.868244	0.049513519
10.891077	0.049508233
10.914005	0.04947139
10.937031	0.049446698
10.960154	0.049417447
10.983374	0.049423825
11.006698	0.049442116
11.030116	0.049431238
11.053635	0.049421668
11.077253	0.049459256
11.100973	0.049456667
11.124795	0.049415272
11.14872	0.049361397
11.172747	0.04929889
11.196871	0.049203098
11.221107	0.049067434
11.245447	0.048906859
11.269894	0.048741624
11.294447	0.048542533
11.319107	0.048310947
11.343875	0.04806352
11.368752	0.047800634
11.393744	0.047464125
11.418839	0.047049407
11.444047	0.046559114
11.469365	0.046021819
11.494797	0.045460057
11.52034	0.044895109
11.545999	0.044290759
11.571771	0.043656021
11.597663	0.042972445
11.623667	0.042222962
11.649787	0.041470535
11.676025	0.040711213
11.702382	0.03994868
11.728858	0.039252724
11.755454	0.038548339
11.782171	0.037886605
11.809002	0.037281051
11.835962	0.036714517
11.863048	0.036202382
11.890256	0.03576934
11.91759	0.035344947
11.94505	0.034970224
11.972636	0.034663755
12.000351	0.03444536
12.028198	0.034288246
12.056171	0.03416929
12.084274	0.034080997
12.112508	0.034047026
12.140875	0.033993501
12.169374	0.033967983
12.198009	0.034000136
12.226777	0.034038048
12.255688	0.034108538
12.28473	0.03424225
12.31391	0.03441539
12.343228	0.034661029
12.372687	0.034951672
12.402287	0.035295025
12.432029	0.0357376
12.461913	0.03626097
12.491931	0.036734436
12.522105	0.037177734
12.552425	0.037627425
12.582892	0.038105913
12.613507	0.038610868
12.644272	0.039092947
12.675187	0.039534282
12.706254	0.03993113
12.737479	0.040272612
12.768852	0.040569626
12.80038	0.040812761
12.832064	0.040935792
12.863906	0.040945265
12.895905	0.040855594
12.928064	0.040664986
12.960384	0.040468395
12.992874	0.04030003
13.025519	0.040085804
13.05833	0.039842602
13.091305	0.039633561
13.124448	0.039485648
13.157759	0.039428789
13.191238	0.039398462
13.22489	0.039400537
13.258701	0.039389495
13.292698	0.039427198
13.326869	0.039497245
13.361217	0.039555948
13.395742	0.039625086
13.430446	0.039698906
13.46533	0.039751559
13.500397	0.039779633
13.535651	0.039770536
13.571085	0.039798498
13.606705	0.039792109
13.642511	0.039761413
13.678508	0.039744809
13.714694	0.039719336
13.751073	0.039635774
13.787644	0.03949945
13.82442	0.039384574
13.861383	0.039301917
13.898545	0.039140098
13.935907	0.038916618
13.97347	0.038701706
14.011236	0.038560573
14.049208	0.038490646
14.087384	0.038427521
14.125755	0.038317315
14.16435	0.038217794
14.203156	0.03811739
14.242176	0.038000565
14.281411	0.037877291
14.320862	0.037692159
14.360532	0.037472282
14.400422	0.037252761
14.440542	0.03695647
14.48088	0.036658712
14.521442	0.036286857
14.562233	0.035836577
14.603253	0.035375487
14.644506	0.034823507
14.685991	0.03422277
14.727713	0.033528201
14.76966	0.032610793
14.811859	0.031590696
14.8543	0.030494269
14.896984	0.029501166
14.939916	0.028900968
14.983094	0.028773459
15.026524	0.029059004
15.070205	0.029515868
15.11415	0.030032393
15.158343	0.030696778
15.202796	0.031355485
15.24751	0.032014217
15.292488	0.032315828
15.337732	0.032566376
15.383245	0.032751031
15.429028	0.03282471
15.475092	0.032938406
15.521424	0.033021718
15.568036	0.033077244
15.614927	0.032995068
15.662103	0.03273242
15.709563	0.03235415
15.757313	0.031895496
15.805353	0.031197457
15.853672	0.030119631
15.902304	0.028763814
15.951234	0.027649947
16.000465	0.027087519
16.050003	0.027119093
16.099848	0.027541729
16.150003	0.02817907
16.200472	0.028683426
16.251265	0.028709948
16.30237	0.028650768
16.353796	0.028541954
16.405548	0.028094584
16.45763	0.027714977
16.510042	0.02744648
16.56279	0.027484605
16.615877	0.028061967
16.669313	0.028830564
16.723085	0.029438935
16.777206	0.029846229
16.831676	0.029978931
16.886503	0.030113667
16.941689	0.03032046
16.997234	0.030449914
17.053146	0.030584268
17.109409	0.030677976
17.166063	0.030746503
17.223093	0.030658571
17.280504	0.03058392
17.338299	0.030642057
17.396481	0.030568726
17.455055	0.030387852
17.514025	0.030134678
17.573404	0.029929925
17.633179	0.02978937
17.693359	0.029809847
17.753954	0.02981513
17.814964	0.029803989
17.876394	0.029922627
17.938251	0.030043114
18.000536	0.030165361
18.063269	0.030200567
18.126427	0.030111587
18.190027	0.030097397
18.254078	0.030182185
18.318579	0.030281967
18.383539	0.030332176
18.448961	0.030407736
18.514851	0.030425668
18.58119	0.030384952
18.648029	0.030288801
18.715351	0.030115223
18.783159	0.030060921
18.851461	0.030219797
18.920263	0.030205132
18.989569	0.03001501
19.059383	0.029970869
19.129725	0.030002341
19.200575	0.029969553
19.271952	0.029874545
19.343863	0.029706296
19.416311	0.029431628
19.489305	0.029252067
19.562849	0.029245958
19.636951	0.0293134
19.711594	0.029390652
19.786827	0.02958308
19.862638	0.029869808
19.939034	0.030071063
20.016018	0.030164044
20.093599	0.030175151
20.171785	0.030165507
20.250582	0.030097313
20.330009	0.03001963
20.410049	0.029912768
20.490723	0.029885652
20.572035	0.029734779
20.653994	0.029438401
20.73661	0.029315514
20.819889	0.029272122
20.903841	0.029073831
20.988487	0.028901035
21.073807	0.028749863
21.159821	0.02852924
21.246542	0.028239779
21.333977	0.028020946
21.422132	0.027828131
21.511023	0.027542738
21.600651	0.027149491
21.691	0.026740693
21.782139	0.026398923
21.874046	0.025969721
21.966734	0.025518129
22.060209	0.02523894
22.154484	0.025046099
22.249567	0.024881005
22.34547	0.024883844
22.442221	0.025223872
22.539797	0.02590117
22.638224	0.026954835
22.737514	0.028782668
22.837679	0.031851467
22.93873	0.036020178
23.04068	0.040384535
23.143541	0.044364713
23.247343	0.048027694
23.35206	0.051317684
23.457727	0.054318231
23.564352	0.056969922
23.671953	0.059329856
23.78054	0.061584175
23.890127	0.064041004
24.000731	0.066642195
24.112324	0.069312565
24.224998	0.072127432
24.338732	0.075028084
24.453537	0.077912092
24.569429	0.080819927
24.686426	0.083861873
24.804543	0.086452477
24.923796	0.083906777
25.044222	0.073664859
25.165796	0.063854091
25.288555	0.058629908
25.412519	0.055643048
25.537704	0.053605895
25.664127	0.052185256
25.791811	0.050985292
25.920769	0.049821783
26.051052	0.049011849
26.182623	0.048208605
26.315529	0.047390521
26.449793	0.046660587
26.585432	0.045996796
26.722471	0.045163181
26.860929	0.044418368
27.00083	0.043614902
27.142149	0.042789008
27.285002	0.041776616
27.429367	0.040764332
27.575268	0.039641622
27.722729	0.038580522
27.871777	0.037376001
28.022434	0.03610485
28.17473	0.034224942
28.328716	0.031442124
28.484369	0.032959223
28.641743	0.046719704
28.800863	0.055684052
28.961761	0.04963921
29.124468	0.04343126
29.289013	0.040738061
29.455427	0.039392259
29.623777	0.038195722
29.794029	0.037311751
29.966249	0.036471054
30.140471	0.035926431
30.316732	0.035283264
30.495066	0.034725387
30.67551	0.034054503
30.858103	0.033528749
31.04282	0.03304841
31.229824	0.032756388
31.419096	0.032443095
31.610676	0.032262463
31.804607	0.03210124
32.000931	0.032062151
32.199696	0.031956758
32.400944	0.031900998
32.604759	0.031749766
32.811115	0.031735435
33.020103	0.031522695
33.231773	0.031186378
33.446171	0.030727489
33.663353	0.029985122
33.883377	0.031282816
34.106293	0.036666483
34.332088	0.037600864
34.560966	0.034795087
34.792919	0.03347693
35.028008	0.032980919
35.266293	0.032729644
35.507843	0.032375932
35.752724	0.032210011
36.001007	0.031950124
36.252811	0.03170881
36.508114	0.031571396
36.767036	0.031455934
37.029659	0.031349778
37.296059	0.031207707
37.566319	0.031067485
37.840527	0.031077571
38.118767	0.030965587
38.40118	0.030968793
38.687756	0.030875955
38.978642	0.03081036
39.273933	0.030741196
39.573734	0.030711489
39.878147	0.030864384
40.187283	0.030895615
40.501244	0.030760923
40.820042	0.030667542
41.144012	0.030665271
41.473164	0.030703772
41.807625	0.030619999
42.147522	0.030417591
42.492992	0.030209173
42.844173	0.029956842
43.20121	0.029812098
43.564312	0.029738599
43.933502	0.02957047
44.309002	0.029466638
44.690975	0.029444465
45.079594	0.029331695
45.475029	0.02931959
45.87746	0.02935317
46.287083	0.029425213
46.704159	0.02944305
47.128742	0.029435933
47.561119	0.029397907
48.001499	0.029234504
48.450111	0.029207759
48.907188	0.029233284
49.372971	0.029166557
49.847713	0.029196212
50.331509	0.029182987
50.824955	0.02922238
51.328171	0.029310677
51.841454	0.029167406
52.365105	0.02914555
52.899441	0.029253129
53.444794	0.029340051
54.001511	0.029392071
54.570061	0.02947801
55.150593	0.029523635
55.74361	0.02935609
56.349518	0.029181277
56.968742	0.029082874
57.60173	0.028768564
58.24894	0.028436668
58.910862	0.028748168
59.588123	0.029131748
60.28101	0.029105002
60.9902	0.029362315
61.716274	0.029412895
62.459846	0.02932924
63.221554	0.029233696
64.002068	0.029136533
64.802094	0.029240834
65.622093	0.029303748
66.463402	0.029185543
67.326561	0.029742789
68.21244	0.030384287
69.121933	0.030707814
70.056015	0.030785721
71.015686	0.030647246
72.002014	0.03111092
73.016319	0.031653114
74.05941	0.031603239
75.132736	0.031549338
76.237625	0.031909142
77.375504	0.032075096
78.547859	0.032782856
79.756294	0.032636918
81.002487	0.032692399
82.28849	0.033220738
83.61573	0.033775128
84.986481	0.034061491
86.402931	0.034574699
87.867393	0.03483732
89.382355	0.03515042
90.95047	0.035937775
92.574593	0.036779594
94.25721	0.036755498
96.002708	0.037100669
97.814079	0.037098579
99.695114	0.037600633
101.64992	0.038140818
103.68291	0.038035195
105.79889	0.038539063
108.00303	0.039729506
110.30139	0.039979212
112.69925	0.039889708
115.20368	0.041320752
117.82195	0.042331897
120.562	0.042758211
123.43254	0.041950881
126.44309	0.041307408
129.60419	0.040543381
132.92625	0.038460106
136.42429	0.036581669
140.11142	0.035098471
144.00337	0.03547848
