# Quartz, Chemical Formula: SiO_2_
# Sample ID: R040031
# wavelengths (microns), reflectance
2.500225020251823	0.0007159884
2.5014314441439116	0.0007133568
2.502638406540095	0.0007228549
2.503847161163127	0.0007793775
2.505056456457359	0.0005870588
2.5062669204345465	0.002514461
2.507479183534688	0.004507084
2.5086919905743423	0.004385117
2.50990660135555	0.001666007
2.511121758267366	0.002537323
2.5123387235560646	0.003361225
2.51355623717615	0.00352434
2.514775563825255	0.001181473
2.5159954410162606	-0.001007008
2.5172171359053084	-0.0008912731
2.5184393835565553	0.0004704445
2.5196634535918307	-0.0003124052
2.5208880786194405	0.0007879505
2.5221145307341093	0.0002937451
2.5233415400811356	0.001598546
2.5245697438899732	0.002721281
2.525799781871931	0.003242761
2.52703038046464	0.003131935
2.5282628179764544	0.002189849
2.529495818363988	0.001483221
2.5307306624339354	0.0009363582
2.5319660716546397	6.178842e-05
2.533203329338472	0.001332401
2.5344411544582215	0.001890239
2.535680832839298	0.001993502
2.5369210809516294	0.0003756651
2.538163187141056	0.000361428
2.5394058653673035	0.001151262
2.540650406504065	0.002866622
2.5418955219934967	0.004040811
2.54314185848738	0.004317691
2.5443900651745515	0.002474787
2.5456388497072644	0.00226074
2.5468895093111734	0.002141258
2.5481407491024175	0.002296801
2.549393868860709	0.001644059
2.5506475711586036	0.00129831
2.551903158337425	9.490285e-05
2.5531593304186466	0.001226967
2.5544173923127875	0.002324675
2.555676041482711	0.002214509
2.556936585415745	0.001481346
2.558197719008586	0.0008498518
2.5594607523330124	0.0005584605
2.560724377711967	0.002069869
2.5619892514302944	0.002439966
2.5632560323667466	0.003296345
2.564523408969677	0.001002236
2.565792697805298	-0.0005615912
2.5670625847291095	-0.0009833984
2.568334388918767	-0.00076747
2.5696067936292253	0.0008554094
2.570881120657364	0.002016647
2.572156050649868	-0.002044001
2.5734329080306546	-0.001535272
2.5747103708303856	0.001498617
2.575989766107857	0.002571936
2.577269769269924	0.001040942
2.578551710018137	0.001109325
2.5798342611277283	0.0006635083
2.5811180887336778	-3.070821e-05
2.5824038616234386	-0.001679666
2.5836902486104267	-0.001248423
2.5849785860373933	0.001642211
2.5862675400664568	0.00235647
2.5875584497109307	0.00196162
2.5888499784737125	0.001207703
2.590143468046695	0.001979142
2.591437579265597	0.002481085
2.5927336565089414	0.002119074
2.594030357937279	0.0007255931
2.5953290306238443	0.001477985
2.5966283300460016	0.003802496
2.5979296059798105	0.002510778
2.599231511211395	0.001442066
2.6005347219495274	0.0001379046
2.6018399171157873	0.0009265819
2.603145745444625	0.001464944
2.604453563504521	0.00335514
2.6057620173184155	0.002288047
2.60707246618627	0.001110167
2.608383553411348	0.001207812
2.6096966410333566	0.0007667519
2.611010369627683	0.001455567
2.612326103982073	0.002706142
2.61364248193581	0.001132543
2.6149608710330066	0.0007659322
2.616279906368575	0.00134193
2.6176009582513586	0.002292342
2.6189226590236028	0.0005695889
2.620245695198347	-0.0001726194
2.6215707560636274	0.001665109
2.622896469817412	0.001755902
2.6242242137168197	0.001281992
2.6255526131862603	0.0004450164
2.626883048277119	0.0008342171
2.628214141631832	0.001902829
2.6295472761045677	0.001604519
2.630881071547337	0.004163574
2.6322169136256446	0.003624937
2.6335534193925922	0.003126573
2.6348919773336053	0.002400714
2.6362312016943585	0.0008488613
2.63757248378882	-0.0005805308
2.6389144350466838	-0.0002712059
2.640257752522832	0.002298836
2.641603136111243	0.002218036
2.6429491930018933	0.0008804943
2.644297321617686	0.002474506
2.645646126311083	0.004065061
2.6469970083639813	0.003425682
2.6483485692826525	-0.0008427782
2.649702213216768	-0.001008356
2.6510565388176976	-0.0005135892
2.6524129531117047	-0.0008479435
2.653770051886512	-0.0006124348
2.655129245053826	0.001340845
2.6564891255289402	0.0008412917
2.657851106117895	-0.0003956454
2.659213776854735	0.0007138918
2.660577845581126	0.002851499
2.661944023043917	0.002289664
2.6633108949390434	0.001251266
2.6646798813471344	-0.001283096
2.666049565060674	-0.001940588
2.6674213690860267	-0.001590177
2.6687938733032808	0.002003348
2.6701685036535916	0.002461577
2.6715438370956686	0.003373747
2.672921302514551	0.00171302
2.6742994739385506	0.001592325
2.6756797832057213	0.001127389
2.6770608014049215	-0.0004821612
2.6784439633363877	-0.001702346
2.6798278371404307	-0.0001105749
2.6812131416980924	0.001811254
2.6826005988637576	0.001818266
2.683988772338168	0.001141941
2.6853791043669903	0.0002729312
2.686770155679523	0.0006449727
2.688163371516006	0.002236572
2.689557309625065	0.00279842
2.6909534182508534	0.002096228
2.692350252152063	-0.0004412086
2.6937492625861394	-0.001000121
2.6951490013125374	-0.0008649419
2.6965509226114155	-0.001050361
2.6979535752336496	-0.001252349
2.6993584164915685	-0.001614057
2.7007639921180906	-0.001031865
2.7021710322941863	-0.0002267657
2.7035802702444767	-0.001746013
2.7049902471576637	-0.002187504
2.7064024279677463	-0.0001745614
2.707815350821849	0.0005844366
2.7092304837195567	-0.0008658179
2.7106463617569	-0.00221415
2.712064456008687	-0.002006766
2.7134832985102975	-0.0005807221
2.714904363421442	-0.0001899134
2.7163261797072504	0.0007362014
2.717750224622056	0.0006780926
2.7191750240511032	0.0009334142
2.720602058353105	0.0001250163
2.722029850323745	0.0005380808
2.723459141712745	-0.001513466
2.7248906773860235	-0.00185662
2.726322975487085	0.0002681966
2.727757524178161	0.001894824
2.729192838488824	-4.835665e-05
2.7306304097201703	-0.0001754912
2.7320687497780196	0.001076957
2.7335093531122783	0.001399242
2.734950728495151	-0.0008258897
2.736394373535345	-0.001228267
2.7378387938615463	-0.0002363525
2.739285490251294	0.0006263255
2.74073296517981	-0.001158304
2.742182722603538	-0.001073968
2.7436332618342503	0.0001074903
2.745085336467855	5.915095e-05
2.7465397032913157	-0.000561398
2.747994856852826	-0.0002312059
2.749452309100027	-0.0008782037
2.750910551392511	-0.0009288776
2.7523710988924184	-0.0007682455
2.753832439760604	0.0005117201
2.755296092383976	0.0002122872
2.7567605417144736	0.0005654203
2.758227309374084	0.0004900909
2.7596948770956087	0.001231376
2.76116476974647	0.001302611
2.762635465830067	0.0007672265
2.7641084934696556	0.001723729
2.7655823279289247	0.002606267
2.767057734936345	0.0003567468
2.7685354834887312	0.000368077
2.770014043971203	-0.0005106154
2.7714949526919668	-0.0009777928
2.7729766767704693	0.0002866947
2.7744607558075014	0.002479132
2.775945653646371	0.001099608
2.7774329131910567	-0.0002184979
2.77892099499822	0.00193228
2.780411445285673	0.003209399
2.78190272131288	0.001539299
2.783396372622179	0.001263314
2.7848908531652374	0.00153187
2.7863877158196604	0.0001122769
2.787885411218674	-0.0001144542
2.7893847175190096	0.002193314
2.790886416225544	0.002656592
2.7923889529742154	0.001495921
2.7938938890276526	0.000471096
2.7953996666765435	0.001193865
2.7969078505567384	0.001853683
2.798416879602871	0.001697198
2.799928321834961	0.001533473
2.8014406128207368	0.001447736
2.802955323975387	0.0006336297
2.8044708874888347	0.001577783
2.8059888781824824	0.001323026
2.807507724857505	0.0006914735
2.8090290057526106	-0.0007294276
2.810551146269232	-0.001146407
2.8120749372977594	-0.0001307555
2.813601173159145	0.0006732373
2.8151282741349393	3.499833e-05
2.8166578270555194	0.0004979842
2.8181882487750043	0.0007454373
2.8197211295802846	0.0004635543
2.8212548828868886	0.000703653
2.8227911024495334	0.0007020927
2.8243281982339474	0.0003389329
2.825867767474036	0.001664385
2.8274082166744705	0.002052687
2.828951146559755	0.001880232
2.8304949601621985	0.001979376
2.832041261708367	0.001106954
2.833588450746849	-0.0002430279
2.8351373312171866	0.001160763
2.8366887105746366	0.002381281
2.8382409831212647	0.002335631
2.839795761888805	0.001539242
2.8413514376670004	0.0008971227
2.8429096270301573	-0.0001004198
2.844468717244165	0.0004531215
2.8460303284375916	0.0004578234
2.8475928443408933	0.002276569
2.8491578886486413	0.003194363
2.8507238415442258	0.001490173
2.852292330300015	-0.0007539821
2.853861731540652	-0.0005971952
2.8554336761281465	0.0004319889
2.8570065371166575	0.001332869
2.858581131820896	0.001909876
2.8601582811592796	0.002277321
2.861736352808594	0.0009086379
2.8633169866566566	0.001462612
2.864898546780212	0.0014545
2.866482676698592	0.001241863
2.8680677368765823	0.0006643697
2.8696553744771127	0.000323261
2.8712439463410444	-0.0004403226
2.8728351032870405	0.0006322308
2.874427198520015	0.0009153814
2.8760218865265563	6.804892e-05
2.877617516863558	-0.0003351875
2.879215747697779	0.0008335417
2.8808149249259634	0.001512956
2.8824158795749706	0.0002952175
2.884019446366323	-0.0005268184
2.88562396568416	0.0005240678
2.8872311049491186	0.0007726474
2.888839200854634	2.60392e-07
2.890449924544805	-0.0007235287
2.8920616090100446	0.000146014
2.893675929130404	0.0006512633
2.895291214180905	0.0007030161
2.8969091427901	0.001262209
2.89852804050519	0.0008883637
2.9001495897158374	-0.0002707353
2.901772112228938	0.0004733687
2.9033972942079256	0.0008677146
2.9050234537068533	0.001817104
2.906651435813143	0.0006774275
2.9082820894029178	-6.32109e-05
2.909913726877826	0.0003458321
2.9115480438910044	-2.552476e-05
2.9131833490596684	-0.001091348
2.9148213418554936	-0.0009517598
2.9164603270985245	-0.0005020343
2.9181020080918967	-0.0004176326
2.919744685845691	-0.0001724372
2.921390067507482	-0.0004552168
2.9230364502645347	-0.0004477752
2.9246855451219025	0.0002600597
2.9263356454311267	5.165771e-05
2.9279884660678346	0.0001181632
2.929642296534878	-0.0003894266
2.9312979963405676	-0.0004142973
2.9329564288791796	-0.0002992337
2.934615877856592	-0.0001317279
2.936278067882051	-0.0004516058
2.9379412787800727	0.001083307
2.939607239076787	0.0004300861
2.9412742247021737	-0.0003400005
2.9429439681126133	0.0004420361
2.944614741330318	0.000946001
2.9462882807553457	0.0003979651
2.9479628544888485	0.0002834554
2.9496402028880517	-0.0001307168
2.9513185901196937	0.0006923935
2.952999760511719	0.001359416
2.954681974283039	0.001216783
2.9563661057356163	0.0009212716
2.958053033158	-0.0003087803
2.959741010822589	-0.002191602
2.9614317930433005	-0.0009902709
2.963123630110907	7.766162e-05
2.9648182803579606	-0.0004642038
2.966513990079977	-0.001272744
2.9682125216419797	-0.0004273492
2.969912117330536	-0.001385567
2.9716145435570347	-0.001868625
2.973318038585343	9.359478e-05
2.975024372887175	0.001229153
2.976731780689881	0.0004039632
2.9784420365395268	-4.738577e-05
2.980153370613065	-0.0008335662
2.9818666723918508	0.000269345
2.9835828354479474	6.848242e-05
2.9853000838570796	1.208478e-06
2.987020202412437	-0.0002517226
2.9887414111043697	-0.00045863
2.990465498850017	-0.0001130249
2.992190681540248	-0.0002353121
2.9939187522304698	-0.0004474023
2.9956479226979047	-0.0003277545
2.9973799901506095	-0.0009818692
2.999113162237926	-0.00108484
3.000849240335015	-0.000844527
3.0025864279490353	-0.0005682826
3.00432653063677	-0.0003087666
3.006067747748831	0.0001659221
3.007810984345246	-0.0001279151
3.009557149684538	9.454681e-05
3.011304436855957	2.829554e-05
3.01305466193376	-0.0002356078
3.014806013814444	-8.892745e-05
3.0165603128052383	0.0006679366
3.0183157435952848	0.0001130856
3.020074130739613	-0.000988079
3.021833654705343	-0.001411496
3.0235961443101966	-0.0008879402
3.0253597757845365	-0.001630033
3.027126382223745	-0.001592942
3.0288941356066195	-0.001536326
3.0306648733212387	-0.0008025387
3.032436763079961	0.001089366
3.034210725934916	0.0008255258
3.0359876872483356	-0.001258726
3.037765808305434	-0.001842585
3.039546937291715	-0.001000541
3.0413292311884663	-0.00091369
3.043114542527069	-0.000542561
3.044901023969765	-0.0004936692
3.0466905324091704	-0.0001814388
3.04848121617329	-0.0008304489
3.0502749365314044	-0.001398035
3.0520698374620205	-0.0001777573
3.0538677846265854	0.0009989535
3.055666917638776	9.593515e-05
3.0574691065677797	-0.001060482
3.0592724866470404	-5.071022e-06
3.0610779953489984	0.0001962299
3.0628865745717935	-0.0003350103
3.064696352950046	-0.001022373
3.0665092116403465	-0.0005717979
3.068323274858251	0.0004042878
3.070140428223187	0.0007973625
3.071958791515987	0.0006278628
3.073780254834826	0.0002125935
3.075602933510078	0.0007071859
3.0774287221346524	0.0003412373
3.079255731572656	-0.0001915154
3.081085860927795	-0.0003364579
3.0829172165820253	-0.0004635727
3.084751702165989	-0.0006635427
3.0865874195635317	-0.001281611
3.088425323111057	-0.0006104851
3.0902663716904404	0.000240007
3.092108660408857	-0.0003627491
3.093954104284817	-0.00117547
3.0958007938871557	-0.0003512653
3.0976506488184166	3.637723e-05
3.099501755092869	0.0003484353
3.1013560369135798	0.0003732808
3.1032115757239485	-2.871332e-05
3.105070300344135	-0.0005167581
3.1069302876302856	-0.0004802053
3.108793471036304	0.0003297447
3.1106579228146227	0.001346923
3.1125255810696197	0.00159712
3.114394513433474	0.001155365
3.1162656915663565	-9.912554e-05
3.118140091798044	-0.0002141037
3.1200157747997572	0.00042759
3.1218946903751674	0.0001356653
3.12377489453355	0.0001738106
3.125658341788239	0.000601161
3.1275430834697464	0.0001711586
3.129431078818164	0.0006929137
3.131320374468341	0.001368179
3.133212934404307	0.001368397
3.135106800548267	0.0009166463
3.1370039416454527	0.0006946828
3.13890239488836	0.0009497915
3.1408041338007684	0.001530307
3.1427071908283235	0.0006496631
3.144612555431658	-0.0006838124
3.146521221869707	-6.295851e-05
3.1484312154361285	0.0006161129
3.1503445216768906	0.0009204495
3.152259161095574	0.0009966054
3.1541771240780734	0.0004970607
3.1560964263204556	0.0006872891
3.1580190630662726	0.0004401086
3.1599430451865533	0.0005367737
3.1618703728003266	0.00151982
3.163799051935976	0.001509674
3.1657310876059097	0.0004321796
3.167664480978175	3.430629e-05
3.1696012419765505	0.0008718446
3.1715393668909684	0.0003844865
3.1734798634768966	-0.0006255052
3.175423744421574	0.0002651337
3.17736899866487	0.0003869156
3.179317648487646	0.0008359416
3.1812676779068276	0.001174303
3.183221114178321	0.001509876
3.185175936378022	0.001505643
3.1871341767552743	0.001308337
3.1890938094267702	0.001507293
3.191056871653778	0.0007643903
3.193021332575523	0.0004996068
3.1949892344837747	0.001636885
3.196958541521938	0.001523179
3.1989313010309517	0.0006290459
3.200905472139959	-0.0004217274
3.2028820814121377	0.0001978982
3.204862160480909	-1.398446e-06
3.206843660919896	-0.0001179308
3.2088286427745842	0.0002190338
3.2108150525578316	3.874264e-05
3.212804955430363	0.0004575492
3.2147962928255067	0.00047252
3.2167911350383185	0.0008951286
3.2187874184037386	0.001940765
3.2207872183703397	0.001521136
3.222788466155726	0.001115178
3.2247932423812644	0.001206997
3.226799473128182	0.00121251
3.2288092442100185	0.001871772
3.230820476552482	0.001867023
3.2328352611807607	0.001580102
3.2348515138458116	0.001311036
3.23687028307078	0.001039984
3.238892622612329	0.0004350846
3.2409164404236916	-0.0005115352
3.242943840644334	-0.001128243
3.244972726004238	-0.0009764501
3.247005205923447	-0.0001664135
3.249039177889119	4.605876e-05
3.251076756621793	-5.922325e-05
3.253115834346137	0.0007118573
3.2551585311032025	0.001104463
3.2572027338353986	0.0007782972
3.2592505679244113	0.0002632398
3.261299915010524	-1.594651e-05
3.2633529058362782	0.0002524533
3.2654074167198655	-0.0001540611
3.267464516152221	0.000147902
3.269525278007735	0.001352998
3.271587570584502	0.001319819
3.2736535381156395	0.0009283724
3.2757210435267985	0.001305892
3.277792236483532	0.0007324059
3.279864974518729	0.0001197835
3.2819414127510647	-0.0001280075
3.2840194033002423	0.0003910022
3.286101106758853	0.0001029553
3.288184369812889	-4.145071e-05
3.2902713585497536	0.0006328884
3.2923599142011004	0.001040725
3.294452208370149	0.0009405434
3.2965460768134793	0.0006915637
3.2986426085665745	0.001122664
3.3007428982040987	0.001089554
3.302844773231632	0.0006366727
3.304950419133812	0.0004796187
3.307057657888854	0.0008399122
3.3091686805715725	0.0009912711
3.311281303611714	0.001080863
3.3133977236957635	0.0004585535
3.315515751683785	0.0006432849
3.3176375898955373	0.001352545
3.319761043600082	0.001592087
3.3218883207721666	0.0008257561
3.324017221068419	0.0001823877
3.326149958140403	0.0001745079
3.3282843260107753	0.001451615
3.3304214348587884	0.002315219
3.3325624005646692	0.001345571
3.334705008660229	0.00124681
3.3368514870845494	0.001062536
3.338999615681144	0.0008597831
3.3411516281431886	0.0009285896
3.343305298603969	0.0007404721
3.345462866533093	0.0008215764
3.3476221003315816	0.0004967725
3.3497852452679258	3.469351e-06
3.3519500639887263	7.429614e-05
3.354118807583931	6.308081e-05
3.356289232923452	-0.0002239238
3.35846359694138	-4.987366e-05
3.3606396507085576	-0.0007389595
3.362818526170799	-0.001197871
3.365001361143051	-0.0001941001
3.3671858979560847	0.000566729
3.36937440825362	0.0008175139
3.3715646285108947	8.44684e-05
3.3737588362961124	-0.0008114824
3.3759547622061863	-0.001134453
3.3781546897570296	-0.001149217
3.3803563436443214	-0.0002715212
3.3825620133550314	-0.0001054133
3.384769417660576	-0.000722553
3.386980852042451	-0.0006906861
3.3891940293246625	-4.3632e-05
3.3914112510068253	0.0003287002
3.3936302239422647	-0.0001415875
3.395852102490892	-4.801061e-05
3.398078047056585	0.0008508092
3.4003057554935343	0.001265108
3.4025375444498995	0.0009072722
3.404771105750488	-0.0001659887
3.4070087621451344	-0.0003671867
3.4092481994055635	0.0006207551
3.4114917464074437	0.001188721
3.413737082845596	0.001388688
3.4159865437458072	0.001627711
3.418237802702049	0.002047713
3.42049320091464	0.002441062
3.4227504058526295	0.0021425
3.425011764915413	0.00192289
3.4272749394229156	0.001376885
3.4295411068226604	0.0008778537
3.4318114507879955	0.0009395445
3.4340836233703125	0.0004169277
3.4363599875741224	0.0007563988
3.4386381892406384	0.0009324645
3.4409205976603805	0.0005637852
3.443204852439734	0.0007196943
3.445493329180365	0.0009398821
3.4477836612290518	0.0004211707
3.450078230523877	0.0005807942
3.4523746641271003	0.001315304
3.454675350338627	0.001175456
3.456977909911156	0.001440436
3.4592847375319593	0.001844708
3.461593447618995	0.001236275
3.463905241408216	0.0007507624
3.4662213265506314	0.0009684939
3.4685393079154148	0.0006043431
3.4708615962700735	0.0006011559
3.4731857900855134	0.001337191
3.4755143066070917	0.001222567
3.4778447378817976	0.0006190561
3.480179507659005	0.0008955362
3.4825162015359985	0.001308989
3.484857249792477	0.001075624
3.487200231550095	0.001121838
3.489547583645328	0.001690893
3.491896878698137	0.001443048
3.4942505601283647	0.001628813
3.496606194028076	0.001971494
3.4989650061511806	0.002034462
3.501328228863619	0.001421357
3.5036934184170243	0.001014991
3.5060630348060897	0.001666878
3.508434627688426	0.002083702
3.51081066373631	0.001161475
3.5131886859866284	0.001637095
3.515571167816493	0.002166847
3.51795564561522	0.001324316
3.520344599492155	0.0002399368
3.522735559162054	7.544714e-05
3.525131011494042	0.0003816787
3.5275284795011794	0.0005804035
3.52993045684007	0.0009750661
3.5323344597947925	0.0008938597
3.5347417393969236	0.0006551794
3.537153553495203	0.001028496
3.539567408229636	0.001093908
3.5419858143468135	0.000682786
3.5444062711889033	0.0001015103
3.5468312963881194	0.0006403939
3.549258382460985	0.0008569941
3.5516900539537235	0.0009620464
3.554123796529256	0.001464274
3.556562141676364	0.001375204
3.5590025681762536	0.0008720443
3.5614476144889657	0.0007280777
3.563894752485728	0.001006351
3.5663465276267035	0.001303559
3.568800404844718	0.001589687
3.5712576612404976	0.00176986
3.573719580945642	0.0009142554
3.5761836184326516	0.0005633635
3.578652336788403	0.0006282951
3.581123183475265	0.0007584349
3.583598728682515	0.0007976017
3.5860764128334197	0.0009043769
3.588558813249246	0.0007629992
3.5910433632850287	-6.46354e-05
3.5935326474237783	-0.0001422435
3.596024091923006	0.0005470828
3.598520288457386	0.0009629599
3.6010186561574535	0.00113208
3.6035217939196333	0.0003675935
3.6060271137178677	0.0002787301
3.60853591954697	6.765528e-05
3.611049522655364	-7.827103e-05
3.613565324227149	-0.0001185561
3.6160859413449167	0.0002286354
3.618608767961417	0.0003181081
3.6211364284876253	-4.90831e-06
3.6236663096147463	-0.0005951867
3.6262010431129923	-1.476361e-05
3.628738008381659	0.0006321626
3.631279844581223	0.0004329361
3.6338239237885377	0.0003276573
3.6363728925855447	0.0002757746
3.638924115695953	0.0002072801
3.6414802471545475	0.0005899158
3.644038644301015	0.0009254309
3.646600638884432	0.001136182
3.6491675701397375	0.0007628393
3.6517367842732846	0.0004541056
3.6543109540894294	0.0005031668
3.656887418332562	0.0001034067
3.6594688573711034	-0.0003238505
3.6620526024559923	0.0003770403
3.664641341551902	0.0008034172
3.6672323983846575	0.001008299
3.6698284685475517	0.0008503149
3.6724268682094534	0.0002819237
3.675030300624829	-0.0001309548
3.67763607437357	-0.000106552
3.6802469004040543	0.0001074011
3.682860079674995	-8.176945e-05
3.6854769725870535	-0.0003145348
3.6880989472690366	-0.0001423365
3.6907232931881055	0.0001456017
3.693352740670868	0.0005852625
3.6959845714820045	0.0006235773
3.6986215237580953	0.0003839352
3.7012608715284947	0.0001912245
3.7039053607733456	0.0002719448
3.7065522577536436	1.855842e-05
3.7092043163268786	-1.898259e-05
3.7118587949524655	0.00042319
3.7145184553992197	0.000432277
3.7171805482915654	0.0005250349
3.719847843343816	0.0005712042
3.722517583311805	0.0005951521
3.7251911581842823	0.0005386657
3.7278699659309966	0.0004725272
3.7305512374424983	0.0005427556
3.733237762446615	0.0005927032
3.7359267638804625	0.0007889526
3.738621039538535	0.0006065429
3.741317804370233	0.0002580172
3.744019864271792	-4.1282e-05
3.7467244261704202	-2.310456e-05
3.749434304099369	-9.42628e-06
3.7521466969289805	0.0006503758
3.7548644268650038	0.001017706
3.7575846846860386	0.0007132209
3.7603103008060224	0.0003341812
3.7630384578767355	0.0008037182
3.7657705764528626	0.001141776
3.768508085334097	0.001063187
3.7712481549168406	0.000764185
3.77399363629193	0.0008935665
3.776741691640371	0.0007424687
3.7794951803877455	0.0007004254
3.7822512564638675	0.0008285672
3.7850127876657034	0.0005153997
3.7877769196358737	0.0002163706
3.790546528579584	0.0008062682
3.7933187518160514	0.00142022
3.7960964739957905	0.001505765
3.798876824078193	0.001333816
3.8016626951963715	0.001152036
3.8044512079132584	0.001077719
3.807243814370975	0.001039976
3.810041975232441	0.0008400908
3.8128427983978432	0.0006441444
3.81564919837026	0.0008897181
3.818458274560896	0.001227348
3.821272950087679	0.001045184
3.824090315835443	0.000822459
3.8269133035752554	0.0008400502
3.82973899562797	0.0005650443
3.832570332456313	0.0007801538
3.835404387779328	0.001288939
3.838244110790148	0.001454991
3.841086566567951	0.0009605476
3.843934713075259	0.0008846465
3.8467856067131025	0.001478853
3.8496407322786603	0.001207784
3.852501583378151	0.001198847
3.8553652033242503	0.001327983
3.8582345721738722	0.001065227
3.86110672446486	0.0009325983
3.863984649161786	0.0008108245
3.866865371988582	0.0007247136
3.869751890857518	0.0003860404
3.8726412226393054	0.0003593897
3.875536374234194	0.0003803459
3.8784343536201304	0.0001786122
3.881338176725866	-2.035225e-05
3.8842448425968037	-0.0002125848
3.8871573762309652	-0.0002281173
3.8900727677011924	9.930358e-05
3.8929925355761124	0.0004224731
3.8959182075347836	0.0004890512
3.8988467601168253	0.0005146345
3.90178124117222	0.0006821749
3.904718618166938	0.001154577
3.9076619481648645	0.0005340509
3.9106081895174585	0.0006231118
3.9135604085443982	0.0006135709
3.9165155544415247	0.0002867031
3.9194767028264526	9.324383e-05
3.92244079369805	0.0006506441
3.9254109120142697	0.0005593956
3.928383988535404	0.000810625
3.931363117602403	0.0009337631
3.934345220695128	0.0001685309
3.937331851321624	-0.000511481
3.940324572415679	-0.00056096
3.943320291458689	8.130725e-05
3.9463221264362143	0.001231749
3.9493269754434794	0.001180212
3.9523379660004077	0.0008458112
3.9553519867733034	0.0004000567
3.958372174860299	7.519015e-05
3.961395409455772	-0.0001911204
3.9644248372801822	0.0004100196
3.9674573280127086	0.0002473429
3.970496038040528	-0.0001787017
3.9735378274840873	-0.0005113881
3.9765858624419423	-0.0003804606
3.979636993432007	-0.0007199441
3.9826928101243237	-0.0004492522
3.9857549119447095	-0.0002364511
3.9888201349258297	1.434585e-05
3.991891669640626	-0.0003508208
3.994966342408565	-0.0005002564
3.9980473536724666	-0.0001244851
4.001131519993854	0.0003752841
4.004222051731346	0.0007057264
4.007315755643503	0.001280204
4.010415852050946	0.001507533
4.013519137863981	0.001242403
4.016628843411724	0.001311805
4.019741755710646	0.00140414
4.0228611151451465	0.0003782046
4.025983698792004	-5.25571e-05
4.02911113376367	0.0003240341
4.032245057274009	-0.000149932
4.0353822314049586	-0.0003760421
4.038525921884409	0.0006739076
4.041672880738721	0.0008076339
4.0448263839171235	0.0001916177
4.047983173343545	0.0003568328
4.05114653523667	0.0009606379
4.054313201370844	0.0005374601
4.057486468282629	-1.922095e-05
4.060663057549341	-0.0009209761
4.063846276074146	-0.0001402627
4.067032835189595	0.001069195
4.070226052214488	0.001368852
4.073422628188573	0.001826638
4.076624229008442	0.001306626
4.079832531034266	-2.648725e-05
4.0830442197772046	0.0002123882
4.086262638810341	0.0003740959
4.089484463230628	0.0004568017
4.09271304720085	0.0004491004
4.09594505535465	0.0001581812
4.099183852494968	-0.0006035816
4.102426092742727	-0.0004430821
4.105675151591791	-0.000525913
4.108927672600643	-0.0006380208
4.112187042005169	-0.0005348818
4.115449892751376	7.423336e-05
4.118719621868589	5.79509e-05
4.121992851639996	-0.0003354179
4.125271288153087	-0.0006504518
4.128556648338628	-0.0009201512
4.131845538391869	-0.0007912206
4.13514138255144	-0.0001628971
4.138440776222506	-0.0002338415
4.141747154619705	1.313179e-05
4.145057102306641	0.0001947727
4.148374065526887	-0.0001695328
4.151694617950682	-0.000556908
4.155022216903793	-0.0008199111
4.158353425110966	-0.0007551608
4.161691711033768	-0.0004294461
4.165033626398983	-0.0005995136
4.168382650857936	-0.001229926
4.171735325086647	-0.001245462
4.175093396839287	-0.0009428773
4.178458625111618	-0.0009934637
4.181827533905213	-0.0006264692
4.18520363108267	-0.0006035307
4.188583429461323	-0.000818347
4.191970448285128	-0.0006626986
4.195361189133175	-0.0002809143
4.198759182686333	-0.0003020677
4.202160919231106	0.0002515321
4.2055699409411815	0.0002049812
4.208982726755788	-0.0002475529
4.21240283039771	-0.0005640934
4.215826719403848	-0.0004227608
4.219256178889712	-0.0002375001
4.222693005573532	-0.0006237485
4.226133649786221	-0.0008405739
4.2295816943704265	-0.0004297314
4.233033578115555	-0.0003876327
4.236492895613238	-0.000117009
4.239956074055073	0.0003956268
4.243426719839633	0.0003307482
4.246901248504029	-0.0002763749
4.250383278312122	-0.0005537988
4.253869213089496	-0.0008012627
4.257360870511092	-0.0009542491
4.2608600801723435	-0.000495779
4.264363228225308	-0.0001678956
4.267873962853279	-0.0004085708
4.271388658352551	-0.0008906896
4.274910974978946	-0.001244814
4.278437275114641	-0.0007626637
4.281971231148086	-0.0006183807
4.285509193488597	-0.0005504376
4.289054846717757	-0.001008578
4.29260452921289	-0.001039342
4.296161937809619	-0.0006545372
4.2997233987937555	0.000203575
4.303292621316274	0.0009481356
4.3068659195115675	0.0005537676
4.3104451569131355	-1.125931e-06
4.314032209427283	-5.966256e-06
4.317623372849662	-0.0006191389
4.321222387388945	-0.0009568229
4.3248255365378565	-0.001504251
4.328436573038255	-0.001837874
4.332051768018628	-0.001721047
4.335674886817207	-0.001513618
4.3393021881365215	-0.001437109
4.342937449974789	-0.001190887
4.346576918546452	-0.0010672
4.350224384573757	-0.0009625765
4.353876081720513	-0.0007607063
4.357535813497467	-0.0003210237
4.361199800954841	-0.0008861074
4.364869955246989	-0.001822743
4.368548200376568	-0.00250236
4.372230738356094	-0.002755044
4.375921404950829	-0.002975395
4.379616389400453	-0.002651163
4.383319540487846	-0.002306909
4.387027034615398	-0.002363367
4.390742733650082	-0.002577967
4.3944628010921125	-0.002644581
4.398191111959473	-0.002898871
4.401923816784888	-0.003609499
4.405664803804733	-0.00379931
4.409410210518471	-0.003665723
4.4131639384487205	-0.004255071
4.416922111995477	-0.004233424
4.420686691787956	-0.005106179
4.424459651803875	-0.005573623
4.42823709667063	-0.00544239
4.4320229614245585	-0.004356518
4.43581333742611	-0.004633076
4.439612173238994	-0.006029805
4.44341554688892	-0.005958363
4.44722742053694	-0.005189212
4.451043858805766	-0.005167454
4.454868837524251	-0.005593435
4.458698407843386	-0.006288577
4.462536559330762	-0.006599709
4.466379329596463	-0.005528809
4.470230722018255	-0.003886055
4.474086760595644	-0.004258145
4.477949457384475	-0.005351077
4.481820838315625	-0.006930266
4.485696906842841	-0.006916915
4.48958170118332	-0.006385358
4.493471211003972	-0.006198188
4.497369488586126	-0.006751247
4.501272509738503	-0.006486348
4.505184340880268	-0.007238307
4.5091009438901	-0.008049031
4.513026399399226	-0.008653907
4.516956655283936	-0.009477871
4.520895806462259	-0.009349689
4.524839786735251	-0.007917519
4.5287927053830135	-0.007782202
4.532750482058013	-0.008258129
4.536715182298827	-0.008374756
4.540688886073661	-0.00846538
4.544667491675305	-0.009533197
4.548655144619941	-0.008741562
4.552647728866154	-0.007495037
4.556649404559839	-0.006400231
4.560656041250222	-0.008256922
4.564671813790604	-0.0103136
4.56869257724517	-0.009444882
4.572722521252872	-0.008427194
4.576757486316639	-0.009096518
4.5808016769398785	-0.01050427
4.584850918987518	-0.01270341
4.588909431906779	-0.0115733
4.5929730268473055	-0.01073319
4.597043824997897	-0.01106256
4.601123962561575	-0.01253946
4.605209228470876	-0.01246746
4.609303879881541	-0.01184188
4.61340369081522	-0.01093658
4.617512933653727	-0.01126112
4.621627367428619	-0.01122111
4.625751279829735	-0.01099532
4.629880414818766	-0.01099539
4.634019075476122	-0.0140604
4.638162990613286	-0.01608108
4.642316478784381	-0.01419067
4.646475253569771	-0.0119731
4.650643649081033	-0.0126345
4.654817363585923	-0.01195704
4.658998576210035	-0.01157139
4.663189481709805	-0.01113082
4.667385755232023	-0.01083012
4.6715917701502105	-0.009067096
4.675803186092291	-0.008950011
4.680024392287133	-0.009671762
4.684251032760246	-0.008628152
4.688487512682359	-0.00767097
4.692729460392425	-0.008349746
4.696981297090173	-0.007138975
4.701238635343254	-0.006536549
4.705505912468179	-0.006972089
4.7097787251759335	-0.006807417
4.714061526988238	-0.006014611
4.718349898673435	-0.006193785
4.722646079707876	-0.006617764
4.726952325849623	-0.006754391
4.7312641937925815	-0.005907791
4.735586177960488	-0.005419042
4.739913818886945	-0.005071111
4.7442516275155215	-0.004567645
4.748595128131343	-0.004836567
4.7529488482892	-0.005520893
4.757308295936926	-0.005416811
4.7616780153326035	-0.005605893
4.766053497997304	-0.006432841
4.770439304985157	-0.00598741
4.774830911300353	-0.006031304
4.7792328948865075	-0.006911467
4.783640714140155	-0.005778125
4.7880566714387625	-0.005443012
4.792483086129068	-0.005140904
4.796915391526634	-0.005131955
4.801358208209938	-0.005155794
4.805806952657035	-0.006126499
4.810266262668437	-0.006330128
4.81473153779155	-0.006124869
4.819207433145545	-0.005189721
4.823689331253359	-0.005614843
4.828181904650167	-0.005596949
4.832680518739927	-0.006921869
4.837189863571898	-0.007590113
4.841705287335842	-0.006954663
4.846231497693921	-0.006711509
4.850763825525786	-0.007274532
4.855304638806605	-0.006525001
4.85985632320766	-0.007230541
4.8644141834643	-0.00612131
4.8689829717058535	-0.005014256
4.873557975114638	-0.004966758
4.878143963784659	-0.005912652
4.8827362072467615	-0.005694132
4.8873394936618535	-0.00614314
4.891949074810132	-0.007064035
4.896569757022415	-0.008533652
4.901196774228331	-0.009264216
4.905834951032409	-0.00837476
4.910479503413029	-0.006524907
4.9151352743530206	-0.006532576
4.919797461778093	-0.007742218
4.924470927154764	-0.009099201
4.929150850253876	-0.008362282
4.933842111131833	-0.006905356
4.938539871301651	-0.00715265
4.943246585946746	-0.009473621
4.947964728928227	-0.00785406
4.952689434179995	-0.006800257
4.957425628700719	-0.006739842
4.962168427905647	-0.006379148
4.966922777761497	-0.007091026
4.971683775059151	-0.007259853
4.976456384843306	-0.005696333
4.981235685173949	-0.006868495
4.986026660284552	-0.007305299
4.990824369396864	-0.006026402
4.995633816044776	-0.004475037
5.000450040503646	-0.005611053
5.005278065720302	-0.005083967
5.010112912914718	-0.00373255
5.01495710957932	-0.003198667
5.0198132027111	-0.003255387
5.024676184743274	-0.002388665
5.02955112765051	-0.003852516
5.034433004534514	-0.004415778
5.0393269071836615	-0.004025945
5.044227789256198	-0.002753782
5.0491407624707465	-0.002381712
5.05406076092928	-0.001736805
5.058992916398118	-0.002681717
5.063932143309279	-0.00223506
5.068883593595162	-0.003013773
5.073842161903259	-0.003210744
5.078813020451364	-0.003051617
5.083791043986993	-0.002580984
5.088778835565272	-0.003423088
5.093779018622347	-0.003508953
5.09878643783993	-0.002526632
5.10380631667485	-0.002120764
5.1088334796162655	-0.003583127
5.11387317083149	-0.003991352
5.118920194498491	-0.003769082
5.123979815618711	-0.002494075
5.129046817939354	-0.002864308
5.13412648742062	-0.002808331
5.139213587258451	-0.002890715
5.144313424497426	-0.003353426
5.149420741660771	-0.003067751
5.154540867004083	-0.002485874
5.159668522255457	-0.001421205
5.16480638948528	-0.0007292322
5.1699571720747866	-0.001532863
5.175115560330462	-0.001789812
5.18028693609339	-0.002198426
5.185465968564668	-0.001936728
5.190658061247689	-0.001605632
5.195857862112324	-0.000731017
5.201070796455574	-0.0003576012
5.20629149088925	-0.0005402456
5.2115253926363225	-0.0008128807
5.216767106822696	-0.0002326321
5.222022102730752	-0.0008134157
5.22728496387162	-0.001153766
5.232561181721618	-0.001679864
5.2378453180472055	-0.001377848
5.24314013760097	-0.0007827551
5.248448427433639	-0.0001825111
5.253764716451691	8.824008e-05
5.2590945522091355	0.0001960112
5.264432441538478	-4.739015e-05
5.2697839546672105	0.0001977367
5.275143576220286	0.0001653521
5.280516899238233	0.0005850019
5.285898386003787	0.0008018916
5.2912936525112215	0.0009015872
5.296697138565305	0.0009538541
5.302114483255923	0.001490338
5.307540103773024	0.00180409
5.31297966244515	0.002079556
5.31842755370947	0.001821599
5.3238866288990145	0.001459673
5.329359762694269	0.001278701
5.334841315145081	0.001637171
5.340337007307183	0.001682334
5.345841176127825	0.00179081
5.351359566411443	0.001794876
5.356886491860746	0.001898234
5.362427721177353	0.001673682
5.367977544676336	0.001347362
5.373541755106208	0.001242118
5.37911461925013	0.001467944
5.384701954054492	0.001093218
5.390298002625075	0.001062304
5.3959086062583905	0.0008488616
5.401527984236181	0.0003446601
5.407159078620093	9.374379e-05
5.412804855935493	0.0002152589
5.418459499453549	-0.0004435174
5.424128912017374	-6.387131e-05
5.429807252702144	7.827606e-05
5.435500449244112	-5.278225e-05
5.441202636371502	-0.0001481652
5.446919766871834	3.166608e-05
5.45264595097417	-0.0001379229
5.458387166676765	-0.0002127842
5.464137499556039	-0.000198969
5.469902952981808	7.414189e-05
5.4756775877230925	-0.0002770527
5.481467432683469	-0.0001458589
5.4872665236685005	-0.0004788922
5.493077897886978	-7.696334e-05
5.498904618200054	-0.0002308832
5.50474068267592	-0.0004165245
5.510592184767952	-0.0001921051
5.516453097185009	-2.491042e-05
5.52232953949294	5.050399e-05
5.52821545888058	0.0002489542
5.534117001194816	0.0002617271
5.540028087942406	0.000507293
5.545954891421295	0.0005796468
5.551891307292742	0.0005223148
5.557843534477248	0.0005853542
5.56380544262576	0.0006122438
5.569783257454319	0.0002756501
5.575770822437348	0.0003119859
5.581771274642125	0.0007425791
5.587787778055305	0.0007747129
5.593814136575209	0.000292742
5.599856643669922	0.0001626439
5.605909076639504	0.0006448858
5.611977756364965	0.0008095517
5.618056433376873	0.0007388858
5.624151456149053	0.0003806993
5.6302565482698785	9.563362e-05
5.636378085987457	0.0001620924
5.642509765773777	0.0002393746
5.6486579918343	0.0001959878
5.654816433348941	-0.0003353192
5.660991522665195	-0.0001910811
5.667176901493698	-0.0001359554
5.673375811789162	-0.0001258031
5.67959152377761	-8.899301e-05
5.685817637633745	-0.0002203382
5.692060656875183	-0.0002923198
5.698314153757611	-0.0002232555
5.70458466060003	-0.0003215277
5.710865721556462	-0.000230843
5.717163897939478	-0.0004964017
5.723472705617188	-0.000746145
5.729798735089632	-0.001006704
5.736135473753165	-0.001189539
5.742489541490922	-0.001549232
5.74885439704003	-0.001539453
5.755236689864107	-0.00165849
5.761629849851927	-0.002045533
5.768037229219492	-0.001759167
5.774462209898237	-0.001494877
5.780898178149939	-0.001724116
5.787351858260808	-0.001580288
5.79381660716417	-0.001469046
5.800299179431675	-0.001306108
5.806792902473171	-0.000800805
5.813304561351291	-0.0004779071
5.819827453755652	-0.00046845
5.826368395447275	-1.02928e-05
5.832920654197049	4.51802e-06
5.839491076673686	2.704508e-05
5.8460729005290695	-0.0001238427
5.852673003550817	1.266657e-06
5.859284593069756	0.0001497663
5.865911137312181	0.000310003
5.872556135764102	0.0004039872
5.879212749895938	0.0001671985
5.8858879362252265	0.0007198654
5.892574825388277	0.0002403981
5.8992804057761035	0.0008860142
5.905997776982437	0.0007356504
5.9127339594918595	0.0005612973
5.919482021645178	0.0007438532
5.9262490162426635	0.001018746
5.933027980159954	0.0008408129
5.939825998737193	0.001536155
5.946636077170686	0.001477705
5.953465333566709	0.001074137
5.96030674122613	0.0009453371
5.9671638905431195	0.0004914219
5.974040404824874	0.0008318369
5.980929209123788	0.0005682837
5.9878375044609395	0.0005433734
5.994758183444396	0.0008042024
6.00169848067003	0.0008141617
6.008651256078502	0.0005599491
6.01562377807642	0.0006379642
6.022608873711914	0.0006950845
6.029613845440497	0.0006418632
6.0366314871905695	0.0006757837
6.043669135706964	0.0003578618
6.050719551569073	0.0006746853
6.057790106053731	0.0008328726
6.064873526159922	0.0006078874
6.071973531052984	0.0006514154
6.07909387458343	0.0009403356
6.086227232945478	0.001091127
6.093381064818341	0.001131647
6.1005480122279385	0.001091134
6.107735569253171	0.001063455
6.114936343512665	0.00109815
6.122157864738268	0.00095622
6.129392705900092	0.0009726527
6.136648432638624	0.001163901
6.143917583031974	0.001596618
6.151207758887419	0.001685665
6.158511463145312	0.001540851
6.16583633404035	0.001779134
6.173174839127063	0.001895682
6.180530833432222	0.001839632
6.187908208569634	0.00242906
6.195299378549519	0.002184026
6.2027120738271595	0.002260085
6.210138672396555	0.0022937
6.217586942072608	0.002224274
6.225049224576743	0.002156295
6.232533325355691	0.002241116
6.2400315495995144	0.001944925
6.2475517406616285	0.001717176
6.255086166939493	0.001602848
6.262642709970754	0.001446899
6.270213601096534	0.001381971
6.277806760318988	0.001362059
6.285414381656647	0.001099341
6.293040463620877	0.0008786863
6.300689043353781	0.0006287069
6.308352258390109	0.0007637811
6.316038126132545	0.0005369369
6.323738746116434	0.0004398375
6.331462175211819	0.0004464976
6.339200474679331	8.137737e-05
6.346961741149321	0.0003573388
6.35473799732974	0.0004842088
6.362537379907106	0.0003444407
6.370351872756044	3.398483e-06
6.378189652918054	-0.0001246657
6.386042665151046	-0.0002691415
6.393919127153311	-0.0002753108
6.401810944279918	-0.000411968
6.409722266734182	-0.0007703312
6.4176572855491685	-0.0004542419
6.425607846438254	-0.0003833364
6.433582270076637	-0.0005190109
6.441572362047286	-0.0006243064
6.449586484762529	-0.0008990213
6.457616403378883	-0.0009211632
6.465670522361521	-0.0007679324
6.47374056614156	-0.0005453971
6.481834981555939	-0.0007876452
6.489945452008476	-0.0009966674
6.498080467030039	-0.0004535959
6.506231668692274	-0.0002525306
6.514407589545418	-0.0004508549
6.522599830021048	-0.0001912717
6.530812700863308	2.110028e-05
6.53905055601547	-0.0002003015
6.547304932870483	-1.193284e-05
6.555584472967064	0.0002128197
6.563880671274949	4.570237e-05
6.572202213517706	-0.0001332411
6.580540551923097	0.0002489218
6.588904416740298	-0.0001324954
6.597285217133149	1.98254e-05
6.605691728220704	-0.0001152742
6.614115315777708	-0.000243766
6.622564800140928	-0.0005656846
6.63103150336757	-0.0007551467
6.639524291363572	-0.0002824051
6.648034442136838	8.663851e-05
6.656566436526976	-0.0001615323
6.6651248011293385	-0.0001915649
6.673700747254272	2.611373e-05
6.682303256286377	4.55045e-05
6.690923494642578	0.0001321419
6.6995704905358515	7.948419e-05
6.708235365146022	-0.0001581458
6.71692719388276	-9.784788e-06
6.725637052341598	6.592e-05
6.7343740635011065	-1.712362e-05
6.743129257021789	-0.0002410557
6.751911803827254	-0.0001506772
6.760712687288643	-5.627016e-05
6.76954112665473	-2.289817e-05
6.778388058649325	9.48277e-06
6.787258144540092	-0.0003375307
6.79615609411317	-0.0001634429
6.80507277344824	-0.0001658729
6.814017524290269	-0.0003312274
6.822981165160494	-0.0006311153
6.8319730874916145	-0.0005340732
6.840984061875332	-0.000459033
6.850023529830826	-0.0003557481
6.859082213645321	-0.000615623
6.868169605327502	-0.0003708874
6.877276378481277	-0.0003657424
6.886412076012217	-0.0006641252
6.8955673224581036	-0.0006704469
6.904751712033187	-0.0006794193
6.913955819822312	-0.0006395182
6.92318449871298	-0.0007948754
6.932442653101263	-0.0007218107
6.941720783164938	-0.0005347405
6.951028613214183	-0.0004511892
6.960356592988972	-0.000606852
6.969714499584954	-0.000463874
6.979092731903037	-0.0005216657
6.988501120256729	-0.0006446483
6.997930012302361	-0.0006806517
7.007389292008423	-0.0006211387
7.016869255376852	-0.0005357009
7.026379840473072	-0.000398555
7.03591129123044	-0.0004709968
7.045473600258146	-0.0003974091
7.055056959002359	-0.0005813939
7.06466642411312	-0.0007477547
7.074307106990406	-0.0007865172
7.083969119561814	-0.0007287618
7.093662592776239	-0.0007052088
7.1033775850078955	-0.0005899161
7.113124283352728	-0.0009036255
7.122892692197014	-0.001053997
7.132693055253407	-0.001050599
7.142515322480995	-0.0009669317
7.152369794684073	-0.0009512461
7.16224636695053	-0.001142004
7.17215539765657	-0.001152894
7.182086726570057	-0.001075172
7.192050770124797	-0.001061487
7.202037312314907	-0.001021325
7.212051626750365	-0.0008997479
7.222099045310728	-0.0008571317
7.232169267475271	-0.000888837
7.242272856975251	-0.0007715632
7.252399456360137	-0.0008083107
7.262559689162446	-0.0007469202
7.272743140530488	-0.0008303686
7.282960494309095	-0.0005623943
7.293201277768864	-0.0004634334
7.303476235583851	-0.0005729423
7.313774836665124	-0.0005541574
7.324107887038819	-0.0005692967
7.334464796769315	-0.0006774182
7.344851039076076	-0.0005393554
7.35527214874714	-0.0004853332
7.365717446659315	-0.0005132316
7.376197894538073	-0.0005535377
7.38670275317185	-0.0003713405
7.3972430475161906	-0.0003094964
7.407807977764724	-0.000226224
7.418408632653757	-0.0002534091
7.429034151269994	-0.0001633239
7.439695686687632	-0.0002820673
7.4503823163685645	-0.0003071761
7.4611052582885415	-9.52031e-05
7.471853527760925	0.0002303933
7.4826384082332975	0.0001802674
7.4934488523408405	0.000200968
7.504290578138051	0.0001154846
7.515169369372077	0.0001061911
7.52607408366285	0.000163489
7.537016170668194	0.0003855026
7.547984423979343	0.0004693733
7.558990360775491	0.00044148
7.57002271006813	0.0005551555
7.581093057159168	0.0007240725
7.592190065922986	0.0008209891
7.603325390392743	0.001093882
7.61448762874195	0.001134133
7.625688504350837	0.00119204
7.636916549121792	0.001211095
7.648183556405353	0.001352748
7.65947799125594	0.001286994
7.67080583349442	0.001534702
7.682173133135902	0.001778846
7.693568253875442	0.001864137
7.705003166756302	0.002117645
7.71646616715409	0.002503481
7.727969298323572	0.002643148
7.739500786720255	0.00291449
7.751072748468388	0.003145706
7.762673340495694	0.00347295
7.7743147524619305	0.003652752
7.785985071152225	0.003981799
7.797696560436047	0.004325951
7.809437236333876	0.004551709
7.821219437607395	0.004723466
7.833031108883049	0.005041165
7.84487851028895	0.005095358
7.856767977070808	0.005195021
7.868687345577012	0.005312356
7.880649144831358	0.005590091
7.892641138181994	0.005594022
7.904675932000815	0.005570238
7.916741215979784	0.005719458
7.9288496745603645	0.00606003
7.940988923114551	0.006176378
7.953171724883885	0.006345374
7.9653856202486475	0.006617618
7.977643451990144	0.007112612
7.98993268481713	0.007564319
8.002266241799678	0.008055964
8.014631511287005	0.008523915
8.02703505406208	0.0089899
8.039483511421292	0.009418374
8.051964155876364	0.009947482
8.064490114548018	0.01036448
8.07704858183181	0.01102328
8.089652767834247	0.01158927
8.10228978811702	0.0121501
8.114972936565257	0.01281318
8.127689249180323	0.01366493
8.140452104428975	0.01444183
8.153248458016884	0.01561698
8.16609177380579	0.01703515
8.178968926461256	0.01886227
8.191893466063853	0.0209711
8.204852185485453	0.02330983
8.21785196854535	0.02575468
8.230899785502752	0.02837027
8.24398230511638	0.03098972
8.257113296677256	0.03389329
8.270279345225445	0.03679787
8.28349430923941	0.03973147
8.296744689253725	0.04249424
8.310044433807587	0.04523532
8.3233799581334	0.04809305
8.336765301715872	0.05063855
8.350186793678574	0.05302377
8.363658565348192	0.05575347
8.377166858922646	0.05819689
8.39072589847893	0.0607688
8.404321838462211	0.06333145
8.417961910405948	0.0660255
8.431653438807697	0.06868833
8.445382444921327	0.07149757
8.459163388740853	0.07450569
8.472982201653588	0.07813702
8.486853439679265	0.08201642
8.500762943474177	0.08608473
8.514725366048044	0.09054914
8.528726456450617	0.09550285
8.542780965658876	0.1006802
8.556874550229281	0.106019
8.571022060096578	0.1112198
8.58520905842578	0.1159932
8.599450495113363	0.1181188
8.613731839023135	0.1155023
8.62806069668139	0.1096275
8.64244477477789	0.104959
8.6568693990055	0.1038979
8.671349773634415	0.1060836
8.685871127730078	0.1097595
8.700448769147513	0.1138262
8.715067829372915	0.1177205
8.729743720913586	0.1215879
8.744461476712187	0.1256275
8.759236615010527	0.1296373
8.774054069230797	0.1331261
8.788929464446582	0.1369278
8.803847633569776	0.1409948
8.818824309618337	0.1452038
8.833844223990955	0.1493555
8.848915388440838	0.153723
8.864045922849117	0.1581534
8.87922040444849	0.162824
8.89445484107388	0.1674834
8.909733705878999	0.1720975
8.925073118661524	0.1765362
8.940457447445755	0.1808916
8.955902925177012	0.1854908
8.971393813685681	0.1901895
8.986946460266463	0.1946838
9.002545019477006	0.1995192
9.0182059541803	0.2043407
9.033913310567872	0.209424
9.049683668307374	0.2146947
9.065500964116026	0.2200207
9.081373648578085	0.225462
9.097310289239882	0.231358
9.113294656510812	0.2374783
9.129343627581209	0.2436005
9.145440860549403	0.249502
9.161603353879757	0.2553949
9.177814652197535	0.2605202
9.194091876560123	0.2652241
9.210418456941753	0.2693922
9.226811638331128	0.2729232
9.243254734857238	0.2754136
9.259765116798047	0.2769222
9.276325981226572	0.2773041
9.292954825088003	0.2768162
9.309634727171845	0.2753132
9.326374614354409	0.2735359
9.343183540300421	0.2722917
9.360044404050653	0.2722712
9.376975025364718	0.2738348
9.393958181855758	0.2772762
9.411011824936358	0.2809386
9.428118609503356	0.2835509
9.445296620095057	0.2846344
9.462528387585163	0.2842503
9.479832131132621	0.2821172
9.497190256262686	0.2793548
9.51462111827245	0.2761494
9.532106995994608	0.2720819
9.549666382404931	0.2676091
9.56728142828031	0.2633027
9.584961578681513	0.2593287
9.602716416419876	0.2558159
9.620527897606799	0.2523387
9.63841486629109	0.2486747
9.656359147034484	0.2446257
9.674379727143796	0.2402034
9.692458298198172	0.2357578
9.710613992412126	0.2316705
9.7288283669286	0.2274428
9.747120700545059	0.223273
9.765472414493523	0.2189797
9.783902935855753	0.2149502
9.802393548456662	0.2109137
9.820963829390216	0.2069511
9.839594923556186	0.2028261
9.858306559815768	0.1987546
9.877079742603302	0.1946836
9.895924561387883	0.1906964
9.914851257401438	0.1867102
9.93384062146107	0.1827726
9.952912769686613	0.1787886
9.972048348479213	0.1751067
9.991267632089553	0.1712588
10.010554127216324	0.1679339
10.029916231142629	0.1644858
10.049354389276616	0.1609926
10.06886803671069	0.1574946
10.088456596281858	0.1539047
10.10812254359987	0.1501272
10.127865312355013	0.1467172
10.147684323806518	0.1433117
10.167582087973987	0.139807
10.187558037244694	0.136155
10.20761159139625	0.1326096
10.227745295595135	0.1291422
10.247958581030764	0.1256912
10.268250866101289	0.1220925
10.28862473187844	0.1187373
10.30907960846528	0.1156581
10.329614912989006	0.1126568
10.350233263207054	0.1094823
10.370934088254367	0.106435
10.391716804102318	0.1033942
10.412584065997457	0.1007211
10.433535302231869	0.09822677
10.45456992774324	0.09558835
10.475690636094411	0.09298839
10.496896854867279	0.09063818
10.518187998095366	0.08821642
10.53956679850962	0.08603784
10.561032683122233	0.08380089
10.582585065199835	0.0817393
10.604226717518882	0.07942913
10.62595706667055	0.07697961
10.64777552530002	0.07476886
10.669684907133197	0.07282821
10.69168463849757	0.07051508
10.713774131570933	0.06846253
10.73595624196011	0.06648614
10.758230395895348	0.06462997
10.78059600525015	0.06256324
10.803055968472362	0.06028623
10.825609711870985	0.05809577
10.848256647187899	0.05641657
10.870999716701748	0.05483138
10.8938383469864	0.05322111
10.916771949834812	0.05149158
10.939803512377075	0.04992292
10.962932461648647	0.04827616
10.986158209686868	0.04678974
11.009483789525973	0.04539606
11.032908628870938	0.04386257
11.056432140207942	0.04250722
11.080057403561398	0.04133413
11.103783847525506	0.03981566
11.12761088525152	0.0382814
11.151541644874696	0.03699729
11.17557555611061	0.03591944
11.199712033004207	0.03478922
11.223952993186948	0.03387664
11.248300381812308	0.03281052
11.272753630474853	0.03186389
11.297312154789445	0.03064207
11.321979199712693	0.02944279
11.346754198554356	0.02843014
11.371636568408524	0.02768637
11.396629606346737	0.02686271
11.421732747672564	0.02612411
11.446945411234376	0.025063
11.47227094750633	0.02427917
11.49770879408006	0.02370142
11.523258371848863	0.0228474
11.548923086020075	0.0218577
11.57470237678411	0.02121568
11.600595667386328	0.02056636
11.626606419142417	0.02003927
11.65273407516969	0.01933551
11.678978061390081	0.01852878
11.705341896649323	0.017763
11.731825027338086	0.01734482
11.75842688239774	0.01692041
11.78515103967424	0.01674642
11.811996949197427	0.01629256
11.838964043290355	0.01560264
11.866055960319908	0.01521141
11.893272154341371	0.01527617
11.920612061442172	0.01485518
11.948079382083568	0.01446951
11.97567357475413	0.01409973
12.00339407970998	0.01409937
12.031244661135181	0.01421388
12.059224782382245	0.01453887
12.087333888303123	0.01484385
12.115575808490547	0.01539166
12.143950011615688	0.01595611
12.172455947577616	0.016882
12.201097513123502	0.01815187
12.229874182723371	0.01984177
12.258785411800185	0.02226205
12.287835166063948	0.0261045
12.317022926290624	0.03163417
12.346348153930812	0.03972971
12.375814885531138	0.05124759
12.405422608709028	0.06684186
12.435170791474993	0.08519838
12.465063543154423	0.1045635
12.495100358771817	0.1224151
12.52528071346003	0.135886
12.55560879133683	0.1416747
12.586084095431215	0.1399837
12.616706108592746	0.1342877
12.64747909181994	0.1284617
12.678402556777375	0.1243878
12.70947599465948	0.1241462
12.740703745512088	0.1289041
12.772085330302092	0.1380031
12.803620249232711	0.1483975
12.835312923645548	0.1568355
12.867162884514254	0.159377
12.899169641752652	0.1543533
12.931337700332284	0.1436749
12.96366660197797	0.1312566
12.996155867056084	0.1192424
13.028810086592078	0.1083025
13.06162881384867	0.09845868
13.094611580429264	0.08956608
13.127763065931301	0.08196425
13.16108283598698	0.07532118
13.194570434266298	0.06911755
13.228230631555416	0.0639206
13.26206300673514	0.05971714
13.296067116419433	0.05591318
13.33024782530337	0.05197293
13.36460472644592	0.04862405
13.399137390333086	0.0458357
13.433850778397616	0.04349306
13.46874449885967	0.04122495
13.503818137059163	0.03929092
13.539076754109246	0.03745509
13.574519974431034	0.03578576
13.610149251618722	0.03412561
13.64596419244412	0.03251929
13.681969995713438	0.03135202
13.718166309171252	0.03011269
13.754552756962553	0.02876848
13.791134644916207	0.02787677
13.827911639644624	0.02667564
13.864883383852348	0.0255929
13.902055293756685	0.0249173
13.93942705609337	0.02465666
13.976998333382719	0.02429545
14.014774655737572	0.02379351
14.052755731346162	0.02320636
14.09094124387502	0.02320704
14.129336840988302	0.0235803
14.167942253734244	0.02471757
14.206757188335002	0.0266188
14.245787413818329	0.03056475
14.285032685583287	0.03804591
14.32449273390106	0.04971223
14.364173453140115	0.06135915
14.404074624629814	0.0651881
14.44419600427317	0.05936572
14.484543615930157	0.04992066
14.525117268534268	0.04175768
14.56591674529834	0.03587292
14.60694820390774	0.03157238
14.64821148267439	0.0284094
14.689706393900364	0.02589091
14.73143923362339	0.02396185
14.773409871415195	0.02212936
14.815618150554535	0.02045525
14.858070510162252	0.01927825
14.900766853065326	0.01856824
14.94370705552185	0.01802994
14.986897704681681	0.01724425
15.030338738744154	0.01653042
15.07403006907222	0.01591648
15.117978436017918	0.01518106
15.162183815399805	0.01467028
15.20664615594233	0.0141992
15.251372356613079	0.01392813
15.296362433235203	0.01361513
15.341616374291254	0.01300518
15.387141243031742	0.01263771
15.43293709781766	0.01214954
15.479003969435778	0.01170178
15.525349091355658	0.01158124
15.571972567167368	0.01099425
15.618874472667752	0.01049921
15.666062217766099	0.01012799
15.713535954141616	0.009948415
15.76129580547787	0.009624904
15.809349364645962	0.009123179
15.857696834454842	0.009162471
15.906338389534138	0.008925468
15.955281812558306	0.008410153
16.004527360699793	0.008481162
16.05407526278916	0.008367352
16.103933498484537	0.008308625
16.15410238276241	0.007898013
16.204582202118456	0.007516723
16.25538114073438	0.007130243
16.306499575052623	0.007060716
16.35793785292251	0.006919343
16.409704370970907	0.006488436
16.461799571005503	0.006182128
16.51422386615816	0.006330422
16.566985873828155	0.006115469
16.620086105342093	0.005562329
16.673525043301144	0.005288415
16.727311534635486	0.005344644
16.78144616461726	0.005300205
16.835929489780423	0.005024076
16.890770595803353	0.004879395
16.94597014662331	0.004648554
17.00152877746767	0.004612276
17.05745582246873	0.004396601
17.11375202926315	0.004205021
17.17041811685156	0.003866083
17.22746367804627	0.003492875
17.28488954955578	0.003402458
17.342696539577076	0.003707809
17.400894510383203	0.003774701
17.459484393490687	0.003715108
17.51846709208512	0.003877452
17.57785274927285	0.004220524
17.637642397505896	0.004214021
17.69783704114818	0.00416119
17.758447116143618	0.004502277
17.819473762428636	0.004623866
17.88091809216326	0.004119608
17.94279084680822	0.004348168
18.005093280787268	0.00476454
18.067826621135744	0.005928441
18.131001928232052	0.00731948
18.194620578479764	0.009044453
18.25868392136642	0.01119517
18.323203350361087	0.01357967
18.38818037186785	0.01643978
18.45361646594053	0.02049395
18.519523374138636	0.02502312
18.585902741457826	0.02998029
18.652756187212493	0.03468985
18.72009581693843	0.04019163
18.787923423430193	0.0457701
18.8562407745842	0.0500741
18.92506035674874	0.05407572
18.994384120390965	0.05844838
19.064213991989217	0.06219998
19.13456285656062	0.0651225
19.20543283283975	0.06771228
19.27682601662125	0.06950162
19.348755710543386	0.07094649
19.42122421298402	0.07081192
19.494233800584123	0.06939889
19.567798213733973	0.06777838
19.64191994267702	0.0662263
19.716601457293446	0.06581265
19.7918569571247	0.06726079
19.867689137420435	0.07116021
19.944100674629148	0.07738323
20.02110625020897	0.08450121
20.09870877855323	0.09143484
20.176911157024794	0.09856308
20.255728573237118	0.1055748
20.335164175947973	0.1108986
20.415221098886022	0.1159018
20.49591506164864	0.1218577
20.57724946375688	0.1273508
20.659227691959344	0.1327426
20.74186602538348	0.1386189
20.825168131994914	0.1461632
20.90913766952606	0.1524652
20.99379150603792	0.1584035
21.07913359701924	0.1650299
21.165167890577774	0.1737196
21.251911875122065	0.1812408
21.339369814266394	0.1889585
21.427545967442985	0.1963575
21.51645847700052	0.2055924
21.606111936944725	0.2127433
21.696510940682607	0.2212451
21.78767432045878	0.2290933
21.87960702475415	0.2350792
21.97231400546056	0.2373081
22.065814823240686	0.2377681
22.160114807122795	0.2344386
22.255219294028834	0.2295189
22.351148614351718	0.2207903
22.447908505916594	0.2130836
22.545504719450506	0.2072466
22.643958399425387	0.2000781
22.743275723099707	0.1922567
22.843462886225847	0.1857057
22.94454189501266	0.1773404
23.046519399407707	0.168989
23.149402074093828	0.1609015
23.253212838284835	0.1530931
23.357958850751054	0.1435767
23.463647301962126	0.1327602
23.57030207934848	0.1208343
23.677930889802436	0.1133016
23.78654147968463	0.1063085
23.896158764167136	0.09655032
24.00679104104969	0.0858629
24.11844665626679	0.07984093
24.231151616981094	0.06926498
24.344914858529265	0.05519825
24.45974537405066	0.04665312
24.575670332127896	0.04480486
24.692699356508253	0.04354292
24.810842139528237	0.05860032
24.930127086308847	0.05829698
25.05056456457359	0.0
