# Siderite, Chemical Formula: FeCO3
# Sample ID: HS271.3B
# wavelengths (microns), reflectance
1.4242183	0.18065634
1.4246095	0.18072715
1.425001	0.18030241
1.425393	0.18037319
1.4257849	0.18072715
1.4261771	0.18122268
1.4265696	0.18164742
1.4269623	0.18200138
1.4273552	0.18193059
1.4277484	0.18150584
1.4281417	0.18136427
1.4285352	0.18185979
1.428929	0.18228455
1.429323	0.18270928
1.4297171	0.18320481
1.4301115	0.18320481
1.4305061	0.18278007
1.4309008	0.18306324
1.4312959	0.18355876
1.4316912	0.1838419
1.4320866	0.18377113
1.4324824	0.18355876
1.4328783	0.18377113
1.4332745	0.18377113
1.4336708	0.1838419
1.4340675	0.18412508
1.4344643	0.18433745
1.4348613	0.1846914
1.4352585	0.18504535
1.4356561	0.18490377
1.4360538	0.18476218
1.4364517	0.18476218
1.4368497	0.18525772
1.4372482	0.18561168
1.4376467	0.18561168
1.4380456	0.18603641
1.4384446	0.18639037
1.4388438	0.18660274
1.4392433	0.18709826
1.439643	0.1868151
1.4400429	0.18653195
1.4404429	0.18667352
1.4408432	0.18702747
1.4412439	0.18745221
1.4416445	0.18787697
1.4420457	0.18823092
1.4424468	0.18801853
1.4428483	0.1876646
1.4432499	0.18801853
1.443652	0.18837249
1.4440541	0.18908039
1.4444566	0.18915117
1.444859	0.18886802
1.445262	0.18908039
1.4456649	0.18957593
1.4460682	0.19021302
1.4464716	0.1903546
1.4468753	0.18992987
1.4472792	0.19000065
1.4476835	0.19113329
1.4480878	0.19134568
1.4484924	0.19106252
1.4488972	0.19141647
1.4493023	0.19155805
1.4497076	0.19148725
1.4501131	0.19134568
1.4505187	0.19177042
1.4509248	0.19212435
1.4513309	0.19254911
1.4517374	0.19297384
1.4521439	0.1927615
1.4525509	0.19247833
1.452958	0.19297384
1.4533653	0.19382332
1.4537728	0.19417727
1.4541807	0.19382332
1.4545887	0.19403569
1.4549969	0.19403569
1.4554054	0.19410647
1.4558141	0.19474359
1.456223	0.19516835
1.4566324	0.19495597
1.4570416	0.19509755
1.4574513	0.19559307
1.4578612	0.19580545
1.4582713	0.19608861
1.4586816	0.19623019
1.4590921	0.19608861
1.4595029	0.19665495
1.4599138	0.19707967
1.460325	0.19722125
1.4607365	0.19750442
1.4611483	0.19736284
1.4615602	0.19729203
1.4619724	0.19785836
1.4623848	0.19828311
1.4627974	0.19849546
1.4632103	0.19863705
1.4636234	0.19828311
1.4640367	0.19828311
1.4644502	0.198991
1.4648641	0.19934493
1.4652781	0.19948654
1.4656924	0.19969891
1.4661069	0.20026523
1.4665216	0.20047759
1.4669366	0.20047759
1.4673518	0.20083155
1.4677672	0.20111471
1.4681829	0.20097314
1.4685988	0.20104392
1.469015	0.20175183
1.4694314	0.20245972
1.469848	0.20238893
1.4702649	0.20231813
1.470682	0.20267209
1.4710993	0.20302604
1.471517	0.20309682
1.4719347	0.20352156
1.4723527	0.20373394
1.472771	0.20380473
1.4731897	0.2040171
1.4736084	0.20444185
1.4740274	0.20500816
1.4744467	0.20543291
1.4748662	0.20571606
1.4752858	0.20592843
1.4757057	0.20628239
1.476126	0.20635319
1.4765463	0.20663634
1.476967	0.20727345
1.4773879	0.20741501
1.477809	0.20783977
1.4782305	0.20791055
1.478652	0.20791055
1.4790739	0.20847687
1.479496	0.20854767
1.4799184	0.20861846
1.480341	0.20890161
1.4807638	0.20911399
1.4811869	0.20989268
1.4816102	0.21038821
1.4820337	0.21052979
1.4824575	0.21045901
1.4828815	0.21109611
1.4833061	0.21173324
1.4837304	0.2118748
1.4841553	0.2118748
1.4845803	0.21237032
1.4850056	0.2126535
1.4854311	0.21293665
1.4858568	0.21329059
1.4862827	0.21357377
1.4867089	0.21399851
1.4871353	0.21435247
1.4875621	0.21442324
1.4879889	0.21463563
1.4884162	0.21506037
1.4888437	0.21527274
1.4892714	0.21569748
1.4896992	0.21605143
1.4901278	0.21647619
1.4905561	0.21683013
1.4909849	0.21711327
1.4914138	0.21711327
1.491843	0.21746722
1.4922724	0.21824591
1.4927021	0.21859987
1.493132	0.21888302
1.4935622	0.21909541
1.4939926	0.21973249
1.4944233	0.22036962
1.4948542	0.22058199
1.4952854	0.2205112
1.4957168	0.22093594
1.4961485	0.22128989
1.4965804	0.22128989
1.4970125	0.22157305
1.4974447	0.22213936
1.4978775	0.22256412
1.4983103	0.22298886
1.4987437	0.22334279
1.499177	0.22362597
1.4996107	0.22376756
1.5000446	0.22390912
1.5004789	0.22433387
1.5009133	0.22468783
1.5013479	0.22475863
1.5017828	0.22525413
1.502218	0.22567889
1.5026534	0.22617443
1.5030892	0.22652836
1.503525	0.22674072
1.5039612	0.22730705
1.5043976	0.22787337
1.5048344	0.22822732
1.5052713	0.22801496
1.5057086	0.22815652
1.506146	0.22886443
1.5065837	0.22935997
1.5070215	0.22985549
1.5074598	0.22992629
1.5078982	0.23013864
1.5083369	0.23056342
1.5087758	0.23112968
1.5092151	0.2312713
1.5096546	0.23176683
1.5100944	0.23226233
1.5105344	0.23247471
1.5109746	0.23261631
1.5114151	0.23297028
1.511856	0.23311183
1.5122969	0.23339498
1.5127382	0.23381974
1.5131798	0.23431528
1.5136217	0.23474
1.5140636	0.23502319
1.514506	0.23509395
1.5149485	0.23558949
1.5153915	0.23601422
1.5158345	0.2362266
1.5162779	0.23658055
1.5167215	0.23707607
1.5171654	0.23757161
1.5176095	0.23799635
1.518054	0.23842111
1.5184987	0.23877506
1.5189435	0.2390582
1.5193887	0.23941214
1.5198342	0.23997848
1.5202799	0.24004927
1.5207258	0.24033245
1.521172	0.24040323
1.5216186	0.24040323
1.5220653	0.24082795
1.5225123	0.24146506
1.5229596	0.2419606
1.5234071	0.24252692
1.5238549	0.24302246
1.524303	0.24351798
1.5247513	0.24401352
1.5251998	0.24436748
1.5256486	0.2447214
1.5260978	0.24486299
1.5265471	0.24528772
1.5269967	0.24585405
1.5274466	0.2463496
1.5278969	0.24677432
1.5283473	0.2470575
1.528798	0.24712829
1.529249	0.24762382
1.5297003	0.24819015
1.5301517	0.24840251
1.5306035	0.24861488
1.5310555	0.24911039
1.5315078	0.24974753
1.5319604	0.25045544
1.5324134	0.25073859
1.5328665	0.25088012
1.5333198	0.25095096
1.5337734	0.25158808
1.5342274	0.25229597
1.5346816	0.25229597
1.5351361	0.25272074
1.5355908	0.25342861
1.5360456	0.25392413
1.5365007	0.25441968
1.5369563	0.2548444
1.537412	0.25555229
1.5378683	0.25583544
1.5383245	0.25640181
1.5387812	0.25682655
1.539238	0.25718048
1.5396953	0.25739285
1.5401527	0.25760522
1.5406104	0.25795919
1.5410683	0.25873786
1.5415267	0.25937498
1.5419852	0.25958735
1.542444	0.25987047
1.5429029	0.26029521
1.5433626	0.2607908
1.5438222	0.26128629
1.5442821	0.26171106
1.5447421	0.26192343
1.5452026	0.26199421
1.5456632	0.26220655
1.5461243	0.26277292
1.5465856	0.26348078
1.5470469	0.26383474
1.5475086	0.26425949
1.5479708	0.26496738
1.5484331	0.26532134
1.5488957	0.26567531
1.5493586	0.2661708
1.5498219	0.26666632
1.5502852	0.26716191
1.5507492	0.26751584
1.5512131	0.26772821
1.5516775	0.26822373
1.552142	0.26879004
1.5526069	0.26928556
1.553072	0.27006426
1.5535375	0.2704182
1.5540031	0.27027661
1.5544689	0.27091378
1.5549351	0.27126771
1.5554017	0.27155086
1.5558684	0.27190483
1.5563356	0.27261272
1.5568029	0.27324983
1.5572705	0.27381614
1.5577384	0.27402851
1.5582068	0.27452403
1.5586753	0.27473643
1.5591441	0.27501959
1.5596131	0.27586904
1.5600824	0.27636459
1.560552	0.2771433
1.561022	0.27749726
1.5614921	0.27763882
1.5619628	0.27813435
1.5624335	0.27891305
1.5629046	0.27947938
1.5633758	0.27947938
1.5638475	0.27990413
1.5643194	0.2804704
1.5647916	0.28082436
1.565264	0.28131992
1.5657365	0.28160307
1.5662096	0.281957
1.5666829	0.28231096
1.5671564	0.2828773
1.5676304	0.28316045
1.5681045	0.2834436
1.5685791	0.28400993
1.5690538	0.28457624
1.5695291	0.28507179
1.5700043	0.28556731
1.57048	0.28585047
1.5709559	0.28606284
1.5714321	0.28648761
1.5719085	0.28662917
1.5723853	0.28719547
1.5728624	0.28762022
1.5733397	0.28811577
1.5738174	0.28861126
1.5742953	0.2891776
1.5747734	0.28946078
1.5752521	0.28967318
1.5757308	0.29031023
1.5762099	0.29087657
1.5766892	0.29144287
1.5771688	0.29208001
1.5776488	0.29271713
1.5781291	0.29307106
1.5786096	0.29314184
1.5790905	0.29392055
1.5795716	0.29427448
1.5800531	0.2942037
1.5805347	0.29469925
1.5810168	0.29533634
1.5814991	0.29576108
1.5819818	0.29597345
1.5824646	0.296469
1.5829479	0.29689372
1.5834312	0.29724768
1.5839151	0.29795557
1.5843991	0.2986635
1.5848837	0.29915899
1.5853683	0.29972535
1.5858533	0.2997961
1.5863385	0.30000851
1.5868242	0.30029166
1.58731	0.30085799
1.5877962	0.3012827
1.5882826	0.30156589
1.5887693	0.30177823
1.5892563	0.30227381
1.5897436	0.3027693
1.5902313	0.30305248
1.5907192	0.30368957
1.5912075	0.3042559
1.591696	0.30453908
1.5921849	0.30482221
1.592674	0.30545935
1.5931635	0.30602565
1.5936533	0.30637962
1.5941433	0.30687514
1.5946337	0.30737066
1.5951242	0.30786622
1.5956153	0.30800775
1.5961065	0.30850333
1.5965984	0.30906966
1.5970901	0.30949435
1.5975825	0.30984831
1.5980748	0.31041461
1.5985676	0.3109102
1.5990607	0.31119332
1.5995542	0.31140569
1.6000477	0.31211358
1.6005416	0.31275073
1.6010358	0.31310466
1.6015304	0.31345862
1.6020253	0.31402493
1.6025206	0.31473282
1.603016	0.31522837
1.6035119	0.31586546
1.604008	0.3165026
1.6045047	0.31685656
1.6050013	0.3172105
1.6054984	0.31749368
1.6059958	0.31798917
1.6064935	0.31834313
1.6069914	0.31898025
1.6074898	0.31947577
1.6079884	0.31982973
1.608487	0.32039604
1.6089861	0.32074997
1.6094857	0.32110393
1.6099856	0.32159948
1.6104858	0.32216579
1.6109861	0.32273212
1.611487	0.32308608
1.6119881	0.32358161
1.6124896	0.32393554
1.6129912	0.32428953
1.6134933	0.32485583
1.6139956	0.32542217
1.6144984	0.32570532
1.6150012	0.32620084
1.6155045	0.32662559
1.616008	0.32690877
1.6165122	0.32733348
1.6170163	0.32782903
1.6175209	0.32832453
1.6180257	0.3287493
1.6185309	0.32924479
1.6190363	0.32974035
1.6195421	0.33016506
1.6200482	0.33044824
1.6205544	0.3308022
1.6210611	0.33151007
1.6215682	0.33186403
1.6220756	0.33214721
1.6225833	0.33271351
1.6230912	0.3333506
1.6235996	0.33384618
1.6241082	0.33448327
1.6246173	0.33469564
1.6251266	0.33490801
1.6256363	0.33526197
1.6261462	0.3358283
1.6266564	0.33618224
1.627167	0.3363238
1.6276779	0.33653617
1.6281891	0.33696094
1.6287007	0.33759806
1.6292125	0.33795199
1.6297247	0.33830595
1.6302372	0.33873069
1.6307501	0.33922622
1.6312631	0.33965099
1.6317767	0.34007567
1.6322904	0.34071282
1.6328044	0.34120834
1.6333188	0.34149152
1.6338336	0.34170386
1.6343486	0.34177464
1.6348641	0.3422702
1.6353798	0.34283653
1.6358958	0.34304887
1.6364123	0.34354439
1.6369292	0.34425232
1.637446	0.3443231
1.6379635	0.34467706
1.6384811	0.34517258
1.6389992	0.34545577
1.6395175	0.34602207
1.6400362	0.34651759
1.6405551	0.34694234
1.6410745	0.3472963
1.6415942	0.34786263
1.6421142	0.34814578
1.6426344	0.34835812
1.6431552	0.34892446
1.643676	0.34941998
1.6441975	0.3493492
1.644719	0.34949076
1.6452409	0.35019869
1.6457632	0.35076502
1.6462859	0.35097736
1.6468087	0.35133132
1.6473321	0.35189766
1.6478556	0.35253474
1.6483797	0.35281792
1.648904	0.35310104
1.6494286	0.35331345
1.6499535	0.35338426
1.6504788	0.353809
1.6510044	0.35444608
1.6515305	0.35522479
1.6520567	0.35550794
1.6525834	0.35572028
1.6531103	0.35600349
1.6536378	0.35621586
1.6541654	0.35635746
1.6546935	0.35664058
1.6552217	0.35720688
1.6557504	0.35763162
1.6562793	0.35812715
1.6568087	0.35848111
1.6573384	0.35869348
1.6578683	0.35911822
1.6583985	0.35975537
1.6589293	0.36025086
1.6594603	0.36060482
1.6599917	0.36102957
1.6605233	0.36131269
1.6610554	0.36145431
1.6615878	0.36187905
1.6621207	0.36216223
1.6626537	0.36258698
1.6631873	0.36294091
1.6637208	0.36336565
1.664255	0.36386117
1.6647894	0.3643567
1.6653243	0.3645691
1.6658593	0.36492303
1.6663947	0.36541855
1.6669306	0.3658433
1.6674668	0.36655122
1.6680032	0.36690512
1.6685401	0.36704674
1.6690773	0.36747149
1.6696149	0.36782542
1.6701527	0.36817938
1.670691	0.3686749
1.6712295	0.36888725
1.6717685	0.36924121
1.6723077	0.36959517
1.6728474	0.36980754
1.6733873	0.37030306
1.6739277	0.37065703
1.6744683	0.37115255
1.6750095	0.37178966
1.6755508	0.37228519
1.6760926	0.37256834
1.6766347	0.37278074
1.6771772	0.37313467
1.6777198	0.37348863
1.6782631	0.37370098
1.6788064	0.37433812
1.6793501	0.37490442
1.6798942	0.37561232
1.6804388	0.37596628
1.6809837	0.37596628
1.6815289	0.37617865
1.6820744	0.37646183
1.6826205	0.37681577
1.6831667	0.37724051
1.6837136	0.37752366
1.6842605	0.37808996
1.684808	0.37830234
1.6853557	0.37844393
1.6859038	0.37893948
1.6864522	0.37950578
1.687001	0.37993056
1.6875501	0.38021371
1.6881	0.38049683
1.6886498	0.38063845
1.6892	0.3809216
1.6897506	0.38141713
1.6903015	0.38191265
1.6908529	0.38240817
1.6914046	0.38269135
1.6919565	0.3829037
1.6925087	0.38304529
1.6930614	0.38368237
1.6936146	0.38396558
1.694168	0.3842487
1.6947218	0.38481504
1.695276	0.38509822
1.6958306	0.38538137
1.6963854	0.38545215
1.6969409	0.38594767
1.6974965	0.38623086
1.6980526	0.38658482
1.6986089	0.38708031
1.6991657	0.38729268
1.6997228	0.38736352
1.7002803	0.38750505
1.7008381	0.38807139
1.7013963	0.38849613
1.7019548	0.38870853
1.7025138	0.38885009
1.703073	0.38885009
1.7036328	0.38927481
1.7041928	0.38991195
1.7047533	0.39012432
1.7053139	0.39033669
1.705875	0.39076144
1.7064364	0.39083219
1.7069983	0.39069062
1.7075605	0.39139852
1.7081233	0.39189404
1.7086862	0.39203563
1.7092496	0.39210644
1.7098132	0.39224803
1.7103775	0.39260197
1.7109419	0.39309746
1.7115068	0.39352223
1.712072	0.39352223
1.7126377	0.39366379
1.7132035	0.39387617
1.7137699	0.39415935
1.7143366	0.39451331
1.7149036	0.39486724
1.715471	0.39515042
1.7160389	0.39529198
1.7166071	0.39529198
1.7171758	0.39578751
1.7177447	0.39621228
1.7183142	0.39642459
1.7188838	0.39692017
1.7194541	0.39727411
1.7200245	0.39755726
1.7205955	0.39784044
1.7211666	0.397982
1.7217383	0.39812359
1.7223103	0.39833596
1.7228827	0.39876071
1.7234554	0.39904386
1.7240288	0.39918545
1.7246022	0.39918545
1.7251762	0.39939782
1.7257504	0.39989334
1.7263252	0.4001765
1.7269002	0.40045968
1.7274756	0.40067202
1.7280514	0.40081361
1.7286276	0.40102598
1.7292041	0.40123835
1.7297812	0.40159228
1.7303585	0.40208784
1.7309363	0.40230021
1.7315143	0.40258339
1.732093	0.40286651
1.7326717	0.40314969
1.7332511	0.40357441
1.7338307	0.40399915
1.7344109	0.40414074
1.7349913	0.40428233
1.7355722	0.40449473
1.7361534	0.40484866
1.7367351	0.40527338
1.737317	0.40555656
1.7378997	0.40562734
1.7384824	0.40583968
1.7390656	0.40612286
1.7396491	0.40640602
1.7402332	0.4066892
1.7408174	0.40711397
1.7414023	0.40746787
1.7419873	0.40782183
1.7425728	0.40810499
1.7431587	0.40824658
1.7437451	0.40831736
1.7443317	0.40888369
1.7449189	0.4095208
1.7455064	0.40959159
1.7460943	0.40980393
1.7466825	0.41022867
1.7472714	0.41044107
1.7478604	0.41065344
1.7484499	0.41093659
1.7490398	0.41100737
1.7496301	0.41143212
1.7502208	0.41178608
1.7508119	0.41199848
1.7514033	0.41214004
1.7519954	0.41242316
1.7525877	0.41277713
1.7531804	0.41313112
1.7537735	0.41355583
1.754367	0.41383901
1.7549609	0.41390976
1.7555553	0.41426373
1.7561499	0.41461769
1.7567449	0.41475928
1.7573403	0.41511321
1.7579362	0.41518402
1.7585325	0.41518402
1.7591293	0.41553795
1.7597264	0.41589192
1.760324	0.41638744
1.7609218	0.41674137
1.7615204	0.41667062
1.7621191	0.41688299
1.7627183	0.4173077
1.7633178	0.41766164
1.7639178	0.41780323
1.7645181	0.41808641
1.7651191	0.41844031
1.7657201	0.41872352
1.7663218	0.41886508
1.7669238	0.41921902
1.7675263	0.41978535
1.768129	0.41985616
1.7687324	0.41999772
1.769336	0.42013931
1.7699401	0.42035168
1.7705445	0.42056406
1.7711494	0.42077643
1.7717546	0.4209888
1.7723604	0.42113039
1.7729665	0.42120117
1.773573	0.42148432
1.7741799	0.42197984
1.7747874	0.42247543
1.7753952	0.42254615
1.7760036	0.42261696
1.7766122	0.42275855
1.7772213	0.42261696
1.7778307	0.42297092
1.7784407	0.4232541
1.7790509	0.42318329
1.7796618	0.42332485
1.7802728	0.42367882
1.7808841	0.42417437
1.781496	0.42431596
1.7821085	0.4245283
1.7827213	0.42474064
1.7833346	0.42502382
1.7839482	0.42488223
1.7845623	0.42495301
1.7851768	0.42523623
1.785792	0.42551935
1.7864072	0.42601487
1.7870232	0.42608571
1.7876393	0.42587331
1.788256	0.42608571
1.788873	0.42643964
1.7894906	0.42636883
1.7901084	0.42651042
1.790727	0.4269352
1.7913457	0.42735988
1.7919649	0.4275015
1.7925845	0.42771384
1.7932047	0.42778465
1.793825	0.42792624
1.794446	0.42806783
1.7950673	0.42828017
1.795689	0.42849255
1.7963111	0.42849255
1.7969339	0.42849255
1.7975569	0.42863414
1.7981805	0.42877567
1.7988043	0.42912966
1.7994287	0.42934203
1.8000535	0.42941278
1.800679	0.42941278
1.8013045	0.42955443
1.8019307	0.42969596
1.8025571	0.43004996
1.8031842	0.43047473
1.8038116	0.43054548
1.8044394	0.43054548
1.8050677	0.43075785
1.8056965	0.43089938
1.8063256	0.43104097
1.8069552	0.43132412
1.8075852	0.43160734
1.8082157	0.43167809
1.8088466	0.43189049
1.809478	0.43217361
1.8101097	0.43224442
1.8107419	0.43217361
1.8113745	0.43203202
1.8120078	0.43217361
1.8126413	0.43273997
1.8132753	0.4330231
1.8139096	0.43316466
1.8145447	0.43330628
1.8151799	0.43316466
1.8158158	0.4330231
1.8164519	0.43351862
1.8170887	0.43394339
1.8177258	0.43415579
1.8183634	0.43436813
1.8190013	0.43465132
1.8196399	0.43429732
1.8202788	0.43387261
1.8209183	0.43443891
1.8215581	0.43486369
1.8221985	0.43507603
1.8228391	0.4355008
1.8234804	0.43578392
1.8241218	0.4360671
1.824764	0.43627945
1.8254064	0.43585473
1.8260493	0.43521756
1.8266927	0.43627945
1.8273367	0.43712893
1.8279809	0.43691656
1.8286258	0.43670422
1.829271	0.43698734
1.8299167	0.43719974
1.8305628	0.43705818
1.8312097	0.43712893
1.8318566	0.43762445
1.8325043	0.43790764
1.8331522	0.43854475
1.8338007	0.43875709
1.8344495	0.43804923
1.835099	0.43790764
1.8357487	0.43776605
1.8363992	0.43776605
1.83705	0.43826163
1.8377012	0.4386155
1.8383528	0.4395358
1.839005	0.4395358
1.8396575	0.43896946
1.8403107	0.43981898
1.8409641	0.44010216
1.8416178	0.43911105
1.8422722	0.43967739
1.8429272	0.44095159
1.8435825	0.44144717
1.8442384	0.44180104
1.8448946	0.44229665
1.8455515	0.44243819
1.8462087	0.44123477
1.8468666	0.43974817
1.8475248	0.44003135
1.8481835	0.44052687
1.8488425	0.44180104
1.8495022	0.44265053
1.8501621	0.4430753
1.8508228	0.44342929
1.8514837	0.44342929
1.852145	0.44300452
1.8528068	0.442509
1.8534694	0.44180104
1.8541322	0.44243819
1.8547956	0.44357082
1.8554593	0.44357082
1.8561238	0.44279218
1.8567885	0.44300452
1.8574541	0.44406635
1.8581197	0.44420794
1.858786	0.44371241
1.8594526	0.44293371
1.8601199	0.44342929
1.8607875	0.44420794
1.8614557	0.44463271
1.8621242	0.4447743
1.8627936	0.44470346
1.8634632	0.44442031
1.8641332	0.44420794
1.8648038	0.44449112
1.8654748	0.44484508
1.8661463	0.44484508
1.8668184	0.44427872
1.8674908	0.44314611
1.8681637	0.44350004
1.868837	0.44434959
1.869511	0.44413719
1.8701854	0.4430753
1.8708603	0.442155
1.8715357	0.4432877
1.8722117	0.44321689
1.872888	0.44173029
1.8735651	0.442509
1.8742423	0.44399559
1.8749202	0.44364166
1.8755985	0.44357082
1.8762774	0.44321689
1.8769567	0.44279218
1.8776366	0.44357082
1.8783168	0.44413719
1.8789977	0.44442031
1.8796788	0.44420794
1.8803607	0.44364166
1.881043	0.44350004
1.8817258	0.44357082
1.882409	0.4432877
1.8830929	0.44286293
1.883777	0.442155
1.8844618	0.44222581
1.8851469	0.4423674
1.8858327	0.44222581
1.8865188	0.44201341
1.8872057	0.442155
1.8878928	0.44222581
1.8885808	0.44187188
1.8892689	0.4410224
1.8899578	0.44031447
1.8906469	0.44088081
1.8913368	0.44095159
1.892027	0.44045612
1.8927178	0.44045612
1.893409	0.44003135
1.8941009	0.43974817
1.8947932	0.43996051
1.8954861	0.43996051
1.8961793	0.43981898
1.8968732	0.43946499
1.8975675	0.43904027
1.8982624	0.43889871
1.8989576	0.43790764
1.8996536	0.43705818
1.9003499	0.43783686
1.9010466	0.4386155
1.9017439	0.43847394
1.9024419	0.43734133
1.9031402	0.43734133
1.9038392	0.43797845
1.9045385	0.43734133
1.9052386	0.43642104
1.905939	0.43656257
1.9066402	0.43670422
1.9073416	0.43727052
1.9080436	0.43797845
1.9087461	0.43819082
1.9094492	0.43797845
1.9101527	0.43762445
1.9108568	0.43741208
1.9115614	0.43719974
1.9122664	0.43712893
1.912972	0.43642104
1.9136782	0.43642104
1.9143847	0.43741208
1.915092	0.43783686
1.9157996	0.43776605
1.916508	0.43762445
1.9172167	0.43797845
1.9179261	0.43833235
1.9186358	0.43804923
1.9193462	0.43734133
1.9200571	0.43663341
1.9207685	0.43691656
1.9214803	0.43826163
1.9221928	0.43882787
1.9229058	0.43882787
1.9236195	0.43854475
1.9243335	0.43868634
1.9250481	0.43932346
1.9257631	0.43946499
1.9264789	0.43939424
1.927195	0.43960658
1.9279118	0.43967739
1.9286289	0.4395358
1.9293463	0.43981898
1.9300646	0.44010216
1.9307835	0.44024375
1.9315028	0.44024375
1.9322227	0.44045612
1.9329431	0.4406684
1.9336642	0.44059762
1.9343857	0.44080999
1.9351079	0.4410224
1.9358305	0.44109318
1.9365537	0.44123477
1.9372772	0.44151792
1.9380015	0.44180104
1.9387262	0.44194269
1.9394516	0.44194269
1.9401773	0.44229665
1.940904	0.44229665
1.9416308	0.44243819
1.9423584	0.44279218
1.9430864	0.4432877
1.943815	0.44342929
1.9445441	0.44342929
1.9452738	0.44342929
1.9460039	0.44378322
1.9467345	0.44385394
1.9474658	0.44392484
1.9481977	0.44392484
1.94893	0.44427872
1.949663	0.44470346
1.9503965	0.44484508
1.9511306	0.44484508
1.9518652	0.44505742
1.9526006	0.44491583
1.9533362	0.44519901
1.9540726	0.44548213
1.9548093	0.44562373
1.9555469	0.445553
1.9562846	0.4456946
1.9570233	0.44590691
1.9577622	0.44597772
1.9585019	0.4460485
1.959242	0.44619006
1.9599829	0.44626084
1.960724	0.44626084
1.961466	0.44626084
1.9622083	0.44647324
1.9629514	0.44661483
1.9636948	0.44661483
1.9644389	0.44696876
1.9651834	0.44718114
1.9659288	0.44739348
1.9666744	0.44753513
1.9674209	0.44746426
1.9681678	0.44746426
1.9689153	0.44781825
1.9696634	0.44781825
1.9704123	0.44781825
1.9711614	0.44803062
1.9719112	0.44817218
1.9726615	0.44824296
1.9734125	0.44838455
1.9741639	0.44845536
1.9749161	0.44845536
1.9756685	0.44859689
1.976422	0.4488093
1.9771756	0.44888014
1.9779301	0.44895089
1.9786849	0.44937566
1.9794405	0.44937566
1.9801965	0.44944638
1.9809532	0.44965878
1.9817104	0.44951725
1.9824681	0.44972956
1.9832264	0.44994196
1.9839855	0.45001274
1.984745	0.44994196
1.9855052	0.4501543
1.9862659	0.4502959
1.9870273	0.45036668
1.987789	0.45064983
1.9885516	0.45064983
1.9893147	0.45093304
1.9900783	0.45107454
1.9908425	0.45100379
1.9916074	0.45128697
1.9923728	0.4514285
1.9931389	0.4514285
1.9939053	0.45164096
1.9946727	0.45185328
1.9954402	0.45185328
1.9962088	0.45199487
1.9969776	0.45213643
1.9977473	0.45241961
1.9985173	0.45270273
1.9992882	0.45291513
2.0000594	0.45298591
2.0008314	0.4531275
2.0016038	0.45341069
2.002377	0.45369381
2.0031507	0.45390627
2.0039251	0.45411858
2.0046999	0.45440173
2.0054755	0.45489722
2.0062516	0.45510969
2.0070286	0.45539275
2.0078058	0.45567599
2.0085838	0.45595911
2.0093622	0.45610067
2.0101414	0.45610067
2.010921	0.45645463
2.0117013	0.45680863
2.0124824	0.45716253
2.0132637	0.45744568
2.0140457	0.45787039
2.0148287	0.45801204
2.0156119	0.45829517
2.016396	0.45879075
2.0171804	0.45914471
2.0179658	0.45956942
2.0187516	0.45999417
2.0195379	0.46041888
2.0203249	0.46077287
2.0211127	0.46098518
2.0219009	0.46105599
2.0226898	0.46126837
2.0234792	0.46176389
2.0242696	0.46233025
2.0250602	0.46261334
2.0258517	0.46282578
2.0266438	0.46303812
2.0274363	0.46325049
2.0282295	0.46346283
2.0290234	0.46374601
2.0298178	0.46424153
2.0306129	0.46445391
2.0314085	0.46452466
2.0322044	0.4648079
2.0330014	0.46523261
2.0337989	0.46544501
2.0345972	0.46579894
2.0353961	0.46643603
2.0361953	0.46671921
2.0369956	0.4668608
2.0377963	0.46714395
2.0385981	0.46749792
2.0393999	0.46763948
2.0402026	0.46778107
2.0410056	0.46785179
2.0418096	0.46785179
2.042614	0.46813497
2.0434194	0.46855971
2.044225	0.46891373
2.0450315	0.46891373
2.0458386	0.46891373
2.0466464	0.46933845
2.0474546	0.46969238
2.0482635	0.46969238
2.049073	0.46983397
2.0498834	0.47004637
2.0506942	0.46997556
2.0515053	0.47011709
2.0523174	0.47047108
2.0531304	0.47040027
2.0539436	0.47054186
2.0547578	0.47089586
2.0555725	0.47103739
2.0563879	0.4711082
2.057204	0.47139138
2.0580208	0.47153297
2.0588381	0.4716745
2.0596561	0.47174531
2.0604746	0.47188693
2.0612941	0.47188693
2.062114	0.47188693
2.0629346	0.47181609
2.0637558	0.47195768
2.0645773	0.47245321
2.0653996	0.47273639
2.0662231	0.4725948
2.0670469	0.47245321
2.0678713	0.47245321
2.0686965	0.47273639
2.0695224	0.47294876
2.0703487	0.47280717
2.0711763	0.47273639
2.0720038	0.47309032
2.0728326	0.4731611
2.0736616	0.47294876
2.0744915	0.47294876
2.0753219	0.47309032
2.076153	0.47323191
2.0769846	0.47337344
2.0778172	0.47365668
2.0786502	0.47365668
2.0794842	0.47330269
2.0803187	0.47337344
2.0811539	0.47351509
2.0819895	0.47358581
2.0828261	0.47365668
2.0836632	0.47365668
2.084501	0.47365668
2.0853395	0.47365668
2.0861788	0.47372741
2.0870185	0.47372741
2.0878592	0.47393981
2.0887003	0.4740814
2.0895422	0.47401059
2.0903847	0.47401059
2.0912282	0.4740814
2.092072	0.47429374
2.0929167	0.47422293
2.0937619	0.4740814
2.0946081	0.47415215
2.0954545	0.47415215
2.096302	0.4740814
2.0971498	0.47429374
2.0979986	0.47443533
2.0988479	0.47443533
2.0996981	0.47450611
2.1005487	0.47450611
2.1014004	0.47450611
2.1022525	0.47464767
2.1031053	0.47464767
2.1039588	0.47457692
2.1048129	0.47471851
2.1056678	0.47478929
2.1065235	0.47500163
2.1073797	0.47507244
2.1082368	0.47521406
2.1090944	0.47528481
2.1099529	0.47514322
2.1108119	0.47521406
2.1116717	0.47535557
2.1125321	0.47549722
2.1133935	0.475568
2.1142552	0.47563875
2.115118	0.475568
2.1159811	0.47563875
2.1168454	0.47578034
2.1177099	0.47592199
2.1185756	0.47592199
2.1194417	0.47606346
2.1203086	0.47648823
2.121176	0.47648823
2.1220446	0.47655898
2.1229134	0.47670063
2.1237831	0.47684222
2.1246536	0.47662982
2.1255245	0.47662982
2.1263962	0.47691298
2.1272688	0.47684222
2.1281419	0.47677138
2.1290162	0.47698376
2.1298907	0.47705457
2.1307662	0.47712541
2.1316423	0.47726694
2.1325192	0.47733775
2.1333966	0.47740847
2.1342752	0.47740847
2.135154	0.47747934
2.1360338	0.47747934
2.1369143	0.47740847
2.1377954	0.47740847
2.1386774	0.47740847
2.1395605	0.47726694
2.1404438	0.47726694
2.1413281	0.47740847
2.1422129	0.47747934
2.1430986	0.47733775
2.1439848	0.47747934
2.144872	0.47747934
2.1457596	0.47747934
2.1466477	0.47733775
2.1475368	0.47719616
2.148427	0.47719616
2.1493175	0.47664759
2.1502092	0.47637331
2.1511011	0.47657901
2.1519942	0.47685334
2.1528878	0.47671616
2.1537826	0.47664759
2.1546776	0.47644189
2.1555736	0.47596186
2.1564703	0.47609904
2.1573677	0.47609904
2.1582658	0.47637331
2.1591649	0.47616762
2.1600645	0.47623619
2.1609645	0.47657901
2.1618655	0.47603041
2.1627674	0.47596186
2.1636701	0.47657901
2.1645734	0.47678474
2.1654775	0.47678474
2.1663826	0.47657901
2.1672883	0.47589329
2.168195	0.47616762
2.169102	0.47685334
2.1700101	0.47630474
2.1709187	0.47582471
2.1718283	0.47616762
2.1727386	0.47630474
2.1736495	0.47630474
2.1745613	0.47651047
2.1754742	0.47657901
2.1763873	0.47637331
2.1773014	0.47637331
2.1782162	0.47596186
2.179132	0.47630474
2.1800482	0.47692192
2.1809654	0.47651047
2.1818831	0.47644189
2.1828015	0.47651047
2.1837208	0.47644189
2.1846411	0.47603041
2.1855621	0.47603041
2.1864841	0.47616762
2.1874065	0.47609904
2.1883299	0.47575614
2.189254	0.47596186
2.1901793	0.47582471
2.1911051	0.47582471
2.1920316	0.47568762
2.1929588	0.47555044
2.193887	0.47534475
2.1948156	0.47541329
2.1957452	0.47479615
2.1966755	0.47472757
2.197607	0.47479615
2.1985388	0.474179
2.1994717	0.47383612
2.2004051	0.4739047
2.2013395	0.4734247
2.2022746	0.4734247
2.2032106	0.47321895
2.2041473	0.47308186
2.2050848	0.47294468
2.206023	0.4725332
2.2069621	0.4725332
2.207902	0.47232756
2.2088428	0.47171038
2.2097843	0.47136748
2.2107267	0.47123036
2.2116697	0.47088751
2.2126141	0.47047609
2.2135587	0.46965322
2.2145045	0.46924174
2.2154505	0.46931031
2.216398	0.46917322
2.2173457	0.46841893
2.2182946	0.46780175
2.2192442	0.4673903
2.2201948	0.46704745
2.2211459	0.46677318
2.2220981	0.46677318
2.2230508	0.46615601
2.2240045	0.46547025
2.2249589	0.46512741
2.2259145	0.46492171
2.2268705	0.46409884
2.2278273	0.46334457
2.228785	0.46307024
2.2297437	0.46231595
2.2307031	0.46149307
2.2316635	0.46101308
2.2326245	0.46019015
2.2335865	0.46012157
2.234549	0.46012157
2.2355127	0.45991594
2.2364771	0.45929876
2.2374425	0.45820156
2.2384083	0.45737872
2.2393754	0.45628151
2.2403431	0.45539013
2.2413118	0.4551158
2.2422812	0.45525298
2.243252	0.45449868
2.2442229	0.45353866
2.2451949	0.45257866
2.2461677	0.45209867
2.2471414	0.45189291
2.2481158	0.45189291
2.2490911	0.45100152
2.2500672	0.45031577
2.251044	0.4496986
2.2520218	0.4494929
2.2530005	0.44921857
2.2539799	0.44798428
2.2549605	0.44674999
2.2559416	0.44627002
2.2569239	0.44551569
2.2579067	0.44469276
2.2588909	0.44352704
2.2598755	0.44284135
2.2608612	0.44229275
2.2618475	0.44167563
2.2628348	0.44078416
2.263823	0.44009846
2.264812	0.43927556
2.2658017	0.43845269
2.2667923	0.43742412
2.2677839	0.43660128
2.2687764	0.43591556
2.2697697	0.43550408
2.2707639	0.43481836
2.271759	0.43399552
2.2727549	0.43289831
2.2737517	0.43186975
2.2747495	0.43104684
2.275748	0.43042973
2.2767475	0.42926401
2.2777479	0.42864683
2.278749	0.42823544
2.2797511	0.42727542
2.2807541	0.42631534
2.2817578	0.42528683
2.282763	0.4247382
2.2837684	0.42425817
2.284775	0.42350391
2.2857823	0.42233816
2.2867908	0.42110386
2.2877998	0.42028099
2.28881	0.41980097
2.2898209	0.41938955
2.2908323	0.4187724
2.2918451	0.41815525
2.2928588	0.41698954
2.2938731	0.41568664
2.2948887	0.41486377
2.2959049	0.41431519
2.2969222	0.41335517
2.2979403	0.41246372
2.2989597	0.41184655
2.2999794	0.4109551
2.3010006	0.41033795
2.3020222	0.40985799
2.303045	0.40882936
2.3040683	0.40793791
2.3050931	0.40704647
2.3061182	0.4062922
2.3071454	0.40567502
2.3081722	0.40533215
2.3092005	0.40430361
2.3102295	0.40313786
2.3112597	0.40313786
2.3122904	0.40300071
2.3133223	0.40252072
2.3143549	0.40197212
2.3153882	0.40094355
2.3164227	0.4003264
2.3174584	0.39984637
2.3184946	0.39964065
2.3195322	0.3992978
2.3205702	0.39868066
2.3216095	0.39826921
2.3226497	0.39758345
2.3236911	0.39751491
2.324733	0.39717206
2.3257761	0.39648634
2.3268199	0.39600632
2.3278646	0.39538917
2.3289104	0.39490917
2.3299572	0.39436057
2.3310046	0.39394915
2.3320534	0.3937434
2.3331029	0.39319485
2.3341534	0.39292055
2.3352048	0.39292055
2.3362572	0.3927834
2.3373103	0.39257768
2.3383648	0.3925091
2.3394198	0.39223483
2.340476	0.39196053
2.3415329	0.39175481
2.342591	0.39168623
2.3436501	0.39161769
2.3447101	0.39168623
2.3457711	0.39141193
2.346833	0.39106908
2.3478959	0.39148054
2.3489597	0.39202911
2.3500245	0.39264625
2.3510904	0.3927834
2.3521569	0.39312625
2.3532248	0.3935377
2.3542933	0.39394915
2.3553631	0.3951149
2.3564336	0.39586917
2.3575051	0.39621204
2.3585775	0.39676061
2.3596511	0.39758345
2.3607256	0.39813206
2.3618011	0.39868066
2.3628776	0.39936638
2.363955	0.4005321
2.3650334	0.40128639
2.3661137	0.40190357
2.3671939	0.40293214
2.3682754	0.40341213
2.3693576	0.40416643
2.3704412	0.40485218
2.3715253	0.4052636
2.3726108	0.40567502
2.373697	0.4065665
2.3747847	0.40711507
2.3758729	0.40780079
2.3769624	0.40876082
2.3780525	0.40944654
2.379144	0.40992653
2.3802361	0.41047513
2.3813298	0.41088653
2.3824239	0.41109228
2.3835192	0.41109228
2.3846154	0.41157228
2.3857129	0.41184655
2.3868113	0.4125323
2.3879108	0.41260087
2.3890109	0.41260087
2.3901126	0.41280657
2.3912148	0.4132866
2.3923185	0.41294372
2.3934228	0.4130123
2.3945284	0.41342375
2.3956349	0.41369805
2.3967426	0.41356087
2.397851	0.41335517
2.3989608	0.41356087
2.4000711	0.41362944
2.4011834	0.41362944
2.4022958	0.41335517
2.4034097	0.41273803
2.4045243	0.41280657
2.4056404	0.41308087
2.4067569	0.41260087
2.4078751	0.41218942
2.4089937	0.41218942
2.4101133	0.41184655
2.4112341	0.41143513
2.4123564	0.41088653
2.4134791	0.41020086
2.4146035	0.40985799
2.4157286	0.40978938
2.4168549	0.40951511
2.4179819	0.40903512
2.4191108	0.40855509
2.4202399	0.40807509
2.4213705	0.40752652
2.4225018	0.4067722
2.4236345	0.4062922
2.424768	0.40588075
2.4259028	0.40498933
2.4270384	0.40437213
2.4281759	0.40361789
2.4293137	0.40313786
2.4304526	0.40265787
2.4315925	0.40176639
2.4327338	0.40060067
2.4338756	0.39984637
2.435019	0.3990235
2.4361632	0.39840636
2.4373078	0.39785776
2.4384544	0.39689776
2.4396017	0.39593774
2.4407504	0.39470342
2.4419	0.39333197
2.4430506	0.39230341
2.4442027	0.39168623
2.4453554	0.39079478
2.4465098	0.38997194
2.447665	0.38887477
2.4488211	0.38770905
2.4499784	0.38674903
2.4511368	0.38551471
2.4522963	0.38414329
2.4534569	0.38304609
2.4546185	0.38194895
2.4557815	0.38092038
2.4569452	0.37975463
2.4581103	0.37831461
2.4592764	0.37646315
2.4604435	0.37509167
2.4616117	0.37372026
2.4627812	0.37241736
2.4639518	0.37097734
2.4651229	0.36967447
2.4662957	0.368303
2.4674697	0.36686301
2.4686446	0.36556011
2.4698207	0.36377722
2.4709978	0.3623372
2.4721763	0.36110291
2.4733558	0.35952574
2.4745364	0.35774285
2.4757183	0.3563714
2.4769011	0.35520566
2.478085	0.35390282
2.4792702	0.35239419
2.4804564	0.35115987
2.4816439	0.34978843
2.4828324	0.34875983
2.4840217	0.34759411
2.4852126	0.34622267
2.4864044	0.34505695
2.4875975	0.34409693
2.4887917	0.34306833
2.4899871	0.34183404
2.4911838	0.34059975
2.4923813	0.33963972
2.4935806	0.33874825
2.4947805	0.33771965
2.4959817	0.33689681
2.497184	0.33593678
2.4983873	0.33497679
2.4995921	0.33429104
2.5007977	0.33360532
2.5020049	0.33264533
2.5032129	0.33182243
2.5044224	0.33099955
2.5056329	0.33003953
2.5068443	0.32928523
2.5080571	0.32866809
2.5092711	0.32811952
2.5104864	0.32709092
2.5117025	0.32585663
2.5129199	0.32482803
2.5141385	0.32386801
2.5153584	0.32311371
2.5165794	0.32256517
2.5178018	0.32194799
2.5190251	0.32139942
2.5202496	0.32078224
2.5214756	0.31961653
2.5227027	0.3186565
2.5239308	0.31817651
2.5251603	0.31755936
2.5263908	0.31680506
2.5276225	0.31625646
2.5288556	0.31577647
2.5300899	0.3152279
2.5313251	0.31474787
2.532562	0.31433642
2.5337996	0.31385645
2.5350387	0.3131707
2.536279	0.31248498
2.5375204	0.31227925
2.538763	0.31248498
2.5400069	0.31282786
2.5412521	0.31282786
2.5424979	0.31262213
2.5437455	0.31303355
2.5449944	0.3136507
2.5462441	0.31440499
2.5474954	0.31481645
2.548748	0.31584504
2.5500016	0.31673646
2.5512564	0.31742221
2.5525131	0.31845081
2.5537705	0.32057652
2.5550292	0.32249656
2.556289	0.32414231
2.5575502	0.32606235
2.5588126	0.32757095
2.5600762	0.32743379
2.561341	0.32777664
2.5626073	0.32969669
2.5638747	0.33209673
2.5651433	0.33545676
2.5664132	0.33867967
2.5676842	0.34053114
2.5689566	0.34114832
2.5702302	0.34313691
2.5715053	0.34594837
2.5727808	0.34622267
2.5740583	0.34786838
2.5753372	0.35033703
2.576617	0.35184562
2.5778983	0.35458851
2.579181	0.3571943
2.5804646	0.35753712
2.5817497	0.3581543
2.5830364	0.3573314
2.5843241	0.35842857
2.585613	0.36151433
2.5869033	0.36247435
2.5881948	0.36377722
2.5894876	0.36576584
2.5907817	0.36775443
2.592077	0.36796013
2.5933733	0.36446294
2.5946712	0.36041719
2.5959706	0.36432582
2.5972712	0.37001732
2.598573	0.37276024
2.5998762	0.37289739
2.6011808	0.37214309
2.6024866	0.37193736
2.6037939	0.37125161
2.6051023	0.36974302
2.6064122	0.37056592
2.6077232	0.37248597
2.6090355	0.37324023
2.6103492	0.37392595
2.6116643	0.37502313
2.6129806	0.37502313
2.6142986	0.37488598
2.6156178	0.37289739
2.6169381	0.37125161
2.6182597	0.37303451
2.6195827	0.37221164
2.6209071	0.37193736
2.6222329	0.3745431
2.62356	0.37564027
2.6248877	0.37474883
2.6262174	0.37207448
2.6275485	0.37207448
2.628881	0.37166306
2.6302147	0.36878303
2.6315498	0.3701545
2.6328864	0.37193736
2.6342242	0.37193736
2.6355639	0.37276024
2.6369042	0.37289739
2.6382463	0.37228024
2.6395895	0.37152591
2.6409342	0.37063447
2.6422803	0.3700859
2.6436276	0.36953732
2.6449764	0.36816588
2.6463268	0.36754873
2.6476784	0.36789158
2.6490314	0.36775443
2.6503856	0.36665726
2.6517413	0.36446294
2.6530983	0.36370865
2.6544569	0.3636401
2.6558168	0.36288577
2.6571774	0.36281723
2.65854	0.36130863
2.6599042	0.35966286
2.6612697	0.35877144
2.6626365	0.3581543
2.6640048	0.35458851
2.6653745	0.35054272
2.6667454	0.34917128
2.6681182	0.35033703
2.6694922	0.34738842
2.6708674	0.3446455
2.6722443	0.34766269
2.6736224	0.34800556
2.6750021	0.34533122
2.676383	0.34162828
2.6777654	0.33998257
2.6791496	0.33881685
2.6805348	0.33874825
2.6819217	0.33730826
2.6833098	0.33408535
2.6846995	0.33113673
2.6860905	0.32839382
2.6874828	0.32585663
2.6888769	0.32338801
2.6902716	0.32057652
2.6916685	0.31646219
2.6930668	0.31029066
2.6944666	0.30562773
2.6958678	0.303022
2.6972704	0.3004162
2.6986744	0.29691902
2.7000799	0.29232466
2.7014871	0.28752458
2.7028956	0.28423309
2.7043056	0.28059876
2.7057171	0.27641582
2.70713	0.27161577
2.7085443	0.26592425
2.7099602	0.25995845
2.7113776	0.25591266
2.7127967	0.25371835
2.7142169	0.25008398
2.7156389	0.24521536
2.7170622	0.23972954
2.718487	0.23417518
2.7199132	0.22718075
2.7213409	0.22244926
2.7227702	0.21908921
2.7242005	0.2133977
2.7256327	0.20935191
2.7270665	0.20606042
2.7285018	0.20208322
2.7299387	0.19783172
2.7313771	0.1936488
2.7328169	0.18919158
2.7342582	0.18425436
2.7357013	0.18041429
2.7371457	0.17712283
2.7385917	0.17191131
2.7400391	0.16752267
2.741488	0.16498549
2.7429385	0.16327117
2.7443907	0.16100828
2.7458441	0.15840253
2.747299	0.15545391
2.7487557	0.15284815
2.7502139	0.15044813
2.7516737	0.14770521
2.753135	0.14468803
2.7545979	0.14064224
2.7560623	0.13810506
2.7575283	0.13728219
2.7589962	0.13570501
2.7604654	0.13364784
2.7619359	0.1312478
2.7634082	0.12932777
2.7648821	0.12761346
2.7663574	0.12562485
2.7678344	0.12377341
2.7693131	0.12212767
2.7707932	0.12034477
2.772275	0.11911047
2.7737584	0.11780759
2.7752433	0.11657328
2.7767296	0.1150647
2.7782178	0.1135561
2.7797074	0.11191036
2.7811987	0.11033319
2.782691	0.10909888
2.7841854	0.10793315
2.7856815	0.10649312
2.7871792	0.10519025
2.7886784	0.10443595
2.7901793	0.10375022
2.7916818	0.10279021
2.7931859	0.10176162
2.794692	0.1008016
2.7961996	0.10011588
2.7977085	0.099224441
2.7992191	0.098264426
2.8007314	0.097441554
2.8022454	0.096481539
2.803761	0.095795818
2.8052781	0.095384374
2.806797	0.094835795
2.8083177	0.094218642
2.8098397	0.09367007
2.8113635	0.092984341
2.8128889	0.092161469
2.8144159	0.091750033
2.8159447	0.091475748
2.8174751	0.090995744
2.8190067	0.090310007
2.8205404	0.089761429
2.8220758	0.089418568
2.8236129	0.088869989
2.8251517	0.088115692
2.8266921	0.087772824
2.8282342	0.087498538
2.829778	0.087155677
2.8313241	0.086812809
2.8328712	0.086332805
2.83442	0.085715652
2.8359706	0.085167073
2.8375227	0.084618494
2.8390768	0.084207058
2.8406324	0.083932772
2.8421898	0.08386419
2.843749	0.083589911
2.84531	0.083247036
2.8468723	0.082629897
2.8484366	0.082012735
2.8500025	0.081669874
2.8515701	0.081258431
2.8531396	0.080641292
2.8547106	0.080229849
2.8562829	0.080092706
2.8578575	0.079886988
2.8594339	0.079681277
2.861012	0.079338409
2.8625917	0.078926973
2.8641732	0.078515537
2.8657565	0.078172669
2.8673415	0.077898391
2.8689287	0.077555522
2.870517	0.077281229
2.8721075	0.077006944
2.8736994	0.07673265
2.8752933	0.076458357
2.876889	0.076321214
2.8784864	0.076046936
2.8800855	0.075635493
2.8816857	0.0753612
2.8832886	0.075224064
2.8848929	0.074949764
2.8864994	0.074606903
2.8881073	0.074332617
2.8897173	0.074332617
2.8913291	0.074126899
2.8929424	0.073921181
2.8945582	0.073715456
2.8961751	0.073441178
2.897794	0.073166884
2.8994148	0.072892584
2.9010372	0.072686873
2.9026616	0.072686873
2.9042876	0.072618306
2.9059157	0.072618306
2.9075458	0.072618306
2.9091775	0.072275445
2.9108109	0.072138295
2.9124463	0.072138295
2.9140832	0.071864001
2.9157224	0.071589708
2.9173632	0.071452573
2.9190059	0.071383998
2.9206498	0.071246855
2.922296	0.071109697
2.9239442	0.070972562
2.9255943	0.070903987
2.9272463	0.070903987
2.9289	0.070698269
2.9305558	0.070492558
2.9322133	0.070423983
2.9338732	0.070492558
2.9355345	0.070492558
2.9371977	0.070286833
2.9388628	0.070081115
2.9405298	0.070081115
2.9421985	0.070286833
2.9438694	0.070218258
2.9455421	0.070081115
2.9472167	0.070081115
2.9488933	0.070012547
2.9505715	0.069875397
2.9522519	0.070012547
2.953934	0.069943972
2.9556181	0.069806822
2.9573042	0.070081115
2.9589922	0.070081115
2.9606814	0.069875397
2.9623733	0.069875397
2.964067	0.069943972
2.9657626	0.069875397
2.9674604	0.069601111
2.9691598	0.069738254
2.9708614	0.069738254
2.9725649	0.069601111
2.9742706	0.069601111
2.9759779	0.069669686
2.9776874	0.069875397
2.9793985	0.069943972
2.9811118	0.069669686
2.9828272	0.069669686
2.9845443	0.069669686
2.9862635	0.069532543
2.9879854	0.069463968
2.9897087	0.069601111
2.9914336	0.069875397
2.993161	0.070012547
2.99489	0.069875397
2.9966211	0.069806822
2.9983544	0.069943972
3.0000894	0.069875397
3.001826	0.070012547
3.0035653	0.069943972
3.0053065	0.069806822
3.0070496	0.069806822
3.0087948	0.069738254
3.0105422	0.069806822
3.0122914	0.069875397
3.0140429	0.070012547
3.0157964	0.070012547
3.0175517	0.069943972
3.0193093	0.069806822
3.0210688	0.069875397
3.0228302	0.069875397
3.0245938	0.070012547
3.0263596	0.070218258
3.0281272	0.070218258
3.0298975	0.07014969
3.0316694	0.070081115
3.0334435	0.070081115
3.0352194	0.070012547
3.0369976	0.07014969
3.0387776	0.07014969
3.04056	0.069943972
3.0423443	0.069875397
3.0441301	0.070012547
3.0459187	0.069943972
3.0477092	0.069943972
3.0495021	0.069943972
3.0512969	0.069738254
3.0530939	0.069463968
3.054893	0.069463968
3.0566943	0.069601111
3.0584979	0.069669686
3.0603034	0.069532543
3.0621109	0.069532543
3.0639207	0.069669686
3.0657327	0.069669686
3.0675466	0.069601111
3.0693629	0.069395393
3.0711813	0.069532543
3.0730011	0.069806822
3.0748239	0.069669686
3.0766487	0.069463968
3.0784757	0.069258243
3.0803049	0.069258243
3.0821362	0.069395393
3.0839698	0.069395393
3.0858054	0.069395393
3.0876439	0.069601111
3.0894837	0.069532543
3.0913262	0.069326818
3.0931706	0.069326818
3.0950172	0.069601111
3.0968661	0.069738254
3.0987172	0.069532543
3.1005704	0.069601111
3.1024263	0.069738254
3.104284	0.069943972
3.106144	0.070012547
3.1080062	0.070081115
3.1098707	0.070218258
3.1117373	0.070286833
3.1136062	0.070286833
3.1154773	0.070423983
3.1173501	0.070561126
3.1192257	0.070561126
3.1211035	0.070835419
3.1229837	0.070972562
3.1248662	0.070972562
3.1267509	0.071109697
3.128638	0.071452573
3.1305273	0.071726859
3.1324193	0.071726859
3.1343131	0.071864001
3.1362092	0.071932569
3.1381078	0.072138295
3.1400084	0.072344013
3.1419115	0.072481155
3.1438167	0.072618306
3.1457245	0.072686873
3.1476347	0.072961159
3.1495469	0.073166884
3.1514616	0.073098309
3.1533785	0.073235452
3.1552978	0.073441178
3.1572194	0.073509745
3.1591434	0.073509745
3.1610696	0.073578313
3.162998	0.073784031
3.1649289	0.073989749
3.1668622	0.074058324
3.168798	0.074126899
3.1707361	0.074264042
3.1726766	0.074332617
3.1746194	0.07446976
3.1765647	0.074675471
3.1785126	0.074675471
3.1804626	0.074675471
3.182415	0.074744053
3.1843698	0.074881189
3.186327	0.075155482
3.1882865	0.0753612
3.1902485	0.075429775
3.1922131	0.07570406
3.19418	0.075841211
3.1961493	0.075841211
3.1981211	0.076046936
3.2000952	0.076184072
3.2020719	0.076321214
3.2040508	0.076321214
3.2060323	0.076252647
3.2080164	0.076458357
3.2100022	0.076869801
3.2119911	0.076938376
3.2139823	0.077006944
3.215976	0.076938376
3.2179723	0.076869801
3.2199712	0.076938376
3.2219722	0.076938376
3.2239761	0.076801226
3.2259824	0.076938376
3.2279911	0.077144086
3.2300024	0.077075519
3.2320161	0.077006944
3.2340324	0.077006944
3.2360511	0.076801226
3.2380724	0.076526932
3.2400961	0.076664075
3.2421229	0.07673265
3.2441516	0.076664075
3.2461832	0.076664075
3.2482171	0.07673265
3.2502534	0.076595508
3.2522926	0.076321214
3.2543342	0.076115504
3.2563784	0.075841211
3.2584248	0.075635493
3.2604742	0.075566918
3.262526	0.075566918
3.2645805	0.075224064
3.2666376	0.074744053
3.2686973	0.07446976
3.2707596	0.074195467
3.2728245	0.073921181
3.2748921	0.073509745
3.2769623	0.073166884
3.2790351	0.072824016
3.2811103	0.072549731
3.2831883	0.07220687
3.2852688	0.071726859
3.2873521	0.071246855
3.289438	0.070698269
3.2915258	0.070286833
3.293617	0.069738254
3.2957108	0.069052532
3.2978072	0.068503954
3.2999065	0.0678868
3.3020084	0.06720107
3.3041129	0.066378199
3.3062201	0.065761052
3.3083303	0.065143898
3.3104429	0.064526737
3.3125582	0.063772447
3.314676	0.063018151
3.3167968	0.062195279
3.3189204	0.061578125
3.3210464	0.061098114
3.3231752	0.06020667
3.3253074	0.059520952
3.3274417	0.058903795
3.3295789	0.058423787
3.3317187	0.05794378
3.3338614	0.057463773
3.3360066	0.056915194
3.3381548	0.056572333
3.3403056	0.056435186
3.3424585	0.056366619
3.344615	0.056366619
3.3467741	0.056160893
3.3489361	0.055886611
3.3511009	0.055818029
3.3532684	0.055818029
3.3554389	0.055886611
3.3576121	0.055886611
3.3597887	0.055749461
3.3619676	0.055612314
3.3641491	0.055749461
3.3663337	0.055818029
3.368521	0.055886611
3.3707113	0.055818029
3.3729043	0.055612314
3.3751001	0.055475172
3.3772995	0.055543747
3.3795011	0.055749461
3.3817058	0.055680886
3.383913	0.055543747
3.3861232	0.055475172
3.3883364	0.055543747
3.3905525	0.055475172
3.3927715	0.055543747
3.3949924	0.055475172
3.3972173	0.055475172
3.3994448	0.055543747
3.4016755	0.055543747
3.403909	0.055612314
3.4061456	0.055543747
3.408385	0.055475172
3.4106274	0.055475172
3.4128728	0.055612314
3.4151211	0.055612314
3.4173725	0.055612314
3.4196265	0.055680886
3.4218838	0.055680886
3.424144	0.055749461
3.4264071	0.055749461
3.4286733	0.055612314
3.4309425	0.055680886
3.4332149	0.055818029
3.4354899	0.055749461
3.4377682	0.055612314
3.4400494	0.055612314
3.4423335	0.055475172
3.4446208	0.055406597
3.4469111	0.055406597
3.449204	0.055406597
3.4515004	0.055338021
3.4537997	0.055338021
3.4561024	0.055200879
3.4584079	0.055269454
3.4607165	0.055200879
3.4630284	0.054995157
3.4653432	0.054926589
3.4676619	0.054926589
3.4699829	0.054789446
3.472307	0.0546523
3.4746342	0.054858014
3.4769647	0.054926589
3.4792981	0.054583732
3.4816349	0.054515149
3.4839747	0.054583732
3.4863167	0.054583732
3.488663	0.054583732
3.4910121	0.0546523
3.4933646	0.0546523
3.4957201	0.054583732
3.4980791	0.054720875
3.5004408	0.054926589
3.5028062	0.054858014
3.5051751	0.054995157
3.5075467	0.055269454
3.5099213	0.055612314
3.5122993	0.055818029
3.5146806	0.056160893
3.517065	0.056572333
3.5194528	0.056915194
3.5218437	0.057395201
3.5242381	0.057806633
3.5266356	0.058012355
3.5290363	0.058423787
3.5314403	0.058903795
3.5338476	0.059315231
3.536258	0.059726663
3.538672	0.06020667
3.5410891	0.060823832
3.5435085	0.061372407
3.5459323	0.061989557
3.5483594	0.062606715
3.5507898	0.063155293
3.5532234	0.063703872
3.5556605	0.064183876
3.5581009	0.06493818
3.5605447	0.065555334
3.5629921	0.066103913
3.5654426	0.066721067
3.5678964	0.067406788
3.5703535	0.067955367
3.5728142	0.068435378
3.5752783	0.0691211
3.5777457	0.069806822
3.5802164	0.070286833
3.5826914	0.070835419
3.5851691	0.071383998
3.5876501	0.071864001
3.5901346	0.072344013
3.5926225	0.072961159
3.595114	0.073441178
3.5976088	0.073989749
3.6001072	0.074538328
3.6026084	0.075018339
3.6051137	0.07570406
3.6076224	0.076252647
3.6101346	0.076664075
3.6126504	0.077144086
3.6151698	0.07762409
3.6176925	0.078035533
3.620219	0.078309819
3.6227491	0.07865268
3.6252825	0.079132691
3.6278193	0.079612702
3.6303599	0.080024138
3.6329038	0.080366991
3.6354516	0.080641292
3.6380026	0.080984153
3.6405575	0.081395581
3.6431165	0.081669874
3.6456785	0.08194416
3.6482441	0.082424171
3.6508133	0.082767032
3.6533861	0.08297275
3.6559625	0.083315611
3.6585426	0.083658479
3.6611264	0.08386419
3.6637127	0.084138483
3.6663036	0.084412783
3.6688983	0.084618494
3.6714969	0.085029922
3.6740987	0.085235648
3.6767046	0.085509934
3.6793139	0.085647076
3.6819272	0.085852794
3.6845443	0.086195663
3.687165	0.086401381
3.6897893	0.086538516
3.6924174	0.086744241
3.695049	0.086949952
3.6976848	0.087087102
3.7003241	0.08729282
3.7029672	0.087498538
3.7056146	0.087567113
3.7082653	0.087704256
3.7109196	0.087841392
3.713578	0.087841392
3.7162399	0.087841392
3.7189059	0.087978549
3.7215757	0.088115692
3.7242491	0.087978549
3.7269256	0.087909974
3.7296069	0.088047124
3.7322919	0.087909974
3.7349808	0.087635681
3.7376738	0.087498538
3.7403705	0.08729282
3.7430711	0.087155677
3.7457757	0.086949952
3.7484846	0.086744241
3.7511971	0.086469948
3.7539134	0.086127087
3.7566335	0.085715652
3.7593577	0.085098498
3.7620859	0.084481351
3.764818	0.083795622
3.767554	0.082835607
3.770293	0.08173845
3.7730372	0.080572717
3.7757852	0.079269834
3.778537	0.077898391
3.7812932	0.076184072
3.7840533	0.074332617
3.7868173	0.072755441
3.7895856	0.071109697
3.7923579	0.069669686
3.7951343	0.068298228
3.7979145	0.067063928
3.800699	0.065898195
3.8034875	0.064801037
3.8062801	0.063909598
3.8090768	0.063086726
3.8118775	0.062263854
3.8146832	0.061783846
3.8174922	0.061235264
3.8203053	0.060549535
3.8231227	0.060069527
3.8259442	0.059658095
3.8287699	0.059383806
3.8315997	0.059109513
3.8344338	0.058629505
3.837271	0.058355216
3.8401134	0.05808093
3.8429599	0.057669498
3.8458109	0.057463773
3.848666	0.057326626
3.8515253	0.057189491
3.8543887	0.056983765
3.8572567	0.056709476
3.8601296	0.056435186
3.8630059	0.056298036
3.8658867	0.056092322
3.8687716	0.055955179
3.8716609	0.055886611
3.8745544	0.055749461
3.8774524	0.055475172
3.8803546	0.055200879
3.8832617	0.055063739
3.8861728	0.054995157
3.8890882	0.054995157
3.8920078	0.054858014
3.894932	0.0546523
3.8978605	0.054583732
3.9007933	0.054446582
3.9037306	0.054103717
3.9066718	0.053966574
3.9096179	0.053898007
3.9125686	0.05362371
3.9155238	0.053280853
3.9184833	0.053143702
3.9214473	0.05300656
3.9244158	0.052800842
3.9273889	0.052526552
3.9303668	0.052320834
3.9333489	0.052183688
3.9363356	0.051909398
3.9393268	0.051635109
3.9423223	0.051360816
3.9453225	0.051223673
3.9483273	0.050949384
3.9513369	0.050675094
3.9543512	0.050332233
3.9573698	0.049989365
3.960393	0.049646508
3.9634209	0.049303643
3.9664533	0.049029354
3.9694903	0.048755065
3.972532	0.048549347
3.9755785	0.048343629
3.9786289	0.048206486
3.9816847	0.048069336
3.984745	0.048069336
3.9878104	0.048000764
3.9908803	0.048069336
3.9939549	0.048343629
3.9970343	0.048549347
4.0001183	0.048755065
4.0032082	0.049097925
4.0063019	0.049372215
4.0094004	0.049646508
4.0125036	0.050126515
4.0156116	0.050537951
4.0187244	0.050880808
4.021842	0.051292244
4.0249648	0.051909398
4.028091	0.052663695
4.0312233	0.053349424
4.0343604	0.054035142
4.0375023	0.054720875
4.0406489	0.055475172
4.0438008	0.056298036
4.046958	0.057258058
4.0501194	0.058286641
4.0532866	0.059246656
4.056458	0.06020667
4.0596347	0.061166693
4.0628161	0.062195279
4.0660028	0.063223861
4.0691943	0.064321026
4.0723906	0.065623902
4.0755925	0.066789635
4.0787992	0.067955367
4.0820107	0.069052532
4.0852275	0.07014969
4.0884495	0.071383998
4.0916762	0.072549731
4.0949082	0.073715456
4.0981455	0.074881189
4.1013875	0.075978354
4.1046343	0.077281229
4.1078868	0.078446962
4.1111441	0.079475544
4.1144071	0.080504142
4.1176748	0.081532732
4.1209483	0.082561314
4.1242266	0.083452761
4.1275101	0.084412783
4.1307993	0.085167073
4.1340938	0.085989937
4.137393	0.086812809
4.1406975	0.087567113
4.1440077	0.088252835
4.1473227	0.089075707
4.1506433	0.089830004
4.1539693	0.090378582
4.1573014	0.090927161
4.1606379	0.091681458
4.16398	0.092298619
4.1673269	0.092778631
4.1706796	0.09339577
4.1740379	0.094012931
4.1774011	0.09456151
4.1807699	0.095178656
4.1841431	0.095727235
4.1875229	0.096275821
4.190908	0.096755832
4.1942987	0.097167261
4.1976953	0.097715847
4.2010965	0.097990133
4.204504	0.098127276
4.2079167	0.098058708
4.2113357	0.097784415
4.2147593	0.097441554
4.2181888	0.097235836
4.2216239	0.096892975
4.2250643	0.096412972
4.2285104	0.096070103
4.2319622	0.096001528
4.2354198	0.096001528
4.2388835	0.096001528
4.242352	0.095932961
4.2458267	0.095932961
4.2493072	0.096001528
4.2527928	0.095864385
4.2562842	0.095041513
4.2597818	0.09339577
4.2632847	0.091407172
4.2667923	0.09044715
4.2703071	0.091270022
4.2738276	0.093121491
4.2773538	0.095041513
4.2808857	0.096618682
4.2844238	0.098058708
4.2879677	0.099430159
4.2915173	0.10052732
4.2950735	0.10162447
4.298635	0.10279021
4.3022022	0.1038188
4.3057756	0.10477882
4.3093548	0.10587598
4.3129401	0.1070417
4.3165312	0.10807028
4.3201284	0.10896175
4.3237324	0.10978461
4.3273416	0.11040176
4.3309565	0.11108749
4.3345776	0.11170464
4.3382049	0.11204749
4.3418384	0.11232179
4.3454776	0.11273324
4.3491235	0.11307609
4.3527737	0.11314467
4.3564315	0.11335038
4.3600955	0.11348752
4.3637652	0.11348752
4.3674417	0.11348752
4.3711243	0.1135561
4.3748131	0.11348752
4.3785081	0.1135561
4.3822103	0.1135561
4.3859177	0.11341895
4.3896313	0.1132818
4.3933511	0.11307609
4.3970776	0.11287037
4.4008102	0.11280179
4.4045491	0.11273324
4.4082947	0.11259607
4.412045	0.11239037
4.415803	0.11211607
4.4195676	0.11177322
4.4233384	0.11149892
4.4271159	0.11115605
4.4308996	0.11081319
4.43469	0.11047034
4.4384871	0.11033319
4.4422908	0.11012748
4.4461007	0.10985318
4.4499168	0.10971603
4.4537401	0.10957889
4.4575696	0.10937317
4.4614058	0.10916746
4.4652486	0.10896175
4.4690976	0.10875601
4.4729543	0.10868746
4.4768167	0.10861888
4.4806862	0.10841315
4.4845624	0.10834458
4.4884448	0.10834458
4.4923344	0.10820743
4.4962306	0.10807028
4.5001335	0.10800173
4.5040426	0.10807028
4.5079594	0.10779601
4.5118828	0.10752172
4.5158129	0.10745314
4.5197501	0.107316
4.523694	0.10724742
4.5276446	0.1070417
4.5316024	0.10683598
4.5355678	0.10656171
4.5395393	0.10621884
4.5435181	0.10587598
4.5475035	0.10567026
4.551496	0.10546454
4.5554957	0.10498454
4.5595021	0.10443595
4.5635157	0.1038188
4.5675368	0.10333879
4.5715647	0.10285878
4.5755997	0.1023102
4.5796418	0.10162447
4.5836911	0.10087018
4.5877471	0.09997873
4.5918107	0.09908729
4.5958815	0.098058708
4.5999584	0.096892975
4.604044	0.095864385
4.6081362	0.094972946
4.612236	0.094150074
4.616343	0.093121491
4.6204576	0.092024326
4.6245794	0.091201454
4.6287084	0.09044715
4.6328454	0.089830004
4.6369891	0.089144275
4.6411405	0.088664263
4.6452994	0.08832141
4.6494656	0.088047124
4.6536388	0.087978549
4.6578202	0.08832141
4.6620088	0.088732839
4.6662059	0.089487135
4.6704097	0.090652876
4.6746206	0.091818616
4.6788397	0.093258627
4.6830664	0.094904371
4.6873007	0.096687257
4.6915426	0.098538719
4.6957922	0.10025303
4.7000484	0.10210449
4.7043133	0.10416166
4.7085862	0.10615027
4.7128668	0.10793315
4.717155	0.10957889
4.7214513	0.1112932
4.7257552	0.11307609
4.7300668	0.11458468
4.7343879	0.11581898
4.7387152	0.11698472
4.7430506	0.11821903
4.7473941	0.11938476
4.7517457	0.12041334
4.7561049	0.12123621
4.7604723	0.12192195
4.7648478	0.12260768
4.7692318	0.1232934
4.7736235	0.12377341
4.7780232	0.12425341
4.7824311	0.12473343
4.7868466	0.12514485
4.7912707	0.12541915
4.7957029	0.12569344
4.8001437	0.1260363
4.8045907	0.12637916
4.8090477	0.12658487
4.8135128	0.1267906
4.8179865	0.12692773
4.8224683	0.12699631
4.8269582	0.12699631
4.8314571	0.12720203
4.8359637	0.12733918
4.8404803	0.12733918
4.8450041	0.12727059
4.8495364	0.12727059
4.8540773	0.12727059
4.8586264	0.12727059
4.8631845	0.12727059
4.8677506	0.12720203
4.8723259	0.12713344
4.8769083	0.12699631
4.8815002	0.1267906
4.8861008	0.1267906
4.8907104	0.12658487
4.8953285	0.12637916
4.8999557	0.12624201
4.9045911	0.12596771
4.909236	0.125762
4.9138899	0.12555629
4.9185519	0.12541915
4.923223	0.12528199
4.9279027	0.12493914
4.9325914	0.12466484
4.9372892	0.12439056
4.9419956	0.12418483
4.9467115	0.1240477
4.951437	0.12370483
4.9561706	0.12336196
4.9609137	0.12308768
4.9656653	0.12288195
4.9704261	0.12260768
4.9751964	0.12233339
4.9799757	0.12205908
4.9847641	0.12171622
4.9895606	0.12130479
4.9943671	0.1210305
4.9991837	0.12075622
5.0040088	0.12041334
5.0088439	0.12013905
5.0136881	0.11965905
5.0185413	0.11911047
5.0234041	0.11883619
5.0282774	0.11856189
5.0331593	0.11828759
5.0380507	0.11780759
5.0429511	0.11746473
5.0478616	0.11705329
5.0527816	0.11671043
5.0577111	0.11636756
5.0626502	0.11595614
5.0675998	0.1155447
5.0725584	0.1150647
5.0775266	0.11444753
5.0825043	0.11362467
5.087492	0.11280179
5.0924897	0.11197893
5.097497	0.11074463
5.1025143	0.1093046
5.1075401	0.10772743
5.112577	0.10594455
5.1176243	0.10402451
5.1226811	0.10210449
5.127748	0.10059589
5.1328249	0.099910162
5.1379123	0.099841595
5.1430092	0.10052732
5.1481171	0.10176162
5.1532345	0.10333879
5.1583619	0.10471024
5.1634998	0.10567026
5.1686478	0.10608169
5.1738062	0.10635597
5.1789751	0.10656171
5.184154	0.10642456
5.1893444	0.10608169
5.1945438	0.1058074
5.1997542	0.10553311
5.2049747	0.10519025
5.210206	0.10457309
5.2154474	0.10409309
5.2206998	0.10388737
5.2259626	0.10340736
5.2312346	0.10265306
5.2365189	0.10203592
5.2418137	0.10155591
5.2471189	0.10087018
5.2524352	0.10011588
5.2577624	0.099361591
5.2631001	0.098470144
5.2684488	0.097510129
5.273809	0.096481539
5.2791796	0.095452949
5.2845607	0.094492935
5.2899532	0.093327202
5.2953568	0.092092894
5.3007712	0.090927161
5.3061967	0.089487135
5.3116336	0.088047124
5.3170795	0.086744241
5.3225384	0.085372791
5.3280087	0.083589911
5.3334904	0.081875592
5.3389831	0.080298416
5.3444872	0.078378394
5.3500028	0.076252647
5.3555293	0.074606903
5.3610692	0.073029734
5.3666191	0.071178272
5.37218	0.069189675
5.3777528	0.06720107
5.3833375	0.065143898
5.3889332	0.063018151
5.3945408	0.060755257
5.4001603	0.058629505
5.4057918	0.056503754
5.4114347	0.054172292
5.417089	0.051635109
5.4227557	0.049166497
5.4284339	0.047109321
5.434124	0.045052148
5.439826	0.042926397
5.44554	0.040869225
5.4512644	0.039086334
5.4570026	0.037372027
5.4627528	0.035794854
5.4685154	0.034629121
5.4742899	0.033600535
5.4800768	0.03264052
5.4858756	0.031954799
5.4916868	0.031474791
5.4975119	0.031063354
5.5033479	0.030789062
5.5091963	0.030583346
5.5150576	0.0304462
5.5209308	0.030377628
5.5268164	0.030377628
5.5327148	0.030309051
5.5386262	0.030377628
5.5445509	0.03065192
5.550487	0.030857636
5.5564361	0.031200495
5.562398	0.031474791
5.5683727	0.031817649
5.5743604	0.032160513
5.5803604	0.032571949
5.5863738	0.033051956
5.5923977	0.033463392
5.5984373	0.033737682
5.6044893	0.034011971
5.6105552	0.034080543
5.6166334	0.034286261
5.6227255	0.034491975
5.6288304	0.034629121
5.6349487	0.034491975
5.6410818	0.034354836
5.6472268	0.034491975
5.6533852	0.03456055
5.6595569	0.034766272
5.6657424	0.035040557
5.6719413	0.034834843
5.6781535	0.034766272
5.6843796	0.034903411
5.6906204	0.034971986
5.6968741	0.035040557
5.7031412	0.034834843
5.7094221	0.034491975
5.7157168	0.03456055
5.7220259	0.03456055
5.7283483	0.034629121
5.7346849	0.03456055
5.7410331	0.034354836
5.7473979	0.034217689
5.7537766	0.034217689
5.76017	0.033669107
5.7665772	0.033326246
5.7729988	0.033669107
5.7794347	0.033669107
5.7858849	0.033463392
5.7923512	0.033463392
5.7988305	0.033257671
5.8053241	0.03291481
5.811832	0.032434803
5.8183551	0.031817649
5.8248925	0.031680506
5.8314447	0.031749077
5.8380117	0.031611931
5.8445945	0.03126907
5.851191	0.031063354
5.8578029	0.030789062
5.864429	0.0304462
5.8710709	0.030034764
5.877727	0.02914332
5.8843989	0.028937604
5.8910856	0.028869033
5.8977852	0.02852617
5.9045024	0.028457597
5.9112349	0.028251877
5.9179831	0.027909014
5.9247465	0.027566154
5.9315252	0.02688043
5.9383197	0.026468994
5.9451299	0.026606139
5.9519572	0.026468994
5.9587984	0.026194705
5.9656553	0.025783269
5.9725285	0.025646122
5.9794173	0.025508979
5.9863219	0.025166117
5.9932423	0.02502897
6.0001788	0.025097543
6.0071297	0.024960399
6.0140982	0.024686107
6.0210834	0.024617536
6.0280848	0.024411818
6.0351024	0.024137527
6.0421362	0.023588946
6.0491862	0.023246085
6.0562534	0.023657521
6.0633373	0.023863237
6.0704374	0.023726093
6.0775537	0.023794664
6.0846872	0.024000382
6.0918374	0.024068955
6.0990043	0.024068955
6.1061878	0.023931809
6.1133885	0.023863237
6.1206079	0.024274673
6.1278424	0.024686107
6.1350942	0.024960399
6.1423635	0.025097543
6.1496496	0.025303261
6.1569533	0.025440404
6.1642742	0.025920413
6.1716127	0.026400421
6.1789665	0.026606139
6.1863399	0.02688043
6.1937308	0.027771873
6.2011395	0.028389025
6.2085662	0.02914332
6.2160106	0.029897617
6.2234726	0.030857636
6.2309527	0.031749077
6.238452	0.032709092
6.2459679	0.033737682
6.2535024	0.035109129
6.261055	0.036549155
6.2686257	0.038469188
6.2762151	0.04052636
6.2838225	0.042994969
6.2914486	0.045669299
6.2990947	0.048755065
6.3067579	0.052183688
6.3144398	0.056092322
6.3221402	0.060412392
6.3298597	0.065418184
6.3375978	0.070355408
6.345355	0.076801226
6.3531313	0.08489278
6.3609242	0.09264148
6.3687387	0.10052732
6.3765721	0.11033319
6.3844252	0.12020764
6.3922973	0.13104209
6.4001889	0.14153367
6.4081001	0.15092812
6.4160309	0.16484834
6.4239826	0.18267719
6.431953	0.1968717
6.4399428	0.20873475
6.4479527	0.21668917
6.4559822	0.22258641
6.4640322	0.22615218
6.4721022	0.22738647
6.4801922	0.22724934
6.4883046	0.22546647
6.4964356	0.22601502
6.5045867	0.22999224
6.5127583	0.23012939
6.5209503	0.22807221
6.5291634	0.22800365
6.5373969	0.22676933
6.545651	0.22409499
6.5539231	0.22142068
6.5622191	0.21867774
6.5705361	0.214632
6.5788746	0.21305482
6.587234	0.21154623
6.5956144	0.20914619
6.6040168	0.20722616
6.6124401	0.20420897
6.6208863	0.20071177
6.629353	0.19508882
6.6378412	0.1901516
6.6463513	0.18987732
6.6548829	0.18891729
6.6634369	0.18521439
6.6720128	0.18082576
6.6806107	0.17664282
6.6892328	0.1738999
6.6978755	0.17088273
6.7065401	0.16615123
6.7152276	0.16203687
6.723937	0.15867682
6.7326698	0.15552248
6.7414246	0.15216242
6.7502027	0.14852808
6.7590008	0.14551088
6.7678242	0.14235654
6.7766714	0.13940793
6.7855411	0.13639075
6.7944345	0.13467643
6.8033509	0.13412786
6.8122911	0.13268784
6.8212547	0.13056208
6.8302436	0.12912206
6.8392544	0.12836775
6.848289	0.1265163
6.8573475	0.12363626
6.8664303	0.12233339
6.8755369	0.12322482
6.8846679	0.12295053
6.8938227	0.12205908
6.9029989	0.12075622
6.9122028	0.11993334
6.9214315	0.11945333
6.9306846	0.11897332
6.9399629	0.11828759
6.9492655	0.11719044
6.9585934	0.11561327
6.9679465	0.11588756
6.9773269	0.11623043
6.9867301	0.11595614
6.9961591	0.11588756
7.0056133	0.11609328
7.0150933	0.11581898
7.0245986	0.11575042
7.0341301	0.11568183
7.0436873	0.1150647
7.0532722	0.11575042
7.0628819	0.11657328
7.0725174	0.11698472
7.0821791	0.11732758
7.0918674	0.1175333
7.1015825	0.11773902
7.1113243	0.11760188
7.1210923	0.1175333
7.1308832	0.11739616
7.1407056	0.11657328
7.1505547	0.11540755
7.1604309	0.11369324
7.1703348	0.11095034
7.1802659	0.10779601
7.1902246	0.10368165
7.200211	0.099018723
7.210228	0.094698653
7.2202702	0.091544315
7.23034	0.088732839
7.2404385	0.086401381
7.2505651	0.084344201
7.2607198	0.082492746
7.2709031	0.08070986
7.2811151	0.079338409
7.2913575	0.078378394
7.3016272	0.077486947
7.3119259	0.076595508
7.3222532	0.075772636
7.3326101	0.074881189
7.3429961	0.074195467
7.3534117	0.073646888
7.3638568	0.073029734
7.3743277	0.072275445
7.3848329	0.071658291
7.3953671	0.071109697
7.4059319	0.070698269
7.4165273	0.070286833
7.4271526	0.069875397
7.4378085	0.069395393
7.4484949	0.068846814
7.4592152	0.068298228
7.4699631	0.0678868
7.4807425	0.067543939
7.4915524	0.067269646
7.5023942	0.066995353
7.513267	0.066652492
7.5241718	0.066172481
7.5351081	0.06582962
7.5460782	0.065555334
7.5570784	0.065418184
7.5681105	0.065212466
7.579175	0.06493818
7.5902719	0.064663887
7.6014013	0.064458169
7.6125636	0.064252459
7.6237588	0.064183876
7.6349821	0.064115308
7.6462431	0.063978165
7.6575375	0.063909598
7.6688652	0.063772447
7.6802268	0.063635297
7.6916218	0.063566722
7.7030506	0.063566722
7.7145133	0.063429587
7.7260127	0.063155293
7.7375441	0.063086726
7.7491097	0.063018151
7.7607102	0.062881
7.7723455	0.062675282
7.7840157	0.06253814
7.7957211	0.062332422
7.8074613	0.062126707
7.8192339	0.061920982
7.8310452	0.061920982
7.8428926	0.061852414
7.8547754	0.0616467
7.8666949	0.06150955
7.8786502	0.061303839
7.8906422	0.060960975
7.9026704	0.060755257
7.9147372	0.060755257
7.9268394	0.060618103
7.9389782	0.06020667
7.9511547	0.060069527
7.9633684	0.060069527
7.9756198	0.060138103
7.9879088	0.059932385
8.0002356	0.059726663
8.0126038	0.05958952
8.0250072	0.059452377
8.0374498	0.059109513
8.0499296	0.05869808
8.0624495	0.058286641
8.0750074	0.05794378
8.0876055	0.057738066
8.1002417	0.057600915
8.1129141	0.057326626
8.1256304	0.057326626
8.1383867	0.057258058
8.1511831	0.057120908
8.1640196	0.056846619
8.1768961	0.056640901
8.1898146	0.056435186
8.2027731	0.056160893
8.2157736	0.056023747
8.2288151	0.055818029
8.2418976	0.055406597
8.2550211	0.054995157
8.2681875	0.0546523
8.281395	0.054515149
8.2946453	0.054446582
8.3079386	0.054240867
8.3212767	0.053898007
8.3346548	0.053692285
8.3480768	0.053486567
8.3615408	0.053280853
8.3750496	0.053075135
8.3886013	0.052800842
8.4021969	0.052595124
8.4158373	0.052389409
8.4295158	0.052183688
8.4432449	0.052115116
8.4570189	0.051977973
8.4708366	0.05170368
8.4847012	0.051566537
8.4986105	0.051566537
8.5125656	0.051497966
8.5265665	0.051429391
8.540616	0.051292244
8.5547094	0.051292244
8.5688496	0.051360816
8.5830364	0.051223673
8.59727	0.051292244
8.6115513	0.051497966
8.6258802	0.051360816
8.6402569	0.051292244
8.6546841	0.051429391
8.6691561	0.05170368
8.6836777	0.051772252
8.6982479	0.051909398
8.7128668	0.052115116
8.7275343	0.052389409
8.7422523	0.052526552
8.75702	0.052526552
8.7718325	0.052320834
8.7866993	0.052320834
8.8016176	0.052389409
8.8165865	0.052320834
8.8316059	0.052320834
8.8466768	0.052252259
8.8617992	0.052115116
8.8769741	0.051909398
8.8922033	0.051635109
8.9074821	0.051497966
8.9228134	0.051497966
8.9381971	0.051223673
8.9536343	0.051017959
8.9691257	0.050812237
8.9846697	0.050332233
9.000268	0.050195087
9.0159235	0.050195087
9.0316315	0.050195087
9.0473928	0.049920797
9.0632105	0.049715079
9.0790825	0.049577933
9.0950108	0.049646508
9.1109953	0.049646508
9.1270351	0.04944079
9.1431274	0.048960779
9.1592817	0.0484122
9.1754923	0.047863618
9.191761	0.047520757
9.2080879	0.047452185
9.224472	0.047657903
9.2409153	0.048206486
9.2574167	0.0484122
9.2739801	0.0484122
9.2906008	0.048549347
9.3072805	0.0484122
9.3240204	0.048480771
9.3408203	0.048549347
9.3576803	0.048275054
9.3746023	0.048069336
9.3915854	0.047863618
9.4086237	0.047863618
9.4257298	0.048069336
9.4428988	0.048275054
9.4601307	0.048137911
9.4774246	0.047863618
9.4947834	0.047932193
9.5122042	0.048069336
9.5296898	0.047932193
9.5472441	0.047863618
9.5648584	0.04779505
9.5825386	0.047863618
9.6002836	0.048000764
9.6180954	0.048137911
9.635973	0.048206486
9.6539164	0.048343629
9.6719275	0.048617918
9.6900091	0.048960779
9.7081556	0.04944079
9.7263699	0.049852226
9.7446527	0.050332233
9.7630043	0.050743669
9.7814245	0.051223673
9.7999153	0.051360816
9.8184757	0.051566537
9.837101	0.051840827
9.8558025	0.051977973
9.8745756	0.051566537
9.8934202	0.051223673
9.9123363	0.051223673
9.9313259	0.051223673
9.950388	0.05108653
9.9695234	0.050812237
9.9887362	0.050675094
10.008019	0.050126515
10.027377	0.049646508
10.04681	0.04944079
10.066319	0.049097925
10.085902	0.049097925
10.105563	0.049097925
10.1253	0.048960779
10.145119	0.048755065
10.165011	0.048480771
10.184982	0.048206486
10.205031	0.048000764
10.22516	0.047726475
10.245367	0.047520757
10.265656	0.047246467
10.286023	0.046835035
10.306466	0.046355028
10.326997	0.045943592
10.34761	0.045669299
10.368304	0.045189291
10.389083	0.044777855
10.409945	0.044434994
10.43089	0.044092134
10.45192	0.043612126
10.473039	0.043269258
10.49424	0.042994969
10.515526	0.042652112
10.536899	0.042377818
10.558359	0.0421721
10.579906	0.04182924
10.601542	0.041143514
10.623267	0.040732078
10.645084	0.040663507
10.666988	0.040594932
10.688982	0.040389214
10.711066	0.040046353
10.733243	0.039634917
10.755511	0.03915491
10.777872	0.038743474
10.800325	0.038537759
10.822865	0.038400613
10.845508	0.038194895
10.868244	0.037714887
10.891077	0.03723488
10.914005	0.036960591
10.937031	0.036754873
10.960154	0.036343437
10.983374	0.036000572
11.006698	0.035794854
11.030116	0.035451993
11.053635	0.035246279
11.077253	0.035314851
11.100973	0.034971986
11.124795	0.034903411
11.14872	0.035109129
11.172747	0.035520565
11.196871	0.036549155
11.221107	0.03888062
11.245447	0.042994969
11.269894	0.050195087
11.294447	0.062675282
11.319107	0.081464157
11.343875	0.10148734
11.368752	0.1135561
11.393744	0.11527041
11.418839	0.11095034
11.444047	0.10443595
11.469365	0.097372986
11.494797	0.089761429
11.52034	0.080984153
11.545999	0.071726859
11.571771	0.064252459
11.597663	0.059246656
11.623667	0.055749461
11.649787	0.053349424
11.676025	0.051840827
11.702382	0.050743669
11.728858	0.049509361
11.755454	0.048480771
11.782171	0.047726475
11.809002	0.046903607
11.835962	0.046286453
11.863048	0.045257866
11.890256	0.044092134
11.91759	0.042926397
11.94505	0.042034954
11.972636	0.042103529
12.000351	0.043132119
12.028198	0.044640712
12.056171	0.046012163
12.084274	0.046697885
12.112508	0.047109321
12.140875	0.047315042
12.169374	0.047589328
12.198009	0.047726475
12.226777	0.047589328
12.255688	0.047452185
12.28473	0.047315042
12.31391	0.047177892
12.343228	0.04676646
12.372687	0.046492171
12.402287	0.046492171
12.432029	0.046286453
12.461913	0.046012163
12.491931	0.045875017
12.522105	0.045463581
12.552425	0.044915002
12.582892	0.044023562
12.613507	0.043269258
12.644272	0.042857826
12.675187	0.042377818
12.706254	0.041692093
12.737479	0.041417804
12.768852	0.041212086
12.80038	0.04052636
12.832064	0.03990921
12.863906	0.039086334
12.895905	0.037989177
12.928064	0.037303451
12.960384	0.036754873
12.992874	0.035863429
13.025519	0.035383418
13.05833	0.034354836
13.091305	0.033051956
13.124448	0.032229085
13.157759	0.031200495
13.191238	0.03017191
13.22489	0.029211894
13.258701	0.028114734
13.292698	0.026811855
13.326869	0.025440404
13.361217	0.023794664
13.395742	0.022080353
13.430446	0.020228894
13.46533	0.018720297
13.500397	0.020777475
13.535651	0.028183309
13.571085	0.035932001
13.606705	0.038537759
13.642511	0.037714887
13.678508	0.036412008
13.714694	0.035589136
13.751073	0.034766272
13.787644	0.034354836
13.82442	0.034423407
13.861383	0.034217689
13.898545	0.034286261
13.935907	0.034491975
13.97347	0.034286261
14.011236	0.034491975
14.049208	0.034903411
14.087384	0.034971986
14.125755	0.034629121
14.16435	0.034834843
14.203156	0.034971986
14.242176	0.035177704
14.281411	0.035246279
14.320862	0.035177704
14.360532	0.035383418
14.400422	0.035451993
14.440542	0.035451993
14.48088	0.035589136
14.521442	0.035863429
14.562233	0.036000572
14.603253	0.036137722
14.644506	0.036000572
14.685991	0.035657715
14.727713	0.035246279
14.76966	0.035451993
14.811859	0.035794854
14.8543	0.035657715
14.896984	0.035451993
14.939916	0.035520565
14.983094	0.035383418
15.026524	0.035177704
15.070205	0.035520565
15.11415	0.035726286
15.158343	0.035657715
15.202796	0.035177704
15.24751	0.035177704
15.292488	0.035451993
15.337732	0.035177704
15.383245	0.034903411
15.429028	0.035246279
15.475092	0.035589136
15.521424	0.035657715
15.568036	0.035383418
15.614927	0.035383418
15.662103	0.035520565
15.709563	0.035794854
15.757313	0.036137722
15.805353	0.036274865
15.853672	0.036069147
15.902304	0.035932001
15.951234	0.035932001
16.000465	0.035726286
16.050003	0.036069147
16.099848	0.036617726
16.150003	0.036343437
16.200472	0.036549155
16.251265	0.036892015
16.30237	0.03648058
16.353796	0.036343437
16.405548	0.036823444
16.45763	0.037029162
16.510042	0.03723488
16.56279	0.037303451
16.615877	0.03723488
16.669313	0.037509169
16.723085	0.038194895
16.777206	0.038469188
16.831676	0.03888062
16.886503	0.038812045
16.941689	0.038469188
16.997234	0.038606331
17.053146	0.038949195
17.109409	0.038949195
17.166063	0.039017767
17.223093	0.038743474
17.280504	0.038812045
17.338299	0.039429203
17.396481	0.039840639
17.455055	0.039840639
17.514025	0.040114924
17.573404	0.040252071
17.633179	0.040183496
17.693359	0.03990921
17.753954	0.039634917
17.814964	0.040594932
17.876394	0.04155495
17.938251	0.041623518
18.000536	0.041074939
18.063269	0.040732078
18.126427	0.04052636
18.190027	0.040869225
18.254078	0.041212086
18.318579	0.041074939
18.383539	0.04080065
18.448961	0.040732078
18.514851	0.040937796
18.58119	0.041280657
18.648029	0.04182924
18.715351	0.042240676
18.783159	0.041760668
18.851461	0.041417804
18.920263	0.041006368
18.989569	0.040937796
19.059383	0.040732078
19.129725	0.040114924
19.200575	0.039566346
19.271952	0.038263466
19.343863	0.037577741
19.416311	0.038606331
19.489305	0.039429203
19.562849	0.039360628
19.636951	0.038812045
19.711594	0.03888062
19.786827	0.039703488
19.862638	0.03888062
19.939034	0.038126323
20.016018	0.03915491
20.093599	0.039223481
20.171785	0.039566346
20.250582	0.040663507
20.330009	0.04080065
20.410049	0.039977778
20.490723	0.040320646
20.572035	0.041143514
20.653994	0.039566346
20.73661	0.039223481
20.819889	0.040389214
20.903841	0.041486375
20.988487	0.041074939
21.073807	0.040389214
21.159821	0.040937796
21.246542	0.041417804
21.333977	0.0421721
21.422132	0.041966386
21.511023	0.041760668
21.600651	0.041212086
21.691	0.041212086
21.782139	0.040183496
21.874046	0.038057752
21.966734	0.037646316
22.060209	0.038400613
22.154484	0.039840639
22.249567	0.03990921
22.34547	0.03785203
22.442221	0.035520565
22.539797	0.035589136
22.638224	0.037440594
22.737514	0.036823444
22.837679	0.036274865
22.93873	0.035863429
23.04068	0.035794854
23.143541	0.03620629
23.247343	0.035589136
23.35206	0.03456055
23.457727	0.034697697
23.564352	0.037989177
23.671953	0.041074939
23.78054	0.038812045
23.890127	0.036686298
24.000731	0.03723488
24.112324	0.037166309
24.224998	0.035451993
24.338732	0.039086334
24.453537	0.03888062
24.569429	0.038949195
24.686426	0.042994969
24.804543	0.043337833
24.923796	0.043680694
