# Sylvite, Chemical Formula: KCl
# Sample ID: R050166
# wavelengths (microns), reflectance
2.500225020251823	0.02379193
2.5014314441439116	0.02420042
2.502638406540095	0.02424272
2.503847161163127	0.02281599
2.505056456457359	0.02255893
2.5062669204345465	0.0229531
2.507479183534688	0.02320688
2.5086919905743423	0.02385665
2.50990660135555	0.02326967
2.511121758267366	0.02270683
2.5123387235560646	0.02290859
2.51355623717615	0.023511
2.514775563825255	0.02476971
2.5159954410162606	0.02443443
2.5172171359053084	0.02380228
2.5184393835565553	0.02452214
2.5196634535918307	0.02349974
2.5208880786194405	0.02169581
2.5221145307341093	0.02180194
2.5233415400811356	0.02268894
2.5245697438899732	0.02220386
2.525799781871931	0.02180507
2.52703038046464	0.02270777
2.5282628179764544	0.0232123
2.529495818363988	0.02307432
2.5307306624339354	0.02210207
2.5319660716546397	0.02158074
2.533203329338472	0.02268385
2.5344411544582215	0.0235427
2.535680832839298	0.02315155
2.5369210809516294	0.02244085
2.538163187141056	0.02273861
2.5394058653673035	0.02256075
2.540650406504065	0.02228054
2.5418955219934967	0.02145024
2.54314185848738	0.02181934
2.5443900651745515	0.02305937
2.5456388497072644	0.0226527
2.5468895093111734	0.02131254
2.5481407491024175	0.02188744
2.549393868860709	0.02213934
2.5506475711586036	0.02242261
2.551903158337425	0.02251815
2.5531593304186466	0.02206356
2.5544173923127875	0.0223894
2.555676041482711	0.02316294
2.556936585415745	0.02370925
2.558197719008586	0.02306055
2.5594607523330124	0.02256278
2.560724377711967	0.02323127
2.5619892514302944	0.02346552
2.5632560323667466	0.02290681
2.564523408969677	0.02207967
2.565792697805298	0.02233933
2.5670625847291095	0.02393905
2.568334388918767	0.02438707
2.5696067936292253	0.02294835
2.570881120657364	0.0219876
2.572156050649868	0.02187908
2.5734329080306546	0.0218381
2.5747103708303856	0.02166027
2.575989766107857	0.02289097
2.577269769269924	0.02324154
2.578551710018137	0.02273837
2.5798342611277283	0.02212404
2.5811180887336778	0.02315599
2.5824038616234386	0.02412416
2.5836902486104267	0.02248258
2.5849785860373933	0.02138221
2.5862675400664568	0.0215418
2.5875584497109307	0.02289429
2.5888499784737125	0.02357442
2.590143468046695	0.02302162
2.591437579265597	0.02348086
2.5927336565089414	0.02322848
2.594030357937279	0.02273086
2.5953290306238443	0.0226962
2.5966283300460016	0.02275934
2.5979296059798105	0.02199812
2.599231511211395	0.02181286
2.6005347219495274	0.02178231
2.6018399171157873	0.02187486
2.603145745444625	0.02184867
2.604453563504521	0.02195526
2.6057620173184155	0.02268086
2.60707246618627	0.02329842
2.608383553411348	0.02309361
2.6096966410333566	0.02251269
2.611010369627683	0.02222071
2.612326103982073	0.02187432
2.61364248193581	0.02165791
2.6149608710330066	0.02212936
2.616279906368575	0.02223667
2.6176009582513586	0.02194182
2.6189226590236028	0.02278787
2.620245695198347	0.02312973
2.6215707560636274	0.02204564
2.622896469817412	0.02109702
2.6242242137168197	0.02157109
2.6255526131862603	0.022312
2.626883048277119	0.02242792
2.628214141631832	0.02257081
2.6295472761045677	0.02261098
2.630881071547337	0.02259543
2.6322169136256446	0.02229328
2.6335534193925922	0.02219895
2.6348919773336053	0.02270726
2.6362312016943585	0.02246573
2.63757248378882	0.02207536
2.6389144350466838	0.02217739
2.640257752522832	0.02240195
2.641603136111243	0.02170775
2.6429491930018933	0.02135273
2.644297321617686	0.02133004
2.645646126311083	0.02111693
2.6469970083639813	0.02188119
2.6483485692826525	0.02120463
2.649702213216768	0.02044861
2.6510565388176976	0.02065293
2.6524129531117047	0.02127755
2.653770051886512	0.02174551
2.655129245053826	0.02275904
2.6564891255289402	0.02299277
2.657851106117895	0.02227503
2.659213776854735	0.02161602
2.660577845581126	0.02101772
2.661944023043917	0.02124198
2.6633108949390434	0.02155603
2.6646798813471344	0.02129701
2.666049565060674	0.02157885
2.6674213690860267	0.02292096
2.6687938733032808	0.02258145
2.6701685036535916	0.02152092
2.6715438370956686	0.02181816
2.672921302514551	0.02230828
2.6742994739385506	0.02189475
2.6756797832057213	0.02208204
2.6770608014049215	0.0222714
2.6784439633363877	0.02153177
2.6798278371404307	0.02128399
2.6812131416980924	0.02117658
2.6826005988637576	0.02126449
2.683988772338168	0.02184474
2.6853791043669903	0.02234528
2.686770155679523	0.02111054
2.688163371516006	0.02063886
2.689557309625065	0.0216774
2.6909534182508534	0.02174178
2.692350252152063	0.02123325
2.6937492625861394	0.02094756
2.6951490013125374	0.02151617
2.6965509226114155	0.02131696
2.6979535752336496	0.02070267
2.6993584164915685	0.02075071
2.7007639921180906	0.02076986
2.7021710322941863	0.02113844
2.7035802702444767	0.02105863
2.7049902471576637	0.01997025
2.7064024279677463	0.02008913
2.707815350821849	0.02084357
2.7092304837195567	0.02074125
2.7106463617569	0.02079642
2.712064456008687	0.02175508
2.7134832985102975	0.02230154
2.714904363421442	0.02288179
2.7163261797072504	0.02269448
2.717750224622056	0.02218308
2.7191750240511032	0.02167719
2.720602058353105	0.02078485
2.722029850323745	0.02090455
2.723459141712745	0.02066123
2.7248906773860235	0.02098338
2.726322975487085	0.02172186
2.727757524178161	0.02083653
2.729192838488824	0.02055966
2.7306304097201703	0.02021109
2.7320687497780196	0.02011188
2.7335093531122783	0.02079576
2.734950728495151	0.02110299
2.736394373535345	0.02134318
2.7378387938615463	0.02061157
2.739285490251294	0.02102853
2.74073296517981	0.02111078
2.742182722603538	0.02066669
2.7436332618342503	0.0200654
2.745085336467855	0.01977939
2.7465397032913157	0.0202272
2.747994856852826	0.02040653
2.749452309100027	0.0198068
2.750910551392511	0.02020933
2.7523710988924184	0.02083133
2.753832439760604	0.02042896
2.755296092383976	0.02036208
2.7567605417144736	0.02097123
2.758227309374084	0.02156475
2.7596948770956087	0.02105297
2.76116476974647	0.02034968
2.762635465830067	0.02038817
2.7641084934696556	0.02135676
2.7655823279289247	0.0210974
2.767057734936345	0.02014307
2.7685354834887312	0.02043663
2.770014043971203	0.02034174
2.7714949526919668	0.0207713
2.7729766767704693	0.02096678
2.7744607558075014	0.02053781
2.775945653646371	0.01932239
2.7774329131910567	0.01956111
2.77892099499822	0.02045979
2.780411445285673	0.02117899
2.78190272131288	0.02078411
2.783396372622179	0.02053774
2.7848908531652374	0.02043088
2.7863877158196604	0.02053714
2.787885411218674	0.02099728
2.7893847175190096	0.0211607
2.790886416225544	0.02057453
2.7923889529742154	0.02000733
2.7938938890276526	0.02055779
2.7953996666765435	0.02090768
2.7969078505567384	0.02079123
2.798416879602871	0.02086546
2.799928321834961	0.02047631
2.8014406128207368	0.0202372
2.802955323975387	0.02073811
2.8044708874888347	0.02095981
2.8059888781824824	0.02040433
2.807507724857505	0.02018833
2.8090290057526106	0.02007116
2.810551146269232	0.0198212
2.8120749372977594	0.01972382
2.813601173159145	0.01942974
2.8151282741349393	0.01889962
2.8166578270555194	0.02014277
2.8181882487750043	0.02070751
2.8197211295802846	0.01993089
2.8212548828868886	0.0192675
2.8227911024495334	0.01968199
2.8243281982339474	0.02018601
2.825867767474036	0.01958824
2.8274082166744705	0.02044224
2.828951146559755	0.02135006
2.8304949601621985	0.02077457
2.832041261708367	0.01995418
2.833588450746849	0.01955488
2.8351373312171866	0.01956538
2.8366887105746366	0.01990764
2.8382409831212647	0.01983667
2.839795761888805	0.01977392
2.8413514376670004	0.02010689
2.8429096270301573	0.02055686
2.844468717244165	0.02082732
2.8460303284375916	0.02077895
2.8475928443408933	0.02089294
2.8491578886486413	0.02084079
2.8507238415442258	0.02022994
2.852292330300015	0.01984569
2.853861731540652	0.02010369
2.8554336761281465	0.02064407
2.8570065371166575	0.02075285
2.858581131820896	0.02079488
2.8601582811592796	0.02059822
2.861736352808594	0.02017755
2.8633169866566566	0.02006181
2.864898546780212	0.02043636
2.866482676698592	0.02043186
2.8680677368765823	0.02063979
2.8696553744771127	0.0206032
2.8712439463410444	0.02051167
2.8728351032870405	0.02049108
2.874427198520015	0.01998696
2.8760218865265563	0.01943814
2.877617516863558	0.01999782
2.879215747697779	0.02038198
2.8808149249259634	0.02025665
2.8824158795749706	0.02023526
2.884019446366323	0.02081123
2.88562396568416	0.02043832
2.8872311049491186	0.0205327
2.888839200854634	0.02105005
2.890449924544805	0.02073122
2.8920616090100446	0.02040758
2.893675929130404	0.01992769
2.895291214180905	0.02014493
2.8969091427901	0.02001892
2.89852804050519	0.01930272
2.9001495897158374	0.01942352
2.901772112228938	0.02015225
2.9033972942079256	0.02056021
2.9050234537068533	0.0203697
2.906651435813143	0.01978455
2.9082820894029178	0.02029191
2.909913726877826	0.02079876
2.9115480438910044	0.02057176
2.9131833490596684	0.01941198
2.9148213418554936	0.01913415
2.9164603270985245	0.01933814
2.9181020080918967	0.01938076
2.919744685845691	0.02043589
2.921390067507482	0.02059043
2.9230364502645347	0.01979231
2.9246855451219025	0.02034693
2.9263356454311267	0.02082178
2.9279884660678346	0.02045947
2.929642296534878	0.02001281
2.9312979963405676	0.01992463
2.9329564288791796	0.01973006
2.934615877856592	0.02008681
2.936278067882051	0.02014133
2.9379412787800727	0.01959406
2.939607239076787	0.01997239
2.9412742247021737	0.02041845
2.9429439681126133	0.02066831
2.944614741330318	0.02006845
2.9462882807553457	0.01971031
2.9479628544888485	0.01955297
2.9496402028880517	0.01884046
2.9513185901196937	0.01968046
2.952999760511719	0.02014001
2.954681974283039	0.01931135
2.9563661057356163	0.0190946
2.958053033158	0.01914374
2.959741010822589	0.01903823
2.9614317930433005	0.01960713
2.963123630110907	0.01989979
2.9648182803579606	0.02026866
2.966513990079977	0.02048517
2.9682125216419797	0.02047922
2.969912117330536	0.02046558
2.9716145435570347	0.0200681
2.973318038585343	0.01994397
2.975024372887175	0.01981737
2.976731780689881	0.02015424
2.9784420365395268	0.02056989
2.980153370613065	0.02002154
2.9818666723918508	0.01937558
2.9835828354479474	0.01960518
2.9853000838570796	0.02006185
2.987020202412437	0.02042194
2.9887414111043697	0.01975114
2.990465498850017	0.0193585
2.992190681540248	0.01980841
2.9939187522304698	0.02006907
2.9956479226979047	0.02028404
2.9973799901506095	0.01995556
2.999113162237926	0.01941778
3.000849240335015	0.0193751
3.0025864279490353	0.01983268
3.00432653063677	0.01970693
3.006067747748831	0.01980547
3.007810984345246	0.02030635
3.009557149684538	0.020882
3.011304436855957	0.02076394
3.01305466193376	0.01996558
3.014806013814444	0.01988355
3.0165603128052383	0.02017573
3.0183157435952848	0.02038621
3.020074130739613	0.02058534
3.021833654705343	0.02006257
3.0235961443101966	0.02034917
3.0253597757845365	0.02008616
3.027126382223745	0.02025783
3.0288941356066195	0.02032877
3.0306648733212387	0.01980833
3.032436763079961	0.01990633
3.034210725934916	0.02017198
3.0359876872483356	0.02073553
3.037765808305434	0.02086251
3.039546937291715	0.02080217
3.0413292311884663	0.02063213
3.043114542527069	0.02067029
3.044901023969765	0.02067869
3.0466905324091704	0.02027621
3.04848121617329	0.02010974
3.0502749365314044	0.01984708
3.0520698374620205	0.01994693
3.0538677846265854	0.02046431
3.055666917638776	0.02060034
3.0574691065677797	0.02031862
3.0592724866470404	0.02064683
3.0610779953489984	0.02147443
3.0628865745717935	0.02165913
3.064696352950046	0.02111598
3.0665092116403465	0.02084689
3.068323274858251	0.02087357
3.070140428223187	0.02063704
3.071958791515987	0.0200905
3.073780254834826	0.02032124
3.075602933510078	0.02058705
3.0774287221346524	0.02046756
3.079255731572656	0.02022147
3.081085860927795	0.02014084
3.0829172165820253	0.02018066
3.084751702165989	0.02072066
3.0865874195635317	0.02097897
3.088425323111057	0.02121827
3.0902663716904404	0.02088282
3.092108660408857	0.02029808
3.093954104284817	0.02046223
3.0958007938871557	0.02123161
3.0976506488184166	0.0215566
3.099501755092869	0.02113029
3.1013560369135798	0.02059628
3.1032115757239485	0.02009548
3.105070300344135	0.01995907
3.1069302876302856	0.01982229
3.108793471036304	0.0202004
3.1106579228146227	0.02072138
3.1125255810696197	0.02054128
3.114394513433474	0.02011657
3.1162656915663565	0.02009392
3.118140091798044	0.02043139
3.1200157747997572	0.02108139
3.1218946903751674	0.02077834
3.12377489453355	0.02037107
3.125658341788239	0.0212994
3.1275430834697464	0.0216654
3.129431078818164	0.02097207
3.131320374468341	0.02056553
3.133212934404307	0.02036444
3.135106800548267	0.02033026
3.1370039416454527	0.02108487
3.13890239488836	0.02094694
3.1408041338007684	0.02085243
3.1427071908283235	0.0212468
3.144612555431658	0.02154116
3.146521221869707	0.02095406
3.1484312154361285	0.02016615
3.1503445216768906	0.02012872
3.152259161095574	0.02026027
3.1541771240780734	0.02067561
3.1560964263204556	0.02114856
3.1580190630662726	0.02107294
3.1599430451865533	0.02124453
3.1618703728003266	0.02147649
3.163799051935976	0.02118673
3.1657310876059097	0.02086176
3.167664480978175	0.02089172
3.1696012419765505	0.02105846
3.1715393668909684	0.02068832
3.1734798634768966	0.02034276
3.175423744421574	0.02041356
3.17736899866487	0.02049347
3.179317648487646	0.02093293
3.1812676779068276	0.02150233
3.183221114178321	0.02173353
3.185175936378022	0.02206607
3.1871341767552743	0.02209542
3.1890938094267702	0.02137505
3.191056871653778	0.02112692
3.193021332575523	0.02129521
3.1949892344837747	0.02161407
3.196958541521938	0.02186847
3.1989313010309517	0.02183056
3.200905472139959	0.02123361
3.2028820814121377	0.02106552
3.204862160480909	0.02158383
3.206843660919896	0.02177722
3.2088286427745842	0.02195233
3.2108150525578316	0.02204866
3.212804955430363	0.02218461
3.2147962928255067	0.02199622
3.2167911350383185	0.02142195
3.2187874184037386	0.02138911
3.2207872183703397	0.02161583
3.222788466155726	0.02121204
3.2247932423812644	0.02072653
3.226799473128182	0.02063439
3.2288092442100185	0.02088761
3.230820476552482	0.02098242
3.2328352611807607	0.02088783
3.2348515138458116	0.02105542
3.23687028307078	0.02104063
3.238892622612329	0.02059236
3.2409164404236916	0.01981115
3.242943840644334	0.01973084
3.244972726004238	0.02018925
3.247005205923447	0.02037284
3.249039177889119	0.02027332
3.251076756621793	0.0202037
3.253115834346137	0.02037532
3.2551585311032025	0.02019129
3.2572027338353986	0.01966357
3.2592505679244113	0.01943808
3.261299915010524	0.01956504
3.2633529058362782	0.0197679
3.2654074167198655	0.01983126
3.267464516152221	0.01978017
3.269525278007735	0.01945679
3.271587570584502	0.01948882
3.2736535381156395	0.01953024
3.2757210435267985	0.01964675
3.277792236483532	0.0194268
3.279864974518729	0.01915836
3.2819414127510647	0.01912227
3.2840194033002423	0.01885132
3.286101106758853	0.01879049
3.288184369812889	0.01887385
3.2902713585497536	0.01858957
3.2923599142011004	0.01881888
3.294452208370149	0.0187449
3.2965460768134793	0.01881354
3.2986426085665745	0.01929788
3.3007428982040987	0.01906896
3.302844773231632	0.01829905
3.304950419133812	0.01801914
3.307057657888854	0.01798328
3.3091686805715725	0.01835516
3.311281303611714	0.01858893
3.3133977236957635	0.01831216
3.315515751683785	0.01802018
3.3176375898955373	0.01805513
3.319761043600082	0.01815996
3.3218883207721666	0.01883444
3.324017221068419	0.01943929
3.326149958140403	0.01921927
3.3282843260107753	0.01832314
3.3304214348587884	0.01802728
3.3325624005646692	0.01842364
3.334705008660229	0.01844838
3.3368514870845494	0.01807189
3.338999615681144	0.01762454
3.3411516281431886	0.01749438
3.343305298603969	0.01756427
3.345462866533093	0.01741311
3.3476221003315816	0.01736517
3.3497852452679258	0.01718385
3.3519500639887263	0.01680678
3.354118807583931	0.01680893
3.356289232923452	0.01655615
3.35846359694138	0.01618763
3.3606396507085576	0.01618613
3.362818526170799	0.01591945
3.365001361143051	0.01538956
3.3671858979560847	0.01519556
3.36937440825362	0.01457757
3.3715646285108947	0.01394694
3.3737588362961124	0.01362835
3.3759547622061863	0.01342627
3.3781546897570296	0.01337551
3.3803563436443214	0.01293157
3.3825620133550314	0.01260151
3.384769417660576	0.01289978
3.386980852042451	0.01324181
3.3891940293246625	0.01362221
3.3914112510068253	0.01419771
3.3936302239422647	0.01483503
3.395852102490892	0.01531838
3.398078047056585	0.01530864
3.4003057554935343	0.01570646
3.4025375444498995	0.0160523
3.404771105750488	0.01595534
3.4070087621451344	0.01593995
3.4092481994055635	0.01611922
3.4114917464074437	0.01617482
3.413737082845596	0.01606254
3.4159865437458072	0.01606916
3.418237802702049	0.01671322
3.42049320091464	0.01688733
3.4227504058526295	0.01680232
3.425011764915413	0.01732973
3.4272749394229156	0.01748001
3.4295411068226604	0.01717775
3.4318114507879955	0.01692664
3.4340836233703125	0.01677053
3.4363599875741224	0.01661668
3.4386381892406384	0.01637449
3.4409205976603805	0.01630686
3.443204852439734	0.01641019
3.445493329180365	0.01637367
3.4477836612290518	0.01637876
3.450078230523877	0.01632166
3.4523746641271003	0.01593303
3.454675350338627	0.01586346
3.456977909911156	0.01594142
3.4592847375319593	0.01606758
3.461593447618995	0.01606112
3.463905241408216	0.01588551
3.4662213265506314	0.01615549
3.4685393079154148	0.01619346
3.4708615962700735	0.01596399
3.4731857900855134	0.01592616
3.4755143066070917	0.01549698
3.4778447378817976	0.01510014
3.480179507659005	0.0151381
3.4825162015359985	0.0153171
3.484857249792477	0.01543252
3.487200231550095	0.01567673
3.489547583645328	0.01579138
3.491896878698137	0.01574674
3.4942505601283647	0.01611168
3.496606194028076	0.01638011
3.4989650061511806	0.0164464
3.501328228863619	0.01657206
3.5036934184170243	0.01690882
3.5060630348060897	0.01723256
3.508434627688426	0.01745699
3.51081066373631	0.01725098
3.5131886859866284	0.01703924
3.515571167816493	0.01697887
3.51795564561522	0.01673716
3.520344599492155	0.01669928
3.522735559162054	0.01689113
3.525131011494042	0.01678465
3.5275284795011794	0.01654588
3.52993045684007	0.0162854
3.5323344597947925	0.01627982
3.5347417393969236	0.01654774
3.537153553495203	0.01652763
3.539567408229636	0.01678309
3.5419858143468135	0.01667519
3.5444062711889033	0.0163084
3.5468312963881194	0.01655848
3.549258382460985	0.01670897
3.5516900539537235	0.01680488
3.554123796529256	0.01679602
3.556562141676364	0.01640241
3.5590025681762536	0.0164842
3.5614476144889657	0.01676507
3.563894752485728	0.01656816
3.5663465276267035	0.01646307
3.568800404844718	0.01642577
3.5712576612404976	0.01634131
3.573719580945642	0.01623608
3.5761836184326516	0.01621889
3.578652336788403	0.01637427
3.581123183475265	0.01632592
3.583598728682515	0.01637818
3.5860764128334197	0.01644264
3.588558813249246	0.01656043
3.5910433632850287	0.01631065
3.5935326474237783	0.01593101
3.596024091923006	0.01580458
3.598520288457386	0.01608052
3.6010186561574535	0.01638541
3.6035217939196333	0.01628139
3.6060271137178677	0.01604164
3.60853591954697	0.01607887
3.611049522655364	0.01593043
3.613565324227149	0.0159225
3.6160859413449167	0.0161117
3.618608767961417	0.01634363
3.6211364284876253	0.01617186
3.6236663096147463	0.01614787
3.6262010431129923	0.01586137
3.628738008381659	0.01587425
3.631279844581223	0.01614251
3.6338239237885377	0.0159959
3.6363728925855447	0.01580629
3.638924115695953	0.01591978
3.6414802471545475	0.01601401
3.644038644301015	0.01583984
3.646600638884432	0.01558224
3.6491675701397375	0.01568251
3.6517367842732846	0.01590098
3.6543109540894294	0.01593003
3.656887418332562	0.01592027
3.6594688573711034	0.01594309
3.6620526024559923	0.01571865
3.664641341551902	0.01559128
3.6672323983846575	0.01595943
3.6698284685475517	0.01600561
3.6724268682094534	0.01550859
3.675030300624829	0.01543339
3.67763607437357	0.01563232
3.6802469004040543	0.01572096
3.682860079674995	0.01549492
3.6854769725870535	0.01567286
3.6880989472690366	0.01592195
3.6907232931881055	0.01577213
3.693352740670868	0.0155189
3.6959845714820045	0.01533408
3.6986215237580953	0.0152186
3.7012608715284947	0.01534324
3.7039053607733456	0.01541096
3.7065522577536436	0.01536725
3.7092043163268786	0.01540116
3.7118587949524655	0.01507778
3.7145184553992197	0.01479269
3.7171805482915654	0.01512229
3.719847843343816	0.01536278
3.722517583311805	0.01534365
3.7251911581842823	0.01512555
3.7278699659309966	0.01495874
3.7305512374424983	0.01510075
3.733237762446615	0.01501455
3.7359267638804625	0.01501802
3.738621039538535	0.01522781
3.741317804370233	0.01489618
3.744019864271792	0.01460981
3.7467244261704202	0.01480275
3.749434304099369	0.0148727
3.7521466969289805	0.01496097
3.7548644268650038	0.01492378
3.7575846846860386	0.01490458
3.7603103008060224	0.01541525
3.7630384578767355	0.01565066
3.7657705764528626	0.015341
3.768508085334097	0.01545782
3.7712481549168406	0.01561498
3.77399363629193	0.01534521
3.776741691640371	0.01517624
3.7794951803877455	0.01518411
3.7822512564638675	0.01554292
3.7850127876657034	0.01558713
3.7877769196358737	0.01561414
3.790546528579584	0.01523471
3.7933187518160514	0.01486053
3.7960964739957905	0.01510205
3.798876824078193	0.01533035
3.8016626951963715	0.01529881
3.8044512079132584	0.01540578
3.807243814370975	0.01544079
3.810041975232441	0.01541438
3.8128427983978432	0.01546384
3.81564919837026	0.01554234
3.818458274560896	0.01564254
3.821272950087679	0.01543368
3.824090315835443	0.01507508
3.8269133035752554	0.01500044
3.82973899562797	0.01483333
3.832570332456313	0.01514187
3.835404387779328	0.01540738
3.838244110790148	0.01500558
3.841086566567951	0.01483714
3.843934713075259	0.01470048
3.8467856067131025	0.01469351
3.8496407322786603	0.01505998
3.852501583378151	0.01526664
3.8553652033242503	0.01489888
3.8582345721738722	0.01502252
3.86110672446486	0.01474882
3.863984649161786	0.01470187
3.866865371988582	0.01498065
3.869751890857518	0.01498085
3.8726412226393054	0.01488166
3.875536374234194	0.01501776
3.8784343536201304	0.0148268
3.881338176725866	0.01486995
3.8842448425968037	0.01540875
3.8871573762309652	0.01531277
3.8900727677011924	0.01529628
3.8929925355761124	0.01526384
3.8959182075347836	0.01519289
3.8988467601168253	0.01507328
3.90178124117222	0.01534862
3.904718618166938	0.01517405
3.9076619481648645	0.01494929
3.9106081895174585	0.01512551
3.9135604085443982	0.01535676
3.9165155544415247	0.01562897
3.9194767028264526	0.0152207
3.92244079369805	0.0143983
3.9254109120142697	0.01444547
3.928383988535404	0.01492318
3.931363117602403	0.01501217
3.934345220695128	0.01435951
3.937331851321624	0.01397151
3.940324572415679	0.01429265
3.943320291458689	0.01454213
3.9463221264362143	0.0144209
3.9493269754434794	0.01416352
3.9523379660004077	0.0141625
3.9553519867733034	0.01461283
3.958372174860299	0.01513886
3.961395409455772	0.01517293
3.9644248372801822	0.01496365
3.9674573280127086	0.01472686
3.970496038040528	0.01424872
3.9735378274840873	0.01397503
3.9765858624419423	0.01387081
3.979636993432007	0.01407969
3.9826928101243237	0.01448722
3.9857549119447095	0.01412107
3.9888201349258297	0.01362679
3.991891669640626	0.01405808
3.994966342408565	0.01448281
3.9980473536724666	0.01418831
4.001131519993854	0.01367535
4.004222051731346	0.01372069
4.007315755643503	0.01375975
4.010415852050946	0.01431994
4.013519137863981	0.01512263
4.016628843411724	0.01486509
4.019741755710646	0.01432622
4.0228611151451465	0.01431244
4.025983698792004	0.01436864
4.02911113376367	0.01461521
4.032245057274009	0.01424991
4.0353822314049586	0.0140305
4.038525921884409	0.01391843
4.041672880738721	0.01390427
4.0448263839171235	0.01435318
4.047983173343545	0.01439375
4.05114653523667	0.01405447
4.054313201370844	0.01412886
4.057486468282629	0.01415952
4.060663057549341	0.01442704
4.063846276074146	0.01479207
4.067032835189595	0.01479015
4.070226052214488	0.01444497
4.073422628188573	0.01454321
4.076624229008442	0.01449347
4.079832531034266	0.01414599
4.0830442197772046	0.01413256
4.086262638810341	0.01418627
4.089484463230628	0.01435608
4.09271304720085	0.01423915
4.09594505535465	0.01425267
4.099183852494968	0.0143571
4.102426092742727	0.01465648
4.105675151591791	0.01465774
4.108927672600643	0.01447804
4.112187042005169	0.01427462
4.115449892751376	0.01396906
4.118719621868589	0.01390238
4.121992851639996	0.01387359
4.125271288153087	0.01402452
4.128556648338628	0.01462077
4.131845538391869	0.01441765
4.13514138255144	0.01413576
4.138440776222506	0.01382396
4.141747154619705	0.01353258
4.145057102306641	0.01387107
4.148374065526887	0.01431786
4.151694617950682	0.01435803
4.155022216903793	0.01403879
4.158353425110966	0.0140659
4.161691711033768	0.01406479
4.165033626398983	0.01381188
4.168382650857936	0.01377694
4.171735325086647	0.01385432
4.175093396839287	0.01346653
4.178458625111618	0.01346043
4.181827533905213	0.01338738
4.18520363108267	0.01349945
4.188583429461323	0.01366536
4.191970448285128	0.01372505
4.195361189133175	0.01386794
4.198759182686333	0.0133876
4.202160919231106	0.01319082
4.2055699409411815	0.01332473
4.208982726755788	0.01352288
4.21240283039771	0.01373579
4.215826719403848	0.01366323
4.219257959102732	0.01335398
4.222693005573532	0.01302901
4.226133649786221	0.01290177
4.2295816943704265	0.01288784
4.233033578115555	0.01300725
4.236492895613238	0.01294048
4.239956074055073	0.01296354
4.243426719839633	0.01311206
4.246901248504029	0.01303479
4.250383278312122	0.01314634
4.253869213089496	0.01347576
4.257362683024022	0.01368073
4.2608600801723435	0.01361323
4.264365046705459	0.01355393
4.267873962853279	0.01332275
4.271390482829438	0.01288079
4.274910974978946	0.01282002
4.278437275114641	0.01274177
4.281971231148086	0.01281134
4.285509193488597	0.01277242
4.289054846717757	0.012898
4.29260452921289	0.01286075
4.296161937809619	0.01289916
4.2997233987937555	0.01328122
4.303292621316274	0.01380874
4.3068659195115675	0.01389236
4.31044701490768	0.0138512
4.314032209427283	0.01354485
4.317625237037626	0.01326597
4.321222387388945	0.01343939
4.324827406950257	0.01356718
4.328436573038255	0.01348868
4.332051768018628	0.01355044
4.335674886817207	0.01378192
4.3393021881365215	0.01377705
4.342937449974789	0.01371277
4.346576918546452	0.01362207
4.350224384573757	0.01346095
4.353876081720513	0.01359476
4.357535813497467	0.01392681
4.361199800954841	0.0138487
4.364871860456793	0.01370574
4.368548200376568	0.01414739
4.372232649997092	0.01389529
4.375921404950829	0.01376564
4.379618307505264	0.01411578
4.383319540487846	0.01403171
4.387027034615398	0.0137409
4.390742733650082	0.01355253
4.3944628010921125	0.01326293
4.398191111959473	0.01287137
4.401923816784888	0.01270078
4.405664803804733	0.01317174
4.409410210518471	0.01263187
4.4131639384487205	0.01238966
4.416922111995477	0.01305963
4.420688646035902	0.01320841
4.424459651803875	0.01321886
4.4282390575998765	0.01344612
4.4320229614245585	0.01332626
4.43581530507098	0.01296586
4.439612173238994	0.01243724
4.44341554688892	0.0123732
4.44722742053694	0.01297298
4.451043858805766	0.01280119
4.454868837524251	0.01195588
4.458698407843386	0.01212926
4.462536559330762	0.01281607
4.466379329596463	0.01283143
4.470230722018255	0.01229282
4.474086760595644	0.01244499
4.477951462588506	0.01268941
4.481820838315625	0.01290634
4.485698918991418	0.01277048
4.48958170118332	0.01224821
4.493473230133231	0.01180524
4.497369488586126	0.01156019
4.501272509738503	0.01173985
4.505184340880268	0.01210584
4.5091009438901	0.01228784
4.513026399399226	0.01281137
4.516956655283936	0.01287776
4.520895806462259	0.0124817
4.524839786735251	0.01249723
4.5287927053830135	0.0126626
4.532750482058013	0.01287534
4.536717240478224	0.01328581
4.540688886073661	0.01340731
4.544669557076505	0.01253112
4.548655144619941	0.01211931
4.552649801527232	0.01255082
4.556649404559839	0.01256507
4.560656041250222	0.01265077
4.564671813790604	0.01203298
4.56869257724517	0.01133759
4.572722521252872	0.01203263
4.576757486316639	0.01301888
4.5808016769398785	0.01311094
4.584850918987518	0.01245952
4.588909431906779	0.0125382
4.5929730268473055	0.01337233
4.597045938280061	0.0137437
4.601123962561575	0.01355076
4.605211349267058	0.01286748
4.609303879881541	0.01274828
4.613405819165564	0.01369139
4.617512933653727	0.0139643
4.621627367428619	0.01249165
4.625751279829735	0.01312866
4.629880414818766	0.01403116
4.634019075476122	0.01228987
4.638162990613286	0.01151008
4.642316478784381	0.01220282
4.646475253569771	0.01133848
4.650643649081033	0.01062502
4.654817363585923	0.01107761
4.65900074683782	0.01069998
4.663189481709805	0.01082177
4.6673879336820185	0.01140028
4.6715917701502105	0.01119876
4.675805372406857	0.01142639
4.680024392287133	0.0111692
4.684251032760246	0.01103606
4.688487512682359	0.01121084
4.692729460392425	0.01106
4.696981297090173	0.01081314
4.701238635343254	0.01102393
4.705505912468179	0.0112631
4.7097787251759335	0.01147267
4.714061526988238	0.01177238
4.718349898673435	0.01185379
4.7226483100475285	0.01241437
4.726952325849623	0.0125014
4.731266432279727	0.01187932
4.735586177960488	0.0118777
4.739916065566311	0.01220492
4.7442516275155215	0.01217557
4.748597383047982	0.01199361
4.7529488482892	0.01236858
4.757308295936926	0.0120149
4.7616780153326035	0.01136264
4.766053497997304	0.01155707
4.770439304985157	0.01191111
4.774830911300353	0.01202721
4.7792328948865075	0.01211161
4.783640714140155	0.01180252
4.788058963988529	0.01161091
4.792483086129068	0.01183538
4.7969176925674635	0.01214564
4.801358208209938	0.01203251
4.805809262236191	0.01250751
4.810266262668437	0.01220381
4.814733855956644	0.01183249
4.819207433145545	0.01178786
4.823689331253359	0.01153224
4.828181904650167	0.01128215
4.832680518739927	0.01155857
4.837189863571898	0.01131191
4.841705287335842	0.01123705
4.846231497693921	0.01091237
4.850763825525786	0.01093301
4.855306996206063	0.0110727
4.85985632320766	0.01111638
4.864416549717986	0.01110293
4.8689829717058535	0.01078981
4.8735603502725295	0.01080321
4.878143963784659	0.01082152
4.882738591359213	0.01082687
4.8873394936618535	0.01118204
4.891949074810132	0.01089801
4.896569757022415	0.01135415
4.901196774228331	0.01189092
4.905834951032409	0.01167428
4.910479503413029	0.01139683
4.9151352743530206	0.01196141
4.919797461778093	0.01134012
4.924470927154764	0.01082475
4.929150850253876	0.0106928
4.933842111131833	0.01091719
4.938539871301651	0.01152457
4.943246585946746	0.0113348
4.947964728928227	0.0108882
4.952689434179995	0.01087103
4.957425628700719	0.01085875
4.962168427905647	0.01097852
4.966922777761497	0.0109154
4.971683775059151	0.01071291
4.976456384843306	0.01042707
4.981235685173949	0.009857499
4.986026660284552	0.008697292
4.990824369396864	0.009670312
4.995633816044776	0.01138721
5.000450040503646	0.01105372
5.005278065720302	0.01079
5.010112912914718	0.01096435
5.01495710957932	0.01023476
5.0198132027111	0.01061387
5.024676184743274	0.01168546
5.02955112765051	0.0125331
5.034433004534514	0.01265611
5.0393269071836615	0.01196899
5.044227789256198	0.01183627
5.0491407624707465	0.01256418
5.05406076092928	0.01233969
5.058992916398118	0.01157175
5.063932143309279	0.01100647
5.068883593595162	0.01062224
5.073842161903259	0.01100429
5.078813020451364	0.0116728
5.083791043986993	0.01123063
5.088778835565272	0.01054899
5.093779018622347	0.01010528
5.09878643783993	0.01094953
5.10380631667485	0.01086558
5.1088334796162655	0.01056491
5.11387317083149	0.01050451
5.118920194498491	0.01066541
5.123979815618711	0.01087107
5.129046817939354	0.01107629
5.13412648742062	0.01070369
5.139213587258451	0.01105915
5.144313424497426	0.01075562
5.149420741660771	0.01029448
5.154540867004083	0.0107822
5.159668522255457	0.01151416
5.16480638948528	0.01165387
5.1699571720747866	0.01125322
5.175115560330462	0.01070554
5.18028693609339	0.01059886
5.185465968564668	0.01081964
5.190658061247689	0.0104897
5.195857862112324	0.01021629
5.201070796455574	0.0101624
5.20629149088925	0.01027165
5.2115253926363225	0.01066199
5.216767106822696	0.01061203
5.222022102730752	0.01047168
5.22728496387162	0.01060852
5.232561181721618	0.0109674
5.2378453180472055	0.01112122
5.24314013760097	0.0109226
5.248448427433639	0.01058653
5.253764716451691	0.01033075
5.2590945522091355	0.01067901
5.264432441538478	0.01110103
5.2697839546672105	0.01054883
5.275143576220286	0.009946836
5.280516899238233	0.01032899
5.285898386003787	0.01083215
5.2912936525112215	0.01100704
5.296697138565305	0.01100703
5.302114483255923	0.01089781
5.307540103773024	0.01100536
5.31297966244515	0.01110232
5.31842755370947	0.01088232
5.3238866288990145	0.01064161
5.329359762694269	0.01049665
5.334841315145081	0.01028752
5.340337007307183	0.01057564
5.345841176127825	0.01083003
5.351359566411443	0.01132809
5.356886491860746	0.01142317
5.362427721177353	0.01114082
5.367977544676336	0.01096948
5.373541755106208	0.01047425
5.37911461925013	0.009991716
5.384701954054492	0.01022317
5.390298002625075	0.0105039
5.3959086062583905	0.01050635
5.401527984236181	0.01039817
5.407159078620093	0.01042433
5.412804855935493	0.01061429
5.418459499453549	0.01083393
5.424128912017374	0.01059943
5.429807252702144	0.01035075
5.435500449244112	0.01025364
5.441202636371502	0.01042105
5.446919766871834	0.01036587
5.45264595097417	0.01019715
5.458387166676765	0.01024447
5.464137499556039	0.01039347
5.469902952981808	0.01020155
5.4756775877230925	0.01018307
5.481467432683469	0.01034518
5.4872665236685005	0.01040699
5.493077897886978	0.0104016
5.498904618200054	0.01011778
5.50474068267592	0.01001658
5.510592184767952	0.01011556
5.516453097185009	0.01022571
5.52232953949294	0.01022201
5.52821545888058	0.01003438
5.534117001194816	0.009914234
5.540028087942406	0.009946053
5.545954891421295	0.01002057
5.551891307292742	0.01008287
5.557843534477248	0.010155
5.56380544262576	0.01009748
5.569783257454319	0.009900032
5.575770822437348	0.009657842
5.581771274642125	0.009887781
5.587787778055305	0.01004423
5.593814136575209	0.01011226
5.599856643669922	0.01010584
5.605909076639504	0.0100799
5.611977756364965	0.01015981
5.618056433376873	0.01002853
5.624151456149053	0.009815425
5.6302565482698785	0.009799117
5.636378085987457	0.009737931
5.642509765773777	0.009754584
5.6486579918343	0.009694546
5.654816433348941	0.009754957
5.660991522665195	0.009616051
5.667176901493698	0.00956494
5.673375811789162	0.009600496
5.67959152377761	0.009521528
5.685817637633745	0.00953718
5.692060656875183	0.009331411
5.698314153757611	0.009134302
5.70458466060003	0.009141547
5.710865721556462	0.008792868
5.717163897939478	0.00846753
5.723472705617188	0.008085207
5.729798735089632	0.007586597
5.736135473753165	0.006863012
5.742489541490922	0.00613575
5.74885439704003	0.005640563
5.755236689864107	0.005160802
5.761629849851927	0.004853345
5.768037229219492	0.005108919
5.774462209898237	0.005401393
5.780898178149939	0.005919803
5.787351858260808	0.00654494
5.79381660716417	0.007111808
5.800299179431675	0.00778871
5.806792902473171	0.008324944
5.813304561351291	0.008805909
5.819827453755652	0.009394882
5.826368395447275	0.009635644
5.832920654197049	0.009609396
5.839491076673686	0.009548295
5.8460729005290695	0.009462111
5.852673003550817	0.009469561
5.859284593069756	0.009584376
5.865911137312181	0.009603587
5.872556135764102	0.009718483
5.879212749895938	0.009983052
5.8858879362252265	0.01010715
5.892574825388277	0.01009585
5.8992804057761035	0.01014331
5.905997776982437	0.01014451
5.9127339594918595	0.01006154
5.919482021645178	0.009960985
5.9262490162426635	0.009999944
5.933027980159954	0.01001926
5.939825998737193	0.01001368
5.946636077170686	0.01002226
5.953465333566709	0.01007656
5.96030674122613	0.01007423
5.9671638905431195	0.01027353
5.974040404824874	0.01040342
5.980929209123788	0.01034091
5.9878375044609395	0.01030872
5.994758183444396	0.01029267
6.00169848067003	0.01025524
6.008651256078502	0.01029762
6.01562377807642	0.01026088
6.022608873711914	0.01037823
6.029613845440497	0.01049837
6.0366314871905695	0.01055556
6.043669135706964	0.01072567
6.050719551569073	0.01077092
6.057790106053731	0.01053285
6.064873526159922	0.010386
6.071973531052984	0.01043127
6.07909387458343	0.0105429
6.086227232945478	0.01038353
6.093381064818341	0.01022614
6.1005480122279385	0.01035018
6.107735569253171	0.01055061
6.114936343512665	0.01063097
6.122157864738268	0.01053696
6.129392705900092	0.01047832
6.136648432638624	0.01054211
6.143917583031974	0.01047747
6.151207758887419	0.01035715
6.158511463145312	0.01032695
6.16583633404035	0.01039993
6.173174839127063	0.01039023
6.180530833432222	0.01039951
6.187908208569634	0.01038228
6.195299378549519	0.01032419
6.2027120738271595	0.01023412
6.210138672396555	0.01010657
6.217586942072608	0.01000791
6.225049224576743	0.009850517
6.232533325355691	0.009677332
6.2400315495995144	0.009725628
6.2475517406616285	0.01000554
6.255086166939493	0.0101236
6.262642709970754	0.01003993
6.270213601096534	0.009980684
6.277806760318988	0.009795845
6.285414381656647	0.009725119
6.293040463620877	0.009676435
6.300689043353781	0.009703464
6.308352258390109	0.009770569
6.316038126132545	0.009914872
6.323738746116434	0.01000683
6.331462175211819	0.009948858
6.339200474679331	0.00989821
6.346961741149321	0.009854649
6.35473799732974	0.009793871
6.362537379907106	0.009834277
6.370351872756044	0.009820995
6.378189652918054	0.00972282
6.386042665151046	0.009652179
6.393919127153311	0.009604183
6.401810944279918	0.009717709
6.409722266734182	0.009955211
6.4176572855491685	0.009964911
6.425607846438254	0.009682031
6.433582270076637	0.009523764
6.441572362047286	0.009637165
6.449586484762529	0.009545203
6.457616403378883	0.009510068
6.465670522361521	0.009445316
6.47374056614156	0.009358901
6.481834981555939	0.009532661
6.489945452008476	0.009715697
6.498080467030039	0.009566139
6.506231668692274	0.009278908
6.514407589545418	0.009191198
6.522599830021048	0.009243106
6.530812700863308	0.009269344
6.53905055601547	0.009249705
6.547304932870483	0.009256978
6.555584472967064	0.009330735
6.563880671274949	0.009232884
6.572202213517706	0.009184696
6.580540551923097	0.009169737
6.588904416740298	0.009213682
6.597285217133149	0.009225709
6.605691728220704	0.009115702
6.614115315777708	0.009061526
6.622564800140928	0.009012988
6.63103150336757	0.009114965
6.639524291363572	0.009230235
6.648034442136838	0.009015495
6.656566436526976	0.008828634
6.6651248011293385	0.008736884
6.673700747254272	0.008808937
6.682303256286377	0.008899587
6.690923494642578	0.008911161
6.6995704905358515	0.008885222
6.708235365146022	0.008795881
6.71692719388276	0.0087246
6.725637052341598	0.008669958
6.7343740635011065	0.008653776
6.743129257021789	0.00870788
6.751911803827254	0.008650398
6.760712687288643	0.008531651
6.76954112665473	0.008485759
6.778388058649325	0.008428369
6.787258144540092	0.008357502
6.79615609411317	0.008335844
6.80507277344824	0.008180252
6.814017524290269	0.008059494
6.822981165160494	0.00812804
6.8319730874916145	0.008099956
6.840984061875332	0.008049894
6.850023529830826	0.008051325
6.859082213645321	0.008125087
6.868169605327502	0.008235344
6.877276378481277	0.008136339
6.886412076012217	0.008007221
6.8955673224581036	0.008147468
6.904751712033187	0.0084221
6.913955819822312	0.008466791
6.92318449871298	0.008568005
6.932442653101263	0.008712119
6.941720783164938	0.008820855
6.951028613214183	0.008952308
6.960356592988972	0.009024484
6.969714499584954	0.009103248
6.979092731903037	0.009237577
6.988501120256729	0.009358743
6.997930012302361	0.009596801
7.007389292008423	0.00968528
7.016869255376852	0.009836827
7.026379840473072	0.01019341
7.03591129123044	0.01053571
7.045473600258146	0.01076165
7.055056959002359	0.01108846
7.06466642411312	0.01135389
7.074307106990406	0.01170595
7.083969119561814	0.0120724
7.093662592776239	0.0123265
7.1033775850078955	0.01247605
7.113124283352728	0.01245216
7.122892692197014	0.01223951
7.132693055253407	0.01180282
7.142515322480995	0.01135075
7.152369794684073	0.01104515
7.16224636695053	0.01069749
7.17215539765657	0.01026203
7.182086726570057	0.009843076
7.192050770124797	0.009524212
7.202037312314907	0.009202705
7.212051626750365	0.008972391
7.222099045310728	0.008647527
7.232169267475271	0.008458053
7.242272856975251	0.008471034
7.252399456360137	0.008536035
7.262559689162446	0.008315604
7.272743140530488	0.008151065
7.282960494309095	0.008030522
7.293201277768864	0.008082976
7.303476235583851	0.00799555
7.313774836665124	0.007861335
7.324107887038819	0.007717547
7.334464796769315	0.007752783
7.344856433763717	0.007730939
7.35527214874714	0.007742079
7.365717446659315	0.007752565
7.376197894538073	0.007803502
7.38670275317185	0.007727405
7.3972430475161906	0.007600496
7.407807977764724	0.007602431
7.418408632653757	0.007710222
7.429034151269994	0.007749762
7.439695686687632	0.0075934
7.4503823163685645	0.007440104
7.4611052582885415	0.007571071
7.471853527760925	0.00754432
7.4826384082332975	0.007447773
7.4934488523408405	0.007431696
7.5042962095799846	0.00738035
7.515169369372077	0.007428617
7.52607408366285	0.007483811
7.537016170668194	0.007347506
7.547984423979343	0.007317086
7.558990360775491	0.00729587
7.57002271006813	0.007285411
7.581093057159168	0.007425074
7.592190065922986	0.00743239
7.603325390392743	0.007370784
7.61448762874195	0.00740613
7.625688504350837	0.007384206
7.636916549121792	0.007260354
7.648183556405353	0.007042983
7.65947799125594	0.006952362
7.670811717625147	0.007060651
7.682173133135902	0.007023698
7.693574172979244	0.006837633
7.705003166756302	0.006858524
7.71646616715409	0.007037481
7.727969298323572	0.007060136
7.739500786720255	0.006918097
7.751072748468388	0.006858307
7.762673340495694	0.006873291
7.7743147524619305	0.00691068
7.785985071152225	0.006889075
7.797696560436047	0.0068016
7.809437236333876	0.006743099
7.821219437607395	0.006671156
7.833031108883049	0.00656743
7.844884664505663	0.006533148
7.856767977070808	0.006489426
7.868693537205938	0.006411682
7.880649144831358	0.006361843
7.892641138181994	0.006316375
7.904675932000815	0.006330379
7.916741215979784	0.006399695
7.9288496745603645	0.006379778
7.940988923114551	0.006263611
7.953171724883885	0.006217568
7.9653856202486475	0.006142149
7.977643451990144	0.006069795
7.98993268481713	0.006064064
8.002266241799678	0.006027212
8.014631511287005	0.005930381
8.027041497396429	0.005937574
8.039483511421292	0.005995099
8.051970639294261	0.005978065
8.064490114548018	0.006054661
8.07704858183181	0.006033172
8.089652767834247	0.005977261
8.10228978811702	0.005914014
8.114972936565257	0.005893875
8.127689249180323	0.005951965
8.140452104428975	0.005944118
8.153248458016884	0.005872122
8.16609177380579	0.005879873
8.178968926461256	0.005847635
8.191893466063853	0.005880862
8.204852185485453	0.005953614
8.217858721859997	0.005979057
8.230899785502752	0.006024956
8.243989101446408	0.005947872
8.257113296677256	0.00590315
8.270279345225445	0.006019284
8.28349430923941	0.005961497
8.296744689253725	0.005847932
8.310044433807587	0.005789991
8.3233799581334	0.005792144
8.336765301715872	0.005703281
8.350186793678574	0.005635101
8.363658565348192	0.005491723
8.377166858922646	0.005424867
8.39072589847893	0.005538264
8.404321838462211	0.005623634
8.417968996620186	0.005462697
8.431653438807697	0.005275855
8.445389577375815	0.005106652
8.459163388740853	0.005024165
8.472982201653588	0.005015653
8.486853439679265	0.004828655
8.500762943474177	0.004660515
8.514725366048044	0.004717636
8.528726456450617	0.004640256
8.542780965658876	0.004486297
8.556874550229281	0.004360707
8.571022060096578	0.004331521
8.58520905842578	0.004405021
8.599450495113363	0.00438498
8.613731839023135	0.004320207
8.62806814103095	0.00439395
8.64244477477789	0.004570571
8.656876893150764	0.004659061
8.671349773634415	0.004790685
8.685871127730078	0.005028837
8.700448769147513	0.005196128
8.715067829372915	0.005335069
8.729743720913586	0.005483419
8.744461476712187	0.00555802
8.759236615010527	0.005592143
8.774054069230797	0.005641746
8.788929464446582	0.005676092
8.803847633569776	0.005710978
8.818824309618337	0.005707668
8.833844223990955	0.005728963
8.848923218778124	0.005732159
8.864045922849117	0.00569617
8.879228288510989	0.00575862
8.89445484107388	0.005761161
8.909733705878999	0.005702889
8.925073118661524	0.005634122
8.940457447445755	0.005662481
8.955902925177012	0.005868142
8.971393813685681	0.005976936
8.986946460266463	0.00598888
9.002545019477006	0.005965458
9.0182059541803	0.006008187
9.033913310567872	0.006079485
9.049683668307374	0.006162084
9.065500964116026	0.006079253
9.081381895720307	0.006033707
9.097310289239882	0.006030296
9.113302961732328	0.006111849
9.129343627581209	0.006116292
9.145440860549403	0.006092385
9.161603353879757	0.006211853
9.177814652197535	0.006282931
9.194091876560123	0.006128819
9.210418456941753	0.006061101
9.226811638331128	0.006077473
9.243254734857238	0.006198128
9.259765116798047	0.006241325
9.276325981226572	0.006139007
9.292954825088003	0.006094321
9.309634727171845	0.006169479
9.326383312488867	0.006268036
9.343183540300421	0.006186102
9.360053165101979	0.00608919
9.376975025364718	0.006171152
9.393958181855758	0.006336176
9.411011824936358	0.006408584
9.428118609503356	0.006255931
9.445296620095057	0.006098004
9.462528387585163	0.006156769
9.479832131132621	0.006309577
9.497190256262686	0.006349016
9.51462111827245	0.006438001
9.532106995994608	0.006437786
9.549666382404931	0.006222843
9.56728142828031	0.006095711
9.584970765839165	0.006223018
9.602716416419876	0.006209102
9.620537153071405	0.006249877
9.63841486629109	0.006330207
9.656359147034484	0.00633504
9.674379727143796	0.00626319
9.692458298198172	0.006337415
9.710613992412126	0.00640192
9.7288283669286	0.006413701
9.747120700545059	0.006389978
9.765472414493523	0.006575616
9.783902935855753	0.006706201
9.802393548456662	0.006841375
9.820963829390216	0.006821966
9.839594923556186	0.006767429
9.858306559815768	0.006804352
9.877079742603302	0.006646103
9.895924561387883	0.006370795
9.914851257401438	0.006247266
9.93384062146107	0.006226456
9.952912769686613	0.006182449
9.972048348479213	0.006028354
9.991267632089553	0.005964645
10.010554127216324	0.006043159
10.029916231142629	0.006126238
10.049354389276616	0.006131845
10.06886803671069	0.006180846
10.088456596281858	0.006073467
10.10812254359987	0.005888444
10.127865312355013	0.005942708
10.147684323806518	0.006141254
10.167582087973987	0.006100541
10.187558037244694	0.005974344
10.20761159139625	0.005822365
10.227745295595135	0.005885955
10.247958581030764	0.00597766
10.268250866101289	0.005882892
10.28862473187844	0.005827127
10.30907960846528	0.005730978
10.329614912989006	0.005605988
10.350233263207054	0.005556929
10.370934088254367	0.005513173
10.391716804102318	0.005555037
10.412584065997457	0.005669493
10.433535302231869	0.005673432
10.45456992774324	0.005597154
10.475690636094411	0.005552082
10.496896854867279	0.005597014
10.518187998095366	0.00569356
10.53956679850962	0.00559886
10.561032683122233	0.005536344
10.582585065199835	0.005553218
10.604226717518882	0.005566842
10.62595706667055	0.005559662
10.64777552530002	0.0056928
10.669684907133197	0.005743972
10.69168463849757	0.005543171
10.713774131570933	0.005363608
10.73595624196011	0.00539775
10.758230395895348	0.005400308
10.78059600525015	0.005451719
10.803055968472362	0.005418031
10.825609711870985	0.005336577
10.848256647187899	0.005372826
10.870999716701748	0.00537626
10.8938383469864	0.005401398
10.916771949834812	0.00544294
10.939803512377075	0.005324673
10.962932461648647	0.005306181
10.986158209686868	0.005349069
11.009483789525973	0.005212224
11.032908628870938	0.005125573
11.056432140207942	0.005065183
11.080057403561398	0.00514624
11.103783847525506	0.005200163
11.12761088525152	0.005250559
11.151541644874696	0.005319527
11.17557555611061	0.005211708
11.199712033004207	0.00515928
11.223954252958297	0.005335009
11.248301647055065	0.005450741
11.272753630474853	0.005340672
11.297313431082207	0.005243335
11.32198048158497	0.005118363
11.346754198554356	0.005041406
11.371637861549853	0.004994357
11.396630905178549	0.005033602
11.421732747672564	0.005089537
11.446946721560117	0.005023091
11.472272263636487	0.004919092
11.49770879408006	0.004942311
11.523259699703853	0.004861265
11.548924419796474	0.004854328
11.57470237678411	0.004857871
11.600597013124684	0.004741055
11.626607770922343	0.004733046
11.65273407516969	0.004961239
11.678979425375527	0.005041357
11.705343266799773	0.004896833
11.731825027338086	0.004746435
11.75842826500393	0.00471212
11.785152428572253	0.004704169
11.811996949197427	0.004692483
11.838965444901218	0.004635988
11.866057368352916	0.004638724
11.893272154341371	0.004699274
11.92061348245226	0.004679626
11.948080809649747	0.004677127
11.97567357475413	0.004635187
12.003395520524846	0.004603262
12.031246108643836	0.004666055
12.059224782382245	0.004651304
12.087335349339705	0.00471797
12.115577276362497	0.004667406
12.143950011615688	0.004679416
12.172457429264632	0.004537012
12.201099001791487	0.004513518
12.229874182723371	0.004632266
12.258786914578566	0.004787791
12.287836675973065	0.004902794
12.317022926290624	0.004757054
12.346349678254127	0.00454713
12.375816417139268	0.004554015
12.405422608709028	0.004490333
12.435172337809911	0.004459673
12.465065096932708	0.004529757
12.495100358771817	0.004624649
12.525282282286796	0.004500475
12.55561036777015	0.004577706
12.586084095431215	0.004730802
12.616707700405678	0.004752496
12.647480691407416	0.00463146
12.678402556777375	0.004540573
12.709477609967484	0.004259004
12.740705368767614	0.004260889
12.772085330302092	0.004242618
12.803621888559835	0.004306961
12.835314571098337	0.004443082
12.867162884514254	0.004399629
12.89917130563864	0.004293815
12.931339372527447	0.004336469
12.96366660197797	0.004349579
12.996157556056975	0.004269079
13.028811784091221	0.004216757
13.06162881384867	0.0041413
13.094613295118013	0.003954364
13.12776478931316	0.003966013
13.16108283598698	0.004110796
13.19457217523342	0.004122841
13.228232381416504	0.004047958
13.26206300673514	0.003918114
13.296068884273677	0.003846259
13.330249602258677	0.004048436
13.36460472644592	0.004136395
13.399139185702154	0.003982632
13.433852583081325	0.003898714
13.46874449885967	0.003826099
13.503819960590452	0.003769509
13.539078587175487	0.003859099
13.574519974431034	0.003914324
13.610149251618722	0.003995153
13.645966054567761	0.00403987
13.681969995713438	0.003962484
13.718166309171252	0.003959121
13.754554648840031	0.003925988
13.791134644916207	0.003715263
13.827911639644624	0.0035929
13.864885306202526	0.003784791
13.902055293756685	0.003978366
13.93942705609337	0.00399883
13.977000286947817	0.003890269
14.014774655737572	0.003967345
14.052755731346162	0.004032195
14.090943229421551	0.003929133
14.129336840988302	0.003793193
14.167942253734244	0.003808216
14.206759206654786	0.003941609
14.245787413818329	0.004033599
14.285032685583287	0.003896797
14.324494785812275	0.003857034
14.364173453140115	0.003905539
14.404074624629814	0.003926693
14.444198090621455	0.003992604
14.484543615930157	0.003913731
14.525117268534268	0.003874998
14.565918866957956	0.003988125
14.60694820390774	0.003975428
14.64821148267439	0.003861248
14.689708551775421	0.003938859
14.73143923362339	0.003904748
14.773409871415195	0.003920611
14.815620345580271	0.004098933
14.858070510162252	0.004186267
14.900766853065326	0.004000588
14.943709288665987	0.003869348
14.986897704681681	0.003738647
15.030338738744154	0.003745997
15.074032341336387	0.003859953
15.117978436017918	0.003816037
15.162183815399805	0.003783742
15.206648468363557	0.003713535
15.251374682657023	0.003627712
15.296362433235203	0.003750551
15.341618727943548	0.003651788
15.387143610673261	0.00353811
15.43293709781766	0.003572922
15.479006365431788	0.003610637
15.525351501720674	0.003543959
15.571972567167368	0.003605333
15.618876912160529	0.003411621
15.666064672021536	0.003341999
15.713535954141616	0.003429026
15.761298289662715	0.003532405
15.80935186400163	0.003564193
15.857696834454842	0.003517556
15.90634091965055	0.003500891
15.955284358268889	0.003521831
16.004527360699793	0.003404329
16.054077840122897	0.003315877
16.1039360918517	0.003240904
16.15410238276241	0.003080875
16.20458482800373	0.003006816
16.255383783108968	0.00307702
16.306499575052623	0.003050787
16.357940528744255	0.003168686
16.409707063755324	0.003250803
16.461799571005503	0.003213539
16.51422659335451	0.003232138
16.56698861847882	0.003136394
16.620086105342093	0.00301204
16.67352782336598	0.00312293
16.72731433266547	0.003000508
16.78144616461726	0.002809808
16.835932324266118	0.002990129
16.890773448785147	0.003119972
16.94597014662331	0.002910744
17.00153166798797	0.002854756
17.05745873203722	0.002854628
17.11375202926315	0.002746479
17.170421065084653	0.00281971
17.227466645901828	0.002754542
17.28488954955578	0.00258056
17.34269954726883	0.00293111
17.400897538295027	0.003170577
17.459484393490687	0.002900829
17.51847016105255	0.002772411
17.577855839082464	0.002764646
17.637642397505896	0.00254083
17.697840173283094	0.002481365
17.758450269768616	0.002846142
17.819473762428636	0.003134747
17.88092128943615	0.002881452
17.94279406624623	0.002823216
18.005093280787268	0.002902162
18.06782988559992	0.002876216
18.13100521556496	0.002803245
18.194620578479764	0.002715683
18.258687255162418	0.002683855
18.323206707759514	0.002538434
18.38818037186785	0.002424051
18.453619871300766	0.002468885
18.51952680386673	0.002781132
18.585902741457826	0.002995095
18.652759666466274	0.002448738
18.72009932135896	0.001982567
18.787923423430193	0.002348174
18.856244330163033	0.002694255
18.925063938328513	0.002503032
18.994384120390965	0.002347922
19.06421762643246	0.002372951
19.134566517876276	0.002231353
19.20543283283975	0.002441203
19.27682973258218	0.002757919
19.348759454287592	0.00303675
19.42122421298402	0.002669687
19.49423760083638	0.002404864
19.567798213733973	0.002476116
19.64191994267702	0.002136258
19.716605344737946	0.001969672
19.7918569571247	0.002445087
19.867689137420435	0.002562577
19.944104652301462	0.002283673
20.02110625020897	0.002005365
20.09870877855323	0.001485108
20.176915228103052	0.001710735
20.255728573237118	0.001976673
20.335164175947973	0.001861116
20.4152252666994	0.001706193
20.49591506164864	0.002015094
20.57724946375688	0.002534844
20.659231959997115	0.002074987
20.74186602538348	0.002084387
20.825168131994914	0.002436339
20.909142041447357	0.002222572
20.99379150603792	0.002062961
21.07913359701924	0.00184659
21.16517237022204	0.001945306
21.251911875122065	0.001877155
21.339369814266394	0.001745421
21.427550558841233	0.001476807
21.51645847700052	0.001180204
21.606111936944725	0.001263497
21.696515648069497	0.002235878
21.78767432045878	0.002272264
21.87960702475415	0.001517653
21.972318833287446	0.001917116
22.065814823240686	0.001820131
22.160114807122795	0.001368805
22.255224246977797	0.001225986
22.351148614351718	0.001119236
22.447908505916594	0.001297754
22.54550980244948	0.00133851
22.643958399425387	0.001193808
22.743275723099707	0.00136399
22.843468104465007	0.002169753
22.94454189501266	0.002184063
23.046519399407707	0.002217147
23.149407433043233	0.002334551
23.253212838284835	0.00156443
23.357958850751054	0.0007547851
23.46365280739086	0.001123799
23.57030207934848	0.002062765
23.677930889802436	0.001065612
23.786547137681527	0.001225687
23.896158764167136	0.002403043
24.00679104104969	0.001398727
24.118452473262888	0.0006590371
24.231151616981094	0.0008630812
24.344914858529265	0.0001787922
24.459751356843558	0.0005993937
24.575670332127896	0.001931157
24.692699356508253	0.004209638
24.810848295308638	0.002570063
24.930127086308847	-0.00211995
25.05056456457359	-0.002206609
25.172171359053085	0.001068952
25.29495818363988	0.0006994983
25.41895521993497	-0.002210893
25.544173923127875	-0.002875774
25.670625847291095	-0.0008673681
25.79834261127728	0.002366449
25.92733656508941	0.003972597
26.057620173184155	0.003538068
26.189226590236025	0.001849452
26.322169136256445	-0.002818993
26.456461263110832	-0.007176768
26.592137768547353	-0.01198784
26.72921302514551	-0.007849953
