# Talc, Chemical Formula: Mg3Si4O10(OH)2
# Sample ID: GDS23_74-250um
# wavelengths (microns), reflectance
1.3707441	0.45039433
1.3711067	0.45027649
1.3714694	0.45092461
1.3718324	0.45063001
1.3721954	0.45004082
1.3725587	0.4494516
1.3729222	0.44892126
1.3732859	0.44921589
1.3736497	0.44951051
1.3740138	0.44880342
1.374378	0.44839099
1.3747425	0.44815528
1.3751072	0.44750717
1.3754721	0.44721255
1.375837	0.44715366
1.3762023	0.44709474
1.3765677	0.44685903
1.3769335	0.44680011
1.3772992	0.44668227
1.3776653	0.44685903
1.3780315	0.44638765
1.3783978	0.44544494
1.3787644	0.44467896
1.3791313	0.44462001
1.3794982	0.44438434
1.3798655	0.44403079
1.3802328	0.44273454
1.3806005	0.44143826
1.3809682	0.44137937
1.3813362	0.44067231
1.3817043	0.43996525
1.3820726	0.43819758
1.382441	0.43572292
1.3828099	0.43424988
1.3831787	0.43289468
1.3835479	0.43053785
1.3839172	0.42735609
1.3842868	0.42452785
1.3846565	0.42122826
1.3850266	0.41786978
1.3853966	0.41345069
1.385767	0.4082067
1.3861375	0.40225559
1.3865082	0.39589211
1.3868792	0.38988215
1.3872503	0.38393113
1.3876216	0.37638915
1.387993	0.3672564
1.3883647	0.35665056
1.3887366	0.34410033
1.3891087	0.32825047
1.3894811	0.30674419
1.3898535	0.2773425
1.3902262	0.23521376
1.3905991	0.17582111
1.3909724	0.11206829
1.3913456	0.070882313
1.3917192	0.067347027
1.3920929	0.094804347
1.3924669	0.13987912
1.3928409	0.1907282
1.3932153	0.23757061
1.3935897	0.27610517
1.3939645	0.30591932
1.3943394	0.32883966
1.3947146	0.34651607
1.3950899	0.35953772
1.3954654	0.36784559
1.3958411	0.37432691
1.3962171	0.38057262
1.3965932	0.38387218
1.3969696	0.3758589
1.397346	0.35264394
1.3977228	0.33355343
1.3980998	0.34227374
1.398477	0.36654934
1.3988543	0.38675931
1.3992319	0.3985436
1.3996096	0.404966
1.3999877	0.40832451
1.4003658	0.40956184
1.4007442	0.41050458
1.4011228	0.4119187
1.4015017	0.41280255
1.4018805	0.41398096
1.4022598	0.41551292
1.4026392	0.41627887
1.4030188	0.41610217
1.4033985	0.41563076
1.4037787	0.41645569
1.4041588	0.41739842
1.4045392	0.41669133
1.4049199	0.41604322
1.4053007	0.41663238
1.4056817	0.41686812
1.406063	0.41686812
1.4064443	0.41627887
1.406826	0.4157486
1.4072078	0.41610217
1.40759	0.41686812
1.4079722	0.4175162
1.4083548	0.4175162
1.4087374	0.41675025
1.4091204	0.41627887
1.4095035	0.41633776
1.4098868	0.41663238
1.4102703	0.41686812
1.4106542	0.41704488
1.411038	0.41657349
1.4114223	0.41586643
1.4118066	0.41563076
1.4121914	0.41533613
1.4125761	0.41533613
1.4129611	0.41539508
1.4133463	0.41504157
1.4137318	0.41445234
1.4141173	0.41392201
1.4145032	0.41368634
1.4148892	0.41350958
1.4152753	0.41362742
1.4156618	0.41386309
1.4160485	0.41415772
1.4164354	0.41392201
1.4168226	0.41333279
1.4172099	0.4132739
1.4175974	0.41297927
1.4179851	0.41286144
1.4183733	0.41239011
1.4187614	0.4113884
1.4191499	0.41068137
1.4195384	0.41085815
1.4199272	0.41121167
1.4203162	0.41103485
1.4207056	0.41115278
1.4210949	0.4113884
1.4214847	0.41132948
1.4218745	0.4115063
1.4222647	0.41144735
1.422655	0.41097593
1.4230455	0.41109383
1.4234362	0.41056353
1.4238272	0.41003323
1.4242183	0.40973863
1.4246095	0.40956184
1.425001	0.40962076
1.425393	0.41009215
1.4257849	0.41020995
1.4261771	0.40979755
1.4265696	0.40932614
1.4269623	0.40926725
1.4273552	0.40938511
1.4277484	0.40903154
1.4281417	0.40861914
1.4285352	0.40867803
1.428929	0.40885481
1.429323	0.40856019
1.4297171	0.4085013
1.4301115	0.4085013
1.4305061	0.40826559
1.4309008	0.40755853
1.4312959	0.40761745
1.4316912	0.40779424
1.4320866	0.40814772
1.4324824	0.40797099
1.4328783	0.40732285
1.4332745	0.40702826
1.4336708	0.40749961
1.4340675	0.40702826
1.4344643	0.40667468
1.4348613	0.40685147
1.4352585	0.40661579
1.4356561	0.40708721
1.4360538	0.40720499
1.4364517	0.40685147
1.4368497	0.40679258
1.4372482	0.40643907
1.4376467	0.40643907
1.4380456	0.40667468
1.4384446	0.40649796
1.4388438	0.40643907
1.4392433	0.4065569
1.439643	0.40643907
1.4400429	0.40602654
1.4404429	0.40573201
1.4408432	0.4057909
1.4412439	0.40614447
1.4416445	0.40649796
1.4420457	0.40638009
1.4424468	0.40590873
1.4428483	0.40584984
1.4432499	0.40602654
1.443652	0.4057909
1.4440541	0.40555519
1.4444566	0.40555519
1.444859	0.40573201
1.445262	0.4057909
1.4456649	0.40543738
1.4460682	0.40531954
1.4464716	0.40531954
1.4468753	0.40520167
1.4472792	0.40490708
1.4476835	0.40473035
1.4480878	0.40502492
1.4484924	0.40526056
1.4488972	0.40537843
1.4493023	0.40508386
1.4497076	0.40484813
1.4501131	0.40478924
1.4505187	0.40467137
1.4509248	0.40484813
1.4513309	0.40502492
1.4517374	0.40484813
1.4521439	0.40484813
1.4525509	0.40484813
1.452958	0.40490708
1.4533653	0.40508386
1.4537728	0.40502492
1.4541807	0.404966
1.4545887	0.40520167
1.4549969	0.40508386
1.4554054	0.40449464
1.4558141	0.40408221
1.456223	0.40390542
1.4566324	0.40402323
1.4570416	0.40396431
1.4574513	0.40402323
1.4578612	0.40420005
1.4582713	0.40414113
1.4586816	0.40420005
1.4590921	0.4038465
1.4595029	0.40349296
1.4599138	0.40366974
1.460325	0.40396431
1.4607365	0.40408221
1.4611483	0.40372863
1.4615602	0.40343404
1.4619724	0.40325731
1.4623848	0.40302157
1.4627974	0.40308052
1.4632103	0.40290374
1.4636234	0.40284485
1.4640367	0.40319833
1.4644502	0.40343404
1.4648641	0.40325731
1.4652781	0.40325731
1.4656924	0.40349296
1.4661069	0.40313944
1.4665216	0.40284485
1.4669366	0.4027859
1.4673518	0.40284485
1.4677672	0.40290374
1.4681829	0.40296268
1.4685988	0.40260914
1.469015	0.40231451
1.4694314	0.40213779
1.469848	0.40213779
1.4702649	0.40213779
1.470682	0.40243241
1.4710993	0.40260914
1.471517	0.40284485
1.4719347	0.40255022
1.4723527	0.40237343
1.472771	0.40243241
1.4731897	0.40231451
1.4736084	0.40272698
1.4740274	0.40325731
1.4744467	0.40308052
1.4748662	0.40284485
1.4752858	0.40266806
1.4757057	0.40266806
1.476126	0.40255022
1.4765463	0.40266806
1.476967	0.40284485
1.4773879	0.40308052
1.477809	0.40313944
1.4782305	0.40290374
1.478652	0.4027859
1.4790739	0.40284485
1.479496	0.40290374
1.4799184	0.40313944
1.480341	0.4033162
1.4807638	0.40337512
1.4811869	0.40325731
1.4816102	0.40296268
1.4820337	0.40296268
1.4824575	0.4033162
1.4828815	0.40343404
1.4833061	0.40325731
1.4837304	0.4033162
1.4841553	0.40325731
1.4845803	0.40355188
1.4850056	0.4036108
1.4854311	0.4038465
1.4858568	0.40425894
1.4862827	0.40414113
1.4867089	0.4038465
1.4871353	0.40396431
1.4875621	0.40420005
1.4879889	0.40414113
1.4884162	0.4038465
1.4888437	0.40396431
1.4892714	0.40402323
1.4896992	0.40366974
1.4901278	0.40343404
1.4905561	0.4036108
1.4909849	0.40414113
1.4914138	0.40414113
1.491843	0.40390542
1.4922724	0.40396431
1.4927021	0.40402323
1.493132	0.40372863
1.4935622	0.40343404
1.4939926	0.40355188
1.4944233	0.40366974
1.4948542	0.40390542
1.4952854	0.40420005
1.4957168	0.40390542
1.4961485	0.40355188
1.4965804	0.40319833
1.4970125	0.40337512
1.4974447	0.4038465
1.4978775	0.40378758
1.4983103	0.40366974
1.4987437	0.40355188
1.499177	0.40343404
1.4996107	0.40366974
1.5000446	0.4038465
1.5004789	0.40396431
1.5009133	0.40408221
1.5013479	0.4038465
1.5017828	0.40366974
1.502218	0.40366974
1.5026534	0.40396431
1.5030892	0.40420005
1.503525	0.40402323
1.5039612	0.4038465
1.5043976	0.40402323
1.5048344	0.40431783
1.5052713	0.40473035
1.5057086	0.40473035
1.506146	0.40437675
1.5065837	0.40408221
1.5070215	0.40449464
1.5074598	0.40461245
1.5078982	0.40431783
1.5083369	0.40443572
1.5087758	0.40437675
1.5092151	0.40437675
1.5096546	0.40455356
1.5100944	0.40425894
1.5105344	0.40414113
1.5109746	0.40461245
1.5114151	0.40461245
1.511856	0.40443572
1.5122969	0.40449464
1.5127382	0.40473035
1.5131798	0.40455356
1.5136217	0.40455356
1.5140636	0.40467137
1.514506	0.40473035
1.5149485	0.40473035
1.5153915	0.40484813
1.5158345	0.40490708
1.5162779	0.40508386
1.5167215	0.40520167
1.5171654	0.40514275
1.5176095	0.40520167
1.518054	0.40520167
1.5184987	0.404966
1.5189435	0.40478924
1.5193887	0.40478924
1.5198342	0.40520167
1.5202799	0.40543738
1.5207258	0.40514275
1.521172	0.40502492
1.5216186	0.40508386
1.5220653	0.40502492
1.5225123	0.40490708
1.5229596	0.40478924
1.5234071	0.40490708
1.5238549	0.404966
1.524303	0.40490708
1.5247513	0.40467137
1.5251998	0.40467137
1.5256486	0.40490708
1.5260978	0.40478924
1.5265471	0.40461245
1.5269967	0.40455356
1.5274466	0.40461245
1.5278969	0.40437675
1.5283473	0.40396431
1.528798	0.40378758
1.529249	0.40366974
1.5297003	0.4033162
1.5301517	0.40272698
1.5306035	0.40296268
1.5310555	0.40296268
1.5315078	0.40296268
1.5319604	0.40319833
1.5324134	0.40355188
1.5328665	0.40366974
1.5333198	0.40402323
1.5337734	0.40461245
1.5342274	0.40473035
1.5346816	0.40461245
1.5351361	0.40478924
1.5355908	0.40531954
1.5360456	0.40567303
1.5365007	0.40584984
1.5369563	0.40608549
1.537412	0.40608549
1.5378683	0.40573201
1.5383245	0.40555519
1.5387812	0.40573201
1.539238	0.40567303
1.5396953	0.4054963
1.5401527	0.40526056
1.5406104	0.40531954
1.5410683	0.40555519
1.5415267	0.4057909
1.5419852	0.40596765
1.542444	0.40638009
1.5429029	0.4065569
1.5433626	0.40691039
1.5438222	0.40738177
1.5442821	0.40744072
1.5447421	0.4072639
1.5452026	0.40767637
1.5456632	0.40808883
1.5461243	0.40802988
1.5465856	0.40797099
1.5470469	0.40826559
1.5475086	0.40861914
1.5479708	0.40873697
1.5484331	0.4089137
1.5488957	0.40920833
1.5493586	0.40920833
1.5498219	0.40932614
1.5502852	0.40938511
1.5507492	0.40944406
1.5512131	0.40962076
1.5516775	0.40967968
1.552142	0.40991539
1.5526069	0.40985647
1.553072	0.41003323
1.5535375	0.40991539
1.5540031	0.40979755
1.5544689	0.41032785
1.5549351	0.41050458
1.5554017	0.41068137
1.5558684	0.41074032
1.5563356	0.41074032
1.5568029	0.41074032
1.5572705	0.41091704
1.5577384	0.41097593
1.5582068	0.41115278
1.5586753	0.41132948
1.5591441	0.4115063
1.5596131	0.41156518
1.5600824	0.41144735
1.560552	0.41174197
1.561022	0.41174197
1.5614921	0.4116241
1.5619628	0.4115063
1.5624335	0.41185978
1.5629046	0.41203654
1.5633758	0.41168299
1.5638475	0.41168299
1.5643194	0.41203654
1.5647916	0.41239011
1.565264	0.41256681
1.5657365	0.412449
1.5662096	0.41256681
1.5666829	0.41250792
1.5671564	0.412449
1.5676304	0.41256681
1.5681045	0.41250792
1.5685791	0.41256681
1.5690538	0.41280255
1.5695291	0.41286144
1.5700043	0.41303819
1.57048	0.41309711
1.5709559	0.41292039
1.5714321	0.4132739
1.5719085	0.41356853
1.5723853	0.41362742
1.5728624	0.41350958
1.5733397	0.41345069
1.5738174	0.41362742
1.5742953	0.41392201
1.5747734	0.41386309
1.5752521	0.41374531
1.5757308	0.41409883
1.5762099	0.41415772
1.5766892	0.41439345
1.5771688	0.41439345
1.5776488	0.41415772
1.5781291	0.41427553
1.5786096	0.41427553
1.5790905	0.41439345
1.5795716	0.41445234
1.5800531	0.41439345
1.5805347	0.41445234
1.5810168	0.41474694
1.5814991	0.41498262
1.5819818	0.41498262
1.5824646	0.41504157
1.5829479	0.41515934
1.5834312	0.41533613
1.5839151	0.4157486
1.5843991	0.41568965
1.5848837	0.41551292
1.5853683	0.41563076
1.5858533	0.41568965
1.5863385	0.41551292
1.5868242	0.41533613
1.58731	0.4157486
1.5877962	0.41592535
1.5882826	0.41598424
1.5887693	0.41586643
1.5892563	0.4157486
1.5897436	0.41598424
1.5902313	0.41627887
1.5907192	0.41645569
1.5912075	0.41645569
1.591696	0.41657349
1.5921849	0.41669133
1.592674	0.41669133
1.5931635	0.41669133
1.5936533	0.41663238
1.5941433	0.41686812
1.5946337	0.41728058
1.5951242	0.41728058
1.5956153	0.41728058
1.5961065	0.41728058
1.5965984	0.41763404
1.5970901	0.41781083
1.5975825	0.41786978
1.5980748	0.41822329
1.5985676	0.41822329
1.5990607	0.4180465
1.5995542	0.4181644
1.6000477	0.41869467
1.6005416	0.41898924
1.6010358	0.41916603
1.6015304	0.41928384
1.6020253	0.41922492
1.6025206	0.41922492
1.603016	0.41916603
1.6035119	0.41922492
1.604008	0.41951954
1.6045047	0.41993201
1.6050013	0.42010877
1.6054984	0.41981417
1.6059958	0.41987306
1.6064935	0.41993201
1.6069914	0.42028552
1.6074898	0.42046228
1.6079884	0.42069799
1.608487	0.42069799
1.6089861	0.42063907
1.6094857	0.42046228
1.6099856	0.42046228
1.6104858	0.42063907
1.6109861	0.42105153
1.611487	0.42111045
1.6119881	0.42128715
1.6124896	0.42152289
1.6129912	0.42164069
1.6134933	0.42193529
1.6139956	0.4218764
1.6144984	0.4218764
1.6150012	0.42181751
1.6155045	0.42175856
1.616008	0.42211208
1.6165122	0.42246562
1.6170163	0.42264238
1.6175209	0.42281917
1.6180257	0.42258346
1.6185309	0.42305484
1.6190363	0.4232316
1.6195421	0.42311379
1.6200482	0.42299587
1.6205544	0.42317268
1.6210611	0.42329049
1.6215682	0.42364401
1.6220756	0.4237619
1.6225833	0.42393863
1.6230912	0.42405653
1.6235996	0.42393863
1.6241082	0.42405653
1.6246173	0.42399758
1.6251266	0.42417431
1.6256363	0.42429221
1.6261462	0.42411542
1.6266564	0.42417431
1.627167	0.42441005
1.6276779	0.42446893
1.6281891	0.42446893
1.6287007	0.42464569
1.6292125	0.42470467
1.6297247	0.42476356
1.6302372	0.42476356
1.6307501	0.42494032
1.6312631	0.42499921
1.6317767	0.42505816
1.6322904	0.42517602
1.6328044	0.42517602
1.6333188	0.42535278
1.6338336	0.42564735
1.6343486	0.42552954
1.6348641	0.42523491
1.6353798	0.42547062
1.6358958	0.42582414
1.6364123	0.42576522
1.6369292	0.42558846
1.637446	0.42582414
1.6379635	0.42588302
1.6384811	0.42582414
1.6389992	0.42611876
1.6395175	0.42617765
1.6400362	0.42617765
1.6405551	0.42623657
1.6410745	0.42623657
1.6415942	0.42653117
1.6421142	0.42653117
1.6426344	0.426649
1.6431552	0.42659009
1.643676	0.42653117
1.6441975	0.42670795
1.644719	0.42682579
1.6452409	0.42717934
1.6457632	0.42729717
1.6462859	0.42717934
1.6468087	0.42706147
1.6473321	0.42717934
1.6478556	0.42717934
1.6483797	0.42717934
1.648904	0.42700258
1.6494286	0.42700258
1.6499535	0.42729717
1.6504788	0.42765069
1.6510044	0.42770964
1.6515305	0.42776853
1.6520567	0.42765069
1.6525834	0.4274739
1.6531103	0.42753285
1.6536378	0.4274739
1.6541654	0.42776853
1.6546935	0.42812207
1.6552217	0.4284167
1.6557504	0.42812207
1.6562793	0.42794526
1.6568087	0.42794526
1.6573384	0.42794526
1.6578683	0.42812207
1.6583985	0.42806315
1.6589293	0.42800424
1.6594603	0.42823988
1.6599917	0.42847562
1.6605233	0.42835772
1.6610554	0.4284167
1.6615878	0.42865232
1.6621207	0.4287113
1.6626537	0.42894694
1.6631873	0.42906481
1.6637208	0.42912373
1.664255	0.42935944
1.6647894	0.42947724
1.6653243	0.42947724
1.6658593	0.42953613
1.6663947	0.42965403
1.6669306	0.42965403
1.6674668	0.42977187
1.6680032	0.43000755
1.6685401	0.43030211
1.6690773	0.43018433
1.6696149	0.43018433
1.6701527	0.43030211
1.670691	0.43047893
1.6712295	0.43053785
1.6717685	0.43059674
1.6723077	0.43053785
1.6728474	0.43083242
1.6733873	0.43077353
1.6739277	0.43083242
1.6744683	0.43100926
1.6750095	0.43112704
1.6755508	0.43124485
1.6760926	0.43165734
1.6766347	0.43171629
1.6771772	0.43142167
1.6777198	0.43136278
1.6782631	0.43148059
1.6788064	0.43159842
1.6793501	0.4318341
1.6798942	0.43224657
1.6804388	0.43242329
1.6809837	0.43212873
1.6815289	0.43212873
1.6820744	0.43224657
1.6826205	0.43242329
1.6831667	0.43248224
1.6837136	0.43242329
1.6842605	0.43248224
1.684808	0.43271792
1.6853557	0.4329536
1.6859038	0.43313038
1.6864522	0.43318927
1.687001	0.43330708
1.6875501	0.43336612
1.6881	0.4334839
1.6886498	0.4334839
1.6892	0.43360171
1.6897506	0.4334839
1.6903015	0.43342501
1.6908529	0.43342501
1.6914046	0.4334839
1.6919565	0.43371958
1.6925087	0.43413201
1.6930614	0.43424988
1.6936146	0.43442664
1.694168	0.43460342
1.6947218	0.43460342
1.695276	0.43460342
1.6958306	0.43466234
1.6963854	0.43454447
1.6969409	0.43454447
1.6974965	0.43454447
1.6980526	0.43478015
1.6986089	0.43478015
1.6991657	0.43478015
1.6997228	0.43489799
1.7002803	0.43495691
1.7008381	0.43472126
1.7013963	0.43472126
1.7019548	0.4348391
1.7025138	0.43495691
1.703073	0.43501589
1.7036328	0.43489799
1.7041928	0.43472126
1.7047533	0.43489799
1.7053139	0.43507478
1.705875	0.43513373
1.7064364	0.43513373
1.7069983	0.43495691
1.7075605	0.43507478
1.7081233	0.43513373
1.7086862	0.43507478
1.7092496	0.43489799
1.7098132	0.4348391
1.7103775	0.43513373
1.7109419	0.43525153
1.7115068	0.43525153
1.712072	0.43525153
1.7126377	0.43536937
1.7132035	0.43531042
1.7137699	0.43536937
1.7143366	0.43531042
1.7149036	0.43531042
1.715471	0.43519261
1.7160389	0.43513373
1.7166071	0.43542835
1.7171758	0.43584076
1.7177447	0.43560505
1.7183142	0.43542835
1.7188838	0.43548724
1.7194541	0.43554613
1.7200245	0.43554613
1.7205955	0.43542835
1.7211666	0.43536937
1.7217383	0.43554613
1.7223103	0.43531042
1.7228827	0.43519261
1.7234554	0.43531042
1.7240288	0.43554613
1.7246022	0.435664
1.7251762	0.43578184
1.7257504	0.435664
1.7263252	0.43560505
1.7269002	0.43560505
1.7274756	0.43572292
1.7280514	0.43560505
1.7286276	0.43542835
1.7292041	0.43542835
1.7297812	0.43554613
1.7303585	0.43578184
1.7309363	0.43601754
1.7315143	0.43631217
1.732093	0.43637106
1.7326717	0.43619424
1.7332511	0.43601754
1.7338307	0.43619424
1.7344109	0.43654776
1.7349913	0.43660671
1.7355722	0.43666568
1.7361534	0.4367246
1.7367351	0.43684238
1.737317	0.43690133
1.7378997	0.43701917
1.7384824	0.43696022
1.7390656	0.43701917
1.7396491	0.43707812
1.7402332	0.43725485
1.7408174	0.43725485
1.7414023	0.43719596
1.7419873	0.4373138
1.7425728	0.43737268
1.7431587	0.43725485
1.7437451	0.4374316
1.7443317	0.43760839
1.7449189	0.43778515
1.7455064	0.43772623
1.7460943	0.43766731
1.7466825	0.43784407
1.7472714	0.43813869
1.7478604	0.43807977
1.7484499	0.43813869
1.7490398	0.4383744
1.7496301	0.43831551
1.7502208	0.43819758
1.7508119	0.43819758
1.7514033	0.4383744
1.7519954	0.4385511
1.7525877	0.4383744
1.7531804	0.4385511
1.7537735	0.43872792
1.754367	0.43890461
1.7549609	0.43890461
1.7555553	0.43902251
1.7561499	0.4390814
1.7567449	0.43914035
1.7573403	0.43931714
1.7579362	0.43925819
1.7585325	0.43937603
1.7591293	0.43949386
1.7597264	0.43949386
1.760324	0.43949386
1.7609218	0.43967065
1.7615204	0.43984738
1.7621191	0.4399063
1.7627183	0.43984738
1.7633178	0.43984738
1.7639178	0.43967065
1.7645181	0.43967065
1.7651191	0.44002417
1.7657201	0.44014201
1.7663218	0.44025981
1.7669238	0.44037774
1.7675263	0.44049555
1.768129	0.44049555
1.7687324	0.44061333
1.769336	0.44055444
1.7699401	0.44067231
1.7705445	0.44067231
1.7711494	0.44049555
1.7717546	0.44049555
1.7723604	0.44061333
1.7729665	0.44073123
1.773573	0.44073123
1.7741799	0.44090796
1.7747874	0.44102585
1.7753952	0.44079015
1.7760036	0.44067231
1.7766122	0.44061333
1.7772213	0.44073123
1.7778307	0.44079015
1.7784407	0.44084907
1.7790509	0.44084907
1.7796618	0.44090796
1.7802728	0.44096693
1.7808841	0.44079015
1.781496	0.44049555
1.7821085	0.44043663
1.7827213	0.44037774
1.7833346	0.44037774
1.7839482	0.44037774
1.7845623	0.44043663
1.7851768	0.44055444
1.785792	0.44049555
1.7864072	0.44049555
1.7870232	0.44043663
1.7876393	0.44037774
1.788256	0.44043663
1.788873	0.44049555
1.7894906	0.44031876
1.7901084	0.44025981
1.790727	0.44025981
1.7913457	0.44031876
1.7919649	0.44025981
1.7925845	0.44020092
1.7932047	0.44020092
1.793825	0.43996525
1.794446	0.43984738
1.7950673	0.43967065
1.795689	0.43955281
1.7963111	0.43972954
1.7969339	0.43978849
1.7975569	0.43967065
1.7981805	0.4396117
1.7988043	0.43984738
1.7994287	0.43972954
1.8000535	0.43937603
1.800679	0.43943495
1.8013045	0.43937603
1.8019307	0.43931714
1.8025571	0.43937603
1.8031842	0.43925819
1.8038116	0.4390814
1.8044394	0.43902251
1.8050677	0.4390814
1.8056965	0.43890461
1.8063256	0.43884572
1.8069552	0.43878683
1.8075852	0.43878683
1.8082157	0.43890461
1.8088466	0.43878683
1.809478	0.43861002
1.8101097	0.43831551
1.8107419	0.43813869
1.8113745	0.43790299
1.8120078	0.43790299
1.8126413	0.43778515
1.8132753	0.43749058
1.8139096	0.4374316
1.8145447	0.43749058
1.8151799	0.43707812
1.8158158	0.43696022
1.8164519	0.43725485
1.8170887	0.43725485
1.8177258	0.43713701
1.8183634	0.43707812
1.8190013	0.43701917
1.8196399	0.43678349
1.8202788	0.43619424
1.8209183	0.43642998
1.8215581	0.43666568
1.8221985	0.43696022
1.8228391	0.43719596
1.8234804	0.4373138
1.8241218	0.43713701
1.824764	0.43696022
1.8254064	0.43637106
1.8260493	0.43548724
1.8266927	0.43589967
1.8273367	0.43666568
1.8279809	0.43660671
1.8286258	0.43613535
1.829271	0.43607643
1.8299167	0.43601754
1.8305628	0.435664
1.8312097	0.43578184
1.8318566	0.43625319
1.8325043	0.43654776
1.8331522	0.43696022
1.8338007	0.43696022
1.8344495	0.43642998
1.835099	0.43619424
1.8357487	0.43589967
1.8363992	0.43595856
1.83705	0.43607643
1.8377012	0.43625319
1.8383528	0.43719596
1.839005	0.43707812
1.8396575	0.43625319
1.8403107	0.43678349
1.8409641	0.43696022
1.8416178	0.43613535
1.8422722	0.43648887
1.8429272	0.4374316
1.8435825	0.43778515
1.8442384	0.43790299
1.8448946	0.43802088
1.8455515	0.43813869
1.8462087	0.4373138
1.8468666	0.43607643
1.8475248	0.43648887
1.8481835	0.43719596
1.8488425	0.43796191
1.8495022	0.43849221
1.8501621	0.4383744
1.8508228	0.4383744
1.8514837	0.43843329
1.852145	0.43802088
1.8528068	0.4373138
1.8534694	0.43654776
1.8541322	0.43696022
1.8547956	0.43784407
1.8554593	0.43778515
1.8561238	0.43701917
1.8567885	0.43684238
1.8574541	0.43725485
1.8581197	0.43737268
1.858786	0.43684238
1.8594526	0.43584076
1.8601199	0.43589967
1.8607875	0.43637106
1.8614557	0.43666568
1.8621242	0.43648887
1.8627936	0.43654776
1.8634632	0.43637106
1.8641332	0.43601754
1.8648038	0.43607643
1.8654748	0.43613535
1.8661463	0.43589967
1.8668184	0.43519261
1.8674908	0.4340142
1.8681637	0.43424988
1.868837	0.43489799
1.869511	0.43442664
1.8701854	0.43330708
1.8708603	0.43254119
1.8715357	0.43360171
1.8722117	0.4334839
1.872888	0.4323644
1.8735651	0.43271792
1.8742423	0.43324819
1.8749202	0.43260008
1.8755985	0.43271792
1.8762774	0.43283576
1.8769567	0.43248224
1.8776366	0.43277687
1.8783168	0.43301255
1.8789977	0.43283576
1.8796788	0.43248224
1.8803607	0.43218765
1.881043	0.43177518
1.8817258	0.43177518
1.882409	0.43153948
1.8830929	0.43083242
1.883777	0.43000755
1.8844618	0.42988971
1.8851469	0.4299486
1.8858327	0.42947724
1.8865188	0.42888802
1.8872057	0.42877018
1.8878928	0.4282988
1.8885808	0.42741501
1.8892689	0.42635447
1.8899578	0.42529383
1.8906469	0.42505816
1.8913368	0.42470467
1.892027	0.42399758
1.8927178	0.42334944
1.893409	0.42264238
1.8941009	0.42193529
1.8947932	0.42134607
1.8954861	0.42081583
1.8961793	0.42010877
1.8968732	0.41928384
1.8975675	0.41851792
1.8982624	0.4180465
1.8989576	0.41686812
1.8996536	0.4157486
1.9003499	0.41551292
1.9010466	0.41557181
1.9017439	0.41510046
1.9024419	0.41392201
1.9031402	0.41362742
1.9038392	0.41398096
1.9045385	0.41315606
1.9052386	0.41233116
1.905939	0.41262576
1.9066402	0.41286144
1.9073416	0.41333279
1.9080436	0.41368634
1.9087461	0.41374531
1.9094492	0.4138042
1.9101527	0.4138042
1.9108568	0.4138042
1.9115614	0.41392201
1.9122664	0.41445234
1.912972	0.41427553
1.9136782	0.41427553
1.9143847	0.41504157
1.915092	0.41568965
1.9157996	0.41580755
1.916508	0.41610217
1.9172167	0.41651458
1.9179261	0.41686812
1.9186358	0.41686812
1.9193462	0.41639674
1.9200571	0.41598424
1.9207685	0.41651458
1.9214803	0.4175162
1.9221928	0.41786978
1.9229058	0.4181644
1.9236195	0.41810545
1.9243335	0.41828221
1.9250481	0.41869467
1.9257631	0.41898924
1.9264789	0.41898924
1.927195	0.41916603
1.9279118	0.41934282
1.9286289	0.41934282
1.9293463	0.41969633
1.9300646	0.41987306
1.9307835	0.42010877
1.9315028	0.42022663
1.9322227	0.42034444
1.9329431	0.42034444
1.9336642	0.42022663
1.9343857	0.42040336
1.9351079	0.42081583
1.9358305	0.42087474
1.9365537	0.42087474
1.9372772	0.42099258
1.9380015	0.42128715
1.9387262	0.42140508
1.9394516	0.42140508
1.9401773	0.42164069
1.940904	0.42169967
1.9416308	0.42158177
1.9423584	0.42158177
1.9430864	0.4218764
1.943815	0.42175856
1.9445441	0.42146397
1.9452738	0.42140508
1.9460039	0.42158177
1.9467345	0.42164069
1.9474658	0.4218764
1.9481977	0.42193529
1.94893	0.42199424
1.949663	0.42205319
1.9503965	0.4218764
1.9511306	0.42181751
1.9518652	0.42199424
1.9526006	0.42228886
1.9533362	0.42246562
1.9540726	0.42252454
1.9548093	0.42264238
1.9555469	0.42276022
1.9562846	0.42281917
1.9570233	0.42299587
1.9577622	0.42317268
1.9585019	0.42299587
1.959242	0.42287806
1.9599829	0.42305484
1.960724	0.42287806
1.961466	0.42276022
1.9622083	0.42276022
1.9629514	0.42264238
1.9636948	0.42270133
1.9644389	0.42246562
1.9651834	0.4224067
1.9659288	0.42252454
1.9666744	0.42246562
1.9674209	0.42228886
1.9681678	0.422171
1.9689153	0.42199424
1.9696634	0.42175856
1.9704123	0.42164069
1.9711614	0.42158177
1.9719112	0.42158177
1.9726615	0.42140508
1.9734125	0.42116937
1.9741639	0.42099258
1.9749161	0.42093363
1.9756685	0.42069799
1.976422	0.42058015
1.9771756	0.42046228
1.9779301	0.4205212
1.9786849	0.42063907
1.9794405	0.42058015
1.9801965	0.42040336
1.9809532	0.4205212
1.9817104	0.42058015
1.9824681	0.42034444
1.9832264	0.4199909
1.9839855	0.41981417
1.984745	0.41946065
1.9855052	0.41934282
1.9862659	0.41916603
1.9870273	0.41916603
1.987789	0.41881251
1.9885516	0.41822329
1.9893147	0.41786978
1.9900783	0.41786978
1.9908425	0.41781083
1.9916074	0.41757515
1.9923728	0.41733947
1.9931389	0.41722161
1.9939053	0.4171038
1.9946727	0.41692701
1.9954402	0.41675025
1.9962088	0.41669133
1.9969776	0.41657349
1.9977473	0.41675025
1.9985173	0.41686812
1.9992882	0.41704488
2.0000594	0.41704488
2.0008314	0.41692701
2.0016038	0.41680917
2.002377	0.41663238
2.0031507	0.41621995
2.0039251	0.41592535
2.0046999	0.4157486
2.0054755	0.41551292
2.0062516	0.41515934
2.0070286	0.41451126
2.0078058	0.41392201
2.0085838	0.41350958
2.0093622	0.41309711
2.0101414	0.41256681
2.010921	0.41203654
2.0117013	0.41180086
2.0124824	0.41168299
2.0132637	0.41156518
2.0140457	0.4116241
2.0148287	0.4119187
2.0156119	0.41250792
2.016396	0.4132739
2.0171804	0.41409883
2.0179658	0.41486478
2.0187516	0.41586643
2.0195379	0.41669133
2.0203249	0.4171038
2.0211127	0.41781083
2.0219009	0.41869467
2.0226898	0.41963738
2.0234792	0.42040336
2.0242696	0.42116937
2.0250602	0.42193529
2.0258517	0.4224067
2.0266438	0.42287806
2.0274363	0.42352623
2.0282295	0.42393863
2.0290234	0.42411542
2.0298178	0.42429221
2.0306129	0.42458677
2.0314085	0.42470467
2.0322044	0.42494032
2.0330014	0.42499921
2.0337989	0.42482248
2.0345972	0.4248814
2.0353961	0.42494032
2.0361953	0.4248814
2.0369956	0.42494032
2.0377963	0.42464569
2.0385981	0.42417431
2.0393999	0.42393863
2.0402026	0.42387974
2.0410056	0.4237619
2.0418096	0.42334944
2.042614	0.42311379
2.0434194	0.42305484
2.044225	0.42305484
2.0450315	0.42281917
2.0458386	0.42270133
2.0466464	0.42246562
2.0474546	0.42211208
2.0482635	0.4218764
2.049073	0.42169967
2.0498834	0.42134607
2.0506942	0.42099258
2.0515053	0.42081583
2.0523174	0.42040336
2.0531304	0.42004985
2.0539436	0.41981417
2.0547578	0.41957843
2.0555725	0.41916603
2.0563879	0.41875359
2.057204	0.41857681
2.0580208	0.41828221
2.0588381	0.41786978
2.0596561	0.41763404
2.0604746	0.41739842
2.0612941	0.4171038
2.062114	0.41669133
2.0629346	0.41616106
2.0637558	0.41563076
2.0645773	0.41492373
2.0653996	0.41403994
2.0662231	0.41315606
2.0670469	0.41227219
2.0678713	0.41074032
2.0686965	0.40897262
2.0695224	0.40702826
2.0703487	0.40431783
2.0711763	0.40095934
2.0720038	0.39743429
2.0728326	0.39357358
2.0736616	0.38988066
2.0744915	0.38669133
2.0753219	0.38316631
2.076153	0.37930554
2.0769846	0.37723529
2.0778172	0.37729123
2.0786502	0.37902579
2.0794842	0.38154367
2.0803187	0.38428536
2.0811539	0.38730684
2.0819895	0.38999254
2.0828261	0.39195094
2.0836632	0.3937414
2.084501	0.39435691
2.0853395	0.39491645
2.0861788	0.39486048
2.0870185	0.39396521
2.0878592	0.3937414
2.0887003	0.39430094
2.0895422	0.39463669
2.0903847	0.39480454
2.0912282	0.39558786
2.092072	0.39620334
2.0929167	0.39653906
2.0937619	0.39721051
2.0946081	0.39799383
2.0954545	0.39911288
2.096302	0.3995046
2.0971498	0.3995046
2.0979986	0.39989626
2.0988479	0.40067959
2.0996981	0.4007915
2.1005487	0.40028793
2.1014004	0.4004558
2.1022525	0.40073553
2.1031053	0.40107122
2.1039588	0.401407
2.1048129	0.40129507
2.1056678	0.40062365
2.1065235	0.4004558
2.1073797	0.4004558
2.1082368	0.40012005
2.1090944	0.4004558
2.1099529	0.39989626
2.1108119	0.399001
2.1116717	0.39804983
2.1125321	0.3961474
2.1133935	0.39312592
2.1142552	0.38965684
2.115118	0.38663539
2.1159811	0.38585201
2.1168454	0.38786638
2.1177099	0.39077592
2.1185756	0.39301404
2.1194417	0.39474857
2.1203086	0.39581171
2.121176	0.39508429
2.1220446	0.39290214
2.1229134	0.39044023
2.1237831	0.38725087
2.1246536	0.38406157
2.1255245	0.3814877
2.1263962	0.37941748
2.1272688	0.37796265
2.1281419	0.37762693
2.1290162	0.37818646
2.1298907	0.37835437
2.1307662	0.37857816
2.1316423	0.37924957
2.1325192	0.37986505
2.1333966	0.38031271
2.1342752	0.38081625
2.135154	0.38120797
2.1360338	0.38187939
2.1369143	0.38277462
2.1377954	0.38316631
2.1386774	0.38355795
2.1395605	0.38366988
2.1404438	0.38355795
2.1413281	0.38394964
2.1422129	0.38473299
2.1430986	0.38540444
2.1439848	0.38601992
2.144872	0.38719493
2.1457596	0.38825804
2.1466477	0.38915327
2.1475368	0.39027232
2.148427	0.39133546
2.1493175	0.3927902
2.1502092	0.394245
2.1511011	0.39575577
2.1519942	0.39698672
2.1528878	0.39704266
2.1537826	0.39687476
2.1546776	0.39648312
2.1555736	0.39558786
2.1564703	0.39463669
2.1573677	0.39385334
2.1582658	0.39362952
2.1591649	0.3932938
2.1600645	0.3929581
2.1609645	0.3929581
2.1618655	0.39206281
2.1627674	0.39150327
2.1636701	0.3913914
2.1645734	0.3910557
2.1654775	0.39055207
2.1663826	0.389489
2.1672883	0.38786638
2.168195	0.38641155
2.169102	0.38562825
2.1700101	0.38400558
2.1709187	0.38266271
2.1718283	0.3819913
2.1727386	0.38159961
2.1736495	0.38187939
2.1745613	0.38305435
2.1754742	0.38406157
2.1763873	0.38473299
2.1773014	0.38501275
2.1782162	0.38568419
2.179132	0.38607585
2.1800482	0.38685918
2.1809654	0.38825804
2.1818831	0.38999254
2.1828015	0.39150327
2.1837208	0.39301404
2.1846411	0.39418906
2.1855621	0.39547598
2.1864841	0.39665097
2.1874065	0.39749026
2.1883299	0.39765814
2.189254	0.39732242
2.1901793	0.39726645
2.1911051	0.39721051
2.1920316	0.39726645
2.1929588	0.3970986
2.193887	0.39749026
2.1948156	0.39777005
2.1957452	0.39737836
2.1966755	0.39704266
2.197607	0.39687476
2.1985388	0.39648312
2.1994717	0.39603552
2.2004051	0.39586765
2.2013395	0.39592358
2.2022746	0.39581171
2.2032106	0.39514023
2.2041473	0.39463669
2.2050848	0.39463669
2.206023	0.39452475
2.2069621	0.394245
2.207902	0.39357358
2.2088428	0.39346161
2.2097843	0.3927902
2.2107267	0.39223066
2.2116697	0.39262235
2.2126141	0.39217472
2.2135587	0.3910557
2.2145045	0.39055207
2.2154505	0.39027232
2.216398	0.38988066
2.2173457	0.38943306
2.2182946	0.3889854
2.2192442	0.38797826
2.2201948	0.38624373
2.2211459	0.38428536
2.2220981	0.38159961
2.2230508	0.37757099
2.2240045	0.37175187
2.2249589	0.36492562
2.2259145	0.35798743
2.2268705	0.35160881
2.2278273	0.34752423
2.228785	0.34573373
2.2297437	0.34416702
2.2307031	0.34248844
2.2316635	0.34181702
2.2326245	0.34276822
2.2335865	0.34584564
2.234549	0.35015401
2.2355127	0.35412669
2.2364771	0.35787556
2.2374425	0.3614006
2.2384083	0.36425421
2.2393754	0.3659887
2.2403431	0.3674435
2.2413118	0.36856258
2.2422812	0.36906615
2.243252	0.3688983
2.2442229	0.36856258
2.2451949	0.3679471
2.2461677	0.36738756
2.2471414	0.3664923
2.2481158	0.36498156
2.2490911	0.36363867
2.2500672	0.36246365
2.251044	0.36084107
2.2520218	0.35899457
2.2530005	0.35698029
2.2539799	0.35502195
2.2549605	0.35261592
2.2559416	0.35009804
2.2569239	0.34752423
2.2579067	0.34483847
2.2588909	0.34220868
2.2598755	0.33997056
2.2608612	0.3371729
2.2618475	0.33375978
2.2628348	0.3302907
2.263823	0.32648587
2.264812	0.32262513
2.2658017	0.31921199
2.2667923	0.31518337
2.2677839	0.310875
2.2687764	0.30656663
2.2697697	0.30181059
2.2707639	0.29677483
2.271759	0.2915712
2.2727549	0.28558421
2.2737517	0.27942941
2.2747495	0.27316266
2.275748	0.26633638
2.2767475	0.25911847
2.2777479	0.25111717
2.278749	0.24305992
2.2797511	0.2341634
2.2807541	0.22364424
2.2817578	0.21301316
2.282763	0.20204636
2.2837684	0.18940097
2.284775	0.17479724
2.2857823	0.15946612
2.2867908	0.14519809
2.2877998	0.13288844
2.28881	0.12365618
2.2898209	0.11917993
2.2908323	0.12085853
2.2918451	0.12902766
2.2928588	0.14251235
2.2938731	0.15890658
2.2948887	0.17423773
2.2959049	0.18430926
2.2969222	0.18811406
2.2979403	0.18688309
2.2989597	0.1821271
2.2999794	0.17479724
2.3010006	0.1657888
2.3020222	0.15588512
2.303045	0.14581357
2.3040683	0.13529441
2.3050931	0.12449548
2.3061182	0.11408822
2.3071454	0.10429644
2.3081722	0.095735617
2.3092005	0.088405773
2.3102295	0.082083084
2.3112597	0.07732708
2.3122904	0.07475324
2.3133223	0.074417517
2.3143549	0.077494934
2.3153882	0.08583194
2.3164227	0.10026781
2.3174584	0.11761325
2.3184946	0.13395153
2.3195322	0.14676479
2.3205702	0.1556613
2.3216095	0.1617602
2.3226497	0.16612451
2.3236911	0.17015316
2.324733	0.17630796
2.3257761	0.18693905
2.3268199	0.20193444
2.3278646	0.21972752
2.3289104	0.23752058
2.3299572	0.25324339
2.3310046	0.26611257
2.3320534	0.2770234
2.3331029	0.28619972
2.3341534	0.29352957
2.3352048	0.29968441
2.3362572	0.30483207
2.3373103	0.30919641
2.3383648	0.31300122
2.3394198	0.315631
2.340476	0.31736556
2.3415329	0.31792507
2.342591	0.31764528
2.3436501	0.31697387
2.3447101	0.31529531
2.3457711	0.31288928
2.346833	0.31020355
2.3478959	0.30707017
2.3489597	0.30354515
2.3500245	0.29962844
2.3510904	0.29565576
2.3521569	0.29140335
2.3532248	0.28715092
2.3542933	0.28384969
2.3553631	0.28155562
2.3564336	0.28060442
2.3575051	0.28099608
2.3585775	0.28250682
2.3596511	0.28418541
2.3607256	0.28536043
2.3618011	0.28508064
2.3628776	0.28351396
2.363955	0.28049248
2.3650334	0.27629602
2.3661137	0.27148405
2.3671939	0.26583281
2.3682754	0.25973395
2.3693576	0.25341123
2.3704412	0.24692069
2.3715253	0.24009441
2.3726108	0.23237291
2.373697	0.22397995
2.3747847	0.21715367
2.3758729	0.21278933
2.3769624	0.21004765
2.3780525	0.20713808
2.379144	0.2030535
2.3802361	0.19801776
2.3813298	0.19354151
2.3824239	0.19007242
2.3835192	0.18721882
2.3846154	0.18492475
2.3857129	0.18341401
2.3868113	0.18307829
2.3879108	0.18190327
2.3890109	0.17793061
2.3901126	0.17149602
2.3912148	0.16696383
2.3923185	0.16964957
2.3934228	0.17770679
2.3945284	0.18436521
2.3956349	0.18811406
2.3967426	0.19303793
2.397851	0.20316543
2.3989608	0.2185525
2.4000711	0.23606582
2.4011834	0.25206837
2.4022958	0.26471373
2.4034097	0.27461743
2.4045243	0.28289846
2.4056404	0.28972477
2.4067569	0.29470456
2.4078751	0.29767007
2.4089937	0.29890105
2.4101133	0.29867721
2.4112341	0.29711053
2.4123564	0.29464862
2.4134791	0.29269025
2.4146035	0.29179502
2.4157286	0.29117954
2.4168549	0.29000452
2.4179819	0.28759855
2.4191108	0.28424135
2.4202399	0.28066036
2.4213705	0.2765758
2.4225018	0.26974952
2.4236345	0.26023751
2.424768	0.25016597
2.4259028	0.24328373
2.4270384	0.24322779
2.4281759	0.24927072
2.4293137	0.2571601
2.4304526	0.26264349
2.4315925	0.2633709
2.4327338	0.25945416
2.4338756	0.25419459
2.435019	0.25150883
2.4361632	0.25234812
2.4373078	0.25369099
2.4384544	0.25285169
2.4396017	0.25083742
2.4407504	0.25050166
2.4419	0.25329933
2.4430506	0.25609699
2.4442027	0.25615293
2.4453554	0.25419459
2.4465098	0.25184456
2.447665	0.25044572
2.4488211	0.24999811
2.4499784	0.24904691
2.4511368	0.24753617
2.4522963	0.2449064
2.4534569	0.24059799
2.4546185	0.23573007
2.4557815	0.23265268
2.4569452	0.23164551
2.4581103	0.23052645
2.4592764	0.22610617
2.4604435	0.21782511
2.4616117	0.20926429
2.4627812	0.20529164
2.4639518	0.20523569
2.4651229	0.20585117
2.4662957	0.20601901
2.4674697	0.20669045
2.4686446	0.21004765
2.4698207	0.2168739
2.4709978	0.22526686
2.4721763	0.23321222
2.4733558	0.2409337
2.4745364	0.24826355
2.4757183	0.25453031
2.4769011	0.26152444
2.478085	0.27019715
2.4792702	0.27752697
2.4804564	0.28105202
2.4816439	0.28038061
2.4828324	0.27775082
2.4840217	0.27612814
2.4852126	0.27618414
2.4864044	0.27629602
2.4875975	0.27528885
2.4887917	0.27310669
2.4899871	0.27042097
2.4911838	0.26711971
2.4923813	0.26320302
2.4935806	0.25872678
2.4947805	0.25464222
2.4959817	0.25262791
2.497184	0.25262791
2.4983873	0.25223622
2.4995921	0.25150883
2.5007977	0.25296363
2.5020049	0.25822321
2.5032129	0.265609
2.5044224	0.27176383
2.5056329	0.27394602
2.5068443	0.27327454
2.5080571	0.27215549
2.5092711	0.27014118
2.5104864	0.26600066
2.5117025	0.26051727
2.5129199	0.2557053
2.5141385	0.25212431
2.5153584	0.2498862
2.5165794	0.24983026
2.5178018	0.25139695
2.5190251	0.25363505
2.5202496	0.25598508
2.5214756	0.25827914
2.5227027	0.26051727
2.5239308	0.26253158
2.5251603	0.26225182
2.5263908	0.25911847
2.5276225	0.25520176
2.5288556	0.25341123
2.5300899	0.25430647
2.5313251	0.25676844
2.532562	0.25934225
2.5337996	0.26135656
2.5350387	0.26275539
2.536279	0.26342684
2.5375204	0.2633149
2.538763	0.26303515
2.5400069	0.2647697
2.5412521	0.2684626
2.5424979	0.27232334
2.5437455	0.27618414
2.5449944	0.2793175
2.5462441	0.27982107
2.5474954	0.2778627
2.548748	0.2756246
2.5500016	0.27277097
2.5512564	0.26863047
2.5525131	0.26370659
2.5537705	0.26051727
2.5550292	0.2595101
2.556289	0.26023751
2.5575502	0.26163635
2.5588126	0.2628673
2.5600762	0.26325896
2.561341	0.26376256
2.5626073	0.26448995
2.5638747	0.2633709
2.5651433	0.26141253
2.5664132	0.26085299
2.5676842	0.25990179
2.5689566	0.25844702
2.5702302	0.25984582
2.5715053	0.26393041
2.5727808	0.26488161
2.5740583	0.2609649
2.5753372	0.25464222
2.576617	0.25100526
2.5778983	0.25380293
2.579181	0.25917441
2.5804646	0.26191607
2.5817497	0.26275539
2.5830364	0.26241967
2.5843241	0.26415423
2.585613	0.2681269
2.5869033	0.27064475
2.5881948	0.27232334
2.5894876	0.27467337
2.5907817	0.2778627
2.592077	0.27998894
2.5933733	0.27808651
2.5946712	0.27338648
2.5959706	0.27277097
2.5972712	0.27579245
2.598573	0.27982107
2.5998762	0.28245085
2.6011808	0.28211513
2.6024866	0.27993298
2.6037939	0.2788139
2.6051023	0.28066036
2.6064122	0.28603184
2.6077232	0.29190689
2.6090355	0.29565576
2.6103492	0.29744625
2.6116643	0.297782
2.6129806	0.29699865
2.6142986	0.2958796
2.6156178	0.29302597
2.6169381	0.29078785
2.6182597	0.29151526
2.6195827	0.29129142
2.6209071	0.29190689
2.6222329	0.29459265
2.62356	0.29677483
2.6248877	0.2972784
2.6262174	0.2967189
2.6275485	0.29789388
2.628881	0.29806173
2.6302147	0.2967189
2.6315498	0.29794985
2.6328864	0.29918081
2.6342242	0.29934868
2.6355639	0.29968441
2.6369042	0.29962844
2.6382463	0.29923674
2.6395895	0.29834151
2.6409342	0.29699865
2.6422803	0.29576769
2.6436276	0.29470456
2.6449764	0.29369742
2.6463268	0.29369742
2.6476784	0.29464862
2.6490314	0.29565576
2.6503856	0.2963272
2.6517413	0.29604745
2.6530983	0.29610339
2.6544569	0.29655102
2.6558168	0.29660696
2.6571774	0.29722247
2.65854	0.29705459
2.6599042	0.29638317
2.6612697	0.29576769
2.6626365	0.29464862
2.6640048	0.29140335
2.6653745	0.2869271
2.6667454	0.28362587
2.6681182	0.28155562
2.6694922	0.27651983
2.6708674	0.27098051
2.6722443	0.26851854
2.6736224	0.26370659
2.6750021	0.25542554
2.676383	0.245354
2.6777654	0.23774439
2.6791496	0.23254076
2.6805348	0.23007883
2.6819217	0.22756094
2.6833098	0.22431566
2.6846995	0.22079062
2.6860905	0.21715367
2.6874828	0.21351674
2.6888769	0.20926429
2.6902716	0.2043964
2.6916685	0.19986419
2.6930668	0.19594748
2.6944666	0.19354151
2.6958678	0.19107957
2.6972704	0.18721882
2.6986744	0.18139969
2.7000799	0.17345437
2.7014871	0.16321497
2.7028956	0.15084934
2.7043056	0.1359099
2.7057171	0.120299
2.70713	0.10597502
2.7085443	0.091147475
2.7099602	0.073913939
2.7113776	0.05869472
2.7127967	0.049294613
2.7142169	0.041685004
2.7156389	0.034467064
2.7170622	0.028591994
2.718487	0.023388362
2.7199132	0.020254994
2.7213409	0.021150243
2.7227702	0.02422766
2.7242005	0.028591994
2.7256327	0.034075391
2.7270665	0.039670695
2.7285018	0.042524297
2.7299387	0.040230222
2.7313771	0.03575398
2.7328169	0.040062368
2.7342582	0.051252969
2.7357013	0.058750674
2.7371457	0.060037591
2.7385917	0.059478063
2.7400391	0.060932841
2.741488	0.062331669
2.7429385	0.063674539
2.7443907	0.065353133
2.7458441	0.06624838
2.747299	0.066136472
2.7487557	0.066136472
2.7502139	0.066584095
2.7516737	0.066919811
2.753135	0.066751957
2.7545979	0.065688848
2.7560623	0.065185271
2.7575283	0.065297179
2.7589962	0.064905509
2.7604654	0.063898347
2.7619359	0.062667385
2.7634082	0.061939999
2.7648821	0.06171618
2.7663574	0.061156657
2.7678344	0.060429264
2.7693131	0.059478063
2.7707932	0.058303054
2.772275	0.057799473
2.7737584	0.058023285
2.7752433	0.057911377
2.7767296	0.057183988
2.7782178	0.056400642
2.7797074	0.055449441
2.7811987	0.054554198
2.782691	0.053882763
2.7841854	0.053211324
2.7856815	0.052092262
2.7871792	0.050973203
2.7886784	0.050469626
2.7901793	0.050581533
2.7916818	0.051029157
2.7931859	0.051980358
2.794692	0.053267274
2.7961996	0.054778006
2.7977085	0.056232788
2.7992191	0.0574078
2.8007314	0.058079239
2.8022454	0.058247097
2.803761	0.058638766
2.8052781	0.059422109
2.806797	0.06037331
2.8083177	0.061492369
2.8098397	0.062723339
2.8113635	0.064345978
2.8128889	0.06585671
2.8144159	0.06719958
2.8159447	0.068542451
2.8174751	0.069717467
2.8190067	0.07055676
2.8205404	0.071507961
2.8220758	0.072291307
2.8236129	0.072850838
2.8251517	0.07352227
2.8266921	0.074193709
2.8282342	0.074809186
2.829778	0.075312771
2.8313241	0.075592533
2.8328712	0.076040156
2.83442	0.076431833
2.8359706	0.076767541
2.8375227	0.077103265
2.8390768	0.077662796
2.8406324	0.078278281
2.8421898	0.078613997
2.843749	0.078725904
2.84531	0.07866995
2.8468723	0.078558043
2.8484366	0.078390189
2.8500025	0.078390189
2.8515701	0.078613997
2.8531396	0.079117574
2.8547106	0.079229482
2.8562829	0.079397336
2.8578575	0.079509243
2.8594339	0.079565197
2.861012	0.079900913
2.8625917	0.080068775
2.8641732	0.080124736
2.8657565	0.080068775
2.8673415	0.080068775
2.8689287	0.080068775
2.870517	0.079956867
2.8721075	0.080068775
2.8736994	0.080236636
2.8752933	0.080180682
2.876889	0.080180682
2.8784864	0.08029259
2.8800855	0.080180682
2.8816857	0.079900913
2.8832886	0.079789013
2.8848929	0.080012821
2.8864994	0.080236636
2.8881073	0.08029259
2.8897173	0.080236636
2.8913291	0.080068775
2.8929424	0.080068775
2.8945582	0.080124736
2.8961751	0.080068775
2.897794	0.080236636
2.8994148	0.08029259
2.9010372	0.080236636
2.9026616	0.080012821
2.9042876	0.079956867
2.9059157	0.080180682
2.9075458	0.08029259
2.9091775	0.08029259
2.9108109	0.080236636
2.9124463	0.08040449
2.9140832	0.080628306
2.9157224	0.080628306
2.9173632	0.080796167
2.9190059	0.081075937
2.9206498	0.081243791
2.922296	0.081299737
2.9239442	0.081411645
2.9255943	0.081355698
2.9272463	0.081355698
2.9289	0.081467606
2.9305558	0.081299737
2.9322133	0.081187837
2.9338732	0.081467606
2.9355345	0.08163546
2.9371977	0.081803322
2.9388628	0.081859268
2.9405298	0.081859268
2.9421985	0.081803322
2.9438694	0.081971176
2.9455421	0.082194991
2.9472167	0.082530707
2.9488933	0.082922369
2.9505715	0.083202139
2.9522519	0.083314046
2.953934	0.083425954
2.9556181	0.083649769
2.9573042	0.083985485
2.9589922	0.084097393
2.9606814	0.084321201
2.9623733	0.084545024
2.964067	0.08499264
2.9657626	0.085384317
2.9674604	0.08583194
2.9691598	0.086279564
2.9708614	0.086895041
2.9725649	0.087286718
2.9742706	0.087510526
2.9759779	0.087790288
2.9776874	0.088014096
2.9793985	0.088293865
2.9811118	0.088741489
2.9828272	0.088909358
2.9845443	0.088965304
2.9862635	0.089301035
2.9879854	0.089860559
2.9897087	0.090476029
2.9914336	0.091035567
2.993161	0.091427237
2.99489	0.09187486
2.9966211	0.092546307
2.9983544	0.093049876
3.0000894	0.093385592
3.001826	0.093889177
3.0035653	0.094560601
3.0053065	0.095176093
3.0070496	0.095679663
3.0087948	0.096183248
3.0105422	0.096574917
3.0122914	0.097022533
3.0140429	0.097470164
3.0157964	0.097861834
3.0175517	0.098365404
3.0193093	0.098757081
3.0210688	0.09903685
3.0228302	0.099260665
3.0245938	0.099316612
3.0263596	0.099372566
3.0281272	0.09942852
3.0298975	0.09954042
3.0316694	0.099484473
3.0334435	0.09942852
3.0352194	0.099820197
3.0369976	0.10043568
3.0387776	0.10105116
3.04056	0.1017226
3.0423443	0.10217022
3.0441301	0.10272975
3.0459187	0.10328928
3.0477092	0.10368095
3.0495021	0.10396072
3.0512969	0.10424048
3.0530939	0.10468811
3.054893	0.10513573
3.0566943	0.10558335
3.0584979	0.10586312
3.0603034	0.10614289
3.0621109	0.10636669
3.0639207	0.10670242
3.0657327	0.10726195
3.0675466	0.10776553
3.0693629	0.10821314
3.0711813	0.10854886
3.0730011	0.10866077
3.0748239	0.10899648
3.0766487	0.10950007
3.0784757	0.10977983
3.0803049	0.1101715
3.0821362	0.11084294
3.0839698	0.11151437
3.0858054	0.11235368
3.0876439	0.11313701
3.0894837	0.11352869
3.0913262	0.11375249
3.0931706	0.11392035
3.0950172	0.11408822
3.0968661	0.11459179
3.0987172	0.11554299
3.1005704	0.11655015
3.1024263	0.1177811
3.104284	0.1186204
3.106144	0.11951565
3.1080062	0.12046685
3.1098707	0.12141805
3.1117373	0.12225735
3.1136062	0.12292879
3.1154773	0.12365618
3.1173501	0.12449548
3.1192257	0.12527882
3.1211035	0.12628597
3.1229837	0.12718123
3.1248662	0.12796456
3.1267509	0.12858005
3.128638	0.12930743
3.1305273	0.12986697
3.1324193	0.13037054
3.1343131	0.13081817
3.1362092	0.13115388
3.1381078	0.13132174
3.1400084	0.13109793
3.1419115	0.1306503
3.1438167	0.13014673
3.1457245	0.12986697
3.1476347	0.13031459
3.1495469	0.13098603
3.1514616	0.1313777
3.1533785	0.13098603
3.1552978	0.13025863
3.1572194	0.13076222
3.1591434	0.13238485
3.1610696	0.13411939
3.162998	0.13546225
3.1649289	0.13641347
3.1668622	0.13736467
3.168798	0.13831587
3.1707361	0.13949089
3.1726766	0.14077781
3.1746194	0.14206472
3.1765647	0.1434076
3.1785126	0.14480641
3.1804626	0.14609334
3.182415	0.14726835
3.1843698	0.14833146
3.186327	0.14961837
3.1882865	0.15112911
3.1902485	0.1528077
3.1922131	0.15437439
3.19418	0.15599702
3.1961493	0.1575637
3.1981211	0.15913039
3.2000952	0.16052921
3.2020719	0.16192804
3.2040508	0.16327092
3.2060323	0.16450188
3.2080164	0.16567689
3.2100022	0.16679595
3.2119911	0.16785908
3.2139823	0.16875432
3.215976	0.1695936
3.2179723	0.17043293
3.2199712	0.17144006
3.2219722	0.1724472
3.2239761	0.17351033
3.2259824	0.17468533
3.2279911	0.17586035
3.2300024	0.17697941
3.2320161	0.17815442
3.2340324	0.17944135
3.2360511	0.18050446
3.2380724	0.1815116
3.2400961	0.18257472
3.2421229	0.18369378
3.2441516	0.18458901
3.2461832	0.18537237
3.2482171	0.18621168
3.2502534	0.186995
3.2522926	0.18772237
3.2543342	0.18844979
3.2563784	0.18917719
3.2584248	0.18979265
3.2604742	0.19029625
3.262526	0.1907998
3.2645805	0.19124743
3.2666376	0.19152717
3.2686973	0.19141531
3.2707596	0.19091173
3.2728245	0.18973671
3.2748921	0.18805811
3.2769623	0.18609975
3.2790351	0.18436521
3.2811103	0.18352592
3.2831883	0.18352592
3.2852688	0.18386163
3.2873521	0.18408544
3.289438	0.18391757
3.2915258	0.18313424
3.293617	0.18106398
3.2957108	0.17737108
3.2978072	0.17144006
3.2999065	0.16388641
3.3020084	0.15588512
3.3041129	0.14872313
3.3062201	0.14318378
3.3083303	0.13954683
3.3104429	0.13770039
3.3125582	0.13792419
3.314676	0.13988255
3.3167968	0.14335163
3.3189204	0.14799574
3.3210464	0.15370296
3.3231752	0.16002564
3.3253074	0.16646025
3.3274417	0.17295079
3.3295789	0.17899372
3.3317187	0.18419734
3.3338614	0.18817002
3.3360066	0.19012839
3.3381548	0.19007242
3.3403056	0.18850572
3.3424585	0.18509261
3.344615	0.17960921
3.3467741	0.17255913
3.3489361	0.1648376
3.3511009	0.15773158
3.3532684	0.1525839
3.3554389	0.15062554
3.3576121	0.15202436
3.3597887	0.15622084
3.3619676	0.1620959
3.3641491	0.16802692
3.3663337	0.17272697
3.368521	0.17619607
3.3707113	0.17904967
3.3729043	0.18162352
3.3751001	0.18386163
3.3772995	0.18593191
3.3795011	0.18800214
3.3817058	0.19035219
3.383913	0.19270222
3.3861232	0.19499627
3.3883364	0.19706656
3.3905525	0.19885704
3.3927715	0.20014396
3.3949924	0.20075944
3.3972173	0.2009273
3.3994448	0.2007035
3.4016755	0.20003206
3.403909	0.19919276
3.4061456	0.19812964
3.408385	0.19729035
3.4106274	0.19661893
3.4128728	0.19633916
3.4151211	0.19673081
3.4173725	0.19779393
3.4196265	0.19980824
3.4218838	0.2027178
3.424144	0.20613094
3.4264071	0.20993574
3.4286733	0.21362862
3.4309425	0.21698582
3.4332149	0.22000729
3.4354899	0.22258112
3.4377682	0.2248752
3.4400494	0.22716928
3.4423335	0.22923952
3.4446208	0.23108597
3.4469111	0.23282053
3.449204	0.234611
3.4515004	0.23628961
3.4537997	0.23785631
3.4561024	0.23936704
3.4584079	0.24059799
3.4607165	0.24171706
3.4630284	0.24233253
3.4653432	0.24250038
3.4676619	0.24244444
3.4699829	0.24210873
3.472307	0.24115753
3.4746342	0.23998252
3.4769647	0.23908727
3.4792981	0.23830393
3.4816349	0.2376325
3.4839747	0.23740867
3.4863167	0.23746462
3.488663	0.23735273
3.4910121	0.23707296
3.4933646	0.23651342
3.4957201	0.23584199
3.4980791	0.2352265
3.5004408	0.23528247
3.5028062	0.23645748
3.5051751	0.2388075
3.5075467	0.24227659
3.5099213	0.2461933
3.5122993	0.25005406
3.5146806	0.25352314
3.517065	0.25682437
3.5194528	0.25995773
3.5218437	0.26264349
3.5242381	0.26504946
3.5266356	0.26700783
3.5290363	0.26885426
3.5314403	0.27047691
3.5338476	0.27176383
3.536258	0.27299482
3.538672	0.27411386
3.5410891	0.27495316
3.5435085	0.27584839
3.5459323	0.27668768
3.5483594	0.27763888
3.5507898	0.27842224
3.5532234	0.27903771
3.5556605	0.27987701
3.5581009	0.28066036
3.5605447	0.28116393
3.5629921	0.28177941
3.5654426	0.28233895
3.5678964	0.28284252
3.5703535	0.28334612
3.5728142	0.28396159
3.5752783	0.28435329
3.5777457	0.28474495
3.5802164	0.28513658
3.5826914	0.28552827
3.5851691	0.28575209
3.5876501	0.28608781
3.5901346	0.28647947
3.5926225	0.28687114
3.595114	0.28698304
3.5976088	0.28709495
3.6001072	0.28737473
3.6026084	0.28765449
3.6051137	0.2877664
3.6076224	0.2878783
3.6101346	0.28799021
3.6126504	0.28821403
3.6151698	0.28832594
3.6176925	0.28849378
3.620219	0.28854975
3.6227491	0.28854975
3.6252825	0.28860569
3.6278193	0.28882951
3.6303599	0.28899735
3.6329038	0.28916523
3.6354516	0.28938904
3.6380026	0.28961283
3.6405575	0.28972477
3.6431165	0.29022834
3.6456785	0.29062
3.6482441	0.29101166
3.6508133	0.29151526
3.6533861	0.29224265
3.6559625	0.29269025
3.6585426	0.29313788
3.6611264	0.29352957
3.6637127	0.29408908
3.6663036	0.29464862
3.6688983	0.295376
3.6714969	0.2958796
3.6740987	0.29649505
3.6767046	0.29688674
3.6793139	0.29744625
3.6819272	0.29789388
3.6845443	0.29599148
3.687165	0.28401753
3.6897893	0.27758294
3.6924174	0.29034021
3.695049	0.29923674
3.6976848	0.30125108
3.7003241	0.30147487
3.7029672	0.30181059
3.7056146	0.30237013
3.7082653	0.3028737
3.7109196	0.30292967
3.713578	0.30326536
3.7162399	0.30343324
3.7189059	0.30371299
3.7215757	0.30388084
3.7242491	0.30427253
3.7269256	0.30444038
3.7296069	0.30466419
3.7322919	0.30483207
3.7349808	0.30505589
3.7376738	0.30522373
3.7403705	0.30539161
3.7430711	0.30539161
3.7457757	0.30555946
3.7484846	0.30567136
3.7511971	0.30583921
3.7539134	0.30578327
3.7566335	0.30589518
3.7593577	0.30578327
3.7620859	0.30567136
3.764818	0.30555946
3.767554	0.30539161
3.770293	0.30527967
3.7730372	0.30522373
3.7757852	0.30511183
3.778537	0.30499992
3.7812932	0.30488804
3.7840533	0.30460826
3.7868173	0.30427253
3.7895856	0.30399278
3.7923579	0.30371299
3.7951343	0.30354515
3.7979145	0.30332136
3.800699	0.30298561
3.8034875	0.30270585
3.8062801	0.30242607
3.8090768	0.30220228
3.8118775	0.30197847
3.8146832	0.30169868
3.8174922	0.30147487
3.8203053	0.30130702
3.8231227	0.30136299
3.8259442	0.30113918
3.8287699	0.30097133
3.8315997	0.30080345
3.8344338	0.30069155
3.837271	0.30057964
3.8401134	0.30057964
3.8429599	0.30035582
3.8458109	0.30029988
3.848666	0.30024391
3.8515253	0.3000201
3.8543887	0.29968441
3.8572567	0.29940462
3.8601296	0.29923674
3.8630059	0.29895699
3.8658867	0.29867721
3.8687716	0.29834151
3.8716609	0.29811773
3.8745544	0.29794985
3.8774524	0.29761413
3.8803546	0.29733437
3.8832617	0.29705459
3.8861728	0.29677483
3.8890882	0.29643911
3.8920078	0.2962153
3.894932	0.29599148
3.8978605	0.2957117
3.9007933	0.29543194
3.9037306	0.29532006
3.9066718	0.29515219
3.9096179	0.29504028
3.9125686	0.29498434
3.9155238	0.2949284
3.9184833	0.2948724
3.9214473	0.29498434
3.9244158	0.29498434
3.9273889	0.29504028
3.9303668	0.29515219
3.9333489	0.2952641
3.9363356	0.295376
3.9393268	0.29554385
3.9423223	0.29559982
3.9453225	0.29576769
3.9483273	0.29599148
3.9513369	0.29627123
3.9543512	0.29627123
3.9573698	0.2963272
3.960393	0.29643911
3.9634209	0.29649505
3.9664533	0.29660696
3.9694903	0.2967189
3.972532	0.29666293
3.9755785	0.2967189
3.9786289	0.2967189
3.9816847	0.29677483
3.984745	0.29677483
3.9878104	0.29683077
3.9908803	0.29666293
3.9939549	0.29655102
3.9970343	0.29627123
4.0001183	0.29599148
4.0032082	0.29554385
4.0063019	0.29515219
4.0094004	0.29464862
4.0125036	0.29403314
4.0156116	0.29341766
4.0187244	0.29285809
4.021842	0.29213074
4.0249648	0.29145929
4.028091	0.29089975
4.0312233	0.29050812
4.0343604	0.28994858
4.0375023	0.28955689
4.0406489	0.28916523
4.0438008	0.28882951
4.046958	0.28854975
4.0501194	0.28826997
4.0532866	0.28804615
4.056458	0.28799021
4.0596347	0.2877664
4.0628161	0.28771046
4.0660028	0.28771046
4.0691943	0.28771046
4.0723906	0.28759855
4.0755925	0.28748661
4.0787992	0.28754258
4.0820107	0.28771046
4.0852275	0.28771046
4.0884495	0.28771046
4.0916762	0.2877664
4.0949082	0.28804615
4.0981455	0.28810209
4.1013875	0.28821403
4.1046343	0.28826997
4.1078868	0.28832594
4.1111441	0.28832594
4.1144071	0.28832594
4.1176748	0.28826997
4.1209483	0.28826997
4.1242266	0.28810209
4.1275101	0.28799021
4.1307993	0.28793424
4.1340938	0.28782234
4.137393	0.28759855
4.1406975	0.28737473
4.1440077	0.28703901
4.1473227	0.2868152
4.1506433	0.28664732
4.1539693	0.28642353
4.1573014	0.28631163
4.1606379	0.28614375
4.16398	0.28591993
4.1673269	0.28575209
4.1706796	0.28564018
4.1740379	0.28552827
4.1774011	0.28547233
4.1807699	0.28541636
4.1841431	0.28524849
4.1875229	0.28519255
4.190908	0.28508064
4.1942987	0.28480089
4.1976953	0.28435329
4.2010965	0.28396159
4.204504	0.28345799
4.2079167	0.28267467
4.2113357	0.28189132
4.2147593	0.28099608
4.2181888	0.28004488
4.2216239	0.27920559
4.2250643	0.27853414
4.2285104	0.27803057
4.2319622	0.27758294
4.2354198	0.27735913
4.2388835	0.27730319
4.242352	0.27747104
4.2458267	0.27780676
4.2493072	0.27842224
4.2527928	0.2793175
4.2562842	0.27987701
4.2597818	0.27909365
4.2632847	0.27752697
4.2667923	0.27629602
4.2703071	0.27556863
4.2738276	0.2750091
4.2773538	0.27456146
4.2808857	0.27411386
4.2844238	0.27372217
4.2879677	0.27344242
4.2915173	0.27327454
4.2950735	0.27310669
4.298635	0.27305076
4.3022022	0.27305076
4.3057756	0.27316266
4.3093548	0.2732186
4.3129401	0.27327454
4.3165312	0.2732186
4.3201284	0.27316266
4.3237324	0.27316266
4.3273416	0.27327454
4.3309565	0.27305076
4.3345776	0.27271503
4.3382049	0.27249122
4.3418384	0.27232334
4.3454776	0.27209955
4.3491235	0.27187571
4.3527737	0.27154002
4.3564315	0.27103645
4.3600955	0.27064475
4.3637652	0.27030906
4.3674417	0.26974952
4.3711243	0.26902214
4.3748131	0.26823878
4.3785081	0.26739949
4.3822103	0.26639235
4.3859177	0.26521733
4.3896313	0.2638185
4.3933511	0.26236373
4.3970776	0.26085299
4.4008102	0.25928631
4.4045491	0.25777557
4.4082947	0.25626484
4.412045	0.25475413
4.415803	0.25324339
4.4195676	0.25145289
4.4233384	0.24938262
4.4271159	0.24708854
4.4308996	0.2445147
4.43469	0.24182896
4.4384871	0.23919916
4.4422908	0.2366813
4.4461007	0.234611
4.4499168	0.2331003
4.4537401	0.23198125
4.4575696	0.23114192
4.4614058	0.23063836
4.4652486	0.23047049
4.4690976	0.23041455
4.4729543	0.23041455
4.4768167	0.23041455
4.4806862	0.23041455
4.4845624	0.23030265
4.4884448	0.23019072
4.4923344	0.23007883
4.4962306	0.22979906
4.5001335	0.2296312
4.5040426	0.22968714
4.5079594	0.22979906
4.5118828	0.22974312
4.5158129	0.22968714
4.5197501	0.22968714
4.523694	0.22951929
4.5276446	0.22935143
4.5316024	0.22895977
4.5355678	0.22828834
4.5395393	0.22778475
4.5435181	0.22722523
4.5475035	0.22649784
4.551496	0.22560257
4.5554957	0.22459543
4.5595021	0.22347637
4.5635157	0.22246921
4.5675368	0.22146206
4.5715647	0.22039893
4.5755997	0.21922395
4.5796418	0.21788107
4.5836911	0.21609057
4.5877471	0.21413222
4.5918107	0.21183814
4.5958815	0.20909645
4.5999584	0.20601901
4.604044	0.20266186
4.6081362	0.19891299
4.612236	0.19488437
4.616343	0.19057599
4.6204576	0.18632355
4.6245794	0.18195923
4.6287084	0.17765085
4.6328454	0.17373414
4.6369891	0.17026505
4.6411405	0.16735549
4.6452994	0.16517332
4.6494656	0.16371854
4.6536388	0.16282329
4.6578202	0.16237567
4.6620088	0.16215187
4.6662059	0.16181614
4.6704097	0.16136852
4.6746206	0.16075304
4.6788397	0.16002564
4.6830664	0.15907446
4.6873007	0.15817919
4.6915426	0.15728395
4.6957922	0.1563887
4.7000484	0.15577322
4.7043133	0.15549345
4.7085862	0.1556613
4.7128668	0.15633275
4.717155	0.1573399
4.7214513	0.15857087
4.7257552	0.1599697
4.7300668	0.16131257
4.7343879	0.16259947
4.7387152	0.16343878
4.7430506	0.1636626
4.7473941	0.16327092
4.7517457	0.16215187
4.7561049	0.16024947
4.7604723	0.15773158
4.7648478	0.15493391
4.7692318	0.15213627
4.7736235	0.14973028
4.7780232	0.14782788
4.7824311	0.14642905
4.7868466	0.14542191
4.7912707	0.14469452
4.7957029	0.14374331
4.8001437	0.14284806
4.8045907	0.14189687
4.8090477	0.14105757
4.8135128	0.14033018
4.8179865	0.13965875
4.8224683	0.1389873
4.8269582	0.13842778
4.8314571	0.13792419
4.8359637	0.13747658
4.8404803	0.13719681
4.8450041	0.13702895
4.8495364	0.13674919
4.8540773	0.13624561
4.8586264	0.13551822
4.8631845	0.13445511
4.8677506	0.13305628
4.8723259	0.1314896
4.8769083	0.1295872
4.8815002	0.12740503
4.8861008	0.12505502
4.8907104	0.12248117
4.8953285	0.11968352
4.8999557	0.11688586
4.9045911	0.1139763
4.909236	0.1110108
4.9138899	0.10793338
4.9185519	0.10485597
4.923223	0.10194641
4.9279027	0.099260665
4.9325914	0.096966594
4.9372892	0.095623717
4.9419956	0.095287994
4.9467115	0.096015394
4.951437	0.097470164
4.9561706	0.099260665
4.9609137	0.10105116
4.9656653	0.1026738
4.9704261	0.10379285
4.9751964	0.10452025
4.9799757	0.10496787
4.9847641	0.10519168
4.9895606	0.10530359
4.9943671	0.10519168
4.9991837	0.10502382
5.0040088	0.10485597
5.0088439	0.1045762
5.0136881	0.10412857
5.0185413	0.1035131
5.0234041	0.10284165
5.0282774	0.10200235
5.0331593	0.1007714
5.0380507	0.09914875
5.0429511	0.097078495
5.0478616	0.094504654
5.0527816	0.091483191
5.0577111	0.088014096
5.0626502	0.084153347
5.0675998	0.080012821
5.0725584	0.075536579
5.0775266	0.070668668
5.0825043	0.065520987
5.087492	0.06031736
5.0924897	0.055393495
5.097497	0.050917249
5.1025143	0.046776723
5.1075401	0.04330764
5.112577	0.040621895
5.1176243	0.03866354
5.1226811	0.0370409
5.127748	0.035865888
5.1328249	0.034970637
5.1379123	0.034467064
5.1430092	0.034075391
5.1481171	0.033739671
5.1532345	0.033403955
5.1583619	0.032900378
5.1634998	0.032340847
5.1686478	0.031557504
5.1738062	0.030606302
5.1789751	0.029599149
5.184154	0.028591994
5.1893444	0.027640793
5.1945438	0.026745547
5.1997542	0.025962202
5.2049747	0.025458625
5.210206	0.025122907
5.2154474	0.025066951
5.2206998	0.025290767
5.2259626	0.025682436
5.2312346	0.026186014
5.2365189	0.026689593
5.2418137	0.02724912
5.2471189	0.027864603
5.2524352	0.028480086
5.2577624	0.028983666
5.2631001	0.029543195
5.2684488	0.02999082
5.273809	0.030326538
5.2791796	0.030606302
5.2845607	0.030718211
5.2899532	0.030662255
5.2953568	0.030438446
5.3007712	0.030102728
5.3061967	0.029599149
5.3116336	0.028983666
5.3170795	0.028200321
5.3225384	0.027193168
5.3280087	0.026353875
5.3334904	0.025682436
5.3389831	0.025122907
5.3444872	0.02461933
5.3500028	0.02422766
5.3555293	0.023947895
5.3610692	0.023891941
5.3666191	0.023835987
5.37218	0.023835987
5.3777528	0.023947895
5.3833375	0.024115751
5.3889332	0.024451468
5.3945408	0.024731234
5.4001603	0.024899095
5.4057918	0.024955049
5.4114347	0.025011001
5.417089	0.024787188
5.4227557	0.024339566
5.4284339	0.023835987
5.434124	0.023108598
5.439826	0.022269303
5.44554	0.021430008
5.4512644	0.020590713
5.4570026	0.01980737
5.4627528	0.019135933
5.4685154	0.01868831
5.4742899	0.018352591
5.4800768	0.018016873
5.4858756	0.017960921
5.4916868	0.018016873
5.4975119	0.018184733
5.5033479	0.018296639
5.5091963	0.018464496
5.5150576	0.018632358
5.5209308	0.01868831
5.5268164	0.018744262
5.5327148	0.018912122
5.5386262	0.019191885
5.5445509	0.019415699
5.550487	0.019695463
5.5564361	0.020031184
5.562398	0.020366902
5.5683727	0.020926431
5.5743604	0.021541914
5.5803604	0.022157397
5.5863738	0.022884786
5.5923977	0.023668129
5.5984373	0.02422766
5.6044893	0.024843141
5.6105552	0.025290767
5.6166334	0.02557053
5.6227255	0.025794342
5.6288304	0.025794342
5.6349487	0.025458625
5.6410818	0.024899095
5.6472268	0.024563378
5.6533852	0.02422766
5.6595569	0.024003848
5.6657424	0.023835987
5.6719413	0.023612177
5.6781535	0.023724081
5.6843796	0.024059799
5.6906204	0.024563378
5.6968741	0.025178861
5.7031412	0.025850296
5.7094221	0.026353875
5.7157168	0.026969358
5.7220259	0.027584838
5.7283483	0.028144369
5.7346849	0.028591994
5.7410331	0.028927712
5.7473979	0.029039619
5.7537766	0.029151527
5.76017	0.02887176
5.7665772	0.028480086
5.7729988	0.028536042
5.7794347	0.02831223
5.7858849	0.027864603
5.7923512	0.027137214
5.7988305	0.026297919
5.8053241	0.025290767
5.811832	0.023947895
5.8183551	0.022381209
5.8248925	0.021094291
5.8314447	0.020087134
5.8380117	0.019415699
5.8445945	0.019024028
5.851191	0.018800216
5.8578029	0.018856168
5.864429	0.019135933
5.8710709	0.01980737
5.877727	0.020366902
5.8843989	0.021374054
5.8910856	0.022269303
5.8977852	0.02277288
5.9045024	0.023052644
5.9112349	0.022828832
5.9179831	0.022213349
5.9247465	0.021206196
5.9315252	0.019751417
5.9383197	0.018240685
5.9451299	0.017289484
5.9519572	0.016226377
5.9587984	0.015275175
5.9656553	0.014547786
5.9725285	0.014323974
5.9794173	0.014268021
5.9863219	0.014212068
5.9932423	0.014212068
6.0001788	0.014491833
6.0071297	0.014771597
6.0140982	0.014939456
6.0210834	0.015275175
6.0280848	0.015666846
6.0351024	0.015778752
6.0421362	0.015610892
6.0491862	0.015387082
6.0562534	0.015610892
6.0633373	0.0157228
6.0704374	0.015834706
6.0775537	0.016114471
6.0846872	0.016618049
6.0918374	0.017289484
6.0990043	0.018184733
6.1061878	0.019135933
6.1133885	0.020478807
6.1206079	0.022325259
6.1278424	0.024003848
6.1350942	0.025514578
6.1423635	0.026745547
6.1496496	0.028032465
6.1569533	0.029207477
6.1642742	0.030438446
6.1716127	0.031557504
6.1789665	0.032284893
6.1863399	0.033180144
6.1937308	0.034634918
6.2011395	0.035809934
6.2085662	0.036761135
6.2160106	0.037824243
6.2234726	0.038887352
6.2309527	0.04000641
6.238452	0.040957615
6.2459679	0.041796908
6.2535024	0.042636205
6.261055	0.043195732
6.2686257	0.043587405
6.2762151	0.043755263
6.2838225	0.043811217
6.2914486	0.043699309
6.2990947	0.043643359
6.3067579	0.043531451
6.3144398	0.043475498
6.3221402	0.043475498
6.3298597	0.043699309
6.3375978	0.043699309
6.345355	0.043811217
6.3531313	0.044538606
6.3609242	0.044706464
6.3687387	0.044538606
6.3765721	0.044706464
6.3844252	0.044762418
6.3922973	0.044650517
6.4001889	0.044370744
6.4081001	0.043363594
6.4160309	0.042804062
6.4239826	0.043251686
6.431953	0.043643359
6.4399428	0.043923121
6.4479527	0.043923121
6.4559822	0.043699309
6.4640322	0.04330764
6.4721022	0.042524297
6.4801922	0.04162905
6.4883046	0.04034213
6.4964356	0.039502833
6.5045867	0.039334975
6.5127583	0.038775444
6.5209503	0.038104009
6.5291634	0.037824243
6.5373969	0.037544478
6.545651	0.037208758
6.5539231	0.036873043
6.5622191	0.036705181
6.5705361	0.036481369
6.5788746	0.036873043
6.587234	0.03743257
6.5956144	0.037992105
6.6040168	0.038551632
6.6124401	0.038887352
6.6208863	0.03911116
6.629353	0.038943306
6.6378412	0.038887352
6.6463513	0.039614741
6.6548829	0.040174268
6.6634369	0.040230222
6.6720128	0.039894506
6.6806107	0.039446883
6.6892328	0.038999256
6.6978755	0.038439725
6.7065401	0.037656385
6.7152276	0.0370409
6.723937	0.036257558
6.7326698	0.035418265
6.7414246	0.034355156
6.7502027	0.033236098
6.7590008	0.032172989
6.7678242	0.030886067
6.7766714	0.029543195
6.7855411	0.028256277
6.7944345	0.027193168
6.8033509	0.026297919
6.8122911	0.025290767
6.8212547	0.024059799
6.8302436	0.02316455
6.8392544	0.022605022
6.848289	0.021989539
6.8573475	0.021318102
6.8664303	0.020870479
6.8755369	0.021038337
6.8846679	0.021094291
6.8938227	0.020926431
6.9029989	0.020590713
6.9122028	0.020310948
6.9214315	0.01980737
6.9306846	0.019191885
6.9399629	0.018576404
6.9492655	0.017960921
6.9585934	0.01740139
6.9679465	0.017009718
6.9773269	0.016674001
6.9867301	0.016282329
6.9961591	0.016002564
7.0056133	0.015778752
7.0150933	0.015443034
7.0245986	0.015107316
7.0341301	0.014603739
7.0436873	0.014212068
7.0532722	0.013932302
7.0628819	0.013596584
7.0725174	0.013372773
7.0821791	0.013093007
7.0918674	0.012813242
7.1015825	0.01258943
7.1113243	0.012309665
7.1210923	0.012085853
7.1308832	0.011917993
7.1407056	0.01163823
7.1505547	0.011246557
7.1604309	0.010966793
7.1703348	0.010854886
7.1802659	0.010798933
7.1902246	0.010575121
7.200211	0.01035131
7.210228	0.010295357
7.2202702	0.010239404
7.23034	0.010239404
7.2404385	0.01035131
7.2505651	0.010407262
7.2607198	0.010407262
7.2709031	0.010295357
7.2811151	0.010183451
7.2913575	0.010071544
7.3016272	0.010015592
7.3119259	0.0099036852
7.3222532	0.0097358264
7.3326101	0.0095679667
7.3429961	0.0094560608
7.3534117	0.0092322482
7.3638568	0.0090643894
7.3743277	0.0089524835
7.3848329	0.0087846247
7.3953671	0.008560813
7.4059319	0.0084489062
7.4165273	0.0083929542
7.4271526	0.0083370004
7.4378085	0.0083370004
7.4484949	0.0083370004
7.4592152	0.0081691416
7.4699631	0.0080572357
7.4807425	0.007945329
7.4915524	0.0078334231
7.5023942	0.0077215168
7.513267	0.0074977051
7.5241718	0.007161987
7.5351081	0.0068822214
7.5460782	0.0067143627
7.5570784	0.0063786446
7.5681105	0.006098879
7.579175	0.0060429266
7.5902719	0.0059310202
7.6014013	0.0058191149
7.6125636	0.0056512556
7.6237588	0.0055393493
7.6349821	0.0055393493
7.6462431	0.0055393493
7.6575375	0.0054833964
7.6688652	0.005427443
7.6802268	0.0053155371
7.6916218	0.0052036312
7.7030506	0.0051476783
7.7145133	0.0052595842
7.7260127	0.005427443
7.7375441	0.0055953022
7.7491097	0.0057072081
7.7607102	0.0059869736
7.7723455	0.0061548324
7.7840157	0.0063226917
7.7957211	0.0064905505
7.8074613	0.0066024573
7.8192339	0.0067143627
7.8310452	0.0068822214
7.8428926	0.0071060341
7.8547754	0.0072179399
7.8666949	0.0073298458
7.8786502	0.0074977051
7.8906422	0.007553658
7.9026704	0.007553658
7.9147372	0.007553658
7.9268394	0.007553658
7.9389782	0.0074977051
7.9511547	0.0074417526
7.9633684	0.0074977051
7.9756198	0.0074977051
7.9879088	0.0076096114
8.0002356	0.0078334231
8.0126038	0.0080012819
8.0250072	0.0082250945
8.0374498	0.0084489062
8.0499296	0.0087286718
8.0624495	0.0090643894
8.0750074	0.009344155
8.0876055	0.0094560608
8.1002417	0.0097358264
8.1129141	0.010239404
8.1256304	0.010687027
8.1383867	0.011190604
8.1511831	0.011750134
8.1640196	0.012365617
8.1768961	0.013093007
8.1898146	0.013820397
8.2027731	0.01443588
8.2157736	0.015219223
8.2288151	0.016282329
8.2418976	0.017345436
8.2550211	0.018576404
8.2681875	0.019975228
8.281395	0.02148596
8.2946453	0.023332411
8.3079386	0.025346719
8.3212767	0.027528886
8.3346548	0.030046772
8.3480768	0.032732517
8.3615408	0.035698026
8.3750496	0.039167117
8.3886013	0.04297192
8.4021969	0.046888631
8.4158373	0.051252969
8.4295158	0.055897072
8.4432449	0.060653076
8.4570189	0.065744802
8.4708366	0.071172245
8.4847012	0.077159218
8.4986105	0.083817631
8.5125656	0.090923667
8.5265665	0.098309465
8.540616	0.10575121
8.5547094	0.11324892
8.5688496	0.12085853
8.5830364	0.12869196
8.59727	0.13663727
8.6115513	0.14469452
8.6258802	0.15308747
8.6402569	0.1618721
8.6546841	0.17121625
8.6691561	0.18095206
8.6836777	0.19107957
8.6982479	0.20103921
8.7128668	0.20999169
8.7275343	0.21732154
8.7422523	0.2231966
8.75702	0.22744904
8.7718325	0.23075026
8.7866993	0.233436
8.8016176	0.23584199
8.8165865	0.23785631
8.8316059	0.23998252
8.8466768	0.24177301
8.8617992	0.24333969
8.8769741	0.24468257
8.8922033	0.24613734
8.9074821	0.24736831
8.9228134	0.24876714
8.9381971	0.24999811
8.9536343	0.25111717
8.9691257	0.25195646
8.9846697	0.25262791
9.000268	0.25313148
9.0159235	0.25329933
9.0316315	0.25273979
9.0473928	0.25206837
9.0632105	0.25100526
9.0790825	0.24983026
9.0950108	0.24826355
9.1109953	0.24613734
9.1270351	0.2434516
9.1431274	0.24110159
9.1592817	0.23970276
9.1754923	0.2388075
9.191761	0.23740867
9.2080879	0.23533842
9.224472	0.23298839
9.2409153	0.23052645
9.2574167	0.22767283
9.2739801	0.22453949
9.2906008	0.22118229
9.3072805	0.21760131
9.3240204	0.2136846
9.3408203	0.20954406
9.3576803	0.20517972
9.3746023	0.20075944
9.3915854	0.1961713
9.4086237	0.19191886
9.4257298	0.18844979
9.4428988	0.18632355
9.4601307	0.18716286
9.4774246	0.1933177
9.4947834	0.20501187
9.5122042	0.21933585
9.5296898	0.23231696
9.5472441	0.24272421
9.5648584	0.25033382
9.5825386	0.2557053
9.6002836	0.25911847
9.6180954	0.2609649
9.635973	0.26180419
9.6539164	0.26202801
9.6719275	0.26085299
9.6900091	0.25855893
9.7081556	0.2557053
9.7263699	0.25206837
9.7446527	0.24731237
9.7630043	0.24177301
9.7814245	0.23489077
9.7999153	0.22644188
9.8184757	0.21603464
9.837101	0.20383686
9.8558025	0.19012839
9.8745756	0.17586035
9.8934202	0.16192804
9.9123363	0.14917076
9.9313259	0.13814801
9.950388	0.12880386
9.9695234	0.12074662
9.9887362	0.11414417
10.008019	0.10877267
10.027377	0.10429644
10.04681	0.10026781
10.066319	0.096798733
10.085902	0.093441546
10.105563	0.090587944
10.1253	0.087678388
10.145119	0.084824786
10.165011	0.082418799
10.184982	0.079844967
10.205031	0.07743898
10.22516	0.075536579
10.245367	0.073690131
10.265656	0.072011538
10.286023	0.070388906
10.306466	0.068654358
10.326997	0.066863857
10.34761	0.065241225
10.368304	0.06378644
10.389083	0.062555477
10.409945	0.061324511
10.43089	0.05998164
10.45192	0.058526862
10.473039	0.057239942
10.49424	0.056344695
10.515526	0.055337537
10.536899	0.054106571
10.558359	0.053323228
10.579906	0.052651793
10.601542	0.051644638
10.623267	0.05052558
10.645084	0.049686283
10.666988	0.048735082
10.688982	0.047895789
10.711066	0.047168396
10.733243	0.046385054
10.755511	0.045545761
10.777872	0.044762418
10.800325	0.044426698
10.822865	0.043867171
10.845508	0.043083828
10.868244	0.042356439
10.891077	0.041796908
10.914005	0.041517142
10.937031	0.041013569
10.960154	0.040286176
10.983374	0.039670695
11.006698	0.039279021
11.030116	0.038831398
11.053635	0.038271867
11.077253	0.037824243
11.100973	0.03743257
11.124795	0.037096854
11.14872	0.036705181
11.172747	0.036369465
11.196871	0.035921842
11.221107	0.035530169
11.245447	0.035250403
11.269894	0.034858733
11.294447	0.034411106
11.319107	0.033851579
11.343875	0.033348002
11.368752	0.032900378
11.393744	0.032620613
11.418839	0.032452755
11.444047	0.032228943
11.469365	0.03189322
11.494797	0.031221785
11.52034	0.030942021
11.545999	0.030942021
11.571771	0.03055035
11.597663	0.030046772
11.623667	0.02976701
11.649787	0.029655101
11.676025	0.029599149
11.702382	0.029263431
11.728858	0.02887176
11.755454	0.028759854
11.782171	0.028536042
11.809002	0.028256277
11.835962	0.027976511
11.863048	0.027584838
11.890256	0.027584838
11.91759	0.027528886
11.94505	0.02702531
11.972636	0.026409829
12.000351	0.025962202
12.028198	0.02557053
12.056171	0.025066951
12.084274	0.02461933
12.112508	0.024563378
12.140875	0.024283612
12.169374	0.023835987
12.198009	0.023332411
12.226777	0.023108598
12.255688	0.02277288
12.28473	0.022605022
12.31391	0.022325259
12.343228	0.021989539
12.372687	0.021430008
12.402287	0.020926431
12.432029	0.020590713
12.461913	0.020366902
12.491931	0.020087134
12.522105	0.019527605
12.552425	0.019191885
12.582892	0.019024028
12.613507	0.01868831
12.644272	0.01852045
12.675187	0.01852045
12.706254	0.018184733
12.737479	0.017569249
12.768852	0.017177578
12.80038	0.017121626
12.832064	0.017233532
12.863906	0.017121626
12.895905	0.017121626
12.928064	0.016897812
12.960384	0.016674001
12.992874	0.016562095
13.025519	0.016282329
13.05833	0.016058518
13.091305	0.0157228
13.124448	0.015498986
13.157759	0.015275175
13.191238	0.015107316
13.22489	0.014939456
13.258701	0.014659692
13.292698	0.014268021
13.326869	0.013708491
13.361217	0.013316819
13.395742	0.01314896
13.430446	0.012981101
13.46533	0.012477525
13.500397	0.011694181
13.535651	0.011190604
13.571085	0.01091084
13.606705	0.010463215
13.642511	0.0097917793
13.678508	0.0092322482
13.714694	0.0088405767
13.751073	0.008616766
13.787644	0.0085048592
13.82442	0.0081131887
13.861383	0.0076096114
13.898545	0.0072738929
13.935907	0.0067143627
13.97347	0.006098879
14.011236	0.005763161
14.049208	0.0054833964
14.087384	0.0052036312
14.125755	0.0051476783
14.16435	0.0053155371
14.203156	0.0058191149
14.242176	0.0073857987
14.281411	0.0097358264
14.320862	0.014044209
14.360532	0.02165382
14.400422	0.033571817
14.440542	0.050133903
14.48088	0.070109136
14.521442	0.09053199
14.562233	0.10804529
14.603253	0.11990732
14.644506	0.12662169
14.685991	0.13104197
14.727713	0.13641347
14.76966	0.14240044
14.811859	0.14503023
14.8543	0.1416171
14.896984	0.13120984
14.939916	0.11375249
14.983094	0.093273692
15.026524	0.076319918
15.070205	0.063003108
15.11415	0.052595839
15.158343	0.044706464
15.202796	0.038943306
15.24751	0.034578968
15.292488	0.031333692
15.337732	0.028815806
15.383245	0.026577685
15.429028	0.024563378
15.475092	0.022716926
15.521424	0.020982385
15.568036	0.019135933
15.614927	0.017569249
15.662103	0.016282329
15.709563	0.014715645
15.757313	0.013652538
15.805353	0.012981101
15.853672	0.011973947
15.902304	0.011078699
15.951234	0.010127497
16.000465	0.0091762953
16.050003	0.0088405767
16.099848	0.0080572357
16.150003	0.0070500802
16.200472	0.0067143627
16.251265	0.0062667378
16.30237	0.0056512556
16.353796	0.0055953022
16.405548	0.0060429266
16.45763	0.0061548324
16.510042	0.005427443
16.56279	0.005035772
16.615877	0.0054833964
16.669313	0.0066024573
16.723085	0.0074417526
16.777206	0.0085048592
16.831676	0.0099036852
16.886503	0.01258943
16.941689	0.016002564
16.997234	0.019919276
17.053146	0.024955049
17.109409	0.031781316
17.166063	0.041069519
17.223093	0.052260123
17.280504	0.065800756
17.338299	0.081467606
17.396481	0.099316612
17.455055	0.1183966
17.514025	0.1370849
17.573404	0.15387082
17.633179	0.16791503
17.693359	0.18022469
17.753954	0.19012839
17.814964	0.19684273
17.876394	0.20159873
17.938251	0.20501187
18.000536	0.20613094
18.063269	0.20629878
18.126427	0.20501187
18.190027	0.2027178
18.254078	0.19992016
18.318579	0.19779393
18.383539	0.19835347
18.448961	0.20489995
18.514851	0.21955967
18.58119	0.24160515
18.648029	0.26241967
18.715351	0.27752697
18.783159	0.28849378
18.851461	0.29649505
18.920263	0.30231416
18.989569	0.30634281
19.059383	0.30841306
19.129725	0.31053928
19.200575	0.31272143
19.271952	0.31210595
19.343863	0.31037143
19.416311	0.30891663
19.489305	0.30371299
19.562849	0.29554385
19.636951	0.28625566
19.711594	0.27629602
19.786827	0.26879832
19.862638	0.26823878
19.939034	0.27612814
20.016018	0.28950092
20.093599	0.30292967
20.171785	0.31350479
20.250582	0.32005128
20.330009	0.32346442
20.410049	0.32620612
20.490723	0.3268216
20.572035	0.32648587
20.653994	0.32536682
20.73661	0.32363227
20.819889	0.32178584
20.903841	0.31960365
20.988487	0.31568694
21.073807	0.30908448
21.159821	0.30276182
21.246542	0.29733437
21.333977	0.29011643
21.422132	0.27568054
21.511023	0.25436246
21.600651	0.22632998
21.691	0.19992016
21.782139	0.18800214
21.874046	0.19242245
21.966734	0.20484401
22.060209	0.21648225
22.154484	0.21939179
22.249567	0.2110548
22.34547	0.1905323
22.442221	0.17351727
22.539797	0.16419807
22.638224	0.16329622
22.737514	0.1607109
22.837679	0.15067023
22.93873	0.13804424
23.04068	0.12668084
23.143541	0.11609904
23.247343	0.10930506
23.35206	0.11177013
23.457727	0.12157032
23.564352	0.12758268
23.671953	0.12704158
23.78054	0.12373476
23.890127	0.12108932
24.000731	0.11742178
24.112324	0.11255173
24.224998	0.10882406
24.338732	0.10299206
24.453537	0.095115848
24.569429	0.088742718
24.686426	0.081587985
24.804543	0.07467375
24.923796	0.071186572
25.044222	0.07930328
25.165796	0.10479578
25.288555	0.13311408
25.412519	0.14297438
25.537704	0.13407606
25.664127	0.12036783
25.791811	0.11267199
25.920769	0.11393459
26.051052	0.11892486
26.182623	0.11808313
26.315529	0.11453583
26.449793	0.1111689
26.585432	0.10900444
26.722471	0.10696023
26.860929	0.10581788
27.00083	0.10449515
27.142149	0.1025712
27.285002	0.10064723
27.429367	0.097701162
27.575268	0.094875351
27.722729	0.092771016
27.871777	0.091688782
28.022434	0.091628663
28.17473	0.090125568
28.328716	0.087900981
28.484369	0.085435912
28.641743	0.083151206
28.800863	0.084053062
28.961761	0.088381976
29.124468	0.09048631
29.289013	0.089885071
29.455427	0.088983215
29.623777	0.088562354
29.794029	0.088983215
29.966249	0.089584455
30.140471	0.089524329
30.316732	0.089704707
30.495066	0.089524329
30.67551	0.088381976
30.858103	0.087780736
31.04282	0.088682599
31.229824	0.088442102
31.419096	0.086518139
31.610676	0.083211333
31.804607	0.079603903
32.000931	0.077860311
32.199696	0.079483658
32.400944	0.08345183
32.604759	0.086397886
32.811115	0.086939
33.020103	0.086217523
33.231773	0.087720618
33.446171	0.089103453
33.663353	0.08832185
33.883377	0.086337768
34.106293	0.083271451
34.332088	0.083211333
34.560966	0.083812572
34.792919	0.085916899
35.028008	0.088442102
35.266293	0.089343958
35.507843	0.089103453
35.752724	0.089103453
36.001007	0.089043334
36.252811	0.090005316
36.508114	0.089223713
36.767036	0.08748012
37.029659	0.086397886
37.296059	0.084594183
37.566319	0.079543777
37.840527	0.071727686
38.118767	0.063851468
38.40118	0.061867382
38.687756	0.065715306
38.978642	0.069202483
39.273933	0.070705585
39.573734	0.075154744
39.878147	0.080866501
40.187283	0.085556164
40.501244	0.090005316
40.820042	0.094634853
41.144012	0.097220168
41.473164	0.097160049
41.807625	0.09896376
42.147522	0.098603025
42.492992	0.089704707
42.844173	0.077259079
43.20121	0.075395234
43.564312	0.082610093
43.933502	0.090245813
44.309002	0.099264383
44.690975	0.10305218
45.079594	0.10599825
45.475029	0.1124315
45.87746	0.11537757
46.287083	0.11387447
46.704159	0.11501682
47.128742	0.11730152
47.561119	0.11784264
48.001499	0.11760214
48.450111	0.11976659
48.907188	0.11994696
49.372971	0.12006722
49.847713	0.12451637
50.331509	0.12902565
50.824955	0.12998764
51.328171	0.13076925
51.841454	0.13347483
52.365105	0.13275333
52.899441	0.1338957
53.444794	0.13131036
54.001511	0.12746245
54.570061	0.11453583
55.150593	0.089885071
55.74361	0.069382854
56.349518	0.068120264
56.968742	0.077559687
57.60173	0.076176852
58.24894	0.067158274
58.910862	0.061927509
59.588123	0.069503106
60.28101	0.08230947
60.9902	0.094274111
61.716274	0.1081627
62.459846	0.1210292
63.221554	0.12445626
64.002068	0.14147128
64.802094	0.15638198
65.622093	0.12992752
66.463402	0.13185148
67.326561	0.14640144
68.21244	0.14772417
69.121933	0.15217333
70.056015	0.15139171
71.015686	0.15343592
72.002014	0.15650223
73.016319	0.16089126
74.05941	0.1611919
75.132736	0.16179313
76.237625	0.16185325
77.375504	0.16516006
78.547859	0.16828649
79.756294	0.17351727
81.002487	0.17117244
82.28849	0.16287537
83.61573	0.16371711
84.986481	0.16594167
86.402931	0.16215387
87.867393	0.16077103
89.382355	0.15854645
90.95047	0.14724316
92.574593	0.13365519
94.25721	0.12108932
96.002708	0.10455528
97.814079	0.089343958
99.695114	0.074553497
101.64992	0.076236971
103.68291	0.089524329
105.79889	0.10521664
108.00303	0.12319366
110.30139	0.13750312
112.69925	0.14610082
115.20368	0.1644987
117.82195	0.18409905
120.562	0.19882938
123.43254	0.20369941
126.44309	0.21175601
129.60419	0.21698676
132.92625	0.22378075
136.42429	0.24296026
140.11142	0.26749077
144.00337	0.24500448
148.11772	0.24626707
152.47411	0.25817156
157.0945	0.27422464
162.00366	0.26646864
167.23055	0.28210083
172.80489	0.2893157
178.76367	0.28558803
185.14809	0.28125909
192.0054	0.2466879
199.39021	0.36044213
207.36581	0.56522375
216.00604	0.59889311
