# Thenardite, Chemical Formula: Na2SO4
# Sample ID: GDS146
# wavelengths (microns), reflectance
1.6000477	0.55983526
1.6005416	0.56018364
1.6010358	0.56035775
1.6015304	0.55948687
1.6020253	0.55844176
1.6025206	0.55879009
1.603016	0.5607062
1.6035119	0.56157714
1.604008	0.56105459
1.6045047	0.56000948
1.6050013	0.55948687
1.6054984	0.56035775
1.6059958	0.56018364
1.6064935	0.55966109
1.6069914	0.56000948
1.6074898	0.56018364
1.6079884	0.56105459
1.608487	0.56157714
1.6089861	0.56018364
1.6094857	0.55948687
1.6099856	0.56000948
1.6104858	0.56105459
1.6109861	0.5607062
1.611487	0.55931264
1.6119881	0.55966109
1.6124896	0.56053203
1.6129912	0.56088036
1.6134933	0.5607062
1.6139956	0.56122875
1.6144984	0.56140298
1.6150012	0.56105459
1.6155045	0.56035775
1.616008	0.56000948
1.6165122	0.56018364
1.6170163	0.5607062
1.6175209	0.56105459
1.6180257	0.56140298
1.6185309	0.56105459
1.6190363	0.56035775
1.6195421	0.56053203
1.6200482	0.5607062
1.6205544	0.56122875
1.6210611	0.56088036
1.6215682	0.56088036
1.6220756	0.56053203
1.6225833	0.56035775
1.6230912	0.5607062
1.6235996	0.56000948
1.6241082	0.55948687
1.6246173	0.56000948
1.6251266	0.56053203
1.6256363	0.56105459
1.6261462	0.56088036
1.6266564	0.56140298
1.627167	0.5607062
1.6276779	0.56018364
1.6281891	0.56053203
1.6287007	0.56035775
1.6292125	0.56000948
1.6297247	0.56018364
1.6302372	0.56053203
1.6307501	0.56122875
1.6312631	0.5607062
1.6317767	0.55983526
1.6322904	0.55948687
1.6328044	0.55948687
1.6333188	0.55966109
1.6338336	0.55931264
1.6343486	0.55913854
1.6348641	0.56018364
1.6353798	0.56000948
1.6358958	0.56000948
1.6364123	0.56035775
1.6369292	0.56035775
1.637446	0.56053203
1.6379635	0.56000948
1.6384811	0.55966109
1.6389992	0.56140298
1.6395175	0.56105459
1.6400362	0.55931264
1.6405551	0.55948687
1.6410745	0.56035775
1.6415942	0.56035775
1.6421142	0.55983526
1.6426344	0.55966109
1.6431552	0.55896437
1.643676	0.55896437
1.6441975	0.56035775
1.644719	0.56157714
1.6452409	0.56018364
1.6457632	0.55931264
1.6462859	0.56088036
1.6468087	0.5607062
1.6473321	0.56105459
1.6478556	0.56105459
1.6483797	0.55966109
1.648904	0.55931264
1.6494286	0.56018364
1.6499535	0.5607062
1.6504788	0.5607062
1.6510044	0.56035775
1.6515305	0.56018364
1.6520567	0.56035775
1.6525834	0.56035775
1.6531103	0.5607062
1.6536378	0.56018364
1.6541654	0.56105459
1.6546935	0.56122875
1.6552217	0.56035775
1.6557504	0.56122875
1.6562793	0.56122875
1.6568087	0.56105459
1.6573384	0.56088036
1.6578683	0.56053203
1.6583985	0.56122875
1.6589293	0.56105459
1.6594603	0.56088036
1.6599917	0.56157714
1.6605233	0.56227386
1.6610554	0.56175125
1.6615878	0.56157714
1.6621207	0.5620997
1.6626537	0.56227386
1.6631873	0.56175125
1.6637208	0.56192553
1.664255	0.56244808
1.6647894	0.56227386
1.6653243	0.56227386
1.6658593	0.56244808
1.6663947	0.56227386
1.6669306	0.56262231
1.6674668	0.56297064
1.6680032	0.56192553
1.6685401	0.56175125
1.6690773	0.56262231
1.6696149	0.5631448
1.6701527	0.56331897
1.670691	0.56279635
1.6712295	0.5620997
1.6717685	0.56227386
1.6723077	0.56227386
1.6728474	0.56297064
1.6733873	0.56401575
1.6739277	0.56436414
1.6744683	0.56418991
1.6750095	0.56384152
1.6755508	0.56453836
1.6760926	0.56471246
1.6766347	0.56418991
1.6771772	0.56401575
1.6777198	0.56453836
1.6782631	0.56471246
1.6788064	0.56506085
1.6793501	0.56418991
1.6798942	0.56297064
1.6804388	0.56349319
1.6809837	0.56453836
1.6815289	0.56488669
1.6820744	0.56506085
1.6826205	0.56453836
1.6831667	0.56436414
1.6837136	0.56506085
1.6842605	0.56436414
1.684808	0.56523502
1.6853557	0.56680274
1.6859038	0.56680274
1.6864522	0.5661059
1.687001	0.56523502
1.6875501	0.56575757
1.6881	0.56593186
1.6886498	0.56593186
1.6892	0.5661059
1.6897506	0.56628013
1.6903015	0.56645435
1.6908529	0.56680274
1.6914046	0.56662852
1.6919565	0.56697696
1.6925087	0.56732529
1.6930614	0.56680274
1.6936146	0.56662852
1.694168	0.56697696
1.6947218	0.56715107
1.695276	0.56732529
1.6958306	0.56680274
1.6963854	0.56680274
1.6969409	0.56715107
1.6974965	0.56697696
1.6980526	0.56715107
1.6986089	0.56749946
1.6991657	0.56784785
1.6997228	0.5683704
1.7002803	0.56784785
1.7008381	0.56680274
1.7013963	0.56680274
1.7019548	0.56802207
1.7025138	0.56819618
1.703073	0.56802207
1.7036328	0.56802207
1.7041928	0.56749946
1.7047533	0.56802207
1.7053139	0.56871873
1.705875	0.56889296
1.7064364	0.56906712
1.7069983	0.56924134
1.7075605	0.56871873
1.7081233	0.56871873
1.7086862	0.56889296
1.7092496	0.56854463
1.7098132	0.56819618
1.7103775	0.56889296
1.7109419	0.56958967
1.7115068	0.56906712
1.712072	0.56802207
1.7126377	0.56767362
1.7132035	0.5683704
1.7137699	0.56889296
1.7143366	0.56924134
1.7149036	0.56941557
1.715471	0.56924134
1.7160389	0.56924134
1.7166071	0.56941557
1.7171758	0.56993812
1.7177447	0.57011223
1.7183142	0.56924134
1.7188838	0.56941557
1.7194541	0.56993812
1.7200245	0.5697639
1.7205955	0.56924134
1.7211666	0.5697639
1.7217383	0.57011223
1.7223103	0.5697639
1.7228827	0.56993812
1.7234554	0.56993812
1.7240288	0.57028651
1.7246022	0.57080901
1.7251762	0.57080901
1.7257504	0.57098323
1.7263252	0.57080901
1.7269002	0.57046068
1.7274756	0.57063478
1.7280514	0.57098323
1.7286276	0.57115734
1.7292041	0.57202828
1.7297812	0.57115734
1.7303585	0.57011223
1.7309363	0.57046068
1.7315143	0.57080901
1.732093	0.57063478
1.7326717	0.57011223
1.7332511	0.57098323
1.7338307	0.57202828
1.7344109	0.57202828
1.7349913	0.57133162
1.7355722	0.57185411
1.7361534	0.57202828
1.7367351	0.57115734
1.737317	0.57133162
1.7378997	0.5722025
1.7384824	0.57289922
1.7390656	0.57289922
1.7396491	0.57237673
1.7402332	0.5722025
1.7408174	0.57307339
1.7414023	0.573596
1.7419873	0.57324767
1.7425728	0.57255089
1.7431587	0.57237673
1.7437451	0.57272512
1.7443317	0.57307339
1.7449189	0.573596
1.7455064	0.57377023
1.7460943	0.57324767
1.7466825	0.57272512
1.7472714	0.57272512
1.7478604	0.57272512
1.7484499	0.57324767
1.7490398	0.57342184
1.7496301	0.57324767
1.7502208	0.57272512
1.7508119	0.57289922
1.7514033	0.57307339
1.7519954	0.573596
1.7525877	0.57446688
1.7531804	0.57481533
1.7537735	0.57464111
1.754367	0.57516366
1.7549609	0.57481533
1.7555553	0.57394433
1.7561499	0.573596
1.7567449	0.57377023
1.7573403	0.57377023
1.7579362	0.57377023
1.7585325	0.57377023
1.7591293	0.57446688
1.7597264	0.57429278
1.760324	0.57411849
1.7609218	0.57464111
1.7615204	0.57481533
1.7621191	0.57446688
1.7627183	0.57464111
1.7633178	0.57481533
1.7639178	0.57394433
1.7645181	0.573596
1.7651191	0.57394433
1.7657201	0.57429278
1.7663218	0.57498944
1.7669238	0.57516366
1.7675263	0.57464111
1.768129	0.57394433
1.7687324	0.573596
1.769336	0.57394433
1.7699401	0.57446688
1.7705445	0.57429278
1.7711494	0.57464111
1.7717546	0.57533789
1.7723604	0.57533789
1.7729665	0.57516366
1.773573	0.57481533
1.7741799	0.573596
1.7747874	0.573596
1.7753952	0.57446688
1.7760036	0.57481533
1.7766122	0.57516366
1.7772213	0.57498944
1.7778307	0.57394433
1.7784407	0.57324767
1.7790509	0.57394433
1.7796618	0.57429278
1.7802728	0.57394433
1.7808841	0.57307339
1.781496	0.57324767
1.7821085	0.57377023
1.7827213	0.57394433
1.7833346	0.57394433
1.7839482	0.57464111
1.7845623	0.57481533
1.7851768	0.57429278
1.785792	0.57377023
1.7864072	0.57394433
1.7870232	0.57446688
1.7876393	0.57516366
1.788256	0.57568628
1.788873	0.57498944
1.7894906	0.57481533
1.7901084	0.57481533
1.790727	0.57446688
1.7913457	0.57377023
1.7919649	0.57429278
1.7925845	0.57464111
1.7932047	0.57481533
1.793825	0.57446688
1.794446	0.57446688
1.7950673	0.57446688
1.795689	0.57411849
1.7963111	0.57377023
1.7969339	0.573596
1.7975569	0.57394433
1.7981805	0.57446688
1.7988043	0.57446688
1.7994287	0.57429278
1.8000535	0.57429278
1.800679	0.57411849
1.8013045	0.57377023
1.8019307	0.57411849
1.8025571	0.57464111
1.8031842	0.57377023
1.8038116	0.573596
1.8044394	0.57342184
1.8050677	0.57411849
1.8056965	0.57464111
1.8063256	0.57446688
1.8069552	0.57481533
1.8075852	0.57516366
1.8082157	0.57481533
1.8088466	0.57464111
1.809478	0.57464111
1.8101097	0.57429278
1.8107419	0.57411849
1.8113745	0.57429278
1.8120078	0.57464111
1.8126413	0.57481533
1.8132753	0.57446688
1.8139096	0.57464111
1.8145447	0.57481533
1.8151799	0.57533789
1.8158158	0.57498944
1.8164519	0.57533789
1.8170887	0.57586044
1.8177258	0.57586044
1.8183634	0.57568628
1.8190013	0.57568628
1.8196399	0.57620883
1.8202788	0.57638299
1.8209183	0.57586044
1.8215581	0.57586044
1.8221985	0.57603461
1.8228391	0.57603461
1.8234804	0.57655716
1.8241218	0.57638299
1.824764	0.57655716
1.8254064	0.57725394
1.8260493	0.57742804
1.8266927	0.57603461
1.8273367	0.57568628
1.8279809	0.57690549
1.8286258	0.57760227
1.829271	0.57673138
1.8299167	0.57690549
1.8305628	0.57795066
1.8312097	0.57742804
1.8318566	0.57707971
1.8325043	0.57795066
1.8331522	0.57795066
1.8338007	0.57795066
1.8344495	0.57864743
1.835099	0.57777649
1.8357487	0.57725394
1.8363992	0.57725394
1.83705	0.57760227
1.8377012	0.57795066
1.8383528	0.57707971
1.839005	0.57795066
1.8396575	0.57864743
1.8403107	0.57742804
1.8409641	0.57795066
1.8416178	0.5788216
1.8422722	0.57777649
1.8429272	0.57760227
1.8435825	0.57795066
1.8442384	0.57829905
1.8448946	0.57864743
1.8455515	0.5788216
1.8462087	0.57969254
1.8468666	0.58038926
1.8475248	0.57916999
1.8481835	0.57812488
1.8488425	0.57725394
1.8495022	0.57812488
1.8501621	0.57864743
1.8508228	0.57864743
1.8514837	0.5788216
1.852145	0.57934415
1.8528068	0.57864743
1.8534694	0.57812488
1.8541322	0.57742804
1.8547956	0.57760227
1.8554593	0.57829905
1.8561238	0.57847315
1.8567885	0.57812488
1.8574541	0.57795066
1.8581197	0.57829905
1.858786	0.57829905
1.8594526	0.57812488
1.8601199	0.57742804
1.8607875	0.57742804
1.8614557	0.57742804
1.8621242	0.57673138
1.8627936	0.57690549
1.8634632	0.57777649
1.8641332	0.57760227
1.8648038	0.57690549
1.8654748	0.57673138
1.8661463	0.57673138
1.8668184	0.57690549
1.8674908	0.57742804
1.8681637	0.57568628
1.868837	0.57464111
1.869511	0.57603461
1.8701854	0.57707971
1.8708603	0.57638299
1.8715357	0.57429278
1.8722117	0.57464111
1.872888	0.57533789
1.8735651	0.573596
1.8742423	0.57307339
1.8749202	0.57377023
1.8755985	0.57324767
1.8762774	0.57342184
1.8769567	0.57289922
1.8776366	0.57167989
1.8783168	0.57255089
1.8789977	0.57272512
1.8796788	0.5722025
1.8803607	0.57150573
1.881043	0.57098323
1.8817258	0.57046068
1.882409	0.5697639
1.8830929	0.57046068
1.883777	0.57080901
1.8844618	0.56941557
1.8851469	0.56906712
1.8858327	0.56854463
1.8865188	0.56802207
1.8872057	0.56715107
1.8878928	0.56645435
1.8885808	0.56662852
1.8892689	0.56697696
1.8899578	0.56697696
1.8906469	0.56628013
1.8913368	0.56558347
1.892027	0.56436414
1.8927178	0.56331897
1.893409	0.56331897
1.8941009	0.56279635
1.8947932	0.56279635
1.8954861	0.56157714
1.8961793	0.56053203
1.8968732	0.55983526
1.8975675	0.55948687
1.8982624	0.55896437
1.8989576	0.55948687
1.8996536	0.55809343
1.9003499	0.55582893
1.9010466	0.55565482
1.9017439	0.55582893
1.9024419	0.55600315
1.9031402	0.55460972
1.9038392	0.55321622
1.9045385	0.55373871
1.9052386	0.55356461
1.905939	0.55286783
1.9066402	0.55217111
1.9073416	0.55095172
1.9080436	0.550255
1.9087461	0.550255
1.9094492	0.54990667
1.9101527	0.54903567
1.9108568	0.54833895
1.9115614	0.54816478
1.9122664	0.54764223
1.912972	0.54746807
1.9136782	0.54694545
1.9143847	0.54607451
1.915092	0.54624873
1.9157996	0.54624873
1.916508	0.54590034
1.9172167	0.54485524
1.9179261	0.54433268
1.9186358	0.54433268
1.9193462	0.54450691
1.9200571	0.54381013
1.9207685	0.54224247
1.9214803	0.54137146
1.9221928	0.54189408
1.9229058	0.54206824
1.9236195	0.54171991
1.9243335	0.54119736
1.9250481	0.54084897
1.9257631	0.54032636
1.9264789	0.53997803
1.927195	0.53945547
1.9279118	0.53945547
1.9286289	0.53893292
1.9293463	0.53788775
1.9300646	0.53719103
1.9307835	0.53719103
1.9315028	0.53701687
1.9322227	0.53614593
1.9329431	0.53544921
1.9336642	0.53492659
1.9343857	0.53475243
1.9351079	0.53492659
1.9358305	0.53475243
1.9365537	0.53422987
1.9372772	0.53335893
1.9380015	0.5330106
1.9387262	0.53231382
1.9394516	0.53179127
1.9401773	0.53144288
1.940904	0.53144288
1.9416308	0.53092033
1.9423584	0.53039777
1.9430864	0.53004938
1.943815	0.53004938
1.9445441	0.52987522
1.9452738	0.52987522
1.9460039	0.52970105
1.9467345	0.52987522
1.9474658	0.53022355
1.9481977	0.52952683
1.94893	0.52830756
1.949663	0.52795911
1.9503965	0.52813333
1.9511306	0.52795911
1.9518652	0.52795911
1.9526006	0.52743661
1.9533362	0.52708822
1.9540726	0.52708822
1.9548093	0.52726239
1.9555469	0.52761078
1.9562846	0.52743661
1.9570233	0.52761078
1.9577622	0.52778494
1.9585019	0.52761078
1.959242	0.52743661
1.9599829	0.52761078
1.960724	0.52778494
1.961466	0.52761078
1.9622083	0.52778494
1.9629514	0.52778494
1.9636948	0.52795911
1.9644389	0.52778494
1.9651834	0.52813333
1.9659288	0.52848172
1.9666744	0.52830756
1.9674209	0.52813333
1.9681678	0.52830756
1.9689153	0.52865589
1.9696634	0.52865589
1.9704123	0.52883005
1.9711614	0.52935266
1.9719112	0.52970105
1.9726615	0.52935266
1.9734125	0.52935266
1.9741639	0.52935266
1.9749161	0.52952683
1.9756685	0.53057194
1.976422	0.53092033
1.9771756	0.53092033
1.9779301	0.53144288
1.9786849	0.53144288
1.9794405	0.53161705
1.9801965	0.53161705
1.9809532	0.53144288
1.9817104	0.53179127
1.9824681	0.53266215
1.9832264	0.5330106
1.9839855	0.53266215
1.984745	0.53248799
1.9855052	0.5330106
1.9862659	0.5330106
1.9870273	0.53318477
1.987789	0.5335331
1.9885516	0.53388149
1.9893147	0.5345782
1.9900783	0.5344041
1.9908425	0.53388149
1.9916074	0.53422987
1.9923728	0.53492659
1.9931389	0.53510082
1.9939053	0.53527498
1.9946727	0.53527498
1.9954402	0.53562331
1.9962088	0.53579754
1.9969776	0.53579754
1.9977473	0.53632009
1.9985173	0.53666848
1.9992882	0.53666848
2.0000594	0.53719103
2.0008314	0.53771365
2.0016038	0.5373652
2.002377	0.53719103
2.0031507	0.53788775
2.0039251	0.53823614
2.0046999	0.53841037
2.0054755	0.53910708
2.0062516	0.53962964
2.0070286	0.54050058
2.0078058	0.54084897
2.0085838	0.54084897
2.0093622	0.54102314
2.0101414	0.54119736
2.010921	0.54084897
2.0117013	0.54084897
2.0124824	0.54154569
2.0132637	0.54206824
2.0140457	0.54276502
2.0148287	0.54293919
2.0156119	0.54328758
2.016396	0.54381013
2.0171804	0.5436359
2.0179658	0.54381013
2.0187516	0.54415852
2.0195379	0.5436359
2.0203249	0.5436359
2.0211127	0.54450691
2.0219009	0.54485524
2.0226898	0.54485524
2.0234792	0.54485524
2.0242696	0.54520363
2.0250602	0.54555196
2.0258517	0.54555196
2.0266438	0.54555196
2.0274363	0.54590034
2.0282295	0.54590034
2.0290234	0.54590034
2.0298178	0.54642296
2.0306129	0.54694545
2.0314085	0.54694545
2.0322044	0.54642296
2.0330014	0.54624873
2.0337989	0.54642296
2.0345972	0.54711962
2.0353961	0.54729384
2.0361953	0.54746807
2.0369956	0.54833895
2.0377963	0.54833895
2.0385981	0.54816478
2.0393999	0.54851311
2.0402026	0.54833895
2.0410056	0.54851311
2.0418096	0.54868734
2.042614	0.54833895
2.0434194	0.54833895
2.044225	0.5479905
2.0450315	0.54816478
2.0458386	0.54851311
2.0466464	0.54920989
2.0474546	0.54990667
2.0482635	0.55008078
2.049073	0.54955822
2.0498834	0.54955822
2.0506942	0.54938406
2.0515053	0.54938406
2.0523174	0.54938406
2.0531304	0.54920989
2.0539436	0.54903567
2.0547578	0.54903567
2.0555725	0.54938406
2.0563879	0.54938406
2.057204	0.54938406
2.0580208	0.54886156
2.0588381	0.54886156
2.0596561	0.54868734
2.0604746	0.5479905
2.0612941	0.54781646
2.062114	0.54851311
2.0629346	0.54938406
2.0637558	0.54903567
2.0645773	0.54851311
2.0653996	0.54833895
2.0662231	0.5479905
2.0670469	0.5479905
2.0678713	0.54816478
2.0686965	0.5479905
2.0695224	0.54816478
2.0703487	0.5479905
2.0711763	0.54764223
2.0720038	0.54746807
2.0728326	0.54729384
2.0736616	0.54729384
2.0744915	0.54711962
2.0753219	0.54677129
2.076153	0.54659706
2.0769846	0.54642296
2.0778172	0.54607451
2.0786502	0.54537779
2.0794842	0.54537779
2.0803187	0.54468095
2.0811539	0.54433268
2.0819895	0.5436359
2.0828261	0.54311341
2.0836632	0.5425908
2.084501	0.54224247
2.0853395	0.54137146
2.0861788	0.54015219
2.0870185	0.53962964
2.0878592	0.53893292
2.0887003	0.53806198
2.0895422	0.5373652
2.0903847	0.5359717
2.0912282	0.5344041
2.092072	0.53388149
2.0929167	0.5330106
2.0937619	0.53213966
2.0946081	0.53092033
2.0954545	0.52970105
2.096302	0.52900428
2.0971498	0.52830756
2.0979986	0.526914
2.0988479	0.52604312
2.0996981	0.5253464
2.1005487	0.52517217
2.1014004	0.52517217
2.1022525	0.52464962
2.1031053	0.52377868
2.1039588	0.52360451
2.1048129	0.52343029
2.1056678	0.52308196
2.1065235	0.52290773
2.1073797	0.52255934
2.1082368	0.52238518
2.1090944	0.52290773
2.1099529	0.52343029
2.1108119	0.52412707
2.1116717	0.52499801
2.1125321	0.52569473
2.1133935	0.52604312
2.1142552	0.52604312
2.115118	0.52656561
2.1159811	0.52795911
2.1168454	0.52883005
2.1177099	0.52952683
2.1185756	0.53039777
2.1194417	0.53126866
2.1203086	0.53196543
2.121176	0.53196543
2.1220446	0.53266215
2.1229134	0.53318477
2.1237831	0.5335331
2.1246536	0.53422987
2.1255245	0.53475243
2.1263962	0.53510082
2.1272688	0.53544921
2.1281419	0.5359717
2.1290162	0.53632009
2.1298907	0.53701687
2.1307662	0.5373652
2.1316423	0.5373652
2.1325192	0.53753942
2.1333966	0.53823614
2.1342752	0.53858453
2.135154	0.53841037
2.1360338	0.53841037
2.1369143	0.53875875
2.1377954	0.53893292
2.1386774	0.53893292
2.1395605	0.53910708
2.1404438	0.53893292
2.1413281	0.53945547
2.1422129	0.54032636
2.1430986	0.53980386
2.1439848	0.53945547
2.144872	0.53962964
2.1457596	0.53980386
2.1466477	0.53997803
2.1475368	0.53980386
2.148427	0.53980386
2.1493175	0.53997803
2.1502092	0.54032636
2.1511011	0.53962964
2.1519942	0.53893292
2.1528878	0.53893292
2.1537826	0.53875875
2.1546776	0.53806198
2.1555736	0.53753942
2.1564703	0.5373652
2.1573677	0.53719103
2.1582658	0.53753942
2.1591649	0.53753942
2.1600645	0.5373652
2.1609645	0.5373652
2.1618655	0.53701687
2.1627674	0.53649431
2.1636701	0.53579754
2.1645734	0.53527498
2.1654775	0.53527498
2.1663826	0.53562331
2.1672883	0.53562331
2.168195	0.53544921
2.169102	0.53510082
2.1700101	0.53492659
2.1709187	0.5344041
2.1718283	0.53388149
2.1727386	0.53388149
2.1736495	0.53388149
2.1745613	0.53405571
2.1754742	0.53422987
2.1763873	0.5345782
2.1773014	0.53492659
2.1782162	0.5345782
2.179132	0.53405571
2.1800482	0.53475243
2.1809654	0.53527498
2.1818831	0.53574717
2.1828015	0.53637701
2.1837208	0.53653443
2.1846411	0.53732157
2.1855621	0.53779387
2.1864841	0.53763646
2.1874065	0.53810877
2.1883299	0.53795129
2.189254	0.53779387
2.1901793	0.53684926
2.1911051	0.53637701
2.1920316	0.53669178
2.1929588	0.53606212
2.193887	0.53527492
2.1948156	0.53558981
2.1957452	0.53527492
2.1966755	0.53511751
2.197607	0.53511751
2.1985388	0.53464526
2.1994717	0.5354324
2.2004051	0.53558981
2.2013395	0.53417295
2.2022746	0.53480262
2.2032106	0.53590471
2.2041473	0.53590471
2.2050848	0.53527492
2.206023	0.53464526
2.2069621	0.53448778
2.207902	0.53511751
2.2088428	0.53527492
2.2097843	0.53448778
2.2107267	0.53480262
2.2116697	0.53653443
2.2126141	0.53700674
2.2135587	0.53653443
2.2145045	0.53700674
2.2154505	0.53858101
2.216398	0.53905332
2.2173457	0.53889591
2.2182946	0.53936821
2.2192442	0.53999794
2.2201948	0.53999794
2.2211459	0.5392108
2.2220981	0.5392108
2.2230508	0.53984058
2.2240045	0.54062766
2.2249589	0.54125744
2.2259145	0.54031289
2.2268705	0.53984058
2.2278273	0.54031289
2.228785	0.54125744
2.2297437	0.54109997
2.2307031	0.54141486
2.2316635	0.54220206
2.2326245	0.54188716
2.2335865	0.54141486
2.234549	0.54298919
2.2355127	0.54472101
2.2364771	0.54550809
2.2374425	0.54566562
2.2384083	0.54503584
2.2393754	0.54613793
2.2403431	0.54771221
2.2413118	0.5472399
2.2422812	0.54598039
2.243252	0.5464527
2.2442229	0.5480271
2.2451949	0.54818451
2.2461677	0.54818451
2.2471414	0.54865682
2.2481158	0.54849941
2.2490911	0.54865682
2.2500672	0.54944396
2.251044	0.54944396
2.2520218	0.54975885
2.2530005	0.55086088
2.2539799	0.55101836
2.2549605	0.55101836
2.2559416	0.55212033
2.2569239	0.55275011
2.2579067	0.55275011
2.2588909	0.55322242
2.2598755	0.55385214
2.2608612	0.55322242
2.2618475	0.55290753
2.2628348	0.5540095
2.263823	0.55353725
2.264812	0.55290753
2.2658017	0.55353725
2.2667923	0.55432445
2.2677839	0.55495417
2.2687764	0.55574131
2.2697697	0.55463934
2.2707639	0.55479676
2.271759	0.55668592
2.2727549	0.55700082
2.2737517	0.55652851
2.2747495	0.55621362
2.275748	0.55637109
2.2767475	0.5576306
2.2777479	0.55810291
2.278749	0.55747306
2.2797511	0.55715829
2.2807541	0.55731565
2.2817578	0.55747306
2.282763	0.55747306
2.2837684	0.55778795
2.284775	0.55826026
2.2857823	0.55778795
2.2867908	0.55731565
2.2877998	0.55747306
2.28881	0.55778795
2.2898209	0.55826026
2.2908323	0.55873257
2.2918451	0.55810291
2.2928588	0.55810291
2.2938731	0.55826026
2.2948887	0.55826026
2.2959049	0.55715829
2.2969222	0.55621362
2.2979403	0.55668592
2.2989597	0.5576306
2.2999794	0.55778795
2.3010006	0.55731565
2.3020222	0.55700082
2.303045	0.55778795
2.3040683	0.5576306
2.3050931	0.55700082
2.3061182	0.55637109
2.3071454	0.55637109
2.3081722	0.55621362
2.3092005	0.55637109
2.3102295	0.55637109
2.3112597	0.55558389
2.3122904	0.55542648
2.3133223	0.55511159
2.3143549	0.55479676
2.3153882	0.55558389
2.3164227	0.55589879
2.3174584	0.55526906
2.3184946	0.55511159
2.3195322	0.55511159
2.3205702	0.55526906
2.3216095	0.55448186
2.3226497	0.55337983
2.3236911	0.55275011
2.324733	0.55259264
2.3257761	0.55290753
2.3268199	0.55196297
2.3278646	0.55149066
2.3289104	0.55164802
2.3299572	0.55101836
2.3310046	0.55101836
2.3320534	0.55038857
2.3331029	0.55038857
2.3341534	0.54991627
2.3352048	0.54912913
2.3362572	0.54865682
2.3373103	0.54786968
2.3383648	0.54613793
2.3394198	0.54487836
2.340476	0.54519331
2.3415329	0.54519331
2.342591	0.54440612
2.3436501	0.54393381
2.3447101	0.54440612
2.3457711	0.54456353
2.346833	0.54487836
2.3478959	0.54393381
2.3489597	0.54298919
2.3500245	0.54267436
2.3510904	0.54204464
2.3521569	0.54157227
2.3532248	0.54062766
2.3542933	0.54015535
2.3553631	0.53984058
2.3564336	0.53936821
2.3575051	0.53826618
2.3585775	0.53716415
2.3596511	0.53684926
2.3607256	0.53684926
2.3618011	0.53637701
2.3628776	0.53621948
2.363955	0.53496009
2.3650334	0.533858
2.3661137	0.533858
2.3671939	0.533858
2.3682754	0.53338569
2.3693576	0.53228372
2.3704412	0.53118163
2.3715253	0.53102422
2.3726108	0.53102422
2.373697	0.53102422
2.3747847	0.53133911
2.3758729	0.53070939
2.3769624	0.53007966
2.3780525	0.53039449
2.379144	0.52976477
2.3802361	0.52866268
2.3813298	0.52803302
2.3824239	0.52803302
2.3835192	0.52850533
2.3846154	0.52897763
2.3857129	0.52850533
2.3868113	0.52771807
2.3879108	0.52756071
2.3890109	0.52771807
2.3901126	0.52724582
2.3912148	0.52724582
2.3923185	0.52724582
2.3934228	0.5266161
2.3945284	0.52645862
2.3956349	0.5270884
2.3967426	0.52693093
2.397851	0.52614379
2.3989608	0.52504176
2.4000711	0.52488434
2.4011834	0.52535659
2.4022958	0.52519917
2.4034097	0.52378225
2.4045243	0.52283764
2.4056404	0.52299511
2.4067569	0.52205044
2.4078751	0.52079105
2.4089937	0.52000386
2.4101133	0.52031875
2.4112341	0.52031875
2.4123564	0.52031875
2.4134791	0.52000386
2.4146035	0.51921672
2.4157286	0.51874441
2.4168549	0.51779979
2.4179819	0.5166977
2.4191108	0.51606798
2.4202399	0.51654029
2.4213705	0.51654029
2.4225018	0.51559567
2.4236345	0.51543832
2.424768	0.51512337
2.4259028	0.51480854
2.4270384	0.51402134
2.4281759	0.51354909
2.4293137	0.51370651
2.4304526	0.51402134
2.4315925	0.51339161
2.4327338	0.51260448
2.4338756	0.51307678
2.435019	0.51291937
2.4361632	0.51291937
2.4373078	0.51213217
2.4384544	0.51118761
2.4396017	0.51103014
2.4407504	0.51181728
2.4419	0.51213217
2.4430506	0.51260448
2.4442027	0.51197475
2.4453554	0.51134497
2.4465098	0.51134497
2.447665	0.51103014
2.4488211	0.51040035
2.4499784	0.51071531
2.4511368	0.51071531
2.4522963	0.51040035
2.4534569	0.5094558
2.4546185	0.50898349
2.4557815	0.50929838
2.4569452	0.50929838
2.4581103	0.50851119
2.4592764	0.50803888
2.4604435	0.50740921
2.4616117	0.50677943
2.4627812	0.50677943
2.4639518	0.50646454
2.4651229	0.5056774
2.4662957	0.50504768
2.4674697	0.50504768
2.4686446	0.50489026
2.4698207	0.50504768
2.4709978	0.50489026
2.4721763	0.50410306
2.4733558	0.50410306
2.4745364	0.50363076
2.4757183	0.50284356
2.4769011	0.50284356
2.478085	0.50268614
2.4792702	0.50237125
2.4804564	0.50189894
2.4816439	0.50158411
2.4828324	0.50189894
2.4840217	0.50268614
2.4852126	0.50378817
2.4864044	0.50457537
2.4875975	0.50394565
2.4887917	0.50378817
2.4899871	0.50394565
2.4911838	0.50426042
2.4923813	0.50473279
2.4935806	0.50504768
2.4947805	0.50378817
2.4959817	0.50315845
2.497184	0.50315845
2.4983873	0.50300103
2.4995921	0.50205642
2.5007977	0.50205642
2.5020049	0.50268614
2.5032129	0.50252873
2.5044224	0.50252873
2.5056329	0.50221384
2.5068443	0.50126922
2.5080571	0.50142664
2.5092711	0.50205642
2.5104864	0.50189894
2.5117025	0.50158411
2.5129199	0.50079691
2.5141385	0.50079691
2.5153584	0.50032467
2.5165794	0.50032467
2.5178018	0.50016719
2.5190251	0.5006395
2.5202496	0.50079691
2.5214756	0.50079691
2.5227027	0.50048208
2.5239308	0.50032467
2.5251603	0.49985236
2.5263908	0.49953747
2.5276225	0.49938002
2.5288556	0.49985236
2.5300899	0.49953747
2.5313251	0.49827799
2.532562	0.4979631
2.5337996	0.49906516
2.5350387	0.49859291
2.536279	0.49670362
2.5375204	0.49701852
2.538763	0.49812061
2.5400069	0.49717593
2.5412521	0.49591652
2.5424979	0.49434215
2.5437455	0.49386984
2.5449944	0.49465704
2.5462441	0.4949719
2.5474954	0.49402729
2.548748	0.49434215
2.5500016	0.4949719
2.5512564	0.49418473
2.5525131	0.49339753
2.5537705	0.49449953
2.5550292	0.49686113
2.556289	0.49749082
2.5575502	0.49733338
2.5588126	0.49686113
2.5600762	0.49481446
2.561341	0.49103606
2.5626073	0.48946172
2.5638747	0.48961914
2.5651433	0.4911935
2.5664132	0.49481446
2.5676842	0.49638882
2.5689566	0.49371243
2.5702302	0.4918232
2.5715053	0.49371243
2.5727808	0.4911935
2.5740583	0.48898941
2.5753372	0.49229544
2.576617	0.49245298
2.5778983	0.49276781
2.579181	0.49465704
2.5804646	0.49355498
2.5817497	0.49229544
2.5830364	0.48961914
2.5843241	0.48631302
2.585613	0.48930427
2.5869033	0.48961914
2.5881948	0.48930427
2.5894876	0.49166575
2.5907817	0.49324012
2.592077	0.49308267
2.5933733	0.48584071
2.5946712	0.47214395
2.5959706	0.47308856
2.5972712	0.48568326
2.598573	0.49245298
2.5998762	0.49245298
2.6011808	0.48993397
2.6024866	0.4880448
2.6037939	0.48599815
2.6051023	0.48159
2.6064122	0.48064545
2.6077232	0.48489615
2.6090355	0.48725763
2.6103492	0.48820224
2.6116643	0.48914686
2.6129806	0.48883197
2.6142986	0.48914686
2.6156178	0.48647046
2.6169381	0.48017308
2.6182597	0.48159
2.6195827	0.48190486
2.6209071	0.47875622
2.6222329	0.48347923
2.62356	0.48820224
2.6248877	0.48725763
2.6262174	0.48159
2.6275485	0.4800157
2.628881	0.48111776
2.6302147	0.4754501
2.6315498	0.47497779
2.6328864	0.47907108
2.6342242	0.48033053
2.6355639	0.48253462
2.6369042	0.48316437
2.6382463	0.48284948
2.6395895	0.48237717
2.6409342	0.480488
2.6422803	0.47859877
2.6436276	0.47796899
2.6449764	0.47529265
2.6463268	0.47371835
2.6476784	0.47592238
2.6490314	0.47670957
2.6503856	0.47466296
2.6517413	0.47104195
2.6530983	0.46899533
2.6544569	0.46946764
2.6558168	0.46883786
2.6571774	0.46915278
2.65854	0.46773586
2.6599042	0.4647446
2.6612697	0.46332768
2.6626365	0.46348512
2.6640048	0.45954928
2.6653745	0.45120531
2.6667454	0.44821399
2.6681182	0.45120531
2.6694922	0.44931608
2.6708674	0.44286129
2.6722443	0.45010322
2.6736224	0.45655805
2.6750021	0.45388165
2.676383	0.4464823
2.6777654	0.44427821
2.6791496	0.44538027
2.6805348	0.44852892
2.6819217	0.45041808
2.6833098	0.4475843
2.6846995	0.44585252
2.6860905	0.44427821
2.6874828	0.44270387
2.6888769	0.44160181
2.6902716	0.44049978
2.6916685	0.43798086
2.6930668	0.4307389
2.6944666	0.42444155
2.6958678	0.42396924
2.6972704	0.42507127
2.6986744	0.42381182
2.7000799	0.41940367
2.7014871	0.41373602
2.7028956	0.41058737
2.7043056	0.40869817
2.7057171	0.40617922
2.70713	0.40366027
2.7085443	0.39893728
2.7099602	0.39279735
2.7113776	0.38854665
2.7127967	0.39090815
2.7142169	0.39201015
2.7156389	0.38949126
2.7170622	0.38476822
2.718487	0.37878573
2.7199132	0.36870995
2.7213409	0.36241263
2.7227702	0.36335722
2.7242005	0.3581619
2.7256327	0.35422605
2.7270665	0.35469836
2.7285018	0.35312402
2.7299387	0.34887332
2.7313771	0.34399289
2.7328169	0.33879754
2.7342582	0.3315556
2.7357013	0.32510081
2.7371457	0.32163724
2.7385917	0.31471017
2.7400391	0.30557901
2.741488	0.30101344
2.7429385	0.30117086
2.7443907	0.29991144
2.7458441	0.29597557
2.747299	0.29188225
2.7487557	0.28731668
2.7502139	0.28227881
2.7516737	0.27676862
2.753135	0.27141589
2.7545979	0.26370165
2.7560623	0.25724682
2.7575283	0.2566171
2.7589962	0.25551507
2.7604654	0.25252384
2.7619359	0.24748595
2.7634082	0.24292035
2.7648821	0.240244
2.7663574	0.23788248
2.7678344	0.23504867
2.7693131	0.23189999
2.7707932	0.22796413
2.772275	0.22544523
2.7737584	0.22371346
2.7752433	0.2207222
2.7767296	0.21804583
2.7782178	0.21521202
2.7797074	0.21222077
2.7811987	0.20954439
2.782691	0.20702547
2.7841854	0.20482138
2.7856815	0.20120041
2.7871792	0.19742198
2.7886784	0.19553278
2.7901793	0.19443074
2.7916818	0.1928564
2.7931859	0.19080977
2.794692	0.18829083
2.7961996	0.18655905
2.7977085	0.18466985
2.7992191	0.18246578
2.8007314	0.17978939
2.8022454	0.17711303
2.803761	0.17490895
2.8052781	0.17364949
2.806797	0.17286232
2.8083177	0.17128798
2.8098397	0.16908391
2.8113635	0.16672242
2.8128889	0.1634163
2.8144159	0.16011018
2.8159447	0.15727638
2.8174751	0.15459999
2.8190067	0.15160877
2.8205404	0.14814521
2.8220758	0.14594112
2.8236129	0.14405192
2.8251517	0.14137554
2.8266921	0.13901405
2.8282342	0.1364951
2.829778	0.13334642
2.8313241	0.12956803
2.8328712	0.12578961
2.83442	0.12138146
2.8359706	0.11555642
2.8375227	0.11004622
2.8390768	0.10406375
2.8406324	0.0972941
2.8421898	0.089579843
2.843749	0.082337879
2.84531	0.07478106
2.8468723	0.066594504
2.8484366	0.059037678
2.8500025	0.052740324
2.8515701	0.049434215
2.8531396	0.049434215
2.8547106	0.051480856
2.8562829	0.055416699
2.8578575	0.061556622
2.8594339	0.068168834
2.861012	0.07430876
2.8625917	0.080133811
2.8641732	0.085329123
2.8657565	0.089737266
2.8673415	0.094460286
2.8689287	0.099025868
2.870517	0.10311915
2.8721075	0.10721242
2.8736994	0.11130571
2.8752933	0.11492668
2.876889	0.11776049
2.8784864	0.12027944
2.8800855	0.12248349
2.8816857	0.12421528
2.8832886	0.12563218
2.8848929	0.12704907
2.8864994	0.12815112
2.8881073	0.12909573
2.8897173	0.12972546
2.8913291	0.13019776
2.8929424	0.13004032
2.8945582	0.13019776
2.8961751	0.13082749
2.897794	0.13145722
2.8994148	0.13192952
2.9010372	0.1317721
2.9026616	0.13145722
2.9042876	0.13161466
2.9059157	0.13129979
2.9075458	0.13114236
2.9091775	0.13098493
2.9108109	0.13067007
2.9124463	0.13067007
2.9140832	0.13082749
2.9157224	0.13051261
2.9173632	0.13004032
2.9190059	0.13004032
2.9206498	0.12972546
2.922296	0.12972546
2.9239442	0.12956803
2.9255943	0.12893827
2.9272463	0.12909573
2.9289	0.12988289
2.9305558	0.13004032
2.9322133	0.13019776
2.9338732	0.13098493
2.9355345	0.13192952
2.9371977	0.13240184
2.9388628	0.13303156
2.9405298	0.13397618
2.9421985	0.13492076
2.9438694	0.13586538
2.9455421	0.1364951
2.9472167	0.13712485
2.9488933	0.13806945
2.9505715	0.13932891
2.9522519	0.13995866
2.953934	0.14043096
2.9556181	0.141533
2.9573042	0.14200529
2.9589922	0.14232016
2.9606814	0.14294991
2.9623733	0.14389449
2.964067	0.14468168
2.9657626	0.14546883
2.9674604	0.14688574
2.9691598	0.14814521
2.9708614	0.14877495
2.9725649	0.14940469
2.9742706	0.15066415
2.9759779	0.15160877
2.9776874	0.15239593
2.9793985	0.15381283
2.9811118	0.15522973
2.9828272	0.15554461
2.9845443	0.15617435
2.9862635	0.15774867
2.9879854	0.15916559
2.9897087	0.15979531
2.9914336	0.16105479
2.993161	0.16199939
2.99489	0.16247168
2.9966211	0.16294399
2.9983544	0.16404603
3.0000894	0.16546293
3.001826	0.16640754
3.0035653	0.16735213
3.0053065	0.16813931
3.0070496	0.16892646
3.0087948	0.17002851
3.0105422	0.17097311
3.0122914	0.17160286
3.0140429	0.17286232
3.0157964	0.17427923
3.0175517	0.17475152
3.0193093	0.17553869
3.0210688	0.17632586
3.0228302	0.1774279
3.0245938	0.17884479
3.0263596	0.17963198
3.0281272	0.1802617
3.0298975	0.18089144
3.0316694	0.18136375
3.0334435	0.18183604
3.0352194	0.18293808
3.0369976	0.18356781
3.0387776	0.18372527
3.04056	0.18388268
3.0423443	0.18451242
3.0441301	0.18498471
3.0459187	0.18561447
3.0477092	0.18655905
3.0495021	0.18734622
3.0512969	0.1876611
3.0530939	0.18829083
3.054893	0.189078
3.0566943	0.19018005
3.0584979	0.1909672
3.0603034	0.19159696
3.0621109	0.19206925
3.0639207	0.19238411
3.0657327	0.1928564
3.0675466	0.19364358
3.0693629	0.19443074
3.0711813	0.19521792
3.0730011	0.19569023
3.0748239	0.19631995
3.0766487	0.19679224
3.0784757	0.19710712
3.0803049	0.19805174
3.0821362	0.1983666
3.0839698	0.19852403
3.0858054	0.1993112
3.0876439	0.20025581
3.0894837	0.2007281
3.0913262	0.20041323
3.0931706	0.2007281
3.0950172	0.20135784
3.0968661	0.20135784
3.0987172	0.20120041
3.1005704	0.20135784
3.1024263	0.2016727
3.104284	0.20183013
3.106144	0.20214501
3.1080062	0.20245989
3.1098707	0.20245989
3.1117373	0.20245989
3.1136062	0.20277473
3.1154773	0.20340447
3.1173501	0.20419165
3.1192257	0.20529369
3.1211035	0.20686801
3.1229837	0.20859981
3.1248662	0.21033156
3.1267509	0.21174848
3.128638	0.21316537
3.1305273	0.21489716
3.1324193	0.21647149
3.1343131	0.218833
3.1362092	0.22119449
3.1381078	0.22276884
3.1400084	0.2240283
3.1419115	0.22560266
3.1438167	0.22670469
3.1457245	0.22733442
3.1476347	0.22764929
3.1495469	0.22827902
3.1514616	0.22969595
3.1533785	0.23095538
3.1552978	0.23174256
3.1572194	0.23284461
3.1591434	0.23394662
3.1610696	0.2352061
3.162998	0.23615071
3.1649289	0.23693787
3.1668622	0.23803991
3.168798	0.2389845
3.1707361	0.240244
3.1726766	0.24150346
3.1746194	0.24260551
3.1765647	0.24323523
3.1785126	0.24355009
3.1804626	0.24386497
3.182415	0.24480957
3.1843698	0.24575418
3.186327	0.24622649
3.1882865	0.24685621
3.1902485	0.24764338
3.1922131	0.24795826
3.19418	0.24874541
3.1961493	0.24969001
3.1981211	0.25000489
3.2000952	0.25079206
3.2020719	0.25142178
3.2040508	0.25189409
3.2060323	0.25252384
3.2080164	0.25299612
3.2100022	0.25346842
3.2119911	0.25394076
3.2139823	0.25394076
3.215976	0.25362587
3.2179723	0.2528387
3.2199712	0.25189409
3.2219722	0.25142178
3.2239761	0.25047719
3.2259824	0.24937515
3.2279911	0.24874541
3.2300024	0.24858797
3.2320161	0.24858797
3.2340324	0.24858797
3.2360511	0.24858797
3.2380724	0.2478008
3.2400961	0.24685621
3.2421229	0.24528188
3.2441516	0.24339266
3.2461832	0.24292035
3.2482171	0.24480957
3.2502534	0.24890284
3.2522926	0.25394076
3.2543342	0.25913605
3.2563784	0.2635442
3.2584248	0.26700771
3.2604742	0.26999897
3.262526	0.2729902
3.2645805	0.27582401
3.2666376	0.2780281
3.2686973	0.27975988
3.2707596	0.28086191
3.2728245	0.28227881
3.2748921	0.28353828
3.2769623	0.28511262
3.2790351	0.28668696
3.2811103	0.28763157
3.2831883	0.28857619
3.2852688	0.28936335
3.2873521	0.29030794
3.289438	0.29109511
3.2915258	0.29172486
3.293617	0.29235458
3.2957108	0.29345661
3.2978072	0.29487354
3.2999065	0.29581812
3.3020084	0.29692015
3.3041129	0.29786474
3.3062201	0.29865193
3.3083303	0.29975396
3.3104429	0.30101344
3.3125582	0.30195805
3.314676	0.30290264
3.3167968	0.30384722
3.3189204	0.30400467
3.3210464	0.30431953
3.3231752	0.30510673
3.3253074	0.30573645
3.3274417	0.30620873
3.3295789	0.30652362
3.3317187	0.30699593
3.3338614	0.30731079
3.3360066	0.3077831
3.3381548	0.30841282
3.3403056	0.30841282
3.3424585	0.30872768
3.344615	0.30951488
3.3467741	0.3101446
3.3489361	0.31093177
3.3511009	0.3115615
3.3532684	0.3120338
3.3554389	0.312821
3.3576121	0.313923
3.3597887	0.31518248
3.3619676	0.3158122
3.3641491	0.31612709
3.3663337	0.31707168
3.368521	0.31801629
3.3707113	0.31864601
3.3729043	0.31927577
3.3751001	0.3203778
3.3772995	0.32100755
3.3795011	0.32147986
3.3817058	0.32242444
3.383913	0.32368392
3.3861232	0.3246285
3.3883364	0.32510081
3.3905525	0.32588798
3.3927715	0.32699001
3.3949924	0.32777718
3.3972173	0.32872176
3.3994448	0.32935151
3.4016755	0.32966641
3.403909	0.33029613
3.4061456	0.33092585
3.408385	0.3315556
3.4106274	0.33234277
3.4128728	0.33265764
3.4151211	0.33360222
3.4173725	0.33438942
3.4196265	0.33501914
3.4218838	0.33596376
3.424144	0.33722323
3.4264071	0.33801037
3.4286733	0.33895499
3.4309425	0.34052935
3.4332149	0.3417888
3.4354899	0.34289083
3.4377682	0.34399289
3.4400494	0.34509489
3.4423335	0.3460395
3.4446208	0.34698412
3.4469111	0.34777129
3.449204	0.34840101
3.4515004	0.34918821
3.4537997	0.34997535
3.4561024	0.35091996
3.4584079	0.35202199
3.4607165	0.35280916
3.4630284	0.35328147
3.4653432	0.35391119
3.4676619	0.35469836
3.4699829	0.35517067
3.472307	0.35532808
3.4746342	0.35564297
3.4769647	0.35627267
3.4792981	0.35690245
3.4816349	0.35768959
3.4839747	0.35847676
3.4863167	0.35926396
3.488663	0.3600511
3.4910121	0.36068085
3.4933646	0.36146802
3.4957201	0.36178288
3.4980791	0.36257008
3.5004408	0.36335722
3.5028062	0.36445925
3.5051751	0.36524644
3.5075467	0.36619103
3.5099213	0.36745054
3.5122993	0.36870995
3.5146806	0.36981201
3.517065	0.37091404
3.5194528	0.37217352
3.5218437	0.3731181
3.5242381	0.37406275
3.5266356	0.37547964
3.5290363	0.37689653
3.5314403	0.37799856
3.5338476	0.37878573
3.536258	0.38004521
3.538672	0.38098982
3.5410891	0.38224927
3.5435085	0.38366619
3.5459323	0.3846108
3.5483594	0.38508308
3.5507898	0.38587028
3.5532234	0.38712972
3.5556605	0.38823175
3.5581009	0.3891764
3.5605447	0.38996354
3.5629921	0.39059329
3.5654426	0.39122301
3.5678964	0.39185277
3.5703535	0.39279735
3.5728142	0.39374194
3.5752783	0.39421424
3.5777457	0.39468655
3.5802164	0.39547372
3.5826914	0.39594603
3.5851691	0.39673319
3.5876501	0.39752036
3.5901346	0.39815009
3.5926225	0.39893728
3.595114	0.39940956
3.5976088	0.39972442
3.6001072	0.40035418
3.6026084	0.40082645
3.6051137	0.40145621
3.6076224	0.40192851
3.6101346	0.40240082
3.6126504	0.40271568
3.6151698	0.40334541
3.6176925	0.40366027
3.620219	0.40397513
3.6227491	0.40444744
3.6252825	0.40476233
3.6278193	0.40507716
3.6303599	0.40539205
3.6329038	0.40570691
3.6354516	0.40586436
3.6380026	0.40602177
3.6405575	0.40602177
3.6431165	0.40617922
3.6456785	0.40633667
3.6482441	0.40617922
3.6508133	0.40633667
3.6533861	0.40680894
3.6559625	0.40696639
3.6585426	0.40728125
3.6611264	0.40775353
3.6637127	0.40806845
3.6663036	0.40854073
3.6688983	0.40854073
3.6714969	0.40854073
3.6740987	0.40869817
3.6767046	0.40932789
3.6793139	0.40995762
3.6819272	0.41011506
3.6845443	0.41011506
3.687165	0.41074482
3.6897893	0.41137454
3.6924174	0.41200426
3.695049	0.41263402
3.6976848	0.41310629
3.7003241	0.41342118
3.7029672	0.41420832
3.7056146	0.41483808
3.7082653	0.41483808
3.7109196	0.41483808
3.713578	0.4154678
3.7162399	0.41594011
3.7189059	0.41562524
3.7215757	0.41499552
3.7242491	0.41515294
3.7269256	0.41499552
3.7296069	0.41452321
3.7322919	0.4143658
3.7349808	0.41405094
3.7376738	0.41357863
3.7403705	0.41279143
3.7430711	0.41184685
3.7457757	0.41121712
3.7484846	0.41058737
3.7511971	0.4098002
3.7539134	0.40932789
3.7566335	0.40869817
3.7593577	0.40806845
3.7620859	0.4074387
3.764818	0.40665153
3.767554	0.40633667
3.770293	0.40602177
3.7730372	0.40539205
3.7757852	0.40507716
3.778537	0.40476233
3.7812932	0.40460485
3.7840533	0.40429002
3.7868173	0.40413257
3.7895856	0.40381774
3.7923579	0.4028731
3.7951343	0.40224335
3.7979145	0.40098393
3.800699	0.39956701
3.8034875	0.39877984
3.8062801	0.39877984
3.8090768	0.39940956
3.8118775	0.40051162
3.8146832	0.40145621
3.8174922	0.40255824
3.8203053	0.4028731
3.8231227	0.40255824
3.8259442	0.40145621
3.8287699	0.40019673
3.8315997	0.39877984
3.8344338	0.39752036
3.837271	0.39641833
3.8401134	0.39610347
3.8429599	0.39610347
3.8458109	0.39578858
3.848666	0.39484397
3.8515253	0.39405683
3.8543887	0.39437169
3.8572567	0.39578858
3.8601296	0.39783525
3.8630059	0.40003932
3.8658867	0.40192851
3.8687716	0.40303054
3.8716609	0.40350285
3.8745544	0.40429002
3.8774524	0.40491977
3.8803546	0.40523463
3.8832617	0.40523463
3.8861728	0.40507716
3.8890882	0.40523463
3.8920078	0.40523463
3.894932	0.40523463
3.8978605	0.40554947
3.9007933	0.40539205
3.9037306	0.40539205
3.9066718	0.40539205
3.9096179	0.40586436
3.9125686	0.40586436
3.9155238	0.40554947
3.9184833	0.40507716
3.9214473	0.40460485
3.9244158	0.40413257
3.9273889	0.40381774
3.9303668	0.40381774
3.9333489	0.40413257
3.9363356	0.40429002
3.9393268	0.40476233
3.9423223	0.40476233
3.9453225	0.40460485
3.9483273	0.40397513
3.9513369	0.40350285
3.9543512	0.40318799
3.9573698	0.40240082
3.960393	0.40177107
3.9634209	0.40098393
3.9664533	0.39988187
3.9694903	0.39893728
3.972532	0.39830756
3.9755785	0.39736292
3.9786289	0.39657575
3.9816847	0.39610347
3.984745	0.39531627
3.9878104	0.39468655
3.9908803	0.39421424
3.9939549	0.39358449
3.9970343	0.39342707
4.0001183	0.39311218
4.0032082	0.3929548
4.0063019	0.39263991
4.0094004	0.3921676
4.0125036	0.39153787
4.0156116	0.39043584
4.0187244	0.38949126
4.021842	0.38823175
4.0249648	0.38665742
4.028091	0.38539797
4.0312233	0.38476822
4.0343604	0.38429594
4.0375023	0.3833513
4.0406489	0.38224927
4.0438008	0.38098982
4.046958	0.3795729
4.0501194	0.37862831
4.0532866	0.37784114
4.056458	0.37721142
4.0596347	0.37658167
4.0628161	0.37547964
4.0660028	0.37422013
4.0691943	0.37296069
4.0723906	0.37185866
4.0755925	0.37107146
4.0787992	0.36996943
4.0820107	0.36870995
4.0852275	0.36760792
4.0884495	0.36650592
4.0916762	0.36540386
4.0949082	0.36430186
4.0981455	0.36288494
4.1013875	0.36178288
4.1046343	0.36036599
4.1078868	0.35879165
4.1111441	0.35768959
4.1144071	0.35658759
4.1176748	0.35501325
4.1209483	0.35343891
4.1242266	0.35202199
4.1275101	0.3506051
4.1307993	0.34903073
4.1340938	0.34745643
4.137393	0.34572464
4.1406975	0.34399289
4.1440077	0.34226108
4.1473227	0.34037191
4.1506433	0.33879754
4.1539693	0.33690834
4.1573014	0.33470425
4.1606379	0.33250019
4.16398	0.33076844
4.1673269	0.32824948
4.1706796	0.32588798
4.1740379	0.32368392
4.1774011	0.32163724
4.1807699	0.31959063
4.1841431	0.31707168
4.1875229	0.31471017
4.190908	0.31250608
4.1942987	0.3101446
4.1976953	0.30746824
4.2010965	0.30494928
4.204504	0.30211547
4.2079167	0.29928166
4.2113357	0.29613298
4.2147593	0.29298431
4.2181888	0.28936335
4.2216239	0.28511262
4.2250643	0.28038961
4.2285104	0.27566659
4.2319622	0.27062872
4.2354198	0.26511854
4.2388835	0.2585063
4.242352	0.25079206
4.2458267	0.24150346
4.2493072	0.22938105
4.2527928	0.21395254
4.2562842	0.19600508
4.2597818	0.17664073
4.2632847	0.15774867
4.2667923	0.14200529
4.2703071	0.13255927
4.2738276	0.13067007
4.2773538	0.13366131
4.2808857	0.13586538
4.2844238	0.13366131
4.2879677	0.12704907
4.2915173	0.11791791
4.2950735	0.10705499
4.298635	0.096349493
4.3022022	0.08737576
4.3057756	0.080133811
4.3093548	0.07430876
4.3129401	0.070215479
4.3165312	0.066751927
4.3201284	0.06313096
4.3237324	0.059667412
4.3273416	0.056518734
4.3309565	0.053370062
4.3345776	0.050063953
4.3382049	0.046600405
4.3418384	0.043294299
4.3454776	0.04046049
4.3491235	0.038413849
4.3527737	0.03715438
4.3564315	0.036996946
4.3600955	0.036996946
4.3637652	0.03715438
4.3674417	0.03762668
4.3711243	0.038413849
4.3748131	0.039830752
4.3785081	0.040932789
4.3822103	0.041247658
4.3859177	0.041562524
4.3896313	0.041405093
4.3933511	0.040775355
4.3970776	0.039830752
4.4008102	0.039043587
4.4045491	0.038256414
4.4082947	0.03762668
4.412045	0.036682077
4.415803	0.035580039
4.4195676	0.03479287
4.4233384	0.034005702
4.4271159	0.033218533
4.4308996	0.032431364
4.43469	0.031644195
4.4384871	0.030542159
4.4422908	0.029754989
4.4461007	0.029597554
4.4499168	0.029754989
4.4537401	0.03006986
4.4575696	0.030542159
4.4614058	0.030857027
4.4652486	0.031171894
4.4690976	0.031014457
4.4729543	0.030699594
4.4768167	0.030857027
4.4806862	0.031171894
4.4845624	0.031329326
4.4884448	0.031171894
4.4923344	0.031329326
4.4962306	0.032116495
4.5001335	0.033218533
4.5040426	0.03526517
4.5079594	0.038098983
4.5118828	0.041247658
4.5158129	0.045970671
4.5197501	0.052897759
4.523694	0.062028915
4.5276446	0.072262123
4.5316024	0.082652748
4.5355678	0.091783904
4.5395393	0.097766392
4.5435181	0.09886843
4.5475035	0.093515687
4.551496	0.08155071
4.5554957	0.065964758
4.5595021	0.051480856
4.5635157	0.040775355
4.5675368	0.03463544
4.5715647	0.031644195
4.5755997	0.030384723
4.5796418	0.029440122
4.5836911	0.02896782
4.5877471	0.029125255
4.5918107	0.029125255
4.5958815	0.029754989
4.5999584	0.030857027
4.604044	0.032273933
4.6081362	0.034163136
4.612236	0.036682077
4.616343	0.039043587
4.6204576	0.04061792
4.6245794	0.04061792
4.6287084	0.039515886
4.6328454	0.037941545
4.6369891	0.036052343
4.6411405	0.03463544
4.6452994	0.033375964
4.6494656	0.032431364
4.6536388	0.031644195
4.6578202	0.031329326
4.6620088	0.030542159
4.6662059	0.029912423
4.6704097	0.029754989
4.6746206	0.029912423
4.6788397	0.03006986
4.6830664	0.029912423
4.6873007	0.029754989
4.6915426	0.029125255
4.6957922	0.028338086
4.7000484	0.027393483
4.7043133	0.026448879
4.7085862	0.025504278
4.7128668	0.02440224
4.717155	0.023615072
4.7214513	0.022827903
4.7257552	0.022040732
4.7300668	0.021410998
4.7343879	0.020938696
4.7387152	0.021096129
4.7430506	0.021096129
4.7473941	0.020623829
4.7517457	0.020781262
4.7561049	0.021096129
4.7604723	0.020938696
4.7648478	0.020938696
4.7692318	0.020781262
4.7736235	0.020623829
4.7780232	0.020781262
4.7824311	0.021568431
4.7868466	0.022985335
4.7912707	0.025031976
4.7957029	0.028495517
4.8001437	0.033848267
4.8045907	0.041719958
4.8090477	0.051638287
4.8135128	0.063445821
4.8179865	0.076985136
4.8224683	0.09209878
4.8269582	0.10752729
4.8314571	0.12169633
4.8359637	0.13350385
4.8404803	0.14326477
4.8450041	0.15522973
4.8495364	0.17002851
4.8540773	0.18466985
4.8586264	0.19789429
4.8631845	0.20922953
4.8677506	0.21914786
4.8723259	0.22843644
4.8769083	0.23756763
4.8815002	0.24606903
4.8861008	0.25346842
4.8907104	0.26023808
4.8953285	0.26669285
4.8999557	0.27267534
4.9045911	0.27834296
4.909236	0.28353828
4.9138899	0.28841874
4.9185519	0.29329917
4.923223	0.2975499
4.9279027	0.30148575
4.9325914	0.30526415
4.9372892	0.30872768
4.9419956	0.3120338
4.9467115	0.31502503
4.951437	0.31770143
4.9561706	0.32006294
4.9609137	0.32242444
4.9656653	0.32478595
4.9704261	0.32683259
4.9751964	0.32872176
4.9799757	0.33045354
4.9847641	0.33265764
4.9895606	0.33470425
4.9943671	0.33612117
4.9991837	0.33785293
5.0040088	0.33974215
5.0088439	0.34147394
5.0136881	0.34320572
5.0185413	0.34446517
5.0234041	0.3460395
5.0282774	0.34745643
5.0331593	0.34887332
5.0380507	0.35013279
5.0429511	0.35123482
5.0478616	0.35249427
5.0527816	0.35359633
5.0577111	0.35454094
5.0626502	0.35548556
5.0675998	0.35658759
5.0725584	0.35721731
5.0775266	0.35768959
5.0825043	0.35831937
5.087492	0.3594214
5.0924897	0.36131057
5.097497	0.36257008
5.1025143	0.36351466
5.1075401	0.36430186
5.112577	0.36524644
5.1176243	0.36571875
5.1226811	0.36540386
5.127748	0.36461669
5.1328249	0.365089
5.1379123	0.36682075
5.1430092	0.36839512
5.1481171	0.36918229
5.1532345	0.37091404
5.1583619	0.37217352
5.1634998	0.37296069
5.1686478	0.37359041
5.1738062	0.37406275
5.1789751	0.37422013
5.184154	0.37453502
5.1893444	0.37469244
5.1945438	0.37453502
5.1997542	0.37374786
5.2049747	0.37343299
5.210206	0.37248838
5.2154474	0.37170121
5.2206998	0.37248838
5.2259626	0.37264583
5.2312346	0.37185866
5.2365189	0.37059918
5.2418137	0.36996943
5.2471189	0.36949715
5.2524352	0.36855254
5.2577624	0.36792281
5.2631001	0.36745054
5.2684488	0.36697823
5.273809	0.36634848
5.2791796	0.36619103
5.2845607	0.36650592
5.2899532	0.36619103
5.2953568	0.36666334
5.3007712	0.36792281
5.3061967	0.36792281
5.3116336	0.36823764
5.3170795	0.36839512
5.3225384	0.36823764
5.3280087	0.36776537
5.3334904	0.36729306
5.3389831	0.36697823
5.3444872	0.365089
5.3500028	0.36225516
5.3555293	0.36241263
5.3610692	0.36367208
5.3666191	0.36367208
5.37218	0.36272749
5.3777528	0.36162546
5.3833375	0.3605234
5.3889332	0.35926396
5.3945408	0.35690245
5.4001603	0.35359633
5.4057918	0.34918821
5.4114347	0.3441503
5.417089	0.33785293
5.4227557	0.33171305
5.4284339	0.33092585
5.434124	0.33045354
5.439826	0.32777718
5.44554	0.32447106
5.4512644	0.32022035
5.4570026	0.313923
5.4627528	0.30447698
5.4685154	0.29692015
5.4742899	0.29156739
5.4800768	0.28605723
5.4858756	0.28322339
5.4916868	0.28149164
5.4975119	0.28038961
5.5033479	0.27960241
5.5091963	0.27960241
5.5150576	0.27960241
5.5209308	0.27913013
5.5268164	0.27913013
5.5327148	0.27975988
5.5386262	0.28007472
5.5445509	0.27928758
5.550487	0.27771324
5.5564361	0.27692607
5.562398	0.27739838
5.5683727	0.27755579
5.5743604	0.27519429
5.5803604	0.27283281
5.5863738	0.27409226
5.5923977	0.27472198
5.5984373	0.27251792
5.6044893	0.26984152
5.6105552	0.26763746
5.6166334	0.26385903
5.6227255	0.25992322
5.6288304	0.2547279
5.6349487	0.24764338
5.6410818	0.23866965
5.6472268	0.23410408
5.6533852	0.23111284
5.6595569	0.22749186
5.6657424	0.22497289
5.6719413	0.22024989
5.6781535	0.21584174
5.6843796	0.21253563
5.6906204	0.20702547
5.6968741	0.2007281
5.7031412	0.19317129
5.7094221	0.18482728
5.7157168	0.18215093
5.7220259	0.18404013
5.7283483	0.18734622
5.7346849	0.1900226
5.7410331	0.19143951
5.7473979	0.19191182
5.7537766	0.19443074
5.76017	0.19474563
5.7665772	0.19238411
5.7729988	0.1964774
5.7794347	0.2016727
5.7858849	0.20576599
5.7923512	0.210489
5.7988305	0.21631405
5.8053241	0.22418573
5.811832	0.23158514
5.8183551	0.23473382
5.8248925	0.2389845
5.8314447	0.24622649
5.8380117	0.25094947
5.8445945	0.25189409
5.851191	0.24937515
5.8578029	0.24323523
5.864429	0.23536354
5.8710709	0.22969595
5.877727	0.21788837
5.8843989	0.20482138
5.8910856	0.19443074
5.8977852	0.17805764
5.9045024	0.16782443
5.9112349	0.16042505
5.9179831	0.15428513
5.9247465	0.14940469
5.9315252	0.14263503
5.9383197	0.13680997
5.9451299	0.13932891
5.9519572	0.1434222
5.9587984	0.14861752
5.9656553	0.15255336
5.9725285	0.15822098
5.9794173	0.1648332
5.9863219	0.16735213
5.9932423	0.16876903
6.0001788	0.17065825
6.0071297	0.16924134
6.0140982	0.1657778
6.0210834	0.16373116
6.0280848	0.16152708
6.0351024	0.15727638
6.0421362	0.14877495
6.0491862	0.13728228
6.0562534	0.13287413
6.0633373	0.12689164
6.0704374	0.11350977
6.0775537	0.099025868
6.0846872	0.086431161
6.0918374	0.076670259
6.0990043	0.071947247
6.1061878	0.072104685
6.1133885	0.076040529
6.1206079	0.084227085
6.1278424	0.09162648
6.1350942	0.094775148
6.1423635	0.092885941
6.1496496	0.086116292
6.1569533	0.075410783
6.1642742	0.064705297
6.1716127	0.05746334
6.1789665	0.052268025
6.1863399	0.048489612
6.1937308	0.047072709
6.2011395	0.045970671
6.2085662	0.044081464
6.2160106	0.042507127
6.2234726	0.042034827
6.2309527	0.043451726
6.238452	0.047230143
6.2459679	0.052425459
6.2535024	0.057148475
6.261055	0.060454577
6.2686257	0.061871488
6.2762151	0.062343787
6.2838225	0.062343787
6.2914486	0.061714053
6.2990947	0.061241746
6.3067579	0.061556622
6.3144398	0.062343787
6.3221402	0.063445821
6.3298597	0.064547867
6.3375978	0.064862728
6.345355	0.065020159
6.3531313	0.067224234
6.3609242	0.069270879
6.3687387	0.070372909
6.3765721	0.072262123
6.3844252	0.073993891
6.3922973	0.074623622
6.4001889	0.074623622
6.4081001	0.072576985
6.4160309	0.071947247
6.4239826	0.076827697
6.431953	0.084227085
6.4399428	0.094775148
6.4479527	0.10736986
6.4559822	0.12122404
6.4640322	0.13476333
6.4721022	0.14657088
6.4801922	0.15633176
6.4883046	0.16325885
6.4964356	0.17065825
6.5045867	0.18183604
6.5127583	0.18923543
6.5209503	0.19175437
6.5291634	0.19631995
6.5373969	0.19946864
6.545651	0.1997835
6.5539231	0.1993112
6.5622191	0.19852403
6.5705361	0.19490305
6.5788746	0.19474563
6.587234	0.19569023
6.5956144	0.19474563
6.6040168	0.19474563
6.6124401	0.19317129
6.6208863	0.19080977
6.629353	0.18545702
6.6378412	0.17963198
6.6463513	0.18104888
6.6548829	0.18325296
6.6634369	0.18073401
6.6720128	0.1764833
6.6806107	0.17239001
6.6892328	0.17113054
6.6978755	0.17018595
6.7065401	0.16625009
6.7152276	0.16294399
6.723937	0.16136964
6.7326698	0.15932301
6.7414246	0.15633176
6.7502027	0.15192361
6.7590008	0.14688574
6.7678242	0.14310734
6.7766714	0.14216273
6.7855411	0.14090325
6.7944345	0.14027351
6.8033509	0.141533
6.8122911	0.14106068
6.8212547	0.13838431
6.8302436	0.13665254
6.8392544	0.13665254
6.848289	0.13444847
6.8573475	0.12956803
6.8664303	0.12626192
6.8755369	0.12720652
6.8846679	0.12610449
6.8938227	0.12374298
6.9029989	0.12122404
6.9122028	0.11949225
6.9214315	0.11807536
6.9306846	0.11492668
6.9399629	0.1108334
6.9492655	0.10689756
6.9585934	0.10044277
6.9679465	0.093043379
6.9773269	0.093830548
6.9867301	0.09886843
6.9961591	0.10028533
7.0056133	0.09886843
7.0150933	0.095719755
7.0245986	0.09209878
7.0341301	0.090367004
7.0436873	0.091783904
7.0532722	0.095090024
7.0628819	0.0972941
7.0725174	0.0972941
7.0821791	0.095719755
7.0918674	0.09367311
7.1015825	0.091154173
7.1113243	0.08737576
7.1210923	0.084541954
7.1308832	0.083125047
7.1407056	0.082023017
7.1505547	0.080291241
7.1604309	0.078716904
7.1703348	0.077142566
7.1802659	0.076040529
7.1902246	0.07525336
7.200211	0.073993891
7.210228	0.072734416
7.2202702	0.071317516
7.23034	0.06942831
7.2404385	0.067539111
7.2505651	0.065335035
7.2607198	0.062816091
7.2709031	0.059667412
7.2811151	0.056518734
7.2913575	0.053055193
7.3016272	0.049434215
7.3119259	0.04581324
7.3222532	0.042349692
7.3326101	0.038728714
7.3429961	0.03526517
7.3534117	0.032116495
7.3638568	0.029282689
7.3743277	0.027236046
7.3848329	0.025819143
7.3953671	0.024559675
7.4059319	0.023772506
7.4165273	0.023615072
7.4271526	0.023772506
7.4378085	0.023772506
7.4484949	0.023615072
7.4592152	0.022985335
7.4699631	0.022355599
7.4807425	0.021725863
7.4915524	0.021253563
7.5023942	0.020466395
7.513267	0.019679226
7.5241718	0.019049492
7.5351081	0.018419754
7.5460782	0.017475151
7.5570784	0.016530551
7.5681105	0.015900815
7.579175	0.015428513
7.5902719	0.014641345
7.6014013	0.014011608
7.6125636	0.01322444
7.6237588	0.012279837
7.6349821	0.011492668
7.6462431	0.010862932
7.6575375	0.010548064
7.6688652	0.0099183302
7.6802268	0.0091311615
7.6916218	0.0091311615
7.7030506	0.0092885951
7.7145133	0.008973727
7.7260127	0.0088162925
7.7375441	0.0088162925
7.7491097	0.0086588599
7.7607102	0.0086588599
7.7723455	0.0083439909
7.7840157	0.0081865583
7.7957211	0.0080291238
7.8074613	0.0078716902
7.8192339	0.0075568222
7.8310452	0.0075568222
7.8428926	0.0073993886
7.8547754	0.0073993886
7.8666949	0.0073993886
7.8786502	0.007241955
7.8906422	0.0073993886
7.9026704	0.0077142566
7.9147372	0.0078716902
7.9268394	0.0078716902
7.9389782	0.0081865583
7.9511547	0.0091311615
7.9633684	0.0096034622
7.9756198	0.010075764
7.9879088	0.011020366
8.0002356	0.011964969
8.0126038	0.01322444
8.0250072	0.014798777
8.0374498	0.016215682
8.0499296	0.018104888
8.0624495	0.020466395
8.0750074	0.023457637
8.0876055	0.027236046
8.1002417	0.032116495
8.1129141	0.038098983
8.1256304	0.045183502
8.1383867	0.053527493
8.1511831	0.06313096
8.1640196	0.074466184
8.1768961	0.087533198
8.1898146	0.1024894
8.2027731	0.11901996
8.2157736	0.13791201
8.2288151	0.15948044
8.2418976	0.18372527
8.2550211	0.21064644
8.2681875	0.23961426
8.281395	0.26889694
8.2946453	0.29566067
8.3079386	0.31549734
8.3212767	0.32336903
8.3346548	0.31896088
8.3480768	0.31234869
8.3615408	0.31108922
8.3750496	0.31675678
8.3886013	0.32856438
8.4021969	0.34588209
8.4158373	0.36823764
8.4295158	0.39421424
8.4432449	0.42160773
8.4570189	0.44490796
8.4708366	0.45734519
8.4847012	0.45954928
8.4986105	0.45577088
8.5125656	0.44852892
8.5265665	0.44034234
8.540616	0.43152606
8.5547094	0.4223949
8.5688496	0.4143658
8.5830364	0.4071238
8.59727	0.40129876
8.6115513	0.39783525
8.6258802	0.3972055
8.6402569	0.39799264
8.6546841	0.39830756
8.6691561	0.39893728
8.6836777	0.40019673
8.6982479	0.40192851
8.7128668	0.40444744
8.7275343	0.407911
8.7422523	0.41231912
8.75702	0.41609755
8.7718325	0.4200334
8.7866993	0.42333949
8.8016176	0.42554358
8.8165865	0.4261733
8.8316059	0.42585847
8.8466768	0.42412668
8.8617992	0.41924623
8.8769741	0.40964276
8.8922033	0.39657575
8.9074821	0.38004521
8.9228134	0.35910648
8.9381971	0.33659348
8.9536343	0.3165994
8.9691257	0.30101344
8.9846697	0.28810385
9.000268	0.27676862
9.0159235	0.26606312
9.0316315	0.25551507
9.0473928	0.24433728
9.0632105	0.23064053
9.0790825	0.21269308
9.0950108	0.19222668
9.1109953	0.17490895
9.1270351	0.16325885
9.1431274	0.15349796
9.1592817	0.14326477
9.1754923	0.13366131
9.191761	0.12610449
9.2080879	0.11996455
9.224472	0.11429695
9.2409153	0.10910163
9.2574167	0.10437861
9.2739801	0.10075764
9.2906008	0.097766392
9.3072805	0.094617717
9.3240204	0.091783904
9.3408203	0.089422397
9.3576803	0.087533198
9.3746023	0.085486554
9.3915854	0.083282486
9.4086237	0.081708148
9.4257298	0.080133811
9.4428988	0.079031773
9.4601307	0.077929735
9.4774246	0.076355398
9.4947834	0.07478106
9.5122042	0.073679015
9.5296898	0.072576985
9.5472441	0.071160078
9.5648584	0.070058048
9.5825386	0.06942831
9.6002836	0.068326272
9.6180954	0.067381665
9.635973	0.066751927
9.6539164	0.065492466
9.6719275	0.064075559
9.6900091	0.06360326
9.7081556	0.062816091
9.7263699	0.062343787
9.7446527	0.062028915
9.7630043	0.061241746
9.7814245	0.060139719
9.7999153	0.059352543
9.8184757	0.059352543
9.837101	0.059195109
9.8558025	0.058407944
9.8745756	0.05730591
9.8934202	0.057148475
9.9123363	0.05730591
9.9313259	0.057148475
9.950388	0.056991033
9.9695234	0.056676172
9.9887362	0.055889007
10.008019	0.055574134
10.027377	0.055416699
10.04681	0.055101831
10.066319	0.054786965
10.085902	0.053842362
10.105563	0.053212624
10.1253	0.052740324
10.145119	0.05258289
10.165011	0.05258289
10.184982	0.051953156
10.205031	0.051795725
10.22516	0.051638287
10.245367	0.051165987
10.265656	0.051638287
10.286023	0.052268025
10.306466	0.05258289
10.326997	0.053055193
10.34761	0.053212624
10.368304	0.053527493
10.389083	0.053527493
10.409945	0.053212624
10.43089	0.053212624
10.45192	0.053684928
10.473039	0.053842362
10.49424	0.053212624
10.515526	0.052897759
10.536899	0.053370062
10.558359	0.053999793
10.579906	0.054314665
10.601542	0.054786965
10.623267	0.055574134
10.645084	0.056203865
10.666988	0.055889007
10.688982	0.054786965
10.711066	0.053999793
10.733243	0.052897759
10.755511	0.051795725
10.777872	0.051480856
10.800325	0.051795725
10.822865	0.052740324
10.845508	0.054157231
10.868244	0.055574134
10.891077	0.056991033
10.914005	0.058565378
10.937031	0.059509978
10.960154	0.060612019
10.983374	0.061084319
11.006698	0.061241746
11.030116	0.061556622
11.053635	0.061241746
11.077253	0.060612019
11.100973	0.061084319
11.124795	0.061714053
11.14872	0.062028915
11.172747	0.062028915
11.196871	0.062028915
11.221107	0.061714053
11.245447	0.060926881
11.269894	0.060454577
11.294447	0.059667412
11.319107	0.058880243
11.343875	0.058880243
11.368752	0.060297146
11.393744	0.062186353
11.418839	0.06313096
11.444047	0.06423299
11.469365	0.065964758
11.494797	0.068011403
11.52034	0.069900602
11.545999	0.071474954
11.571771	0.072891846
11.597663	0.074151322
11.623667	0.07478106
11.649787	0.074938491
11.676025	0.075568229
11.702382	0.076827697
11.728858	0.078402027
11.755454	0.079189196
11.782171	0.079189196
11.809002	0.078716904
11.835962	0.077929735
11.863048	0.077142566
11.890256	0.076985136
11.91759	0.076985136
11.94505	0.076512828
11.972636	0.07572566
12.000351	0.074623622
12.028198	0.073364154
12.056171	0.071317516
12.084274	0.06942831
12.112508	0.067381665
12.140875	0.065649897
12.169374	0.064547867
12.198009	0.063288391
12.226777	0.062186353
12.255688	0.061871488
12.28473	0.061871488
12.31391	0.061084319
12.343228	0.059824847
12.372687	0.058250509
12.402287	0.056361306
12.432029	0.054629531
12.461913	0.053370062
12.491931	0.051953156
12.522105	0.050693683
12.552425	0.049906518
12.582892	0.049434215
12.613507	0.04911935
12.644272	0.04864705
12.675187	0.048017312
12.706254	0.047230143
12.737479	0.046915274
12.768852	0.046285544
12.80038	0.045498367
12.832064	0.045183502
12.863906	0.044711199
12.895905	0.044396333
12.928064	0.04392403
12.960384	0.043294299
12.992874	0.04392403
13.025519	0.045026068
13.05833	0.045498367
13.091305	0.046128105
13.124448	0.047072709
13.157759	0.047387574
13.191238	0.046128105
13.22489	0.045340937
13.258701	0.044396333
13.292698	0.043766599
13.326869	0.04392403
13.361217	0.042979427
13.395742	0.042034827
13.430446	0.042507127
13.46533	0.042664561
13.500397	0.041405093
13.535651	0.04046049
13.571085	0.04061792
13.606705	0.040932789
13.642511	0.040775355
13.678508	0.039830752
13.714694	0.038728714
13.751073	0.037941545
13.787644	0.036839508
13.82442	0.035737477
13.861383	0.03526517
13.898545	0.03463544
13.935907	0.034163136
13.97347	0.033690833
14.011236	0.033533402
14.049208	0.033218533
14.087384	0.032746233
14.125755	0.032431364
14.16435	0.032273933
14.203156	0.031171894
14.242176	0.029597554
14.281411	0.028810387
14.320862	0.028338086
14.360532	0.028495517
14.400422	0.028338086
14.440542	0.026921181
14.48088	0.026448879
14.521442	0.026606312
14.562233	0.025504278
14.603253	0.024717107
14.644506	0.023929939
14.685991	0.022827903
14.727713	0.021725863
14.76966	0.019521793
14.811859	0.019049492
14.8543	0.01857719
14.896984	0.017160285
14.939916	0.01574338
14.983094	0.014011608
15.026524	0.01322444
15.070205	0.012752139
15.11415	0.012122403
15.158343	0.011492668
15.202796	0.011807536
15.24751	0.015113644
15.292488	0.025031976
15.337732	0.042192258
15.383245	0.062343787
15.429028	0.077614866
15.475092	0.084069654
15.521424	0.084699385
15.568036	0.079504073
15.614927	0.069113441
15.662103	0.057778209
15.709563	0.050378818
15.757313	0.046600405
15.805353	0.046600405
15.853672	0.053370062
15.902304	0.068326272
15.951234	0.089264967
16.000465	0.11461182
16.050003	0.13838431
16.099848	0.15255336
16.150003	0.15554461
16.200472	0.15192361
16.251265	0.14483911
16.30237	0.1327167
16.353796	0.11728819
16.405548	0.10201711
16.45763	0.088792667
16.510042	0.078716904
16.56279	0.071474954
16.615877	0.066437066
16.669313	0.062186353
16.723085	0.058093075
16.777206	0.055101831
16.831676	0.052897759
16.886503	0.051008556
16.941689	0.050063953
16.997234	0.049434215
17.053146	0.048961911
17.109409	0.04911935
17.166063	0.048332177
17.223093	0.047545012
17.280504	0.047545012
17.338299	0.047545012
17.396481	0.048017312
17.455055	0.048017312
17.514025	0.048489612
17.573404	0.049906518
17.633179	0.050536253
17.693359	0.051165987
17.753954	0.051638287
17.814964	0.053999793
17.876394	0.056518734
17.938251	0.056046434
18.000536	0.056046434
18.063269	0.05746334
18.126427	0.058250509
18.190027	0.058565378
18.254078	0.059352543
18.318579	0.060139719
18.383539	0.061556622
18.448961	0.063918121
18.514851	0.067066804
18.58119	0.070845217
18.648029	0.074151322
18.715351	0.077299997
18.783159	0.078402027
18.851461	0.080448672
18.920263	0.080763541
18.989569	0.079818942
19.059383	0.080448672
19.129725	0.083912216
19.200575	0.088792667
19.271952	0.095247455
19.343863	0.09886843
19.416311	0.099813037
19.489305	0.10170224
19.562849	0.10532322
19.636951	0.10642525
19.711594	0.10658269
19.786827	0.10768472
19.862638	0.10736986
19.939034	0.10658269
20.016018	0.10752729
20.093599	0.10862933
20.171785	0.10847189
20.250582	0.10705499
20.330009	0.10532322
20.410049	0.10390631
20.490723	0.10311915
20.572035	0.10138737
20.653994	0.099813037
20.73661	0.097136661
20.819889	0.094617717
20.903841	0.091783904
20.988487	0.089107536
21.073807	0.085958853
21.159821	0.082967617
21.246542	0.083125047
21.333977	0.083439916
21.422132	0.082967617
21.511023	0.083282486
21.600651	0.079189196
21.691	0.074151322
21.782139	0.073049292
21.874046	0.071947247
21.966734	0.074151322
22.060209	0.076827697
22.154484	0.069743171
22.249567	0.06360326
22.34547	0.062816091
22.442221	0.06423299
22.539797	0.06423299
22.638224	0.061241746
22.737514	0.05730591
22.837679	0.052425459
22.93873	0.049591649
23.04068	0.051480856
23.143541	0.052110586
23.247343	0.04911935
23.35206	0.047702443
23.457727	0.047859877
23.564352	0.044396333
23.671953	0.041719958
23.78054	0.043294299
23.890127	0.039830752
24.000731	0.038368102
24.112324	0.036053833
24.224998	0.036053833
24.338732	0.036662851
24.453537	0.035323013
24.569429	0.033739571
24.686426	0.031912513
24.804543	0.032521531
24.923796	0.033495963
25.044222	0.031668909
25.165796	0.030085463
25.288555	0.029598249
25.412519	0.029720053
25.537704	0.029720053
25.664127	0.029476447
25.791811	0.028867427
25.920769	0.027649395
26.051052	0.02618775
26.182623	0.027162179
26.315529	0.027771195
26.449793	0.026309554
26.585432	0.025700539
26.722471	0.023629878
26.860929	0.022168236
27.00083	0.023508074
27.142149	0.023508074
27.285002	0.021802826
27.429367	0.022411844
27.575268	0.02192463
27.722729	0.020828396
27.871777	0.019732166
28.022434	0.01851413
28.17473	0.017539704
28.328716	0.017296096
28.484369	0.017296096
28.641743	0.015469044
28.800863	0.016199866
28.961761	0.01851413
29.124468	0.015834454
29.289013	0.011693135
29.455427	0.012302154
29.623777	0.014494615
29.794029	0.014129206
29.966249	0.01327658
30.140471	0.013032974
30.316732	0.01461642
30.495066	0.015956257
30.67551	0.014494615
30.858103	0.012667564
31.04282	0.013154777
31.229824	0.014738224
31.419096	0.01534724
31.610676	0.01644347
31.804607	0.017905114
32.000931	0.020828396
32.199696	0.025700539
32.400944	0.033374157
32.604759	0.041900404
32.811115	0.050670255
33.020103	0.062850602
33.231773	0.078319646
33.446171	0.09464132
33.663353	0.11266825
33.883377	0.1287463
34.106293	0.14324091
34.332088	0.15700471
34.560966	0.16906326
34.792919	0.17880754
35.028008	0.18453228
35.266293	0.18916082
35.507843	0.19427657
35.752724	0.20012315
36.001007	0.20596971
36.252811	0.21157268
36.508114	0.21997711
36.767036	0.22886875
37.029659	0.23800403
37.296059	0.25176781
37.566319	0.26601881
37.840527	0.28039163
38.118767	0.29537347
38.40118	0.31132972
38.687756	0.32752958
38.978642	0.34397304
39.273933	0.36102557
39.573734	0.38027051
39.878147	0.39598316
40.187283	0.41120863
40.501244	0.42789564
40.820042	0.44324291
41.144012	0.45615411
41.473164	0.46699458
41.807625	0.47661707
42.147522	0.48124564
42.492992	0.4833163
42.844173	0.48392525
43.20121	0.48368168
43.564312	0.48148918
43.933502	0.47661707
44.309002	0.47320655
44.690975	0.46662921
45.079594	0.45505783
45.475029	0.4426339
45.87746	0.43020993
46.287083	0.41461909
46.704159	0.39768839
47.128742	0.38282838
47.561119	0.37198788
48.001499	0.37003902
48.450111	0.38867491
48.907188	0.41961303
49.372971	0.47186673
49.847713	0.52399862
50.331509	0.55298781
50.824955	0.56833512
51.328171	0.57576513
51.841454	0.58063722
52.365105	0.57893205
52.899441	0.57515609
53.444794	0.57259822
54.001511	0.56553364
54.570061	0.55578935
55.150593	0.54543602
55.74361	0.5294798
56.349518	0.50633717
56.968742	0.47612989
57.60173	0.44580078
58.24894	0.41315743
58.910862	0.37576377
59.588123	0.34433848
60.28101	0.31254774
60.9902	0.2824623
61.716274	0.26333916
62.459846	0.2507934
63.221554	0.23106122
64.002068	0.21120724
64.802094	0.21327791
65.622093	0.25298586
66.463402	0.31741992
67.326561	0.37186608
68.21244	0.40073347
69.121933	0.41279203
70.056015	0.41364467
71.015686	0.40584925
72.002014	0.38940576
73.016319	0.37052622
74.05941	0.34628734
75.132736	0.32180485
76.237625	0.30816284
77.375504	0.29464263
78.547859	0.27673754
79.756294	0.26638427
81.002487	0.25895423
82.28849	0.25030619
83.61573	0.25128064
84.986481	0.24811371
86.402931	0.24031828
87.867393	0.23386271
89.382355	0.22472745
90.95047	0.22606729
92.574593	0.2331319
94.25721	0.22558007
96.002708	0.20913661
97.814079	0.20109758
99.695114	0.1961036
101.64992	0.1951292
103.68291	0.19074427
105.79889	0.19098788
108.00303	0.19622543
110.30139	0.1990269
112.69925	0.20036674
115.20368	0.1985397
117.82195	0.19330214
120.562	0.19671264
123.43254	0.19866149
126.44309	0.1917187
129.60419	0.18319246
132.92625	0.17941655
136.42429	0.17320456
140.11142	0.18952623
144.00337	0.18916082
148.11772	0.18233985
152.47411	0.18489769
157.0945	0.19732167
162.00366	0.20962381
167.23055	0.19062248
172.80489	0.17332637
178.76367	0.19634724
185.14809	0.21839365
192.0054	0.19598183
199.39021	0.13641991
207.36581	0.19147511
216.00604	0.2717436
