# Tremolite, Chemical Formula: Ca2Mg5Si8O22(OH)2
# Sample ID: HS18.3B
# wavelengths (microns), reflectance
1.3780315	0.48758045
1.3783978	0.48654085
1.3787644	0.48602104
1.3791313	0.48558784
1.3794982	0.48472148
1.3798655	0.48359525
1.3802328	0.48255566
1.3806005	0.48177591
1.3809682	0.48229569
1.3813362	0.48212248
1.3817043	0.48203585
1.3820726	0.48194921
1.382441	0.48151606
1.3828099	0.48194921
1.3831787	0.48255566
1.3835479	0.48264229
1.3839172	0.48281556
1.3842868	0.48212248
1.3846565	0.48116952
1.3850266	0.48116952
1.3853966	0.48090962
1.385767	0.48064971
1.3861375	0.47978333
1.3865082	0.47779074
1.3868792	0.47640455
1.3872503	0.47571155
1.3876216	0.47406545
1.387993	0.47111985
1.3883647	0.46808761
1.3887366	0.46479556
1.3891087	0.46003059
1.3894811	0.4510206
1.3898535	0.43689916
1.3902262	0.41766623
1.3905991	0.38994309
1.3909724	0.34939802
1.3913456	0.30053601
1.3917192	0.25834486
1.3920929	0.23469359
1.3924669	0.23452032
1.3928409	0.24898833
1.3932153	0.26778805
1.3935897	0.290573
1.3939645	0.31768969
1.3943394	0.34515291
1.3947146	0.36646506
1.3950899	0.37824741
1.3954654	0.38292569
1.3958411	0.38353208
1.3962171	0.38630441
1.3965932	0.39730704
1.3969696	0.41177502
1.397346	0.42381725
1.3977228	0.43352038
1.3980998	0.44166404
1.398477	0.44738197
1.3988543	0.45188692
1.3992319	0.45587212
1.3996096	0.4592509
1.3999877	0.46176326
1.4003658	0.46323609
1.4007442	0.46375594
1.4011228	0.46436232
1.4015017	0.46531534
1.4018805	0.46635497
1.4022598	0.46652821
1.4026392	0.46635497
1.4030188	0.46678811
1.4033985	0.46765447
1.4037787	0.4679144
1.4041588	0.46730793
1.4045392	0.46713465
1.4049199	0.46765447
1.4053007	0.46834752
1.4056817	0.46826088
1.406063	0.46826088
1.4064443	0.46782774
1.406826	0.46739456
1.4072078	0.4674812
1.40759	0.46739456
1.4079722	0.46696138
1.4083548	0.46670148
1.4087374	0.46704802
1.4091204	0.46652821
1.4095035	0.46592173
1.4098868	0.46652821
1.4102703	0.46670148
1.4106542	0.46678811
1.411038	0.46600842
1.4114223	0.46514204
1.4118066	0.46505544
1.4121914	0.46566188
1.4125761	0.46557525
1.4129611	0.46540192
1.4133463	0.46531534
1.4137318	0.46470886
1.4141173	0.46418905
1.4145032	0.46392915
1.4148892	0.46418905
1.4152753	0.46470886
1.4156618	0.46453565
1.4160485	0.46332273
1.4164354	0.46332273
1.4168226	0.463496
1.4172099	0.46332273
1.4175974	0.46314946
1.4179851	0.46306282
1.4183733	0.46288955
1.4187614	0.46236974
1.4191499	0.46236974
1.4195384	0.46262965
1.4199272	0.46245638
1.4203162	0.46159005
1.4207056	0.46107024
1.4210949	0.46141678
1.4214847	0.46115682
1.4218745	0.46046382
1.4222647	0.45994401
1.422655	0.46037719
1.4230455	0.46020386
1.4234362	0.45994401
1.4238272	0.45994401
1.4242183	0.46029049
1.4246095	0.46020386
1.425001	0.45994401
1.425393	0.45994401
1.4257849	0.45959741
1.4261771	0.45916426
1.4265696	0.45873109
1.4269623	0.45855781
1.4273552	0.45838454
1.4277484	0.45821127
1.4281417	0.458038
1.4285352	0.4578647
1.428929	0.458038
1.429323	0.45769149
1.4297171	0.45708504
1.4301115	0.45734489
1.4305061	0.45743158
1.4309008	0.45760486
1.4312959	0.45708504
1.4316912	0.4563053
1.4320866	0.45621866
1.4324824	0.45656523
1.4328783	0.45656523
1.4332745	0.45587212
1.4336708	0.45561221
1.4340675	0.45587212
1.4344643	0.45613202
1.4348613	0.45604539
1.4352585	0.45578548
1.4356561	0.45561221
1.4360538	0.4552657
1.4364517	0.45483252
1.4368497	0.45465925
1.4372482	0.45431271
1.4376467	0.45431271
1.4380456	0.45439935
1.4384446	0.45457262
1.4388438	0.45439935
1.4392433	0.45405281
1.439643	0.45396617
1.4400429	0.45327312
1.4404429	0.45327312
1.4408432	0.45370629
1.4412439	0.45335975
1.4416445	0.45318642
1.4420457	0.45309985
1.4424468	0.45266664
1.4428483	0.45283994
1.4432499	0.45309985
1.443652	0.45258003
1.4440541	0.45223346
1.4444566	0.45214683
1.444859	0.45197356
1.445262	0.45128053
1.4456649	0.4510206
1.4460682	0.45180035
1.4464716	0.45223346
1.4468753	0.45171365
1.4472792	0.45119384
1.4476835	0.45128053
1.4480878	0.45084733
1.4484924	0.45058742
1.4488972	0.45050079
1.4493023	0.45006761
1.4497076	0.44998097
1.4501131	0.44989434
1.4505187	0.44946119
1.4509248	0.44989434
1.4513309	0.4498077
1.4517374	0.44946119
1.4521439	0.44937456
1.4525509	0.44972107
1.452958	0.44998097
1.4533653	0.4498077
1.4537728	0.44946119
1.4541807	0.44937456
1.4545887	0.44885474
1.4549969	0.44876805
1.4554054	0.44885474
1.4558141	0.44894138
1.456223	0.44920129
1.4566324	0.44894138
1.4570416	0.44885474
1.4574513	0.44911465
1.4578612	0.44859484
1.4582713	0.44781509
1.4586816	0.44729528
1.4590921	0.44729528
1.4595029	0.44798842
1.4599138	0.448075
1.460325	0.44772846
1.4607365	0.44712201
1.4611483	0.44720864
1.4615602	0.44720864
1.4619724	0.44712201
1.4623848	0.44703537
1.4627974	0.44642895
1.4632103	0.44616905
1.4636234	0.44634232
1.4640367	0.44625568
1.4644502	0.4469488
1.4648641	0.44738197
1.4652781	0.44720864
1.4656924	0.44668886
1.4661069	0.44634232
1.4665216	0.44686213
1.4669366	0.44668886
1.4673518	0.44634232
1.4677672	0.44625568
1.4681829	0.44582248
1.4685988	0.44547597
1.469015	0.44521609
1.4694314	0.44512945
1.469848	0.44504282
1.4702649	0.44504282
1.470682	0.44530267
1.4710993	0.4455626
1.471517	0.44582248
1.4719347	0.44590914
1.4723527	0.4453893
1.472771	0.44504282
1.4731897	0.44486949
1.4736084	0.44504282
1.4740274	0.44547597
1.4744467	0.4453893
1.4748662	0.44547597
1.4752858	0.44521609
1.4757057	0.44486949
1.476126	0.44512945
1.4765463	0.44582248
1.476967	0.44616905
1.4773879	0.44582248
1.477809	0.44521609
1.4782305	0.44495618
1.478652	0.44547597
1.4790739	0.44530267
1.479496	0.44530267
1.4799184	0.44521609
1.480341	0.44495618
1.4807638	0.44495618
1.4811869	0.44512945
1.4816102	0.44521609
1.4820337	0.44504282
1.4824575	0.44521609
1.4828815	0.44530267
1.4833061	0.44590914
1.4837304	0.44625568
1.4841553	0.44573587
1.4845803	0.4453893
1.4850056	0.44512945
1.4854311	0.44486949
1.4858568	0.44530267
1.4862827	0.44564924
1.4867089	0.44590914
1.4871353	0.44590914
1.4875621	0.44590914
1.4879889	0.44599578
1.4884162	0.44599578
1.4888437	0.44590914
1.4892714	0.44616905
1.4896992	0.44608241
1.4901278	0.44599578
1.4905561	0.44582248
1.4909849	0.4455626
1.4914138	0.44582248
1.491843	0.44608241
1.4922724	0.44582248
1.4927021	0.44599578
1.493132	0.44625568
1.4935622	0.44599578
1.4939926	0.44599578
1.4944233	0.44616905
1.4948542	0.44608241
1.4952854	0.44599578
1.4957168	0.44616905
1.4961485	0.44608241
1.4965804	0.44608241
1.4970125	0.44599578
1.4974447	0.44625568
1.4978775	0.44599578
1.4983103	0.44564924
1.4987437	0.44573587
1.499177	0.44582248
1.4996107	0.44625568
1.5000446	0.44651559
1.5004789	0.44642895
1.5009133	0.44651559
1.5013479	0.44642895
1.5017828	0.44634232
1.502218	0.44634232
1.5026534	0.44651559
1.5030892	0.44668886
1.503525	0.44660223
1.5039612	0.44634232
1.5043976	0.44651559
1.5048344	0.44703537
1.5052713	0.44764182
1.5057086	0.44729528
1.506146	0.44634232
1.5065837	0.44625568
1.5070215	0.44651559
1.5074598	0.4467755
1.5078982	0.4467755
1.5083369	0.44668886
1.5087758	0.4469488
1.5092151	0.44729528
1.5096546	0.44720864
1.5100944	0.44729528
1.5105344	0.44729528
1.5109746	0.44729528
1.5114151	0.44764182
1.511856	0.44764182
1.5122969	0.44772846
1.5127382	0.44720864
1.5131798	0.44703537
1.5136217	0.44729528
1.5140636	0.44755518
1.514506	0.44755518
1.5149485	0.44781509
1.5153915	0.44790179
1.5158345	0.44755518
1.5162779	0.44755518
1.5167215	0.448075
1.5171654	0.4485082
1.5176095	0.4485082
1.518054	0.4485082
1.5184987	0.4483349
1.5189435	0.448075
1.5193887	0.44790179
1.5198342	0.448075
1.5202799	0.44859484
1.5207258	0.44868141
1.521172	0.4483349
1.5216186	0.44824827
1.5220653	0.44842157
1.5225123	0.44824827
1.5229596	0.4483349
1.5234071	0.44868141
1.5238549	0.44859484
1.524303	0.4485082
1.5247513	0.44859484
1.5251998	0.4483349
1.5256486	0.448075
1.5260978	0.44824827
1.5265471	0.4485082
1.5269967	0.44885474
1.5274466	0.44902802
1.5278969	0.44885474
1.5283473	0.44902802
1.528798	0.44928786
1.529249	0.44954783
1.5297003	0.44946119
1.5301517	0.44954783
1.5306035	0.44920129
1.5310555	0.44911465
1.5315078	0.44946119
1.5319604	0.44954783
1.5324134	0.44928786
1.5328665	0.44954783
1.5333198	0.44963443
1.5337734	0.44954783
1.5342274	0.44972107
1.5346816	0.44989434
1.5351361	0.45024088
1.5355908	0.45076069
1.5360456	0.45110723
1.5365007	0.45154038
1.5369563	0.45128053
1.537412	0.45084733
1.5378683	0.45110723
1.5383245	0.45084733
1.5387812	0.4510206
1.539238	0.45188692
1.5396953	0.45232013
1.5401527	0.45223346
1.5406104	0.45214683
1.5410683	0.45197356
1.5415267	0.45188692
1.5419852	0.45197356
1.542444	0.45232013
1.5429029	0.45283994
1.5433626	0.45327312
1.5438222	0.45309985
1.5442821	0.45327312
1.5447421	0.45318642
1.5452026	0.45318642
1.5456632	0.45344633
1.5461243	0.45353302
1.5465856	0.45361966
1.5470469	0.45361966
1.5475086	0.45379293
1.5479708	0.45387954
1.5484331	0.45387954
1.5488957	0.45396617
1.5493586	0.45422608
1.5498219	0.45439935
1.5502852	0.45474589
1.5507492	0.45474589
1.5512131	0.45448598
1.5516775	0.45474589
1.552142	0.45535234
1.5526069	0.45578548
1.553072	0.45561221
1.5535375	0.45517907
1.5540031	0.45535234
1.5544689	0.45569885
1.5549351	0.45604539
1.5554017	0.45595881
1.5558684	0.45595881
1.5563356	0.45595881
1.5568029	0.45613202
1.5572705	0.45665187
1.5577384	0.45708504
1.5582068	0.45691177
1.5586753	0.45699841
1.5591441	0.45734489
1.5596131	0.45769149
1.5600824	0.45769149
1.560552	0.45751822
1.561022	0.45743158
1.5614921	0.45760486
1.5619628	0.45751822
1.5624335	0.45760486
1.5629046	0.4579514
1.5633758	0.45838454
1.5638475	0.45821127
1.5643194	0.458038
1.5647916	0.45777807
1.565264	0.458038
1.5657365	0.45829788
1.5662096	0.45847118
1.5666829	0.45890436
1.5671564	0.4592509
1.5676304	0.45881772
1.5681045	0.45864445
1.5685791	0.45890436
1.5690538	0.4592509
1.5695291	0.45916426
1.5700043	0.45916426
1.57048	0.4594242
1.5709559	0.45977068
1.5714321	0.46011722
1.5719085	0.46020386
1.5723853	0.45994401
1.5728624	0.45959741
1.5733397	0.45985737
1.5738174	0.45994401
1.5742953	0.46029049
1.5747734	0.46020386
1.5752521	0.45985737
1.5757308	0.46003059
1.5762099	0.46003059
1.5766892	0.46046382
1.5771688	0.46089697
1.5776488	0.46124345
1.5781291	0.46133015
1.5786096	0.46133015
1.5790905	0.46150342
1.5795716	0.46133015
1.5800531	0.46107024
1.5805347	0.46141678
1.5810168	0.46193659
1.5814991	0.46210986
1.5819818	0.46193659
1.5824646	0.46176326
1.5829479	0.46202323
1.5834312	0.4622831
1.5839151	0.46210986
1.5843991	0.46202323
1.5848837	0.46219647
1.5853683	0.46219647
1.5858533	0.46236974
1.5863385	0.46271628
1.5868242	0.46262965
1.58731	0.46271628
1.5877962	0.46297619
1.5882826	0.46306282
1.5887693	0.46297619
1.5892563	0.46280292
1.5897436	0.46306282
1.5902313	0.46314946
1.5907192	0.46306282
1.5912075	0.46323609
1.591696	0.46340936
1.5921849	0.46375594
1.592674	0.46392915
1.5931635	0.46410242
1.5936533	0.46444896
1.5941433	0.46453565
1.5946337	0.46418905
1.5951242	0.46418905
1.5956153	0.46436232
1.5961065	0.46479556
1.5965984	0.46505544
1.5970901	0.4649688
1.5975825	0.46505544
1.5980748	0.46531534
1.5985676	0.46583515
1.5990607	0.46600842
1.5995542	0.46609506
1.6000477	0.46592173
1.6005416	0.46574852
1.6010358	0.46583515
1.6015304	0.46600842
1.6020253	0.46626833
1.6025206	0.46635497
1.603016	0.46661484
1.6035119	0.46670148
1.604008	0.46722129
1.6045047	0.46730793
1.6050013	0.46739456
1.6054984	0.4674812
1.6059958	0.4677411
1.6064935	0.46808761
1.6069914	0.46808761
1.6074898	0.46800098
1.6079884	0.46817425
1.608487	0.46834752
1.6089861	0.46826088
1.6094857	0.46852079
1.6099856	0.46921387
1.6104858	0.46938717
1.6109861	0.46930051
1.611487	0.46947381
1.6119881	0.46947381
1.6124896	0.46904063
1.6129912	0.46930051
1.6134933	0.46982029
1.6139956	0.46990699
1.6144984	0.46982029
1.6150012	0.46956044
1.6155045	0.46990699
1.616008	0.47034016
1.6165122	0.47068667
1.6170163	0.47094658
1.6175209	0.4704268
1.6180257	0.47068667
1.6185309	0.47129312
1.6190363	0.47129312
1.6195421	0.47129312
1.6200482	0.47137976
1.6205544	0.47146639
1.6210611	0.4717263
1.6215682	0.4718996
1.6220756	0.4718996
1.6225833	0.47146639
1.6230912	0.47181296
1.6235996	0.47207284
1.6241082	0.47215945
1.6246173	0.47215945
1.6251266	0.47224608
1.6256363	0.47233278
1.6261462	0.47259262
1.6266564	0.47259262
1.627167	0.47276589
1.6276779	0.47276589
1.6281891	0.47319907
1.6287007	0.47328573
1.6292125	0.47337237
1.6297247	0.47354564
1.6302372	0.47328573
1.6307501	0.47319907
1.6312631	0.47345901
1.6317767	0.47345901
1.6322904	0.47354564
1.6328044	0.47354564
1.6333188	0.47363225
1.6338336	0.47389218
1.6343486	0.47406545
1.6348641	0.47432536
1.6353798	0.47449863
1.6358958	0.4746719
1.6364123	0.4746719
1.6369292	0.47423866
1.637446	0.47423866
1.6379635	0.4746719
1.6384811	0.47475857
1.6389992	0.4746719
1.6395175	0.4746719
1.6400362	0.47484514
1.6405551	0.47493178
1.6410745	0.47519168
1.6415942	0.47536495
1.6421142	0.47545159
1.6426344	0.47519168
1.6431552	0.47510505
1.643676	0.47536495
1.6441975	0.47553822
1.644719	0.47562486
1.6452409	0.47571155
1.6457632	0.47579819
1.6462859	0.47571155
1.6468087	0.47562486
1.6473321	0.47588477
1.6478556	0.47623134
1.6483797	0.47623134
1.648904	0.47623134
1.6494286	0.47614467
1.6499535	0.47614467
1.6504788	0.47649118
1.6510044	0.47683778
1.6515305	0.47692436
1.6520567	0.47666445
1.6525834	0.47666445
1.6531103	0.47675115
1.6536378	0.47692436
1.6541654	0.4774442
1.6546935	0.4774442
1.6552217	0.47727096
1.6557504	0.4773576
1.6562793	0.47761744
1.6568087	0.47787738
1.6573384	0.47796401
1.6578683	0.47779074
1.6583985	0.47779074
1.6589293	0.47770411
1.6594603	0.47796401
1.6599917	0.47822392
1.6605233	0.47805065
1.6610554	0.47796401
1.6615878	0.47805065
1.6621207	0.47822392
1.6626537	0.47839719
1.6631873	0.47857046
1.6637208	0.47857046
1.664255	0.47891697
1.6647894	0.47952342
1.6653243	0.47952342
1.6658593	0.47935015
1.6663947	0.47935015
1.6669306	0.47978333
1.6674668	0.47978333
1.6680032	0.47987002
1.6685401	0.48004323
1.6690773	0.48004323
1.6696149	0.4801299
1.6701527	0.4801299
1.670691	0.4803898
1.6712295	0.48073629
1.6717685	0.48099625
1.6723077	0.48108283
1.6728474	0.48099625
1.6733873	0.4812561
1.6739277	0.48142943
1.6744683	0.48142943
1.6750095	0.4816893
1.6755508	0.48151606
1.6760926	0.48160267
1.6766347	0.48177591
1.6771772	0.48177591
1.6777198	0.48212248
1.6782631	0.48246902
1.6788064	0.48246902
1.6793501	0.48246902
1.6798942	0.48298883
1.6804388	0.4829022
1.6809837	0.48238239
1.6815289	0.48255566
1.6820744	0.48307547
1.6826205	0.48342198
1.6831667	0.48342198
1.6837136	0.48350862
1.6842605	0.48350862
1.684808	0.48368189
1.6853557	0.48368189
1.6859038	0.48359525
1.6864522	0.48333535
1.687001	0.48359525
1.6875501	0.48411506
1.6881	0.48446161
1.6886498	0.48463488
1.6892	0.48446161
1.6897506	0.48446161
1.6903015	0.48480818
1.6908529	0.48489481
1.6914046	0.48463488
1.6919565	0.48480818
1.6925087	0.48515466
1.6930614	0.48498139
1.6936146	0.48480818
1.694168	0.48498139
1.6947218	0.48515466
1.695276	0.48541462
1.6958306	0.48541462
1.6963854	0.48576114
1.6969409	0.48610768
1.6974965	0.48576114
1.6980526	0.48593441
1.6986089	0.48610768
1.6991657	0.48593441
1.6997228	0.48584777
1.7002803	0.48576114
1.7008381	0.48610768
1.7013963	0.48610768
1.7019548	0.48610768
1.7025138	0.48628095
1.703073	0.48636758
1.7036328	0.48628095
1.7041928	0.48628095
1.7047533	0.48654085
1.7053139	0.48654085
1.705875	0.48671412
1.7064364	0.48680076
1.7069983	0.48680076
1.7075605	0.48680076
1.7081233	0.4868874
1.7086862	0.4868874
1.7092496	0.48662749
1.7098132	0.48645422
1.7103775	0.48654085
1.7109419	0.48697403
1.7115068	0.48723397
1.712072	0.48723397
1.7126377	0.4871473
1.7132035	0.48697403
1.7137699	0.48697403
1.7143366	0.4871473
1.7149036	0.48732054
1.715471	0.48766708
1.7160389	0.48766708
1.7166071	0.48775378
1.7171758	0.48792699
1.7177447	0.48766708
1.7183142	0.48723397
1.7188838	0.48723397
1.7194541	0.48740718
1.7200245	0.48775378
1.7205955	0.48784035
1.7211666	0.48801363
1.7217383	0.48810026
1.7223103	0.48827359
1.7228827	0.48818696
1.7234554	0.48801363
1.7240288	0.48810026
1.7246022	0.48818696
1.7251762	0.48818696
1.7257504	0.4884468
1.7263252	0.4884468
1.7269002	0.48853344
1.7274756	0.4884468
1.7280514	0.4884468
1.7286276	0.48879337
1.7292041	0.48879337
1.7297812	0.48862007
1.7303585	0.48896658
1.7309363	0.48913985
1.7315143	0.48905322
1.732093	0.48913985
1.7326717	0.48905322
1.7332511	0.48913985
1.7338307	0.48913985
1.7344109	0.48931319
1.7349913	0.48948646
1.7355722	0.48948646
1.7361534	0.48974636
1.7367351	0.49000624
1.737317	0.489833
1.7378997	0.48965973
1.7384824	0.48965973
1.7390656	0.4899196
1.7396491	0.49000624
1.7402332	0.49043941
1.7408174	0.49069932
1.7414023	0.49069932
1.7419873	0.49069932
1.7425728	0.49061269
1.7431587	0.49052605
1.7437451	0.49078596
1.7443317	0.49087259
1.7449189	0.49104586
1.7455064	0.49121913
1.7460943	0.49147901
1.7466825	0.49165228
1.7472714	0.49156564
1.7478604	0.49147901
1.7484499	0.4913924
1.7490398	0.49147901
1.7496301	0.49165228
1.7502208	0.49217209
1.7508119	0.492432
1.7514033	0.49208552
1.7519954	0.49199882
1.7525877	0.49234542
1.7531804	0.4926919
1.7537735	0.4926053
1.754367	0.492432
1.7549609	0.49295181
1.7555553	0.49321169
1.7561499	0.49295181
1.7567449	0.49277854
1.7573403	0.49321169
1.7579362	0.49295181
1.7585325	0.49277854
1.7591293	0.49303842
1.7597264	0.49295181
1.760324	0.4928652
1.7609218	0.49312511
1.7615204	0.49347165
1.7621191	0.49364492
1.7627183	0.49364492
1.7633178	0.49381819
1.7639178	0.49364492
1.7645181	0.49355829
1.7651191	0.49390483
1.7657201	0.49451125
1.7663218	0.49459788
1.7669238	0.49433798
1.7675263	0.49442461
1.768129	0.49459788
1.7687324	0.49433798
1.769336	0.49425131
1.7699401	0.49442461
1.7705445	0.49442461
1.7711494	0.49459788
1.7717546	0.49468452
1.7723604	0.49459788
1.7729665	0.49442461
1.773573	0.49477115
1.7741799	0.49503106
1.7747874	0.49485779
1.7753952	0.49503106
1.7760036	0.49511769
1.7766122	0.49511769
1.7772213	0.49477115
1.7778307	0.49442461
1.7784407	0.49477115
1.7790509	0.49511769
1.7796618	0.49511769
1.7802728	0.49511769
1.7808841	0.49485779
1.781496	0.49468452
1.7821085	0.49494442
1.7827213	0.49520433
1.7833346	0.49529096
1.7839482	0.49511769
1.7845623	0.49494442
1.7851768	0.49520433
1.785792	0.4953776
1.7864072	0.49511769
1.7870232	0.49511769
1.7876393	0.4953776
1.788256	0.49546424
1.788873	0.49555087
1.7894906	0.49529096
1.7901084	0.49520433
1.790727	0.49520433
1.7913457	0.4953776
1.7919649	0.49520433
1.7925845	0.49511769
1.7932047	0.49520433
1.793825	0.49520433
1.794446	0.49520433
1.7950673	0.49494442
1.795689	0.49494442
1.7963111	0.49529096
1.7969339	0.49572411
1.7975569	0.49572411
1.7981805	0.4953776
1.7988043	0.49546424
1.7994287	0.49529096
1.8000535	0.49503106
1.800679	0.49503106
1.8013045	0.49485779
1.8019307	0.49503106
1.8025571	0.49520433
1.8031842	0.49520433
1.8038116	0.49563751
1.8044394	0.49563751
1.8050677	0.49546424
1.8056965	0.49546424
1.8063256	0.49563751
1.8069552	0.49581075
1.8075852	0.49555087
1.8082157	0.49529096
1.8088466	0.4953776
1.809478	0.49555087
1.8101097	0.4953776
1.8107419	0.4953776
1.8113745	0.49555087
1.8120078	0.49555087
1.8126413	0.49572411
1.8132753	0.49581075
1.8139096	0.49589738
1.8145447	0.49555087
1.8151799	0.49546424
1.8158158	0.49555087
1.8164519	0.49572411
1.8170887	0.49555087
1.8177258	0.49563751
1.8183634	0.49581075
1.8190013	0.49581075
1.8196399	0.49589738
1.8202788	0.49598402
1.8209183	0.49598402
1.8215581	0.49598402
1.8221985	0.49607065
1.8228391	0.49598402
1.8234804	0.49633062
1.8241218	0.49624398
1.824764	0.49624398
1.8254064	0.49607065
1.8260493	0.49581075
1.8266927	0.49624398
1.8273367	0.4966771
1.8279809	0.49650383
1.8286258	0.49624398
1.829271	0.4966771
1.8299167	0.4966771
1.8305628	0.49633062
1.8312097	0.49641719
1.8318566	0.49624398
1.8325043	0.49650383
1.8331522	0.49693701
1.8338007	0.4968504
1.8344495	0.49659047
1.835099	0.49676377
1.8357487	0.4966771
1.8363992	0.49676377
1.83705	0.49702364
1.8377012	0.49719691
1.8383528	0.49745679
1.839005	0.49702364
1.8396575	0.49659047
1.8403107	0.49693701
1.8409641	0.49711028
1.8416178	0.4966771
1.8422722	0.49702364
1.8429272	0.49754342
1.8435825	0.49763006
1.8442384	0.49780339
1.8448946	0.49763006
1.8455515	0.49728358
1.8462087	0.4968504
1.8468666	0.49676377
1.8475248	0.4968504
1.8481835	0.49676377
1.8488425	0.49745679
1.8495022	0.49780339
1.8501621	0.49806324
1.8508228	0.49806324
1.8514837	0.49754342
1.852145	0.49737021
1.8528068	0.49771675
1.8534694	0.49728358
1.8541322	0.49719691
1.8547956	0.49754342
1.8554593	0.49771675
1.8561238	0.49737021
1.8567885	0.49754342
1.8574541	0.49789003
1.8581197	0.49771675
1.858786	0.49754342
1.8594526	0.49728358
1.8601199	0.49737021
1.8607875	0.49763006
1.8614557	0.49780339
1.8621242	0.49806324
1.8627936	0.49814987
1.8634632	0.49789003
1.8641332	0.49789003
1.8648038	0.49797666
1.8654748	0.49789003
1.8661463	0.49763006
1.8668184	0.49711028
1.8674908	0.49676377
1.8681637	0.49711028
1.868837	0.49728358
1.869511	0.49693701
1.8701854	0.49641719
1.8708603	0.49624398
1.8715357	0.49711028
1.8722117	0.49702364
1.872888	0.49641719
1.8735651	0.4966771
1.8742423	0.4968504
1.8749202	0.4968504
1.8755985	0.49693701
1.8762774	0.49650383
1.8769567	0.49624398
1.8776366	0.49641719
1.8783168	0.4966771
1.8789977	0.4968504
1.8796788	0.4966771
1.8803607	0.49641719
1.881043	0.49659047
1.8817258	0.49624398
1.882409	0.49607065
1.8830929	0.49598402
1.883777	0.49581075
1.8844618	0.49589738
1.8851469	0.49589738
1.8858327	0.49563751
1.8865188	0.49563751
1.8872057	0.49581075
1.8878928	0.49563751
1.8885808	0.49511769
1.8892689	0.49477115
1.8899578	0.49468452
1.8906469	0.49477115
1.8913368	0.49442461
1.892027	0.4940781
1.8927178	0.49416471
1.893409	0.4940781
1.8941009	0.49416471
1.8947932	0.49425131
1.8954861	0.49399146
1.8961793	0.49355829
1.8968732	0.49329832
1.8975675	0.49295181
1.8982624	0.4926919
1.8989576	0.49225873
1.8996536	0.49208552
1.9003499	0.49208552
1.9010466	0.49208552
1.9017439	0.49199882
1.9024419	0.49130577
1.9031402	0.49121913
1.9038392	0.49173892
1.9045385	0.49156564
1.9052386	0.49130577
1.905939	0.49130577
1.9066402	0.4911325
1.9073416	0.4913924
1.9080436	0.49156564
1.9087461	0.49173892
1.9094492	0.49173892
1.9101527	0.49182555
1.9108568	0.49199882
1.9115614	0.492432
1.9122664	0.49251863
1.912972	0.49208552
1.9136782	0.49208552
1.9143847	0.4926053
1.915092	0.4926919
1.9157996	0.49251863
1.916508	0.4926053
1.9172167	0.49303842
1.9179261	0.49321169
1.9186358	0.49364492
1.9193462	0.49355829
1.9200571	0.49312511
1.9207685	0.49312511
1.9214803	0.49364492
1.9221928	0.49390483
1.9229058	0.49416471
1.9236195	0.49381819
1.9243335	0.49390483
1.9250481	0.4940781
1.9257631	0.4940781
1.9264789	0.4940781
1.927195	0.49451125
1.9279118	0.49451125
1.9286289	0.49459788
1.9293463	0.49459788
1.9300646	0.49459788
1.9307835	0.49459788
1.9315028	0.49477115
1.9322227	0.49477115
1.9329431	0.49477115
1.9336642	0.49503106
1.9343857	0.49529096
1.9351079	0.4953776
1.9358305	0.4953776
1.9365537	0.4953776
1.9372772	0.4953776
1.9380015	0.49529096
1.9387262	0.49529096
1.9394516	0.49563751
1.9401773	0.49563751
1.940904	0.4953776
1.9416308	0.49581075
1.9423584	0.49589738
1.9430864	0.49546424
1.943815	0.49520433
1.9445441	0.49520433
1.9452738	0.49546424
1.9460039	0.49563751
1.9467345	0.49572411
1.9474658	0.49581075
1.9481977	0.4953776
1.94893	0.49511769
1.949663	0.49529096
1.9503965	0.49546424
1.9511306	0.49555087
1.9518652	0.4953776
1.9526006	0.4953776
1.9533362	0.49555087
1.9540726	0.49555087
1.9548093	0.49520433
1.9555469	0.49511769
1.9562846	0.49485779
1.9570233	0.49468452
1.9577622	0.49477115
1.9585019	0.49477115
1.959242	0.49477115
1.9599829	0.49477115
1.960724	0.49459788
1.961466	0.49433798
1.9622083	0.49442461
1.9629514	0.49451125
1.9636948	0.49416471
1.9644389	0.49390483
1.9651834	0.49347165
1.9659288	0.49338502
1.9666744	0.49338502
1.9674209	0.49303842
1.9681678	0.4926053
1.9689153	0.49277854
1.9696634	0.49277854
1.9704123	0.49251863
1.9711614	0.49251863
1.9719112	0.49251863
1.9726615	0.49208552
1.9734125	0.49173892
1.9741639	0.49165228
1.9749161	0.49182555
1.9756685	0.49208552
1.976422	0.49165228
1.9771756	0.4913924
1.9779301	0.49130577
1.9786849	0.49121913
1.9794405	0.49087259
1.9801965	0.49069932
1.9809532	0.49069932
1.9817104	0.49069932
1.9824681	0.49052605
1.9832264	0.49035278
1.9839855	0.49009284
1.984745	0.49000624
1.9855052	0.48974636
1.9862659	0.48965973
1.9870273	0.48965973
1.987789	0.48965973
1.9885516	0.48957303
1.9893147	0.48931319
1.9900783	0.48896658
1.9908425	0.48879337
1.9916074	0.48879337
1.9923728	0.48879337
1.9931389	0.48862007
1.9939053	0.48887995
1.9946727	0.48913985
1.9954402	0.48879337
1.9962088	0.48870674
1.9969776	0.48896658
1.9977473	0.48905322
1.9985173	0.48896658
1.9992882	0.48905322
2.0000594	0.48905322
2.0008314	0.48905322
2.0016038	0.48905322
2.002377	0.48905322
2.0031507	0.48905322
2.0039251	0.48896658
2.0046999	0.48879337
2.0054755	0.48896658
2.0062516	0.48931319
2.0070286	0.48948646
2.0078058	0.48922655
2.0085838	0.48905322
2.0093622	0.48922655
2.0101414	0.48939982
2.010921	0.48957303
2.0117013	0.49000624
2.0124824	0.49026614
2.0132637	0.49035278
2.0140457	0.49069932
2.0148287	0.49095923
2.0156119	0.4913924
2.016396	0.49156564
2.0171804	0.4913924
2.0179658	0.49165228
2.0187516	0.49191219
2.0195379	0.49217209
2.0203249	0.492432
2.0211127	0.49225873
2.0219009	0.49217209
2.0226898	0.492432
2.0234792	0.4928652
2.0242696	0.49321169
2.0250602	0.49321169
2.0258517	0.49321169
2.0266438	0.49338502
2.0274363	0.49347165
2.0282295	0.4937315
2.0290234	0.49390483
2.0298178	0.49390483
2.0306129	0.4937315
2.0314085	0.4937315
2.0322044	0.49399146
2.0330014	0.4940781
2.0337989	0.49364492
2.0345972	0.49338502
2.0353961	0.49355829
2.0361953	0.49364492
2.0369956	0.49338502
2.0377963	0.49295181
2.0385981	0.49295181
2.0393999	0.49321169
2.0402026	0.49303842
2.0410056	0.4926053
2.0418096	0.49208552
2.042614	0.49208552
2.0434194	0.49225873
2.044225	0.49199882
2.0450315	0.49173892
2.0458386	0.4913924
2.0466464	0.49147901
2.0474546	0.49104586
2.0482635	0.49043941
2.049073	0.49017951
2.0498834	0.49009284
2.0506942	0.49009284
2.0515053	0.489833
2.0523174	0.48957303
2.0531304	0.48922655
2.0539436	0.48922655
2.0547578	0.48913985
2.0555725	0.48896658
2.0563879	0.48879337
2.057204	0.48879337
2.0580208	0.48896658
2.0588381	0.48913985
2.0596561	0.48913985
2.0604746	0.48905322
2.0612941	0.48896658
2.062114	0.48896658
2.0629346	0.48887995
2.0637558	0.48879337
2.0645773	0.48870674
2.0653996	0.48827359
2.0662231	0.48784035
2.0670469	0.48775378
2.0678713	0.48749381
2.0686965	0.48740718
2.0695224	0.48706067
2.0703487	0.48654085
2.0711763	0.48654085
2.0720038	0.48619428
2.0728326	0.48576114
2.0736616	0.48567447
2.0744915	0.48524135
2.0753219	0.48480818
2.076153	0.48463488
2.0769846	0.48446161
2.0778172	0.48463488
2.0786502	0.48446161
2.0794842	0.48411506
2.0803187	0.48385516
2.0811539	0.48359525
2.0819895	0.48316208
2.0828261	0.48264229
2.0836632	0.48220912
2.084501	0.48186257
2.0853395	0.48160267
2.0861788	0.48108283
2.0870185	0.48099625
2.0878592	0.48082292
2.0887003	0.48073629
2.0895422	0.48108283
2.0903847	0.48116952
2.0912282	0.48090962
2.092072	0.48090962
2.0929167	0.48108283
2.0937619	0.4812561
2.0946081	0.4812561
2.0954545	0.48116952
2.096302	0.48116952
2.0971498	0.48116952
2.0979986	0.48099625
2.0988479	0.48099625
2.0996981	0.48047638
2.1005487	0.47987002
2.1014004	0.47969669
2.1022525	0.47935015
2.1031053	0.47857046
2.1039588	0.4773576
2.1048129	0.47623134
2.1056678	0.4746719
2.1065235	0.47285259
2.1073797	0.47051343
2.1082368	0.46800098
2.1090944	0.4659754
2.1099529	0.4662995
2.1108119	0.46654257
2.1116717	0.4662995
2.1125321	0.46735287
2.1133935	0.46808207
2.1142552	0.46832514
2.115118	0.46881127
2.1159811	0.46986464
2.1168454	0.47026974
2.1177099	0.47035077
2.1185756	0.46962157
2.1194417	0.46881127
2.1203086	0.46921644
2.121176	0.47026974
2.1220446	0.47075593
2.1229134	0.47107998
2.1237831	0.47083691
2.1246536	0.47124207
2.1255245	0.47213334
2.1263962	0.47189027
2.1272688	0.47067487
2.1281419	0.4697836
2.1290162	0.4691354
2.1298907	0.4687303
2.1307662	0.46897337
2.1316423	0.46994564
2.1325192	0.47051281
2.1333966	0.47189027
2.1342752	0.47294357
2.135154	0.47318664
2.1360338	0.4735918
2.1369143	0.47432101
2.1377954	0.47440204
2.1386774	0.47537437
2.1395605	0.47577947
2.1404438	0.47569841
2.1413281	0.47513124
2.1422129	0.47488818
2.1430986	0.47496918
2.1439848	0.47505021
2.144872	0.47529328
2.1457596	0.47537437
2.1466477	0.47521225
2.1475368	0.47545534
2.148427	0.47650868
2.1493175	0.47756198
2.1502092	0.47796714
2.1511011	0.47821021
2.1519942	0.47877738
2.1528878	0.47845328
2.1537826	0.47788614
2.1546776	0.47804818
2.1555736	0.47812921
2.1564703	0.47861534
2.1573677	0.47869635
2.1582658	0.47910148
2.1591649	0.47902045
2.1600645	0.47885841
2.1609645	0.47869635
2.1618655	0.47869635
2.1627674	0.47902045
2.1636701	0.47910148
2.1645734	0.47934455
2.1654775	0.48023584
2.1663826	0.48088405
2.1672883	0.48072198
2.168195	0.48055995
2.169102	0.48064098
2.1700101	0.48023584
2.1709187	0.48055995
2.1718283	0.48072198
2.1727386	0.47950658
2.1736495	0.47861534
2.1745613	0.47853431
2.1754742	0.47861534
2.1763873	0.47861534
2.1773014	0.47821021
2.1782162	0.47821021
2.179132	0.47837228
2.1800482	0.47877738
2.1809654	0.47893944
2.1818831	0.47877738
2.1828015	0.47885841
2.1837208	0.47869635
2.1846411	0.47788614
2.1855621	0.47780505
2.1864841	0.47812921
2.1874065	0.47829124
2.1883299	0.47788614
2.189254	0.47804818
2.1901793	0.47812921
2.1911051	0.47772405
2.1920316	0.47780505
2.1929588	0.47780505
2.193887	0.47756198
2.1948156	0.47804818
2.1957452	0.47837228
2.1966755	0.47821021
2.197607	0.47739998
2.1985388	0.47715688
2.1994717	0.47707585
2.2004051	0.47756198
2.2013395	0.47780505
2.2022746	0.47748095
2.2032106	0.47667074
2.2041473	0.47618458
2.2050848	0.47602254
2.206023	0.47569841
2.2069621	0.47545534
2.207902	0.47537437
2.2088428	0.47529328
2.2097843	0.47553641
2.2107267	0.47561744
2.2116697	0.47545534
2.2126141	0.47569841
2.2135587	0.47553641
2.2145045	0.47480714
2.2154505	0.47480714
2.216398	0.47480714
2.2173457	0.47432101
2.2182946	0.47375384
2.2192442	0.47391585
2.2201948	0.4735918
2.2211459	0.47302464
2.2220981	0.47270048
2.2230508	0.47318664
2.2240045	0.47286254
2.2249589	0.47253844
2.2259145	0.47229537
2.2268705	0.47156617
2.2278273	0.47043177
2.228785	0.4697836
2.2297437	0.46970257
2.2307031	0.46986464
2.2316635	0.46905434
2.2326245	0.46792001
2.2335865	0.46727178
2.234549	0.46654257
2.2355127	0.46459803
2.2364771	0.46313953
2.2374425	0.46216723
2.2384083	0.46095186
2.2393754	0.45941237
2.2403431	0.45827806
2.2413118	0.45673856
2.2422812	0.45552316
2.243252	0.45406476
2.2442229	0.45284936
2.2451949	0.45276833
2.2461677	0.45317343
2.2471414	0.45357856
2.2481158	0.45438883
2.2490911	0.45511806
2.2500672	0.45503703
2.251044	0.45511806
2.2520218	0.45536113
2.2530005	0.45471293
2.2539799	0.45398366
2.2549605	0.45276833
2.2559416	0.45155299
2.2569239	0.44977042
2.2579067	0.44717756
2.2588909	0.44450375
2.2598755	0.44134378
2.2608612	0.43753561
2.2618475	0.43324128
2.2628348	0.42846081
2.263823	0.42335621
2.264812	0.41800857
2.2658017	0.412985
2.2667923	0.40836656
2.2677839	0.40350503
2.2687764	0.39945382
2.2697697	0.39669895
2.2707639	0.39426818
2.271759	0.39248562
2.2727549	0.39037898
2.2737517	0.38811028
2.2747495	0.38576055
2.275748	0.38300571
2.2767475	0.38008881
2.2777479	0.37692881
2.278749	0.3726345
2.2797511	0.36834019
2.2807541	0.3639648
2.2817578	0.35950842
2.282763	0.35480896
2.2837684	0.35027155
2.284775	0.34581518
2.2857823	0.34111568
2.2867908	0.33552501
2.2877998	0.3297722
2.28881	0.32256094
2.2898209	0.31405333
2.2908323	0.30651799
2.2918451	0.30108932
2.2928588	0.29695702
2.2938731	0.29331088
2.2948887	0.28934067
2.2959049	0.2842361
2.2969222	0.27840227
2.2979403	0.27321666
2.2989597	0.2713531
2.2999794	0.27224436
2.3010006	0.2752423
2.3020222	0.27921253
2.303045	0.28123814
2.3040683	0.2803469
2.3050931	0.27734897
2.3061182	0.2729736
2.3071454	0.26892236
2.3081722	0.26576239
2.3092005	0.26276445
2.3102295	0.25911832
2.3112597	0.25555322
2.3122904	0.25360861
2.3133223	0.25385168
2.3143549	0.25563419
2.3153882	0.25976652
2.3164227	0.26592439
2.3174584	0.27240643
2.3184946	0.27840227
2.3195322	0.2842361
2.3205702	0.29055604
2.3216095	0.29833445
2.3226497	0.30870569
2.3236911	0.3222369
2.324733	0.33803678
2.3257761	0.35440385
2.3268199	0.36987963
2.3278646	0.38316774
2.3289104	0.39402512
2.3299572	0.40277582
2.3310046	0.40990603
2.3320534	0.4154968
2.3331029	0.41971007
2.3341534	0.42376134
2.3352048	0.42708334
2.3362572	0.42935205
2.3373103	0.43121564
2.3383648	0.43283615
2.3394198	0.43340331
2.340476	0.43405151
2.3415329	0.43518588
2.342591	0.43559098
2.3436501	0.43518588
2.3447101	0.43437558
2.3457711	0.43307921
2.346833	0.43089154
2.3478959	0.42902797
2.3489597	0.42700234
2.3500245	0.42489567
2.3510904	0.42287004
2.3521569	0.42084441
2.3532248	0.4191429
2.3542933	0.41817063
2.3553631	0.41800857
2.3564336	0.41800857
2.3575051	0.41703627
2.3585775	0.416145
2.3596511	0.41501063
2.3607256	0.41371423
2.3618011	0.41152653
2.3628776	0.40804243
2.363955	0.40391019
2.3650334	0.39953482
2.3661137	0.39507845
2.3671939	0.39094615
2.3682754	0.38738108
2.3693576	0.38324878
2.3704412	0.37806317
2.3715253	0.37287757
2.3726108	0.36777297
2.373697	0.36177713
2.3747847	0.35545716
2.3758729	0.34913722
2.3769624	0.34192598
2.3780525	0.33455268
2.379144	0.32758451
2.3802361	0.3216697
2.3813298	0.31615999
2.3824239	0.31081232
2.3835192	0.30651799
2.3846154	0.30424929
2.3857129	0.30473542
2.3868113	0.30838156
2.3879108	0.31267592
2.3890109	0.31761846
2.3901126	0.32337123
2.3912148	0.32871887
2.3923185	0.33406654
2.3934228	0.33941418
2.3945284	0.34532902
2.3956349	0.35189205
2.3967426	0.35942739
2.397851	0.36874527
2.3989608	0.37830624
2.4000711	0.38632771
2.4011834	0.39321485
2.4022958	0.39888662
2.4034097	0.40261376
2.4045243	0.40520659
2.4056404	0.40674606
2.4067569	0.40788043
2.4078751	0.40836656
2.4089937	0.40893373
2.4101133	0.40917683
2.4112341	0.40812349
2.4123564	0.40593582
2.4134791	0.40399119
2.4146035	0.40269482
2.4157286	0.40172252
2.4168549	0.40099326
2.4179819	0.40066919
2.4191108	0.40156046
2.4202399	0.40326196
2.4213705	0.40553066
2.4225018	0.40812349
2.4236345	0.41006806
2.424768	0.41104037
2.4259028	0.41144553
2.4270384	0.41217473
2.4281759	0.4124178
2.4293137	0.4123368
2.4304526	0.41290396
2.4315925	0.412985
2.4327338	0.41185063
2.4338756	0.41047323
2.435019	0.40779936
2.4361632	0.40463939
2.4373078	0.40156046
2.4384544	0.39807639
2.4396017	0.39459229
2.4407504	0.39256668
2.4419	0.39167541
2.4430506	0.39208049
2.4442027	0.39345795
2.4453554	0.39580768
2.4465098	0.39775226
2.447665	0.39896765
2.4488211	0.40002096
2.4499784	0.39985892
2.4511368	0.39864355
2.4522963	0.39815742
2.4534569	0.39710405
2.4546185	0.39459229
2.4557815	0.39199948
2.4569452	0.38956872
2.4581103	0.38730001
2.4592764	0.38535544
2.4604435	0.38357288
2.4616117	0.38235751
2.4627812	0.38203338
2.4639518	0.38219544
2.4651229	0.38260058
2.4662957	0.38308674
2.4674697	0.38365391
2.4686446	0.38430208
2.4698207	0.38495028
2.4709978	0.38608465
2.4721763	0.38754311
2.4733558	0.38843438
2.4745364	0.38908258
2.4757183	0.38948771
2.4769011	0.38908258
2.478085	0.38900155
2.4792702	0.38948771
2.4804564	0.39054105
2.4816439	0.39183742
2.4828324	0.39280975
2.4840217	0.39370102
2.4852126	0.39426818
2.4864044	0.39475432
2.4875975	0.39499739
2.4887917	0.39491642
2.4899871	0.39515948
2.4911838	0.39540255
2.4923813	0.39588869
2.4935806	0.39613178
2.4947805	0.39629382
2.4959817	0.39661792
2.497184	0.39677995
2.4983873	0.39718512
2.4995921	0.39815742
2.5007977	0.39977789
2.5020049	0.40139839
2.5032129	0.40212762
2.5044224	0.40285686
2.5056329	0.40350503
2.5068443	0.40415326
2.5080571	0.40455836
2.5092711	0.40504453
2.5104864	0.40455836
2.5117025	0.40326196
2.5129199	0.40220866
2.5141385	0.40164149
2.5153584	0.40123636
2.5165794	0.40188456
2.5178018	0.40358609
2.5190251	0.40585479
2.5202496	0.40836656
2.5214756	0.41063529
2.5227027	0.4120937
2.5239308	0.4139573
2.5251603	0.4154968
2.5263908	0.41582087
2.5276225	0.4159019
2.5288556	0.4159019
2.5300899	0.416145
2.5313251	0.4159019
2.532562	0.41509163
2.5337996	0.41484857
2.5350387	0.41509163
2.536279	0.4154968
2.5375204	0.4159019
2.538763	0.41638806
2.5400069	0.41606393
2.5412521	0.41541573
2.5424979	0.41501063
2.5437455	0.41484857
2.5449944	0.41484857
2.5462441	0.4149296
2.5474954	0.4142814
2.548748	0.41339013
2.5500016	0.41249886
2.5512564	0.41152653
2.5525131	0.41031116
2.5537705	0.40893373
2.5550292	0.40707016
2.556289	0.40480146
2.5575502	0.40301889
2.5588126	0.40261376
2.5600762	0.40220866
2.561341	0.40172252
2.5626073	0.40180352
2.5638747	0.40196559
2.5651433	0.40253273
2.5664132	0.40350503
2.5676842	0.40374812
2.5689566	0.40366712
2.5702302	0.40423429
2.5715053	0.40577373
2.5727808	0.40674606
2.5740583	0.40796146
2.5753372	0.409825
2.576617	0.41112143
2.5778983	0.4120127
2.579181	0.413066
2.5804646	0.41355214
2.5817497	0.41436243
2.5830364	0.41387627
2.5843241	0.41371423
2.585613	0.41411936
2.5869033	0.41420037
2.5881948	0.41436243
2.5894876	0.41557777
2.5907817	0.41711727
2.592077	0.4179275
2.5933733	0.416226
2.5946712	0.41420037
2.5959706	0.4146055
2.5972712	0.4168742
2.598573	0.41817063
2.5998762	0.41825163
2.6011808	0.41744137
2.6024866	0.41695523
2.6037939	0.41663113
2.6051023	0.41679317
2.6064122	0.41800857
2.6077232	0.41987213
2.6090355	0.4216547
2.6103492	0.4232752
2.6116643	0.42400444
2.6129806	0.42408544
2.6142986	0.42408544
2.6156178	0.42287004
2.6169381	0.42133057
2.6182597	0.4214116
2.6195827	0.4214116
2.6209071	0.42133057
2.6222329	0.4223839
2.62356	0.42351827
2.6248877	0.42384234
2.6262174	0.42351827
2.6275485	0.42376134
2.628881	0.42408544
2.6302147	0.42335621
2.6315498	0.42311311
2.6328864	0.42343724
2.6342242	0.42408544
2.6355639	0.42457157
2.6369042	0.42497671
2.6382463	0.42465261
2.6395895	0.42457157
2.6409342	0.42497671
2.6422803	0.42538181
2.6436276	0.4255439
2.6449764	0.42586794
2.6463268	0.42667824
2.6476784	0.42813671
2.6490314	0.42886591
2.6503856	0.42927104
2.6517413	0.42894694
2.6530983	0.42894694
2.6544569	0.42902797
2.6558168	0.42870387
2.6571774	0.42813671
2.65854	0.42724541
2.6599042	0.42684028
2.6612697	0.42765051
2.6626365	0.42781261
2.6640048	0.42635414
2.6653745	0.4239234
2.6667454	0.42124957
2.6681182	0.4185757
2.6694922	0.41339013
2.6708674	0.40553066
2.6722443	0.39921072
2.6736224	0.39224255
2.6750021	0.38405901
2.676383	0.37498423
2.6777654	0.36607146
2.6791496	0.35610536
2.6805348	0.34492388
2.6819217	0.33285114
2.6833098	0.32085943
2.6846995	0.30854362
2.6860905	0.29663295
2.6874828	0.28504634
2.6888769	0.2739459
2.6902716	0.26292646
2.6916685	0.25352758
2.6930668	0.24412864
2.6944666	0.23383847
2.6958678	0.22249494
2.6972704	0.21131349
2.6986744	0.20296791
2.7000799	0.19891666
2.7014871	0.19616179
2.7028956	0.19340694
2.7043056	0.19178644
2.7057171	0.19219157
2.70713	0.19227257
2.7085443	0.1907331
2.7099602	0.1865198
2.7113776	0.18028086
2.7127967	0.17298862
2.7142169	0.16164508
2.7156389	0.1422801
2.7170622	0.11424541
2.718487	0.085805595
2.7199132	0.066359565
2.7213409	0.058662176
2.7227702	0.059796534
2.7242005	0.065711364
2.7256327	0.075434372
2.7270665	0.084347136
2.7285018	0.090748124
2.7299387	0.097554229
2.7313771	0.10760135
2.7328169	0.12040331
2.7342582	0.13369143
2.7357013	0.14600725
2.7371457	0.15346158
2.7385917	0.15718871
2.7400391	0.16075382
2.741488	0.16593942
2.7429385	0.17444706
2.7443907	0.1823065
2.7458441	0.18562852
2.747299	0.18708697
2.7487557	0.1884644
2.7502139	0.18935569
2.7516737	0.18984184
2.753135	0.19089516
2.7545979	0.19130029
2.7560623	0.19283977
2.7575283	0.19478436
2.7589962	0.19502746
2.7604654	0.19559462
2.7619359	0.19778231
2.7634082	0.19972691
2.7648821	0.2010233
2.7663574	0.20183356
2.7678344	0.20248176
2.7693131	0.20329201
2.7707932	0.20410226
2.772275	0.20507455
2.7737584	0.20750532
2.7752433	0.2104222
2.7767296	0.21260989
2.7782178	0.2142304
2.7797074	0.21479759
2.7811987	0.21512166
2.782691	0.21576987
2.7841854	0.21698527
2.7856815	0.21795754
2.7871792	0.21844368
2.7886784	0.21941601
2.7901793	0.22063139
2.7916818	0.22233289
2.7931859	0.22395341
2.794692	0.22508776
2.7961996	0.22646518
2.7977085	0.22768056
2.7992191	0.22889593
2.8007314	0.22994927
2.8022454	0.23059747
2.803761	0.23132668
2.8052781	0.23229901
2.806797	0.23327129
2.8083177	0.23440564
2.8098397	0.23545897
2.8113635	0.23643127
2.8128889	0.23740357
2.8144159	0.23821382
2.8159447	0.23902409
2.8174751	0.24015841
2.8190067	0.24088764
2.8205404	0.24145484
2.8220758	0.24234611
2.8236129	0.24299429
2.8251517	0.24323738
2.8266921	0.24339944
2.8282342	0.24380456
2.829778	0.24437173
2.8313241	0.24501993
2.8328712	0.24599223
2.83442	0.24680249
2.8359706	0.24736968
2.8375227	0.24777479
2.8390768	0.24842298
2.8406324	0.24899018
2.8421898	0.24939528
2.843749	0.24980043
2.84531	0.24996248
2.8468723	0.25036758
2.8484366	0.25061065
2.8500025	0.25077271
2.8515701	0.25101578
2.8531396	0.25142092
2.8547106	0.25166398
2.8562829	0.25182605
2.8578575	0.25231221
2.8594339	0.25271732
2.861012	0.25279835
2.8625917	0.25271732
2.8641732	0.25296038
2.8657565	0.25312245
2.8673415	0.25312245
2.8689287	0.25328451
2.870517	0.25336549
2.8721075	0.25360861
2.8736994	0.25401372
2.8752933	0.25425678
2.876889	0.25466192
2.8784864	0.25506705
2.8800855	0.25547218
2.8816857	0.25563419
2.8832886	0.25563419
2.8848929	0.25563419
2.8864994	0.25595832
2.8881073	0.25603935
2.8897173	0.25571525
2.8913291	0.25539112
2.8929424	0.25531015
2.8945582	0.25563419
2.8961751	0.25620142
2.897794	0.25628242
2.8994148	0.25612038
2.9010372	0.25652549
2.9026616	0.25725475
2.9042876	0.25741675
2.9059157	0.25741675
2.9075458	0.25749782
2.9091775	0.25741675
2.9108109	0.25757882
2.9124463	0.25798398
2.9140832	0.25847012
2.9157224	0.25879422
2.9173632	0.25911832
2.9190059	0.25936139
2.9206498	0.25968549
2.922296	0.26025268
2.9239442	0.26041469
2.9255943	0.26081985
2.9272463	0.26106292
2.9289	0.26098189
2.9305558	0.26090083
2.9322133	0.26090083
2.9338732	0.26090083
2.9355345	0.26122496
2.9371977	0.26122496
2.9388628	0.26122496
2.9405298	0.26114395
2.9421985	0.26106292
2.9438694	0.26098189
2.9455421	0.26098189
2.9472167	0.26090083
2.9488933	0.26114395
2.9505715	0.26098189
2.9522519	0.26065776
2.953934	0.26009062
2.9556181	0.25952342
2.9573042	0.25887522
2.9589922	0.25838906
2.9606814	0.25798398
2.9623733	0.25725475
2.964067	0.25603935
2.9657626	0.25539112
2.9674604	0.25547218
2.9691598	0.25539112
2.9708614	0.25531015
2.9725649	0.25571525
2.9742706	0.25628242
2.9759779	0.25693062
2.9776874	0.25774089
2.9793985	0.25855112
2.9811118	0.25960445
2.9828272	0.26081985
2.9845443	0.26211622
2.9862635	0.26325059
2.9879854	0.26422289
2.9897087	0.26551932
2.9914336	0.26681569
2.993161	0.26795003
2.99489	0.26892236
2.9966211	0.27005672
2.9983544	0.27119103
3.0000894	0.27240643
3.001826	0.27337873
3.0035653	0.274189
3.0053065	0.27483717
3.0070496	0.2758905
3.0087948	0.27710587
3.0105422	0.27791613
3.0122914	0.2784833
3.0140429	0.2793746
3.0157964	0.28026587
3.0175517	0.28123814
3.0193093	0.28221047
3.0210688	0.28293967
3.0228302	0.28366891
3.0245938	0.28415507
3.0263596	0.28480327
3.0281272	0.28553247
3.0298975	0.2858566
3.0316694	0.28626171
3.0334435	0.28674787
3.0352194	0.28747711
3.0369976	0.28796324
3.0387776	0.28828734
3.04056	0.28893554
3.0423443	0.28966478
3.0441301	0.29023194
3.0459187	0.29096118
3.0477092	0.29160938
3.0495021	0.29225758
3.0512969	0.29298681
3.0530939	0.29379705
3.054893	0.29436424
3.0566943	0.29493141
3.0584979	0.29557961
3.0603034	0.29630882
3.0621109	0.29687601
3.0639207	0.29744318
3.0657327	0.29792932
3.0675466	0.29825342
3.0693629	0.29841551
3.0711813	0.29857752
3.0730011	0.29922572
3.0748239	0.29995495
3.0766487	0.30003598
3.0784757	0.30019805
3.0803049	0.30068421
3.0821362	0.30133238
3.0839698	0.30206162
3.0858054	0.30287185
3.0876439	0.30384415
3.0894837	0.30465442
3.0913262	0.30514058
3.0931706	0.30578876
3.0950172	0.30643699
3.0968661	0.30708519
3.0987172	0.30773336
3.1005704	0.30854362
3.1024263	0.30943492
3.104284	0.31024513
3.106144	0.31089336
3.1080062	0.31137949
3.1098707	0.31186563
3.1117373	0.31251383
3.1136062	0.31332409
3.1154773	0.31389126
3.1173501	0.31462049
3.1192257	0.31559283
3.1211035	0.31664613
3.1229837	0.31761846
3.1248662	0.3184287
3.1267509	0.31931996
3.128638	0.3203733
3.1305273	0.32110253
3.1324193	0.32191277
3.1343131	0.32280403
3.1362092	0.3236143
3.1381078	0.3243435
3.1400084	0.32482967
3.1419115	0.32507274
3.1438167	0.3251538
3.1457245	0.32499173
3.1476347	0.3246676
3.1495469	0.32418147
3.1514616	0.32369533
3.1533785	0.32329017
3.1552978	0.3230471
3.1572194	0.32272303
3.1591434	0.32247996
3.1610696	0.32231787
3.162998	0.3219938
3.1649289	0.32102147
3.1668622	0.32004917
3.168798	0.3198061
3.1707361	0.32013023
3.1726766	0.32085943
3.1746194	0.32191277
3.1765647	0.32329017
3.1785126	0.3246676
3.1804626	0.32604504
3.182415	0.32766557
3.1843698	0.32969117
3.186327	0.33187884
3.1882865	0.33398551
3.1902485	0.33593011
3.1922131	0.33795574
3.19418	0.33998135
3.1961493	0.34192598
3.1981211	0.34387055
3.2000952	0.34581518
3.2020719	0.34751669
3.2040508	0.34905618
3.2060323	0.35051465
3.2080164	0.35205412
3.2100022	0.35343152
3.2119911	0.35464692
3.2139823	0.35561919
3.215976	0.35651049
3.2179723	0.35756382
3.2199712	0.35869816
3.2219722	0.35967049
3.2239761	0.36039969
3.2259824	0.36096686
3.2279911	0.36177713
3.2300024	0.3626684
3.2320161	0.3636407
3.2340324	0.36436993
3.2360511	0.36509916
3.2380724	0.36582839
3.2400961	0.36647657
3.2421229	0.36720583
3.2441516	0.36809707
3.2461832	0.3690694
3.2482171	0.36996067
3.2502534	0.37068987
3.2522926	0.37125704
3.2543342	0.37190527
3.2563784	0.37255347
3.2584248	0.37312064
3.2604742	0.3736068
3.262526	0.37393087
3.2645805	0.37441704
3.2666376	0.37482217
3.2686973	0.3749032
3.2707596	0.37498423
3.2728245	0.3749032
3.2748921	0.3745791
3.2769623	0.3738499
3.2790351	0.3727155
3.2811103	0.37117603
3.2831883	0.3690694
3.2852688	0.36663863
3.2873521	0.36380276
3.289438	0.36120993
3.2915258	0.35886022
3.293617	0.35675359
3.2957108	0.35472795
3.2978072	0.35245922
3.2999065	0.34978539
3.3020084	0.34719262
3.3041129	0.34468082
3.3062201	0.34249315
3.3083303	0.34111568
3.3104429	0.34087262
3.3125582	0.34135878
3.314676	0.34192598
3.3167968	0.34233108
3.3189204	0.34257418
3.3210464	0.34265518
3.3231752	0.34281725
3.3253074	0.34314132
3.3274417	0.34346545
3.3295789	0.34346545
3.3317187	0.34257418
3.3338614	0.34054855
3.3360066	0.33795574
3.3381548	0.33544397
3.3403056	0.33309421
3.3424585	0.33058244
3.344615	0.32823274
3.3467741	0.32661223
3.3489361	0.3262071
3.3511009	0.32701737
3.3532684	0.32863787
3.3554389	0.33123067
3.3576121	0.33455268
3.3597887	0.33803678
3.3619676	0.34119675
3.3641491	0.34378955
3.3663337	0.34589618
3.368521	0.34735465
3.3707113	0.34808388
3.3729043	0.34865102
3.3751001	0.34946132
3.3772995	0.34994745
3.3795011	0.35083872
3.3817058	0.35205412
3.383913	0.35351259
3.3861232	0.35513306
3.3883364	0.35683459
3.3905525	0.35796893
3.3927715	0.35910329
3.3949924	0.36031866
3.3972173	0.36129099
3.3994448	0.36218226
3.4016755	0.3626684
3.403909	0.36307353
3.4061456	0.3636407
3.408385	0.36420786
3.4106274	0.36477506
3.4128728	0.36566633
3.4151211	0.3668007
3.4173725	0.36801606
3.4196265	0.36963657
3.4218838	0.3714191
3.424144	0.37328267
3.4264071	0.37530831
3.4286733	0.37765804
3.4309425	0.37992674
3.4332149	0.38170928
3.4354899	0.38341081
3.4377682	0.38527441
3.4400494	0.38689494
3.4423335	0.38835335
3.4446208	0.38964978
3.4469111	0.39086515
3.449204	0.39208049
3.4515004	0.39313385
3.4537997	0.39410615
3.4561024	0.39507845
3.4584079	0.39564562
3.4607165	0.39621279
3.4630284	0.39637485
3.4653432	0.39605075
3.4676619	0.39524049
3.4699829	0.39426818
3.472307	0.39321485
3.4746342	0.39248562
3.4769647	0.39216155
3.4792981	0.39232358
3.4816349	0.39264771
3.4839747	0.39329588
3.4863167	0.39410615
3.488663	0.39499739
3.4910121	0.39556462
3.4933646	0.39605075
3.4957201	0.39661792
3.4980791	0.39702305
3.5004408	0.39742818
3.5028062	0.39815742
3.5051751	0.39937276
3.5075467	0.40156046
3.5099213	0.40391019
3.5122993	0.40625989
3.5146806	0.4085286
3.517065	0.41087836
3.5194528	0.413066
3.5218437	0.41517267
3.5242381	0.41703627
3.5266356	0.41889983
3.5290363	0.42052034
3.5314403	0.42189777
3.5338476	0.4230321
3.536258	0.42376134
3.538672	0.42457157
3.5410891	0.42505771
3.5435085	0.4255439
3.5459323	0.42627314
3.5483594	0.42684028
3.5507898	0.42732641
3.5532234	0.42765051
3.5556605	0.42805567
3.5581009	0.42854181
3.5605447	0.42894694
3.5629921	0.42919001
3.5654426	0.42943308
3.5678964	0.42967615
3.5703535	0.43016234
3.5728142	0.43040541
3.5752783	0.43056744
3.5777457	0.43072951
3.5802164	0.43081051
3.5826914	0.43097258
3.5851691	0.43137768
3.5876501	0.43186381
3.5901346	0.43210694
3.5926225	0.43210694
3.595114	0.43218797
3.5976088	0.43243104
3.6001072	0.43259308
3.6026084	0.43251202
3.6051137	0.43259308
3.6076224	0.43283615
3.6101346	0.43299821
3.6126504	0.43299821
3.6151698	0.43299821
3.6176925	0.43283615
3.620219	0.43275514
3.6227491	0.43275514
3.6252825	0.43275514
3.6278193	0.43283615
3.6303599	0.43299821
3.6329038	0.43275514
3.6354516	0.43267411
3.6380026	0.43291718
3.6405575	0.43307921
3.6431165	0.43291718
3.6456785	0.43283615
3.6482441	0.43275514
3.6508133	0.43275514
3.6533861	0.43283615
3.6559625	0.43283615
3.6585426	0.43291718
3.6611264	0.43307921
3.6637127	0.43299821
3.6663036	0.43316025
3.6688983	0.43340331
3.6714969	0.43348435
3.6740987	0.43364638
3.6767046	0.43388945
3.6793139	0.43380845
3.6819272	0.43372741
3.6845443	0.43348435
3.687165	0.43145871
3.6897893	0.42708334
3.6924174	0.42594904
3.695049	0.42919001
3.6976848	0.43162075
3.7003241	0.43251202
3.7029672	0.43356538
3.7056146	0.43421361
3.7082653	0.43453765
3.7109196	0.43478078
3.713578	0.43494281
3.7162399	0.43486178
3.7189059	0.43502384
3.7215757	0.43502384
3.7242491	0.43494281
3.7269256	0.43510485
3.7296069	0.43534791
3.7322919	0.43518588
3.7349808	0.43494281
3.7376738	0.43486178
3.7403705	0.43486178
3.7430711	0.43469974
3.7457757	0.43453765
3.7484846	0.43469974
3.7511971	0.43469974
3.7539134	0.43461865
3.7566335	0.43453765
3.7593577	0.43437558
3.7620859	0.43437558
3.764818	0.43413252
3.767554	0.43397054
3.770293	0.43397054
3.7730372	0.43388945
3.7757852	0.43364638
3.778537	0.43332228
3.7812932	0.43299821
3.7840533	0.43283615
3.7868173	0.43243104
3.7895856	0.43210694
3.7923579	0.43153974
3.7951343	0.43105361
3.7979145	0.43032438
3.800699	0.42951411
3.8034875	0.42886591
3.8062801	0.42821768
3.8090768	0.42756954
3.8118775	0.42716438
3.8146832	0.42684028
3.8174922	0.42635414
3.8203053	0.42578697
3.8231227	0.42538181
3.8259442	0.42505771
3.8287699	0.42449057
3.8315997	0.42376134
3.8344338	0.4232752
3.837271	0.422708
3.8401134	0.42222184
3.8429599	0.42181671
3.8458109	0.42133057
3.848666	0.42060134
3.8515253	0.4201152
3.8543887	0.41971007
3.8572567	0.41930494
3.8601296	0.4187378
3.8630059	0.41808957
3.8658867	0.4176034
3.8687716	0.41736034
3.8716609	0.4171983
3.8745544	0.41703627
3.8774524	0.41679317
3.8803546	0.41646907
3.8832617	0.41598293
3.8861728	0.41565883
3.8890882	0.4153347
3.8920078	0.41517267
3.894932	0.41476753
3.8978605	0.41420037
3.9007933	0.41371423
3.9037306	0.41322809
3.9066718	0.41249886
3.9096179	0.4116886
3.9125686	0.4107163
3.9155238	0.40998706
3.9184833	0.40950093
3.9214473	0.40885273
3.9244158	0.40812349
3.9273889	0.40747529
3.9303668	0.40682709
3.9333489	0.40650296
3.9363356	0.40585479
3.9393268	0.40439633
3.9423223	0.40245175
3.9453225	0.40042612
3.9483273	0.39840049
3.9513369	0.39629382
3.9543512	0.39410615
3.9573698	0.39224255
3.960393	0.39070308
3.9634209	0.38892055
3.9664533	0.38762414
3.9694903	0.38689494
3.972532	0.38657081
3.9755785	0.38665184
3.9786289	0.38689494
3.9816847	0.38746208
3.984745	0.38843438
3.9878104	0.38997385
3.9908803	0.39183742
3.9939549	0.39386305
3.9970343	0.39613178
4.0001183	0.39856252
4.0032082	0.40083122
4.0063019	0.40293789
4.0094004	0.40488246
4.0125036	0.40658402
4.0156116	0.40779936
4.0187244	0.40877166
4.021842	0.40950093
4.0249648	0.41039219
4.028091	0.41104037
4.0312233	0.41185063
4.0343604	0.41274193
4.0375023	0.41339013
4.0406489	0.41387627
4.0438008	0.41444343
4.046958	0.41484857
4.0501194	0.4152537
4.0532866	0.41541573
4.056458	0.4153347
4.0596347	0.41517267
4.0628161	0.41517267
4.0660028	0.41501063
4.0691943	0.41476753
4.0723906	0.4146055
4.0755925	0.4142814
4.0787992	0.4140383
4.0820107	0.41371423
4.0852275	0.41339013
4.0884495	0.41314706
4.0916762	0.41290396
4.0949082	0.41257986
4.0981455	0.41217473
4.1013875	0.41193166
4.1046343	0.41160756
4.1078868	0.41128343
4.1111441	0.41087836
4.1144071	0.41047323
4.1176748	0.40998706
4.1209483	0.409825
4.1242266	0.40941989
4.1275101	0.40901476
4.1307993	0.40860966
4.1340938	0.40836656
4.137393	0.40796146
4.1406975	0.40771839
4.1440077	0.40723222
4.1473227	0.40690809
4.1506433	0.40650296
4.1539693	0.40617889
4.1573014	0.40593582
4.1606379	0.40561172
4.16398	0.40520659
4.1673269	0.40496352
4.1706796	0.40480146
4.1740379	0.40447736
4.1774011	0.40391019
4.1807699	0.40374812
4.1841431	0.40358609
4.1875229	0.40318096
4.190908	0.40269482
4.1942987	0.40220866
4.1976953	0.40172252
4.2010965	0.40147942
4.204504	0.40083122
4.2079167	0.40018305
4.2113357	0.39937276
4.2147593	0.39831945
4.2181888	0.39734712
4.2216239	0.39669895
4.2250643	0.39580768
4.2285104	0.39499739
4.2319622	0.39434922
4.2354198	0.39394411
4.2388835	0.39378205
4.242352	0.39378205
4.2458267	0.39410615
4.2493072	0.39467335
4.2527928	0.39524049
4.2562842	0.39548355
4.2597818	0.39483535
4.2632847	0.39378205
4.2667923	0.39272869
4.2703071	0.39183742
4.2738276	0.39135128
4.2773538	0.39086515
4.2808857	0.39070308
4.2844238	0.39070308
4.2879677	0.39062208
4.2915173	0.39078411
4.2950735	0.39086515
4.298635	0.39102718
4.3022022	0.39118925
4.3057756	0.39143232
4.3093548	0.39151335
4.3129401	0.39175642
4.3165312	0.39191848
4.3201284	0.39208049
4.3237324	0.39199948
4.3273416	0.39191848
4.3309565	0.39183742
4.3345776	0.39175642
4.3382049	0.39151335
4.3418384	0.39118925
4.3454776	0.39086515
4.3491235	0.39054105
4.3527737	0.39013591
4.3564315	0.38973078
4.3600955	0.38916364
4.3637652	0.38843438
4.3674417	0.38770515
4.3711243	0.38697591
4.3748131	0.38616571
4.3785081	0.38535544
4.3822103	0.38454515
4.3859177	0.38373491
4.3896313	0.38284364
4.3933511	0.38195238
4.3970776	0.38098007
4.4008102	0.37992674
4.4045491	0.37887344
4.4082947	0.37790111
4.412045	0.37700981
4.415803	0.37603754
4.4195676	0.37498423
4.4233384	0.3740119
4.4271159	0.37287757
4.4308996	0.37166217
4.43469	0.3704468
4.4384871	0.36931247
4.4422908	0.36793503
4.4461007	0.36639553
4.4499168	0.36501813
4.4537401	0.36355969
4.4575696	0.36193919
4.4614058	0.36039969
4.4652486	0.35869816
4.4690976	0.35732073
4.4729543	0.35602435
4.4768167	0.35456589
4.4806862	0.35302642
4.4845624	0.35156795
4.4884448	0.35010949
4.4923344	0.34865102
4.4962306	0.34711158
4.5001335	0.34581518
4.5040426	0.34459981
4.5079594	0.34346545
4.5118828	0.34208801
4.5158129	0.34062955
4.5197501	0.33925214
4.523694	0.33787471
4.5276446	0.33649728
4.5316024	0.33528191
4.5355678	0.33382347
4.5395393	0.33212194
4.5435181	0.32993424
4.5475035	0.3275035
4.551496	0.32450557
4.5554957	0.32158867
4.5595021	0.3187528
4.5635157	0.31575486
4.5675368	0.31291899
4.5715647	0.31016412
4.5755997	0.30749029
4.5796418	0.30473542
4.5836911	0.30214265
4.5877471	0.29946879
4.5918107	0.29695702
4.5958815	0.29444525
4.5999584	0.29185247
4.604044	0.28917861
4.6081362	0.28634277
4.612236	0.28350684
4.616343	0.28058997
4.6204576	0.27759203
4.6245794	0.27451307
4.6287084	0.2713531
4.6328454	0.26811209
4.6369891	0.26495209
4.6411405	0.26179212
4.6452994	0.25871319
4.6494656	0.25571525
4.6536388	0.25279835
4.6578202	0.24988145
4.6620088	0.24688351
4.6662059	0.24388558
4.6704097	0.24088764
4.6746206	0.23788974
4.6788397	0.23513487
4.6830664	0.23254208
4.6873007	0.23019233
4.6915426	0.22792363
4.6957922	0.22630315
4.7000484	0.22484466
4.7043133	0.22346725
4.7085862	0.22217086
4.7128668	0.22087446
4.717155	0.21941601
4.7214513	0.21787652
4.7257552	0.216175
4.7300668	0.21439245
4.7343879	0.21236682
4.7387152	0.21001709
4.7430506	0.20758633
4.7473941	0.20507455
4.7517457	0.2023197
4.7561049	0.19948383
4.7604723	0.19664794
4.7648478	0.19397411
4.7692318	0.19138132
4.7736235	0.18862647
4.7780232	0.18595263
4.7824311	0.18344085
4.7868466	0.18109113
4.7912707	0.17890345
4.7957029	0.17703988
4.8001437	0.17582448
4.8045907	0.17493321
4.8090477	0.17412297
4.8135128	0.17355579
4.8179865	0.17306963
4.8224683	0.17242144
4.8269582	0.17185427
4.8314571	0.17144912
4.8359637	0.17088196
4.8404803	0.17015274
4.8450041	0.16942349
4.8495364	0.16837019
4.8540773	0.1671548
4.8586264	0.1658584
4.8631845	0.164562
4.8677506	0.16334662
4.8723259	0.1619692
4.8769083	0.16051073
4.8815002	0.1590523
4.8861008	0.1574318
4.8907104	0.15573028
4.8953285	0.15386668
4.8999557	0.15208414
4.9045911	0.15005851
4.909236	0.14787082
4.9138899	0.14568315
4.9185519	0.14373855
4.923223	0.14187495
4.9279027	0.14009242
4.9325914	0.1383909
4.9372892	0.13693245
4.9419956	0.13555501
4.9467115	0.13401555
4.951437	0.13239503
4.9561706	0.13077453
4.9609137	0.12907299
4.9656653	0.12769556
4.9704261	0.12639917
4.9751964	0.12502176
4.9799757	0.12364431
4.9847641	0.12259099
4.9895606	0.12153766
4.9943671	0.12056537
4.9991837	0.11943101
5.0040088	0.11821564
5.0088439	0.11716231
5.0136881	0.11619
5.0185413	0.11513669
5.0234041	0.11424541
5.0282774	0.11335412
5.0331593	0.11254388
5.0380507	0.11165261
5.0429511	0.11076132
5.0478616	0.109708
5.0527816	0.10865466
5.0577111	0.10752033
5.0626502	0.10671007
5.0675998	0.1058188
5.0725584	0.10508957
5.0775266	0.10436034
5.0825043	0.10355009
5.087492	0.10273984
5.0924897	0.10184857
5.097497	0.10087626
5.1025143	0.099903956
5.1075401	0.099012688
5.112577	0.097959355
5.1176243	0.097149111
5.1226811	0.096500911
5.127748	0.096095785
5.1328249	0.096095785
5.1379123	0.096338861
5.1430092	0.096906036
5.1481171	0.097554229
5.1532345	0.098445512
5.1583619	0.099336781
5.1634998	0.10014704
5.1686478	0.10111934
5.1738062	0.1019296
5.1789751	0.10273984
5.184154	0.10346907
5.1893444	0.10371214
5.1945438	0.10363112
5.1997542	0.10322599
5.2049747	0.10265882
5.210206	0.10144343
5.2154474	0.099984989
5.2206998	0.098445512
5.2259626	0.096581928
5.2312346	0.094556302
5.2365189	0.092935801
5.2418137	0.091396324
5.2471189	0.090342999
5.2524352	0.089775823
5.2577624	0.089451723
5.2631001	0.089289673
5.2684488	0.08904659
5.273809	0.088722497
5.2791796	0.088155322
5.2845607	0.087264046
5.2899532	0.086291738
5.2953568	0.085076369
5.3007712	0.083860993
5.3061967	0.08264561
5.3116336	0.081430241
5.3170795	0.080538958
5.3225384	0.080052815
5.3280087	0.079728708
5.3334904	0.079647683
5.3389831	0.079647683
5.3444872	0.079566658
5.3500028	0.079647683
5.3555293	0.080052815
5.3610692	0.080295883
5.3666191	0.080376908
5.37218	0.080457933
5.3777528	0.080295883
5.3833375	0.080295883
5.3889332	0.080295883
5.3945408	0.080214858
5.4001603	0.07997179
5.4057918	0.079647683
5.4114347	0.079242565
5.417089	0.078432307
5.4227557	0.077460013
5.4284339	0.076649755
5.434124	0.075515404
5.439826	0.074381053
5.44554	0.073246703
5.4512644	0.072112344
5.4570026	0.071383119
5.4627528	0.070815943
5.4685154	0.070572875
5.4742899	0.070572875
5.4800768	0.07049185
5.4858756	0.070572875
5.4916868	0.070734918
5.4975119	0.070815943
5.5033479	0.070653893
5.5091963	0.07049185
5.5150576	0.070086725
5.5209308	0.06951955
5.5268164	0.069114424
5.5327148	0.068709292
5.5386262	0.068142124
5.5445509	0.067493916
5.550487	0.06660264
5.5564361	0.065711364
5.562398	0.065225206
5.5683727	0.064982139
5.5743604	0.064577013
5.5803604	0.064333938
5.5863738	0.064577013
5.5923977	0.064820088
5.5984373	0.064739063
5.6044893	0.064658038
5.6105552	0.064577013
5.6166334	0.064333938
5.6227255	0.064171888
5.6288304	0.064171888
5.6349487	0.064090863
5.6410818	0.064171888
5.6472268	0.064414963
5.6533852	0.064739063
5.6595569	0.064901114
5.6657424	0.065144189
5.6719413	0.065468289
5.6781535	0.065711364
5.6843796	0.066116489
5.6906204	0.066440597
5.6968741	0.066683665
5.7031412	0.06692674
5.7094221	0.06692674
5.7157168	0.066845715
5.7220259	0.066440597
5.7283483	0.066035464
5.7346849	0.065549314
5.7410331	0.064982139
5.7473979	0.064252913
5.7537766	0.063604712
5.76017	0.062794462
5.7665772	0.061984211
5.7729988	0.061660111
5.7794347	0.061254982
5.7858849	0.060768832
5.7923512	0.06036371
5.7988305	0.059796534
5.8053241	0.05914833
5.811832	0.058419108
5.8183551	0.057527833
5.8248925	0.056798603
5.8314447	0.056393474
5.8380117	0.055907331
5.8445945	0.055340149
5.851191	0.054610919
5.8578029	0.053800676
5.864429	0.053152472
5.8710709	0.0525853
5.877727	0.051694017
5.8843989	0.05104582
5.8910856	0.050721716
5.8977852	0.050235569
5.9045024	0.050073519
5.9112349	0.049911469
5.9179831	0.049749415
5.9247465	0.049749415
5.9315252	0.04966839
5.9383197	0.049587369
5.9451299	0.050235569
5.9519572	0.05088377
5.9587984	0.051694017
5.9656553	0.052261196
5.9725285	0.052747346
5.9794173	0.053314526
5.9863219	0.053719647
5.9932423	0.054043751
6.0001788	0.054205798
6.0071297	0.054043751
6.0140982	0.053557601
6.0210834	0.0529094
6.0280848	0.052018125
6.0351024	0.051126845
6.0421362	0.049830444
6.0491862	0.048290964
6.0562534	0.047723789
6.0633373	0.047237638
6.0704374	0.046265338
6.0775537	0.045455087
6.0846872	0.04513099
6.0918374	0.044644836
6.0990043	0.04415869
6.1061878	0.043591511
6.1133885	0.04310536
6.1206079	0.04294331
6.1278424	0.042862281
6.1350942	0.04261921
6.1423635	0.042376135
6.1496496	0.042538185
6.1569533	0.042538185
6.1642742	0.04245716
6.1716127	0.042700235
6.1789665	0.042862281
6.1863399	0.042862281
6.1937308	0.043186385
6.2011395	0.043672536
6.2085662	0.044239707
6.2160106	0.044806886
6.2234726	0.045455087
6.2309527	0.046184313
6.238452	0.046913538
6.2459679	0.047804814
6.2535024	0.048777115
6.261055	0.049587369
6.2686257	0.050721716
6.2762151	0.052099146
6.2838225	0.053152472
6.2914486	0.054286823
6.2990947	0.055583224
6.3067579	0.056879628
6.3144398	0.058257055
6.3221402	0.059796534
6.3298597	0.061092932
6.3375978	0.062308311
6.345355	0.063604712
6.3531313	0.065063171
6.3609242	0.066116489
6.3687387	0.067007773
6.3765721	0.068223141
6.3844252	0.069195449
6.3922973	0.069924675
6.4001889	0.070653893
6.4081001	0.071059026
6.4160309	0.071626194
6.4239826	0.073003627
6.431953	0.073975936
6.4399428	0.074624129
6.4479527	0.075191304
6.4559822	0.075677454
6.4640322	0.075839505
6.4721022	0.07575848
6.4801922	0.07575848
6.4883046	0.075677454
6.4964356	0.075677454
6.5045867	0.076163605
6.5127583	0.076325655
6.5209503	0.076001555
6.5291634	0.075839505
6.5373969	0.075596429
6.545651	0.075029254
6.5539231	0.074381053
6.5622191	0.073570803
6.5705361	0.072436452
6.5788746	0.071626194
6.587234	0.070734918
6.5956144	0.069681592
6.6040168	0.068628266
6.6124401	0.067574948
6.6208863	0.066440597
6.629353	0.065144189
6.6378412	0.063766763
6.6463513	0.063442662
6.6548829	0.063037537
6.6634369	0.062065233
6.6720128	0.061092932
6.6806107	0.060120631
6.6892328	0.059472434
6.6978755	0.059067305
6.7065401	0.058338076
6.7152276	0.057689879
6.723937	0.057122704
6.7326698	0.056798603
6.7414246	0.056393474
6.7502027	0.055826303
6.7590008	0.055178102
6.7678242	0.054610919
6.7766714	0.054124776
6.7855411	0.053395547
6.7944345	0.0529094
6.8033509	0.052504271
6.8122911	0.052099146
6.8212547	0.051775046
6.8302436	0.051288895
6.8392544	0.050721716
6.848289	0.050154544
6.8573475	0.049830444
6.8664303	0.04934429
6.8755369	0.049182244
6.8846679	0.049101219
6.8938227	0.048777115
6.9029989	0.048128918
6.9122028	0.047561742
6.9214315	0.047156617
6.9306846	0.046751488
6.9399629	0.046265338
6.9492655	0.045698162
6.9585934	0.044968937
6.9679465	0.044401761
6.9773269	0.043915611
6.9867301	0.043348435
6.9961591	0.04294331
7.0056133	0.04245716
7.0150933	0.041808955
7.0245986	0.041322805
7.0341301	0.04075563
7.0436873	0.040107429
7.0532722	0.039621282
7.0628819	0.039216153
7.0725174	0.038648982
7.0821791	0.038081802
7.0918674	0.037595652
7.1015825	0.036866426
7.1113243	0.036137201
7.1210923	0.035407972
7.1308832	0.034759775
7.1407056	0.034273624
7.1505547	0.033868495
7.1604309	0.03362542
7.1703348	0.03346337
7.1802659	0.03330132
7.1902246	0.03313927
7.200211	0.032896191
7.210228	0.032653119
7.2202702	0.032491069
7.23034	0.032247998
7.2404385	0.031599794
7.2505651	0.031032616
7.2607198	0.030708518
7.2709031	0.030141342
7.2811151	0.029736217
7.2913575	0.029412115
7.3016272	0.028925966
7.3119259	0.028601864
7.3222532	0.028277764
7.3326101	0.027872639
7.3429961	0.027467513
7.3534117	0.027224436
7.3638568	0.026900338
7.3743277	0.026657263
7.3848329	0.026333161
7.3953671	0.025928035
7.4059319	0.02568496
7.4165273	0.025441885
7.4271526	0.025117785
7.4378085	0.024793684
7.4484949	0.024469584
7.4592152	0.024226509
7.4699631	0.024064459
7.4807425	0.023902407
7.4915524	0.023821384
7.5023942	0.023740359
7.513267	0.023578309
7.5241718	0.023497282
7.5351081	0.023578309
7.5460782	0.023497282
7.5570784	0.023335233
7.5681105	0.023011131
7.579175	0.022768058
7.5902719	0.022362931
7.6014013	0.02203883
7.6125636	0.021633703
7.6237588	0.02139063
7.6349821	0.02106653
7.6462431	0.020823454
7.6575375	0.020661402
7.6688652	0.020337304
7.6802268	0.020013204
7.6916218	0.019527053
7.7030506	0.019040901
7.7145133	0.018797826
7.7260127	0.018554751
7.7375441	0.018392701
7.7491097	0.018311676
7.7607102	0.018149624
7.7723455	0.017906548
7.7840157	0.017825525
7.7957211	0.017744498
7.8074613	0.017501423
7.8192339	0.017339373
7.8310452	0.017258348
7.8428926	0.0170963
7.8547754	0.016934248
7.8666949	0.016853223
7.8786502	0.016772198
7.8906422	0.016691172
7.9026704	0.016448095
7.9147372	0.016205022
7.9268394	0.016123999
7.9389782	0.016123999
7.9511547	0.016286047
7.9633684	0.016367072
7.9756198	0.016448095
7.9879088	0.016529122
8.0002356	0.016772198
8.0126038	0.016934248
8.0250072	0.016934248
8.0374498	0.017015273
8.0499296	0.017420398
8.0624495	0.017825525
8.0750074	0.018230649
8.0876055	0.018635776
8.1002417	0.019040901
8.1129141	0.019527053
8.1256304	0.020418327
8.1383867	0.02106653
8.1511831	0.02171473
8.1640196	0.022362931
8.1768961	0.022930106
8.1898146	0.023335233
8.2027731	0.023659332
8.2157736	0.024064459
8.2288151	0.024388557
8.2418976	0.024712659
8.2550211	0.02503676
8.2681875	0.02519881
8.281395	0.02568496
8.2946453	0.026333161
8.3079386	0.027062388
8.3212767	0.027710589
8.3346548	0.028682889
8.3480768	0.030060316
8.3615408	0.031599794
8.3750496	0.033382345
8.3886013	0.035488997
8.4021969	0.038081802
8.4158373	0.041160755
8.4295158	0.044644836
8.4432449	0.048777115
8.4570189	0.053476576
8.4708366	0.058905259
8.4847012	0.064901114
8.4986105	0.071464151
8.5125656	0.078675389
8.5265665	0.08637277
8.540616	0.094313234
8.5547094	0.10201061
8.5688496	0.10995108
8.5830364	0.11732435
8.59727	0.12380637
8.6115513	0.13004531
8.6258802	0.13579808
8.6402569	0.14155088
8.6546841	0.14673647
8.6691561	0.15013954
8.6836777	0.15208414
8.6982479	0.15297541
8.7128668	0.1536236
8.7275343	0.15402874
8.7422523	0.15410976
8.75702	0.15386668
8.7718325	0.15329951
8.7866993	0.15248926
8.8016176	0.15135491
8.8165865	0.14981544
8.8316059	0.14770877
8.8466768	0.1448729
8.8617992	0.14146984
8.8769741	0.1383909
8.8922033	0.13660833
8.9074821	0.13506886
8.9228134	0.13344836
8.9381971	0.13158476
8.9536343	0.12988326
8.9691257	0.12834378
8.9846697	0.12696634
9.000268	0.12615611
9.0159235	0.12599406
9.0316315	0.12648019
9.0473928	0.12761456
9.0632105	0.12899199
9.0790825	0.12996428
9.0950108	0.13077453
9.1109953	0.13109863
9.1270351	0.13061248
9.1431274	0.12947813
9.1592817	0.12785763
9.1754923	0.12664226
9.191761	0.12648019
9.2080879	0.12720942
9.224472	0.12793864
9.2409153	0.12891096
9.2574167	0.13020734
9.2739801	0.13158476
9.2906008	0.13304323
9.3072805	0.13417758
9.3240204	0.13506886
9.3408203	0.13474476
9.3576803	0.13304323
9.3746023	0.13069351
9.3915854	0.12834378
9.4086237	0.12704737
9.4257298	0.12834378
9.4428988	0.13109863
9.4601307	0.13312426
9.4774246	0.13474476
9.4947834	0.13555501
9.5122042	0.13531193
9.5296898	0.13458271
9.5472441	0.13361041
9.5648584	0.13247605
9.5825386	0.13263811
9.6002836	0.13385348
9.6180954	0.13377248
9.635973	0.13109863
9.6539164	0.12656122
9.6719275	0.12178075
9.6900091	0.11724334
9.7081556	0.11294901
9.7263699	0.10922184
9.7446527	0.10638598
9.7630043	0.10565674
9.7814245	0.1071152
9.7999153	0.11019415
9.8184757	0.11319208
9.837101	0.11546078
9.8558025	0.11724334
9.8745756	0.11959307
9.8934202	0.12242895
9.9123363	0.12526482
9.9313259	0.12850583
9.950388	0.13158476
9.9695234	0.13450168
9.9887362	0.13790475
10.008019	0.14106472
10.027377	0.14398162
10.04681	0.14665544
10.066319	0.14835697
10.085902	0.14973439
10.105563	0.15046364
10.1253	0.15005851
10.145119	0.14851904
10.165011	0.14560212
10.184982	0.1422801
10.205031	0.1391201
10.22516	0.13555501
10.245367	0.13166581
10.265656	0.12850583
10.286023	0.12542687
10.306466	0.12178075
10.326997	0.11813461
10.34761	0.11497463
10.368304	0.11294901
10.389083	0.11173362
10.409945	0.11059927
10.43089	0.10905981
10.45192	0.10671007
10.473039	0.10371214
10.49424	0.10030909
10.515526	0.096500911
10.536899	0.092044525
10.558359	0.087507121
10.579906	0.08248356
10.601542	0.077216931
10.623267	0.072436452
10.645084	0.068385199
10.666988	0.064577013
10.688982	0.061254982
10.711066	0.05882423
10.733243	0.057446804
10.755511	0.057284757
10.777872	0.057932954
10.800325	0.05914833
10.822865	0.060930885
10.845508	0.062632412
10.868244	0.064171888
10.891077	0.064820088
10.914005	0.064577013
10.937031	0.063685745
10.960154	0.062470362
10.983374	0.06084986
11.006698	0.059877556
11.030116	0.05931038
11.053635	0.058419108
11.077253	0.057608854
11.100973	0.057122704
11.124795	0.057041675
11.14872	0.057122704
11.172747	0.056798603
11.196871	0.056717575
11.221107	0.056555528
11.245447	0.056069378
11.269894	0.055340149
11.294447	0.054691952
11.319107	0.054124776
11.343875	0.053638622
11.368752	0.052747346
11.393744	0.0519371
11.418839	0.051288895
11.444047	0.050964799
11.469365	0.050154544
11.494797	0.049425319
11.52034	0.049020194
11.545999	0.048290964
11.571771	0.047642767
11.597663	0.046913538
11.623667	0.046103291
11.649787	0.045536116
11.676025	0.044887912
11.702382	0.044320736
11.728858	0.044077661
11.755454	0.043672536
11.782171	0.04278126
11.809002	0.042295106
11.835962	0.042052034
11.863048	0.041403834
11.890256	0.040512554
11.91759	0.039702307
11.94505	0.038892053
11.972636	0.038162827
12.000351	0.037595652
12.028198	0.036947452
12.056171	0.036380272
12.084274	0.035651051
12.112508	0.035002846
12.140875	0.034516696
12.169374	0.034030546
12.198009	0.033382345
12.226777	0.032653119
12.255688	0.031761844
12.28473	0.030627491
12.31391	0.030060316
12.343228	0.029979292
12.372687	0.029493142
12.402287	0.029006992
12.432029	0.028439814
12.461913	0.027791612
12.491931	0.027386487
12.522105	0.026333161
12.552425	0.025279835
12.582892	0.025117785
12.613507	0.024874708
12.644272	0.024631634
12.675187	0.024955735
12.706254	0.02552291
12.737479	0.026414186
12.768852	0.027386487
12.80038	0.027710589
12.832064	0.027224436
12.863906	0.026090086
12.895905	0.025928035
12.928064	0.026981361
12.960384	0.028925966
12.992874	0.03192389
13.025519	0.036299247
13.05833	0.040026408
13.091305	0.042214084
13.124448	0.04294331
13.157759	0.04245716
13.191238	0.041079734
13.22489	0.038648982
13.258701	0.036380272
13.292698	0.034435671
13.326869	0.032166969
13.361217	0.030627491
13.395742	0.029088015
13.430446	0.027710589
13.46533	0.026090086
13.500397	0.024550609
13.535651	0.023497282
13.571085	0.022606004
13.606705	0.022362931
13.642511	0.022119854
13.678508	0.021147553
13.714694	0.020661402
13.751073	0.020823454
13.787644	0.020823454
13.82442	0.020904478
13.861383	0.02155268
13.898545	0.022281906
13.935907	0.022768058
13.97347	0.023011131
14.011236	0.022687031
14.049208	0.021795755
14.087384	0.020823454
14.125755	0.020175252
14.16435	0.019040901
14.203156	0.018473726
14.242176	0.019608077
14.281411	0.02106653
14.320862	0.023092156
14.360532	0.026819311
14.400422	0.03119467
14.440542	0.034921825
14.48088	0.037190527
14.521442	0.038892053
14.562233	0.039378203
14.603253	0.038405899
14.644506	0.036623351
14.685991	0.034678746
14.727713	0.033382345
14.76966	0.032734144
14.811859	0.032247998
14.8543	0.031356718
14.896984	0.030465443
14.939916	0.030303393
14.983094	0.029574165
15.026524	0.027629564
15.070205	0.025603935
15.11415	0.024307534
15.158343	0.023092156
15.202796	0.021633703
15.24751	0.020418327
15.292488	0.019770127
15.337732	0.018797826
15.383245	0.017744498
15.429028	0.017420398
15.475092	0.017177323
15.521424	0.016529122
15.568036	0.016205022
15.614927	0.016123999
15.662103	0.015313745
15.709563	0.014341445
15.757313	0.013531194
15.805353	0.012801968
15.853672	0.011991716
15.902304	0.011586591
15.951234	0.011667617
16.000465	0.011748641
16.050003	0.012234792
16.099848	0.012801968
16.150003	0.013126068
16.200472	0.014098369
16.251265	0.015313745
16.30237	0.016853223
16.353796	0.018716799
16.405548	0.021471655
16.45763	0.025117785
16.510042	0.029250065
16.56279	0.032815173
16.615877	0.036380272
16.669313	0.040836655
16.723085	0.046022262
16.777206	0.05136992
16.831676	0.056798603
16.886503	0.062956512
16.941689	0.069924675
16.997234	0.077784106
17.053146	0.08588662
17.109409	0.094961435
17.166063	0.10452239
17.223093	0.11432643
17.280504	0.12340125
17.338299	0.13255708
17.396481	0.1426042
17.455055	0.15184107
17.514025	0.16002458
17.573404	0.16772199
17.633179	0.17331272
17.693359	0.17614859
17.753954	0.17882241
17.814964	0.18084803
17.876394	0.18044291
17.938251	0.17890345
18.000536	0.17801218
18.063269	0.17938961
18.126427	0.1845752
18.190027	0.19186746
18.254078	0.19834948
18.318579	0.20304893
18.383539	0.20450738
18.448961	0.20337303
18.514851	0.20159048
18.58119	0.19899766
18.648029	0.19421719
18.715351	0.18660083
18.783159	0.17809318
18.851461	0.17144912
18.920263	0.16731685
18.989569	0.1652102
19.059383	0.16593942
19.129725	0.16893736
19.200575	0.16861326
19.271952	0.1661825
19.343863	0.16553429
19.416311	0.16861326
19.489305	0.17201631
19.562849	0.17631064
19.636951	0.17866036
19.711594	0.17752601
19.786827	0.17590553
19.862638	0.17485219
19.939034	0.17509526
20.016018	0.17420398
20.093599	0.17298862
20.171785	0.16723582
20.250582	0.16140202
20.330009	0.15759385
20.410049	0.15305643
20.490723	0.14949133
20.572035	0.14762776
20.653994	0.14762776
20.73661	0.14519699
20.819889	0.1429283
20.903841	0.1426042
20.988487	0.14300932
21.073807	0.14373855
21.159821	0.14462984
21.246542	0.14544009
21.333977	0.14511597
21.422132	0.14535904
21.511023	0.14657444
21.600651	0.14916722
21.691	0.15151696
21.782139	0.15313746
21.874046	0.15257029
21.966734	0.15313746
22.060209	0.15224618
22.154484	0.14965338
22.249567	0.14730366
22.34547	0.14430574
22.442221	0.1368514
22.539797	0.1310176
22.638224	0.12607507
22.737514	0.12113255
22.837679	0.11683822
22.93873	0.1123008
23.04068	0.10671007
23.143541	0.10152446
23.247343	0.097149111
23.35206	0.096825004
23.457727	0.097149111
23.564352	0.096743979
23.671953	0.097959355
23.78054	0.10022806
23.890127	0.09816543
24.000731	0.094143949
24.112324	0.090466179
24.224998	0.087235242
24.338732	0.083316877
24.453537	0.080429658
24.569429	0.080704629
24.686426	0.083282508
24.804543	0.086307205
24.923796	0.088128909
25.044222	0.086238466
25.165796	0.081976384
25.288555	0.081598297
25.412519	0.087957047
25.537704	0.094143949
25.664127	0.095587559
25.791811	0.092494108
25.920769	0.087407105
26.051052	0.08348874
26.182623	0.080842122
26.315529	0.078195505
26.449793	0.075892597
26.585432	0.074345879
26.722471	0.071836747
26.860929	0.069121391
27.00083	0.067024715
27.142149	0.066818483
27.285002	0.072146095
27.429367	0.081013978
27.575268	0.088506997
27.722729	0.09355963
27.871777	0.094762638
28.022434	0.092975311
28.17473	0.090466179
28.328716	0.089297548
28.484369	0.089400657
28.641743	0.088678852
28.800863	0.086547814
28.961761	0.085138574
29.124468	0.08434803
29.289013	0.082560696
29.455427	0.081907637
29.623777	0.083213761
29.794029	0.083660595
29.966249	0.081873268
30.140471	0.079398513
30.316732	0.077061243
30.495066	0.074345879
30.67551	0.072008602
30.858103	0.069843195
31.04282	0.069258876
31.229824	0.072249204
31.419096	0.077576809
31.610676	0.082870044
31.804607	0.084829226
32.000931	0.083729334
32.199696	0.081288956
32.400944	0.078573592
32.604759	0.076442547
32.811115	0.07606446
33.020103	0.078229874
33.231773	0.081082717
33.446171	0.08122021
33.663353	0.080085948
33.883377	0.079192281
34.106293	0.078882933
34.332088	0.076408178
34.560966	0.073177233
34.792919	0.073383473
35.028008	0.075067677
35.266293	0.074964561
35.507843	0.075995721
35.752724	0.077198721
36.001007	0.077989273
36.252811	0.078470476
36.508114	0.077920526
36.767036	0.077061243
37.029659	0.074792713
37.296059	0.07090871
37.566319	0.068537071
37.840527	0.068743303
38.118767	0.069018267
38.40118	0.068983898
38.687756	0.067437172
38.978642	0.064309359
39.273933	0.062418915
39.573734	0.062315796
39.878147	0.06176585
40.187283	0.060047273
40.501244	0.059909787
40.820042	0.063793786
41.144012	0.069396354
41.473164	0.075342655
41.807625	0.081942007
42.147522	0.0855854
42.492992	0.085722893
42.844173	0.083591849
43.20121	0.080979601
43.564312	0.078058012
43.933502	0.077851787
44.309002	0.079089165
44.690975	0.077267468
45.079594	0.076030083
45.475029	0.078161128
45.87746	0.0797766
46.287083	0.079295397
46.704159	0.078607962
47.128742	0.079089165
47.561119	0.078745447
48.001499	0.077611186
48.450111	0.077370577
48.907188	0.076786265
49.372971	0.077026866
49.847713	0.078367352
50.331509	0.077576809
50.824955	0.075239539
51.328171	0.07128679
51.841454	0.06400001
52.365105	0.061112795
52.899441	0.067024715
53.444794	0.071114942
54.001511	0.071733631
54.570061	0.074723959
55.150593	0.079982825
55.74361	0.080532774
56.349518	0.077748671
56.968742	0.077301838
57.60173	0.076442547
58.24894	0.074895822
58.910862	0.072730407
59.588123	0.07090871
60.28101	0.070633739
60.9902	0.072558552
61.716274	0.080876492
62.459846	0.090672411
63.221554	0.094659522
64.002068	0.097924829
64.802094	0.091497332
65.622093	0.084657371
66.463402	0.082698189
67.326561	0.083694957
68.21244	0.088197649
69.121933	0.092906564
70.056015	0.094040826
71.015686	0.093009688
72.002014	0.092906564
73.016319	0.092906564
74.05941	0.094178319
75.132736	0.094143949
76.237625	0.093834609
77.375504	0.092459731
78.547859	0.091978528
79.756294	0.090913005
81.002487	0.08953815
82.28849	0.089641258
83.61573	0.089435026
84.986481	0.090569288
86.402931	0.09624061
87.867393	0.099230953
89.382355	0.099987119
90.95047	0.10404298
92.574593	0.10768638
94.25721	0.1078926
96.002708	0.10662085
97.814079	0.10541785
99.695114	0.10483353
101.64992	0.10603654
103.68291	0.10751452
105.79889	0.10383675
108.00303	0.10349303
110.30139	0.10541785
112.69925	0.10658649
115.20368	0.10985179
117.82195	0.11500753
120.562	0.11796351
123.43254	0.12308487
126.44309	0.12514718
129.60419	0.12635018
132.92625	0.13088724
136.42429	0.13652419
140.11142	0.13989262
144.00337	0.15381312
148.11772	0.16292161
152.47411	0.15563484
157.0945	0.1538475
162.00366	0.16051559
167.23055	0.15725029
172.80489	0.16288725
178.76367	0.16450271
185.14809	0.16673687
192.0054	0.19083139
199.39021	0.29975516
207.36581	0.29999575
216.00604	0.24324813
