# Trona, Chemical Formula: Na3(CO3)(HCO3)*2H2O
# Sample ID: GDS148
# wavelengths (microns), reflectance
1.4996107	0.36350286
1.5000446	0.36294764
1.5004789	0.36244795
1.5009133	0.36261451
1.5013479	0.36261451
1.5017828	0.36167064
1.502218	0.36150405
1.5026534	0.36155957
1.5030892	0.3611154
1.503525	0.36067122
1.5039612	0.36028257
1.5043976	0.35989392
1.5048344	0.35989392
1.5052713	0.3597829
1.5057086	0.35956082
1.506146	0.35972732
1.5065837	0.35956082
1.5070215	0.35889456
1.5074598	0.35872796
1.5078982	0.35878345
1.5083369	0.35872796
1.5087758	0.35861692
1.5092151	0.35845032
1.5096546	0.35828379
1.5100944	0.35795066
1.5105344	0.35756198
1.5109746	0.3572844
1.5114151	0.35739544
1.511856	0.35756198
1.5122969	0.35706231
1.5127382	0.35667363
1.5131798	0.35661811
1.5136217	0.3563405
1.5140636	0.3563405
1.514506	0.35672918
1.5149485	0.35645157
1.5153915	0.3560074
1.5158345	0.35611841
1.5162779	0.35589632
1.5167215	0.35567424
1.5171654	0.35556322
1.5176095	0.35478592
1.518054	0.35478592
1.5184987	0.35506347
1.5189435	0.35489693
1.5193887	0.35511905
1.5198342	0.35467488
1.5202799	0.35428622
1.5207258	0.3542307
1.521172	0.35439721
1.5216186	0.35445279
1.5220653	0.35467488
1.5225123	0.35528558
1.5229596	0.35567424
1.5234071	0.35545215
1.5238549	0.35517457
1.524303	0.35478592
1.5247513	0.35450831
1.5251998	0.35478592
1.5256486	0.35523006
1.5260978	0.35506347
1.5265471	0.35445279
1.5269967	0.3545638
1.5274466	0.35495245
1.5278969	0.35467488
1.5283473	0.35450831
1.528798	0.35473034
1.529249	0.35461932
1.5297003	0.35461932
1.5301517	0.35489693
1.5306035	0.35528558
1.5310555	0.35561872
1.5315078	0.35545215
1.5319604	0.35572979
1.5324134	0.35628498
1.5328665	0.35617393
1.5333198	0.35589632
1.5337734	0.35561872
1.5342274	0.35539666
1.5346816	0.35595185
1.5351361	0.35628498
1.5355908	0.35611841
1.5360456	0.35639605
1.5365007	0.35717332
1.5369563	0.35756198
1.537412	0.35750648
1.5378683	0.35756198
1.5383245	0.35745096
1.5387812	0.35778409
1.539238	0.35800618
1.5396953	0.35856143
1.5401527	0.35883904
1.5406104	0.35922769
1.5410683	0.35961634
1.5415267	0.36028257
1.5419852	0.36050469
1.542444	0.3606157
1.5429029	0.36072674
1.5433626	0.36105993
1.5438222	0.36133754
1.5442821	0.36167064
1.5447421	0.36200377
1.5452026	0.36178166
1.5456632	0.3620593
1.5461243	0.36278108
1.5465856	0.36322525
1.5470469	0.36328077
1.5475086	0.36344734
1.5479708	0.36378044
1.5484331	0.36400256
1.5488957	0.36433569
1.5493586	0.36527959
1.5498219	0.36522406
1.5502852	0.36516851
1.5507492	0.36605686
1.5512131	0.36633447
1.5516775	0.36661208
1.552142	0.36716732
1.5526069	0.36744493
1.553072	0.36738941
1.5535375	0.36727834
1.5540031	0.36777803
1.5544689	0.36783358
1.5549351	0.36816669
1.5554017	0.36849982
1.5558684	0.36849982
1.5563356	0.36861089
1.5568029	0.36911058
1.5572705	0.36922163
1.5577384	0.36911058
1.5582068	0.36955476
1.5586753	0.37005445
1.5591441	0.37055418
1.5596131	0.3709428
1.5600824	0.37110943
1.560552	0.37110943
1.561022	0.37116489
1.5614921	0.37144253
1.5619628	0.37172014
1.5624335	0.37183115
1.5629046	0.37188667
1.5633758	0.37188667
1.5638475	0.37255293
1.5643194	0.372664
1.5647916	0.37249744
1.565264	0.37277505
1.5657365	0.37321922
1.5662096	0.37371892
1.5666829	0.37360787
1.5671564	0.37321922
1.5676304	0.37338579
1.5681045	0.37360787
1.5685791	0.37394103
1.5690538	0.37432963
1.5695291	0.37449622
1.5700043	0.37494043
1.57048	0.37538454
1.5709559	0.37538454
1.5714321	0.37560666
1.5719085	0.37571767
1.5723853	0.37532905
1.5728624	0.375218
1.5733397	0.37549564
1.5738174	0.37577322
1.5742953	0.37605083
1.5747734	0.37593979
1.5752521	0.3762174
1.5757308	0.37677264
1.5762099	0.37682813
1.5766892	0.37688366
1.5771688	0.37688366
1.5776488	0.37710577
1.5781291	0.37688366
1.5786096	0.37660605
1.5790905	0.37693921
1.5795716	0.37710577
1.5800531	0.37688366
1.5805347	0.37682813
1.5810168	0.37727234
1.5814991	0.3774389
1.5819818	0.3774389
1.5824646	0.37732786
1.5829479	0.37710577
1.5834312	0.37766102
1.5839151	0.37788305
1.5843991	0.37782755
1.5848837	0.37810516
1.5853683	0.37788305
1.5858533	0.37754995
1.5863385	0.37782755
1.5868242	0.37777203
1.58731	0.37754995
1.5877962	0.37777203
1.5882826	0.37832725
1.5887693	0.37804964
1.5892563	0.37766102
1.5897436	0.37760547
1.5902313	0.37788305
1.5907192	0.37832725
1.5912075	0.37827173
1.591696	0.37827173
1.5921849	0.37854931
1.592674	0.37849382
1.5931635	0.37827173
1.5936533	0.37832725
1.5941433	0.37816069
1.5946337	0.37810516
1.5951242	0.37832725
1.5956153	0.37827173
1.5961065	0.37810516
1.5965984	0.37827173
1.5970901	0.37821618
1.5975825	0.37816069
1.5980748	0.37810516
1.5985676	0.37832725
1.5990607	0.37843829
1.5995542	0.37860486
1.6000477	0.37860486
1.6005416	0.37843829
1.6010358	0.37832725
1.6015304	0.37832725
1.6020253	0.37843829
1.6025206	0.37843829
1.603016	0.37821618
1.6035119	0.37799412
1.604008	0.37810516
1.6045047	0.37843829
1.6050013	0.37810516
1.6054984	0.3779386
1.6059958	0.37804964
1.6064935	0.37810516
1.6069914	0.37816069
1.6074898	0.37810516
1.6079884	0.3779386
1.608487	0.37799412
1.6089861	0.37810516
1.6094857	0.37799412
1.6099856	0.37754995
1.6104858	0.3774389
1.6109861	0.37777203
1.611487	0.37788305
1.6119881	0.37788305
1.6124896	0.37788305
1.6129912	0.37760547
1.6134933	0.37738338
1.6139956	0.3774389
1.6144984	0.37738338
1.6150012	0.37749439
1.6155045	0.37754995
1.616008	0.37760547
1.6165122	0.37738338
1.6170163	0.37705025
1.6175209	0.37710577
1.6180257	0.37716126
1.6185309	0.37710577
1.6190363	0.37732786
1.6195421	0.3774389
1.6200482	0.37716126
1.6205544	0.37705025
1.6210611	0.37677264
1.6215682	0.37660605
1.6220756	0.37655053
1.6225833	0.37682813
1.6230912	0.37688366
1.6235996	0.37677264
1.6241082	0.37655053
1.6246173	0.3762174
1.6251266	0.37610635
1.6256363	0.37610635
1.6261462	0.37616187
1.6266564	0.37605083
1.627167	0.37599531
1.6276779	0.37616187
1.6281891	0.37610635
1.6287007	0.37582877
1.6292125	0.37560666
1.6297247	0.37538454
1.6302372	0.37549564
1.6307501	0.37544012
1.6312631	0.375218
1.6317767	0.375218
1.6322904	0.37494043
1.6328044	0.37482938
1.6333188	0.37471828
1.6338336	0.37455177
1.6343486	0.3744407
1.6348641	0.37449622
1.6353798	0.37432963
1.6358958	0.37421864
1.6364123	0.37410757
1.6369292	0.37355238
1.637446	0.37344128
1.6379635	0.37360787
1.6384811	0.3734968
1.6389992	0.37310818
1.6395175	0.37310818
1.6400362	0.37294161
1.6405551	0.37271953
1.6410745	0.37271953
1.6415942	0.37271953
1.6421142	0.37233087
1.6426344	0.3722198
1.6431552	0.37216431
1.643676	0.37194219
1.6441975	0.3722198
1.644719	0.37216431
1.6452409	0.37205327
1.6457632	0.37166455
1.6462859	0.371387
1.6468087	0.37122041
1.6473321	0.37083176
1.6478556	0.37044311
1.6483797	0.37060967
1.648904	0.37060967
1.6494286	0.37038758
1.6499535	0.37022105
1.6504788	0.36999893
1.6510044	0.37005445
1.6515305	0.37011001
1.6520567	0.36972129
1.6525834	0.36922163
1.6531103	0.36922163
1.6536378	0.36938816
1.6541654	0.36911058
1.6546935	0.36883295
1.6552217	0.36855537
1.6557504	0.36833328
1.6562793	0.36822221
1.6568087	0.36783358
1.6573384	0.36766702
1.6578683	0.3676115
1.6583985	0.36750045
1.6589293	0.36744493
1.6594603	0.36716732
1.6599917	0.36688969
1.6605233	0.36683419
1.6610554	0.36672312
1.6615878	0.36650106
1.6621207	0.36605686
1.6626537	0.36583477
1.6631873	0.36611241
1.6637208	0.36605686
1.664255	0.36589029
1.6647894	0.36555716
1.6653243	0.36516851
1.6658593	0.36511302
1.6663947	0.36511302
1.6669306	0.36466882
1.6674668	0.36416915
1.6680032	0.36394703
1.6685401	0.36394703
1.6690773	0.36394703
1.6696149	0.36378044
1.6701527	0.36372492
1.670691	0.36366943
1.6712295	0.36322525
1.6717685	0.36283657
1.6723077	0.36278108
1.6728474	0.36267003
1.6733873	0.36228141
1.6739277	0.3618927
1.6744683	0.36183718
1.6750095	0.36194822
1.6755508	0.36194822
1.6760926	0.36161509
1.6766347	0.36122644
1.6771772	0.3607823
1.6777198	0.3607823
1.6782631	0.36067122
1.6788064	0.36033806
1.6793501	0.36017156
1.6798942	0.36006045
1.6804388	0.35989392
1.6809837	0.3597829
1.6815289	0.3596718
1.6820744	0.3595053
1.6826205	0.35939422
1.6831667	0.35922769
1.6837136	0.35878345
1.6842605	0.35850587
1.684808	0.35845032
1.6853557	0.35828379
1.6859038	0.35783961
1.6864522	0.35767305
1.687001	0.35750648
1.6875501	0.35711783
1.6881	0.35684019
1.6886498	0.3567847
1.6892	0.35672918
1.6897506	0.35650706
1.6903015	0.3563405
1.6908529	0.35628498
1.6914046	0.35622945
1.6919565	0.3560074
1.6925087	0.35545215
1.6930614	0.35511905
1.6936146	0.35500798
1.694168	0.35517457
1.6947218	0.35500798
1.695276	0.35461932
1.6958306	0.35434169
1.6963854	0.35428622
1.6969409	0.35411963
1.6974965	0.35384202
1.6980526	0.35367545
1.6986089	0.3532868
1.6991657	0.35317573
1.6997228	0.35300919
1.7002803	0.35256505
1.7008381	0.35245398
1.7013963	0.35262054
1.7019548	0.35267606
1.7025138	0.3525095
1.703073	0.35217637
1.7036328	0.35184324
1.7041928	0.35184324
1.7047533	0.35178772
1.7053139	0.35173216
1.705875	0.35139903
1.7064364	0.35089934
1.7069983	0.35084382
1.7075605	0.35067725
1.7081233	0.35012203
1.7086862	0.35006654
1.7092496	0.35012203
1.7098132	0.34984446
1.7103775	0.34956685
1.7109419	0.34928921
1.7115068	0.34923369
1.712072	0.34912267
1.7126377	0.34901163
1.7132035	0.34873396
1.7137699	0.34828982
1.7143366	0.34790117
1.7149036	0.34784561
1.715471	0.34790117
1.7160389	0.34756804
1.7166071	0.34729043
1.7171758	0.3472349
1.7177447	0.3469573
1.7183142	0.34667966
1.7188838	0.34656864
1.7194541	0.34640205
1.7200245	0.34634653
1.7205955	0.34623551
1.7211666	0.34595788
1.7217383	0.34556922
1.7223103	0.34529161
1.7228827	0.34518057
1.7234554	0.34495851
1.7240288	0.34451434
1.7246022	0.34440327
1.7251762	0.34423673
1.7257504	0.34412569
1.7263252	0.34401461
1.7269002	0.34379256
1.7274756	0.34357044
1.7280514	0.34323731
1.7286276	0.3429597
1.7292041	0.34279314
1.7297812	0.34257105
1.7303585	0.34240448
1.7309363	0.34229344
1.7315143	0.34223789
1.732093	0.34212688
1.7326717	0.34201583
1.7332511	0.34196028
1.7338307	0.34179372
1.7344109	0.34157163
1.7349913	0.34129402
1.7355722	0.34118298
1.7361534	0.34096092
1.7367351	0.34079432
1.737317	0.34068328
1.7378997	0.34029466
1.7384824	0.34029466
1.7390656	0.34035015
1.7396491	0.34023911
1.7402332	0.34007257
1.7408174	0.33985049
1.7414023	0.33985049
1.7419873	0.33990598
1.7425728	0.33951733
1.7431587	0.33957285
1.7437451	0.3399615
1.7443317	0.33985049
1.7449189	0.33946177
1.7455064	0.33957285
1.7460943	0.3397949
1.7466825	0.33957285
1.7472714	0.33951733
1.7478604	0.3396284
1.7484499	0.33968392
1.7490398	0.3396284
1.7496301	0.33968392
1.7502208	0.33946177
1.7508119	0.33901766
1.7514033	0.33885106
1.7519954	0.33901766
1.7525877	0.33912867
1.7531804	0.33935079
1.7537735	0.33929527
1.754367	0.33923975
1.7549609	0.33935079
1.7555553	0.3396284
1.7561499	0.3397949
1.7567449	0.33973944
1.7573403	0.33951733
1.7579362	0.33940631
1.7585325	0.33946177
1.7591293	0.33973944
1.7597264	0.3399615
1.760324	0.33990598
1.7609218	0.33973944
1.7615204	0.33946177
1.7621191	0.3396284
1.7627183	0.33990598
1.7633178	0.3397949
1.7639178	0.3396284
1.7645181	0.3397949
1.7651191	0.33990598
1.7657201	0.34007257
1.7663218	0.3399615
1.7669238	0.33985049
1.7675263	0.3397949
1.768129	0.33990598
1.7687324	0.34007257
1.769336	0.34018362
1.7699401	0.34018362
1.7705445	0.34001702
1.7711494	0.33990598
1.7717546	0.3399615
1.7723604	0.34018362
1.7729665	0.34018362
1.773573	0.34012809
1.7741799	0.34007257
1.7747874	0.33990598
1.7753952	0.33985049
1.7760036	0.3399615
1.7766122	0.3397949
1.7772213	0.33973944
1.7778307	0.33990598
1.7784407	0.3399615
1.7790509	0.33985049
1.7796618	0.33973944
1.7802728	0.33990598
1.7808841	0.33990598
1.781496	0.33957285
1.7821085	0.33935079
1.7827213	0.33946177
1.7833346	0.33951733
1.7839482	0.33973944
1.7845623	0.3396284
1.7851768	0.33957285
1.785792	0.3396284
1.7864072	0.33968392
1.7870232	0.33968392
1.7876393	0.33957285
1.788256	0.33957285
1.788873	0.33951733
1.7894906	0.33940631
1.7901084	0.33923975
1.790727	0.33946177
1.7913457	0.33957285
1.7919649	0.33951733
1.7925845	0.33929527
1.7932047	0.33912867
1.793825	0.33907315
1.794446	0.33918419
1.7950673	0.33907315
1.795689	0.33885106
1.7963111	0.33896214
1.7969339	0.33890662
1.7975569	0.33896214
1.7981805	0.33912867
1.7988043	0.33896214
1.7994287	0.33885106
1.8000535	0.33890662
1.800679	0.33890662
1.8013045	0.3386845
1.8019307	0.33851793
1.8025571	0.33851793
1.8031842	0.3386845
1.8038116	0.33879554
1.8044394	0.3386845
1.8050677	0.33846241
1.8056965	0.33846241
1.8063256	0.33846241
1.8069552	0.33846241
1.8075852	0.33840689
1.8082157	0.33824033
1.8088466	0.33801824
1.809478	0.33812928
1.8101097	0.33818477
1.8107419	0.33818477
1.8113745	0.33801824
1.8120078	0.33801824
1.8126413	0.33824033
1.8132753	0.33812928
1.8139096	0.33812928
1.8145447	0.33807376
1.8151799	0.33807376
1.8158158	0.33818477
1.8164519	0.33812928
1.8170887	0.3377406
1.8177258	0.33757406
1.8183634	0.33779615
1.8190013	0.33796272
1.8196399	0.33785167
1.8202788	0.33796272
1.8209183	0.33807376
1.8215581	0.33785167
1.8221985	0.33757406
1.8228391	0.33751854
1.8234804	0.33746305
1.8241218	0.33762959
1.824764	0.33779615
1.8254064	0.3377406
1.8260493	0.33768511
1.8266927	0.33729646
1.8273367	0.33707437
1.8279809	0.33724093
1.8286258	0.33724093
1.829271	0.33701885
1.8299167	0.33718541
1.8305628	0.33746305
1.8312097	0.3374075
1.8318566	0.33718541
1.8325043	0.3369633
1.8331522	0.33674121
1.8338007	0.33646363
1.8344495	0.33646363
1.835099	0.33668569
1.8357487	0.33663017
1.8363992	0.33651915
1.83705	0.33663017
1.8377012	0.33651915
1.8383528	0.33629704
1.839005	0.33607498
1.8396575	0.3361305
1.8403107	0.33590838
1.8409641	0.33568633
1.8416178	0.3359639
1.8422722	0.33568633
1.8429272	0.33518663
1.8435825	0.33513108
1.8442384	0.33496454
1.8448946	0.33463141
1.8455515	0.3343538
1.8462087	0.33440933
1.8468666	0.33457583
1.8475248	0.3343538
1.8481835	0.33413166
1.8488425	0.33374307
1.8495022	0.33340991
1.8501621	0.33329886
1.8508228	0.33296573
1.8514837	0.3326326
1.852145	0.33246604
1.8528068	0.33241051
1.8534694	0.33235499
1.8541322	0.33207735
1.8547956	0.33141109
1.8554593	0.33102244
1.8561238	0.33096692
1.8567885	0.33080038
1.8574541	0.33035621
1.8581197	0.32985649
1.858786	0.32968995
1.8594526	0.32946786
1.8601199	0.32919025
1.8607875	0.32885712
1.8614557	0.32852399
1.8621242	0.32796875
1.8627936	0.32752457
1.8634632	0.32741353
1.8641332	0.32719144
1.8648038	0.32663622
1.8654748	0.32630306
1.8661463	0.32591444
1.8668184	0.32552579
1.8674908	0.32541472
1.8681637	0.32497054
1.868837	0.32447088
1.869511	0.3240822
1.8701854	0.32397112
1.8708603	0.32363802
1.8715357	0.32302728
1.8722117	0.32258311
1.872888	0.32219446
1.8735651	0.32163927
1.8742423	0.32086197
1.8749202	0.32036221
1.8755985	0.3197515
1.8762774	0.3193073
1.8769567	0.31902972
1.8776366	0.31836346
1.8783168	0.31758612
1.8789977	0.31697538
1.8796788	0.31664225
1.8803607	0.3162536
1.881043	0.31542078
1.8817258	0.31458795
1.882409	0.3141993
1.8830929	0.31369957
1.883777	0.31308883
1.8844618	0.31253362
1.8851469	0.31186733
1.8858327	0.31120107
1.8865188	0.31053483
1.8872057	0.30975753
1.8878928	0.30898023
1.8885808	0.30814734
1.8892689	0.30731454
1.8899578	0.30670381
1.8906469	0.30598199
1.8913368	0.30509365
1.892027	0.3042053
1.8927178	0.30331698
1.893409	0.30265069
1.8941009	0.30187339
1.8947932	0.30065188
1.8954861	0.2994304
1.8961793	0.29854205
1.8968732	0.29748711
1.8975675	0.29659879
1.8982624	0.29576594
1.8989576	0.29493311
1.8996536	0.29365611
1.9003499	0.29237911
1.9010466	0.29137972
1.9017439	0.29038033
1.9024419	0.28932542
1.9031402	0.28810391
1.9038392	0.28693795
1.9045385	0.28560543
1.9052386	0.28460601
1.905939	0.28344008
1.9066402	0.28199649
1.9073416	0.28044188
1.9080436	0.27899829
1.9087461	0.27772129
1.9094492	0.27661085
1.9101527	0.27533385
1.9108568	0.2740013
1.9115614	0.27283534
1.9122664	0.27150282
1.912972	0.2701703
1.9136782	0.26900434
1.9143847	0.26761627
1.915092	0.26611719
1.9157996	0.26467362
1.916508	0.26323003
1.9172167	0.26178646
1.9179261	0.26023185
1.9186358	0.25867724
1.9193462	0.25740018
1.9200571	0.25623426
1.9207685	0.25473514
1.9214803	0.25301397
1.9221928	0.25140384
1.9229058	0.24973819
1.9236195	0.24835013
1.9243335	0.24690653
1.9250481	0.24540746
1.9257631	0.24379732
1.9264789	0.24218717
1.927195	0.2406881
1.9279118	0.2394111
1.9286289	0.23791197
1.9293463	0.23641288
1.9300646	0.23502485
1.9307835	0.2336923
1.9315028	0.2324153
1.9322227	0.23124932
1.9329431	0.22997233
1.9336642	0.22880636
1.9343857	0.22786249
1.9351079	0.22714071
1.9358305	0.22652997
1.9365537	0.22553056
1.9372772	0.22453117
1.9380015	0.22403146
1.9387262	0.22364281
1.9394516	0.22308759
1.9401773	0.22247684
1.940904	0.2220882
1.9416308	0.22175507
1.9423584	0.22153297
1.9430864	0.22142194
1.943815	0.2213109
1.9445441	0.22142194
1.9452738	0.22147745
1.9460039	0.2213109
1.9467345	0.22142194
1.9474658	0.22181058
1.9481977	0.22219925
1.94893	0.22253238
1.949663	0.22275445
1.9503965	0.22303207
1.9511306	0.22347625
1.9518652	0.22397594
1.9526006	0.22464219
1.9533362	0.22541952
1.9540726	0.2260858
1.9548093	0.22658549
1.9555469	0.22714071
1.9562846	0.22775143
1.9570233	0.22869532
1.9577622	0.22958368
1.9585019	0.23036098
1.959242	0.2311383
1.9599829	0.23197111
1.960724	0.23252636
1.961466	0.2331371
1.9622083	0.23396993
1.9629514	0.23463617
1.9636948	0.23524693
1.9644389	0.23602423
1.9651834	0.23674603
1.9659288	0.23735675
1.9666744	0.23785648
1.9674209	0.23852272
1.9681678	0.23913348
1.9689153	0.23952213
1.9696634	0.24007735
1.9704123	0.24041048
1.9711614	0.24063255
1.9719112	0.24107674
1.9726615	0.24146539
1.9734125	0.241743
1.9741639	0.24207614
1.9749161	0.24252032
1.9756685	0.24285345
1.976422	0.24307552
1.9771756	0.24329762
1.9779301	0.24351971
1.9786849	0.2437418
1.9794405	0.24390836
1.9801965	0.24413046
1.9809532	0.24435253
1.9817104	0.24457464
1.9824681	0.24479671
1.9832264	0.24490777
1.9839855	0.24496329
1.984745	0.24507433
1.9855052	0.24512984
1.9862659	0.24535196
1.9870273	0.24551851
1.987789	0.24562953
1.9885516	0.24562953
1.9893147	0.24546297
1.9900783	0.24557401
1.9908425	0.24590714
1.9916074	0.24601822
1.9923728	0.24601822
1.9931389	0.24601822
1.9939053	0.24601822
1.9946727	0.24590714
1.9954402	0.24579611
1.9962088	0.24568509
1.9969776	0.24546297
1.9977473	0.24529642
1.9985173	0.24512984
1.9992882	0.24512984
2.0000594	0.24529642
2.0008314	0.24512984
2.0016038	0.24496329
2.002377	0.24485222
2.0031507	0.24463016
2.0039251	0.24435253
2.0046999	0.24413046
2.0054755	0.24401942
2.0062516	0.24385284
2.0070286	0.24363077
2.0078058	0.24351971
2.0085838	0.24318656
2.0093622	0.24290897
2.0101414	0.24274239
2.010921	0.24263135
2.0117013	0.24235374
2.0124824	0.24202059
2.0132637	0.241743
2.0140457	0.2412433
2.0148287	0.24091017
2.0156119	0.24063255
2.016396	0.24029942
2.0171804	0.23979975
2.0179658	0.23935555
2.0187516	0.23918897
2.0195379	0.2386893
2.0203249	0.23835617
2.0211127	0.23802304
2.0219009	0.23785648
2.0226898	0.23752333
2.0234792	0.23691258
2.0242696	0.2364684
2.0250602	0.23624633
2.0258517	0.2359132
2.0266438	0.2356911
2.0274363	0.23524693
2.0282295	0.23485827
2.0290234	0.23458068
2.0298178	0.234192
2.0306129	0.2336923
2.0314085	0.23347023
2.0322044	0.2331371
2.0330014	0.23291498
2.0337989	0.23269291
2.0345972	0.23252636
2.0353961	0.23230423
2.0361953	0.23191561
2.0369956	0.23158248
2.0377963	0.23147143
2.0385981	0.23136038
2.0393999	0.23130485
2.0402026	0.23119381
2.0410056	0.23108275
2.0418096	0.23108275
2.042614	0.23102726
2.0434194	0.23102726
2.044225	0.23097174
2.0450315	0.23108275
2.0458386	0.23124932
2.0466464	0.23136038
2.0474546	0.23152694
2.0482635	0.23152694
2.049073	0.23147143
2.0498834	0.23152694
2.0506942	0.23163798
2.0515053	0.23174906
2.0523174	0.23197111
2.0531304	0.23202664
2.0539436	0.23224874
2.0547578	0.23252636
2.0555725	0.23263738
2.0563879	0.23280396
2.057204	0.23319261
2.0580208	0.23324813
2.0588381	0.23335916
2.0596561	0.23352575
2.0604746	0.23380336
2.0612941	0.23430306
2.062114	0.23463617
2.0629346	0.23480275
2.0637558	0.23485827
2.0645773	0.2349138
2.0653996	0.23513588
2.0662231	0.23530243
2.0670469	0.23558006
2.0678713	0.23585768
2.0686965	0.23607975
2.0695224	0.23641288
2.0703487	0.23674603
2.0711763	0.23707914
2.0720038	0.23730125
2.0728326	0.23763438
2.0736616	0.23802304
2.0744915	0.23830062
2.0753219	0.23846722
2.076153	0.2387448
2.0769846	0.2389669
2.0778172	0.23918897
2.0786502	0.23946659
2.0794842	0.23968869
2.0803187	0.2399663
2.0811539	0.24035494
2.0819895	0.24057704
2.0828261	0.24085467
2.0836632	0.24140987
2.084501	0.241743
2.0853395	0.24190959
2.0861788	0.24213165
2.0870185	0.24235374
2.0878592	0.24252032
2.0887003	0.24279791
2.0895422	0.24324211
2.0903847	0.24357525
2.0912282	0.24379732
2.092072	0.24418597
2.0929167	0.24440804
2.0937619	0.24446359
2.0946081	0.24474122
2.0954545	0.2450188
2.096302	0.24535196
2.0971498	0.24579611
2.0979986	0.24601822
2.0988479	0.24624029
2.0996981	0.24657342
2.1005487	0.24701759
2.1014004	0.24729522
2.1022525	0.24757284
2.1031053	0.24768387
2.1039588	0.24785042
2.1048129	0.24812804
2.1056678	0.24835013
2.1065235	0.24868326
2.1073797	0.24901639
2.1082368	0.24929401
2.1090944	0.2493495
2.1099529	0.24940504
2.1108119	0.2495161
2.1116717	0.24962713
2.1125321	0.2500158
2.1133935	0.25045997
2.1142552	0.25062653
2.115118	0.25073758
2.1159811	0.25095966
2.1168454	0.25101522
2.1177099	0.25129279
2.1185756	0.2515704
2.1194417	0.2515704
2.1203086	0.25162593
2.121176	0.2520701
2.1220446	0.25229222
2.1229134	0.25245875
2.1237831	0.25262532
2.1246536	0.25262532
2.1255245	0.25262532
2.1263962	0.25268087
2.1272688	0.25273639
2.1281419	0.25301397
2.1290162	0.25323606
2.1298907	0.25345814
2.1307662	0.25368026
2.1316423	0.25384682
2.1325192	0.25373578
2.1333966	0.25368026
2.1342752	0.25390232
2.135154	0.25417995
2.1360338	0.25412443
2.1369143	0.25412443
2.1377954	0.25434649
2.1386774	0.25451308
2.1395605	0.25467962
2.1404438	0.25467962
2.1413281	0.25445756
2.1422129	0.25434649
2.1430986	0.25467962
2.1439848	0.25484622
2.144872	0.25501275
2.1457596	0.25512382
2.1466477	0.25495726
2.1475368	0.25501275
2.148427	0.25517932
2.1493175	0.25529039
2.1502092	0.25534591
2.1511011	0.255568
2.1519942	0.25567901
2.1528878	0.25562349
2.1537826	0.255568
2.1546776	0.25562349
2.1555736	0.25584564
2.1564703	0.25590113
2.1573677	0.25590113
2.1582658	0.25612321
2.1591649	0.25640082
2.1600645	0.25645635
2.1609645	0.2563453
2.1618655	0.25628978
2.1627674	0.25628978
2.1636701	0.2563453
2.1645734	0.25651187
2.1654775	0.256845
2.1663826	0.25701156
2.1672883	0.256845
2.168195	0.25662291
2.169102	0.25673395
2.1700101	0.25678948
2.1709187	0.25678948
2.1718283	0.25673395
2.1727386	0.25667846
2.1736495	0.25651187
2.1745613	0.25656739
2.1754742	0.25678948
2.1763873	0.25654951
2.1773014	0.25640553
2.1782162	0.25659746
2.179132	0.25645351
2.1800482	0.25630954
2.1809654	0.25650153
2.1818831	0.25640553
2.1828015	0.25621358
2.1837208	0.25616559
2.1846411	0.25597364
2.1855621	0.25597364
2.1864841	0.25606963
2.1874065	0.25578168
2.1883299	0.2557337
2.189254	0.25563771
2.1901793	0.25563771
2.1911051	0.25587764
2.1920316	0.25568569
2.1929588	0.25544575
2.193887	0.25539777
2.1948156	0.25510982
2.1957452	0.25520581
2.1966755	0.25544575
2.197607	0.25515783
2.1985388	0.2547259
2.1994717	0.25467792
2.2004051	0.25458196
2.2013395	0.25453395
2.2022746	0.25453395
2.2032106	0.25453395
2.2041473	0.25439
2.2050848	0.25429401
2.206023	0.25434199
2.2069621	0.25424603
2.207902	0.25395808
2.2088428	0.25371814
2.2097843	0.25352621
2.2107267	0.25309429
2.2116697	0.25280634
2.2126141	0.25275835
2.2135587	0.25285435
2.2145045	0.25285435
2.2154505	0.25271037
2.216398	0.25237444
2.2173457	0.25203854
2.2182946	0.25160664
2.2192442	0.25146267
2.2201948	0.25122273
2.2211459	0.25127071
2.2220981	0.25131866
2.2230508	0.25146267
2.2240045	0.25170258
2.2249589	0.25170258
2.2259145	0.25179857
2.2268705	0.25199053
2.2278273	0.25203854
2.228785	0.25237444
2.2297437	0.2525664
2.2307031	0.25271037
2.2316635	0.25275835
2.2326245	0.25323826
2.2335865	0.25381413
2.234549	0.25391012
2.2355127	0.25367016
2.2364771	0.25395808
2.2374425	0.25424603
2.2384083	0.25429401
2.2393754	0.25443798
2.2403431	0.25477391
2.2413118	0.25482187
2.2422812	0.25501385
2.243252	0.25462994
2.2442229	0.25434199
2.2451949	0.25458196
2.2461677	0.25491786
2.2471414	0.25477391
2.2481158	0.25477391
2.2490911	0.25491786
2.2500672	0.25467792
2.251044	0.25467792
2.2520218	0.25458196
2.2530005	0.25443798
2.2539799	0.25429401
2.2549605	0.25410208
2.2559416	0.25410208
2.2569239	0.25415003
2.2579067	0.25395808
2.2588909	0.25391012
2.2598755	0.25386211
2.2608612	0.25371814
2.2618475	0.25333422
2.2628348	0.25309429
2.263823	0.2530463
2.264812	0.25285435
2.2658017	0.25251842
2.2667923	0.25251842
2.2677839	0.2522305
2.2687764	0.25203854
2.2697697	0.25208649
2.2707639	0.25170258
2.271759	0.25151065
2.2727549	0.25155863
2.2737517	0.25160664
2.2747495	0.25131866
2.275748	0.25098279
2.2767475	0.25069484
2.2777479	0.25055087
2.278749	0.25050288
2.2797511	0.25035891
2.2807541	0.25011897
2.2817578	0.24963908
2.282763	0.24925517
2.2837684	0.24891923
2.284775	0.24867928
2.2857823	0.24882327
2.2867908	0.24872728
2.2877998	0.24839136
2.28881	0.24786349
2.2898209	0.24738358
2.2908323	0.24743158
2.2918451	0.24733561
2.2928588	0.24675973
2.2938731	0.24656777
2.2948887	0.24647181
2.2959049	0.24623185
2.2969222	0.24565598
2.2979403	0.24532007
2.2989597	0.24522407
2.2999794	0.24493615
2.3010006	0.2446482
2.3020222	0.24440825
2.303045	0.24388039
2.3040683	0.24359244
2.3050931	0.24364044
2.3061182	0.24330452
2.3071454	0.24282464
2.3081722	0.2424887
2.3092005	0.24239273
2.3102295	0.24210478
2.3112597	0.24138495
2.3122904	0.24095306
2.3133223	0.2407131
2.3143549	0.24042518
2.3153882	0.23989731
2.3164227	0.23960936
2.3174584	0.23932144
2.3184946	0.23898549
2.3195322	0.23869757
2.3205702	0.23840964
2.3216095	0.23816969
2.3226497	0.23788176
2.3236911	0.23740189
2.324733	0.23711394
2.3257761	0.23687398
2.3268199	0.23649007
2.3278646	0.23615415
2.3289104	0.23601018
2.3299572	0.23591422
2.3310046	0.23529035
2.3320534	0.23471448
2.3331029	0.23447452
2.3341534	0.23433056
2.3352048	0.23413862
2.3362572	0.2337067
2.3373103	0.2333708
2.3383648	0.23289089
2.3394198	0.23236302
2.340476	0.23188314
2.3415329	0.23173916
2.342591	0.23173916
2.3436501	0.23130725
2.3447101	0.23068339
2.3457711	0.23025151
2.346833	0.2298196
2.3478959	0.22938769
2.3489597	0.22909977
2.3500245	0.22861987
2.3510904	0.22790001
2.3521569	0.22766009
2.3532248	0.22732417
2.3542933	0.22689226
2.3553631	0.22655635
2.3564336	0.22617243
2.3575051	0.22569254
2.3585775	0.22526063
2.3596511	0.22511667
2.3607256	0.22487672
2.3618011	0.22425288
2.3628776	0.22362901
2.363955	0.22300515
2.3650334	0.22257325
2.3661137	0.22223733
2.3671939	0.22185342
2.3682754	0.22142151
2.3693576	0.2206057
2.3704412	0.21993387
2.3715253	0.21940596
2.3726108	0.21897408
2.373697	0.21849418
2.3747847	0.21782233
2.3758729	0.21715049
2.3769624	0.21652663
2.3780525	0.21595076
2.379144	0.21523091
2.3802361	0.21465507
2.3813298	0.21417516
2.3824239	0.21379125
2.3835192	0.21302344
2.3846154	0.21230358
2.3857129	0.21177571
2.3868113	0.21105587
2.3879108	0.21033603
2.3890109	0.20995212
2.3901126	0.20971216
2.3912148	0.20932825
2.3923185	0.20889637
2.3934228	0.20865642
2.3945284	0.20846446
2.3956349	0.20817654
2.3967426	0.2078886
2.397851	0.20769663
2.3989608	0.20750469
2.4000711	0.20745669
2.4011834	0.20731272
2.4022958	0.20726474
2.4034097	0.20736073
2.4045243	0.20721674
2.4056404	0.20712078
2.4067569	0.20716874
2.4078751	0.20716874
2.4089937	0.20697682
2.4101133	0.20683283
2.4112341	0.20697682
2.4123564	0.20673686
2.4134791	0.20654491
2.4146035	0.20683283
2.4157286	0.20707278
2.4168549	0.20688082
2.4179819	0.20678486
2.4191108	0.20664087
2.4202399	0.20673686
2.4213705	0.20649691
2.4225018	0.20625699
2.4236345	0.20654491
2.424768	0.20668887
2.4259028	0.2065929
2.4270384	0.2065929
2.4281759	0.20664087
2.4293137	0.20644891
2.4304526	0.20630495
2.4315925	0.20630495
2.4327338	0.20644891
2.4338756	0.2065929
2.435019	0.20649691
2.4361632	0.20611301
2.4373078	0.20582508
2.4384544	0.20568109
2.4396017	0.20524919
2.4407504	0.20500925
2.4419	0.20500925
2.4430506	0.20510523
2.4442027	0.20505723
2.4453554	0.20481728
2.4465098	0.20467332
2.447665	0.20457736
2.4488211	0.2043854
2.4499784	0.2043854
2.4511368	0.20428941
2.4522963	0.20428941
2.4534569	0.20419344
2.4546185	0.20414545
2.4557815	0.20424144
2.4569452	0.2043854
2.4581103	0.2043374
2.4592764	0.20424144
2.4604435	0.2043374
2.4616117	0.2043374
2.4627812	0.20409748
2.4639518	0.20424144
2.4651229	0.20414545
2.4662957	0.20400149
2.4674697	0.20395349
2.4686446	0.20400149
2.4698207	0.20385753
2.4709978	0.20366554
2.4721763	0.20352158
2.4733558	0.20371357
2.4745364	0.20380953
2.4757183	0.20361757
2.4769011	0.20356958
2.478085	0.20342562
2.4792702	0.20318566
2.4804564	0.2030417
2.4816439	0.20318566
2.4828324	0.20323366
2.4840217	0.20294572
2.4852126	0.20280175
2.4864044	0.20270577
2.4875975	0.20260981
2.4887917	0.20260981
2.4899871	0.20270577
2.4911838	0.20246585
2.4923813	0.20222589
2.4935806	0.2021779
2.4947805	0.20208193
2.4959817	0.20184198
2.497184	0.20165002
2.4983873	0.20155403
2.4995921	0.20131411
2.5007977	0.20117012
2.5020049	0.20093019
2.5032129	0.20083421
2.5044224	0.2007862
2.5056329	0.20069024
2.5068443	0.20069024
2.5080571	0.20049828
2.5092711	0.20016235
2.5104864	0.19987442
2.5117025	0.19977844
2.5129199	0.19963448
2.5141385	0.19944252
2.5153584	0.19915457
2.5165794	0.19886665
2.5178018	0.19857873
2.5190251	0.19848274
2.5202496	0.19838674
2.5214756	0.19819482
2.5227027	0.19761893
2.5239308	0.19728301
2.5251603	0.19704306
2.5263908	0.1969471
2.5276225	0.19641922
2.5288556	0.19617927
2.5300899	0.19593932
2.5313251	0.19512349
2.532562	0.1946916
2.5337996	0.19483557
2.5350387	0.19445165
2.536279	0.19406776
2.5375204	0.19421172
2.538763	0.19416372
2.5400069	0.19377981
2.5412521	0.19315596
2.5424979	0.19238813
2.5437455	0.19224416
2.5449944	0.19224416
2.5462441	0.19190824
2.5474954	0.19123641
2.548748	0.19133236
2.5500016	0.19123641
2.5512564	0.19056456
2.5525131	0.18994069
2.5537705	0.19018064
2.5550292	0.19046858
2.556289	0.19022863
2.5575502	0.18994069
2.5588126	0.18917285
2.5600762	0.18734927
2.561341	0.18571766
2.5626073	0.18538173
2.5638747	0.18538173
2.5651433	0.18624553
2.5664132	0.18710934
2.5676842	0.18653347
2.5689566	0.18494983
2.5702302	0.18480586
2.5715053	0.18542972
2.5727808	0.18365413
2.5740583	0.18355815
2.5753372	0.18403803
2.576617	0.18293428
2.5778983	0.18327022
2.579181	0.18375009
2.5804646	0.1824064
2.5817497	0.18183053
2.5830364	0.18005495
2.5843241	0.17952706
2.585613	0.18053484
2.5869033	0.17957506
2.5881948	0.17962304
2.5894876	0.18005495
2.5907817	0.18039088
2.592077	0.17943108
2.5933733	0.17482413
2.5946712	0.17055312
2.5959706	0.17357641
2.5972712	0.17707962
2.598573	0.17813538
2.5998762	0.17779945
2.6011808	0.1766957
2.6024866	0.17554398
2.6037939	0.17386435
2.6051023	0.17180082
2.6064122	0.17228073
2.6077232	0.17338447
2.6090355	0.17343245
2.6103492	0.17348042
2.6116643	0.17348042
2.6129806	0.17290457
2.6142986	0.17247267
2.6156178	0.17021717
2.6169381	0.16868153
2.6182597	0.16978529
2.6195827	0.16824964
2.6209071	0.16786572
2.6222329	0.16988127
2.62356	0.1701692
2.6248877	0.16892149
2.6262174	0.16657001
2.6275485	0.16700193
2.628881	0.16637805
2.6302147	0.16378665
2.6315498	0.16493838
2.6328864	0.16565824
2.6342242	0.16517833
2.6355639	0.16575418
2.6369042	0.16561022
2.6382463	0.16513035
2.6395895	0.16450649
2.6409342	0.16393062
2.6422803	0.16340274
2.6436276	0.1631148
2.6449764	0.16201107
2.6463268	0.16153117
2.6476784	0.16157916
2.6490314	0.16143519
2.6503856	0.1604754
2.6517413	0.15865181
2.6530983	0.15817192
2.6544569	0.1582679
2.6558168	0.15774003
2.6571774	0.15769204
2.65854	0.15620439
2.6599042	0.1552446
2.6612697	0.15505263
2.6626365	0.15471673
2.6640048	0.15202934
2.6653745	0.14929396
2.6667454	0.14881407
2.6681182	0.15001379
2.6694922	0.14751835
2.6708674	0.14641462
2.6722443	0.14934194
2.6736224	0.14962989
2.6750021	0.14766233
2.676383	0.1455988
2.6777654	0.14540684
2.6791496	0.14535886
2.6805348	0.14631864
2.6819217	0.14588673
2.6833098	0.14463902
2.6846995	0.14406314
2.6860905	0.14339131
2.6874828	0.14286342
2.6888769	0.14247951
2.6902716	0.14190364
2.6916685	0.14065592
2.6930668	0.13806452
2.6944666	0.1368648
2.6958678	0.13720071
2.6972704	0.13734467
2.6986744	0.13667284
2.7000799	0.13518517
2.7014871	0.1337935
2.7028956	0.13321763
2.7043056	0.13211387
2.7057171	0.13077019
2.70713	0.12909056
2.7085443	0.12678708
2.7099602	0.12405172
2.7113776	0.12261204
2.7127967	0.12289997
2.7142169	0.1218922
2.7156389	0.12011661
2.7170622	0.11805308
2.718487	0.11565363
2.7199132	0.11210244
2.7213409	0.11119065
2.7227702	0.11037483
2.7242005	0.10773543
2.7256327	0.1070156
2.7270665	0.10691962
2.7285018	0.1056719
2.7299387	0.10375234
2.7313771	0.10192876
2.7328169	0.10005718
2.7342582	0.097705722
2.7357013	0.096218064
2.7371457	0.094922356
2.7385917	0.092234969
2.7400391	0.089739539
2.741488	0.088779762
2.7429385	0.08849182
2.7443907	0.087628022
2.7458441	0.086236335
2.747299	0.08460471
2.7487557	0.083021075
2.7502139	0.081437431
2.7516737	0.079805806
2.753135	0.077982217
2.7545979	0.075438797
2.7560623	0.074191079
2.7575283	0.0740951
2.7589962	0.073135324
2.7604654	0.071695656
2.7619359	0.069776088
2.7634082	0.068432398
2.7648821	0.067520604
2.7663574	0.066224895
2.7678344	0.064929195
2.7693131	0.063777454
2.7707932	0.062433764
2.772275	0.061617952
2.7737584	0.060802139
2.7752433	0.059650399
2.7767296	0.058402684
2.7782178	0.057346921
2.7797074	0.056243178
2.7811987	0.055187415
2.782691	0.054179646
2.7841854	0.053171873
2.7856815	0.051924158
2.7871792	0.050724436
2.7886784	0.050052587
2.7901793	0.049428731
2.7916818	0.04851694
2.7931859	0.047653135
2.794692	0.046837319
2.7961996	0.046117485
2.7977085	0.045301672
2.7992191	0.044485852
2.8007314	0.04367004
2.8022454	0.042758245
2.803761	0.041894447
2.8052781	0.041366566
2.806797	0.040790696
2.8083177	0.040214829
2.8098397	0.039686952
2.8113635	0.039111082
2.8128889	0.038487226
2.8144159	0.037959348
2.8159447	0.037527442
2.8174751	0.037143532
2.8190067	0.036519673
2.8205404	0.035991795
2.8220758	0.035607878
2.8236129	0.035367936
2.8251517	0.034936033
2.8266921	0.034408152
2.8282342	0.034024242
2.829778	0.033736307
2.8313241	0.033400387
2.8328712	0.033064459
2.83442	0.032776527
2.8359706	0.03263256
2.8375227	0.032392614
2.8390768	0.032296635
2.8406324	0.032008704
2.8421898	0.031528812
2.843749	0.031384844
2.84531	0.031336855
2.8468723	0.031192886
2.8484366	0.03104892
2.8500025	0.030904952
2.8515701	0.030665008
2.8531396	0.03047305
2.8547106	0.030185116
2.8562829	0.030089138
2.8578575	0.030089138
2.8594339	0.029897183
2.861012	0.029609248
2.8625917	0.029417289
2.8641732	0.029273326
2.8657565	0.029129356
2.8673415	0.029129356
2.8689287	0.029033381
2.870517	0.028985392
2.8721075	0.029033381
2.8736994	0.028985392
2.8752933	0.028985392
2.876889	0.028745444
2.8784864	0.0285055
2.8800855	0.0285055
2.8816857	0.028553488
2.8832886	0.028409522
2.8848929	0.028313544
2.8864994	0.028217567
2.8881073	0.027977621
2.8897173	0.027929632
2.8913291	0.027785663
2.8929424	0.027593708
2.8945582	0.02744974
2.8961751	0.027353762
2.897794	0.027257785
2.8994148	0.027161807
2.9010372	0.027113818
2.9026616	0.02696985
2.9042876	0.026921861
2.9059157	0.027017839
2.9075458	0.027065828
2.9091775	0.027065828
2.9108109	0.027065828
2.9124463	0.027065828
2.9140832	0.027113818
2.9157224	0.027209796
2.9173632	0.027257785
2.9190059	0.027305774
2.9206498	0.027641697
2.922296	0.027833652
2.9239442	0.027977621
2.9255943	0.028121589
2.9272463	0.0280736
2.9289	0.028265554
2.9305558	0.028457511
2.9322133	0.028601477
2.9338732	0.028601477
2.9355345	0.028649466
2.9371977	0.028745444
2.9388628	0.028697455
2.9405298	0.028745444
2.9421985	0.028649466
2.9438694	0.028649466
2.9455421	0.028649466
2.9472167	0.028409522
2.9488933	0.028265554
2.9505715	0.028361533
2.9522519	0.028361533
2.953934	0.028361533
2.9556181	0.028409522
2.9573042	0.028409522
2.9589922	0.028313544
2.9606814	0.028217567
2.9623733	0.028169578
2.964067	0.02802561
2.9657626	0.027881641
2.9674604	0.027977621
2.9691598	0.027977621
2.9708614	0.027785663
2.9725649	0.027785663
2.9742706	0.027929632
2.9759779	0.027881641
2.9776874	0.027785663
2.9793985	0.027785663
2.9811118	0.027929632
2.9828272	0.027833652
2.9845443	0.027833652
2.9862635	0.027881641
2.9879854	0.027929632
2.9897087	0.027785663
2.9914336	0.027545718
2.993161	0.02744974
2.99489	0.027593708
2.9966211	0.027689684
2.9983544	0.027641697
3.0000894	0.027641697
3.001826	0.027689684
3.0035653	0.027593708
3.0053065	0.027497729
3.0070496	0.027305774
3.0087948	0.027305774
3.0105422	0.027401751
3.0122914	0.027305774
3.0140429	0.027161807
3.0157964	0.027257785
3.0175517	0.027161807
3.0193093	0.027065828
3.0210688	0.027113818
3.0228302	0.027113818
3.0245938	0.027017839
3.0263596	0.026921861
3.0281272	0.026777891
3.0298975	0.026681917
3.0316694	0.026681917
3.0334435	0.026633928
3.0352194	0.026633928
3.0369976	0.026537947
3.0387776	0.026489958
3.04056	0.026393984
3.0423443	0.026345992
3.0441301	0.026345992
3.0459187	0.026250014
3.0477092	0.026154036
3.0495021	0.026154036
3.0512969	0.026154036
3.0530939	0.026010068
3.054893	0.026010068
3.0566943	0.025962079
3.0584979	0.025866102
3.0603034	0.025770124
3.0621109	0.025770124
3.0639207	0.025722135
3.0657327	0.025626156
3.0675466	0.025770124
3.0693629	0.025722135
3.0711813	0.025578169
3.0730011	0.02553018
3.0748239	0.025434202
3.0766487	0.025386212
3.0784757	0.025434202
3.0803049	0.025290232
3.0821362	0.025290232
3.0839698	0.025290232
3.0858054	0.025194254
3.0876439	0.025146265
3.0894837	0.025194254
3.0913262	0.025338221
3.0931706	0.025290232
3.0950172	0.025194254
3.0968661	0.025242243
3.0987172	0.025242243
3.1005704	0.025338221
3.1024263	0.025242243
3.104284	0.025194254
3.106144	0.025194254
3.1080062	0.025194254
3.1098707	0.025146265
3.1117373	0.025194254
3.1136062	0.025242243
3.1154773	0.025194254
3.1173501	0.025290232
3.1192257	0.025290232
3.1211035	0.025194254
3.1229837	0.025194254
3.1248662	0.025194254
3.1267509	0.025242243
3.128638	0.025194254
3.1305273	0.025290232
3.1324193	0.025386212
3.1343131	0.025386212
3.1362092	0.025386212
3.1381078	0.025386212
3.1400084	0.025338221
3.1419115	0.025338221
3.1438167	0.025434202
3.1457245	0.025434202
3.1476347	0.025434202
3.1495469	0.025482191
3.1514616	0.025626156
3.1533785	0.025626156
3.1552978	0.02553018
3.1572194	0.025578169
3.1591434	0.025626156
3.1610696	0.025578169
3.162998	0.025626156
3.1649289	0.025578169
3.1668622	0.02553018
3.168798	0.025578169
3.1707361	0.025578169
3.1726766	0.025722135
3.1746194	0.025770124
3.1765647	0.025626156
3.1785126	0.025674146
3.1804626	0.025722135
3.182415	0.025674146
3.1843698	0.025626156
3.186327	0.025722135
3.1882865	0.025818113
3.1902485	0.025674146
3.1922131	0.025722135
3.19418	0.02591409
3.1961493	0.02591409
3.1981211	0.025818113
3.2000952	0.025818113
3.2020719	0.025818113
3.2040508	0.025818113
3.2060323	0.025962079
3.2080164	0.02591409
3.2100022	0.02591409
3.2119911	0.026010068
3.2139823	0.02591409
3.215976	0.02591409
3.2179723	0.02591409
3.2199712	0.026106047
3.2219722	0.026154036
3.2239761	0.026058057
3.2259824	0.026010068
3.2279911	0.026058057
3.2300024	0.026154036
3.2320161	0.026202025
3.2340324	0.026154036
3.2360511	0.026106047
3.2380724	0.026154036
3.2400961	0.026202025
3.2421229	0.026202025
3.2441516	0.026298003
3.2461832	0.026537947
3.2482171	0.026585937
3.2502534	0.026633928
3.2522926	0.026681917
3.2543342	0.026633928
3.2563784	0.026585937
3.2584248	0.026729906
3.2604742	0.026921861
3.262526	0.02696985
3.2645805	0.02696985
3.2666376	0.02696985
3.2686973	0.027017839
3.2707596	0.027113818
3.2728245	0.027353762
3.2748921	0.027497729
3.2769623	0.027545718
3.2790351	0.027689684
3.2811103	0.027833652
3.2831883	0.027929632
3.2852688	0.02802561
3.2873521	0.028169578
3.289438	0.028169578
3.2915258	0.028265554
3.293617	0.028457511
3.2957108	0.028649466
3.2978072	0.028793434
3.2999065	0.028889412
3.3020084	0.028985392
3.3041129	0.029129356
3.3062201	0.029369304
3.3083303	0.029561259
3.3104429	0.029609248
3.3125582	0.029705226
3.314676	0.029945174
3.3167968	0.02999316
3.3189204	0.030041149
3.3210464	0.030137127
3.3231752	0.030329082
3.3253074	0.030617019
3.3274417	0.030856965
3.3295789	0.030856965
3.3317187	0.030856965
3.3338614	0.031000931
3.3360066	0.031288866
3.3381548	0.031384844
3.3403056	0.031576801
3.3424585	0.031720769
3.344615	0.031912722
3.3467741	0.032056689
3.3489361	0.032104678
3.3511009	0.032200657
3.3532684	0.032344624
3.3554389	0.032536581
3.3576121	0.032680549
3.3597887	0.032776527
3.3619676	0.032872505
3.3641491	0.033016469
3.3663337	0.033208426
3.368521	0.033400387
3.3707113	0.03359234
3.3729043	0.03359234
3.3751001	0.033784293
3.3772995	0.033976253
3.3795011	0.034072232
3.3817058	0.034216199
3.383913	0.034408152
3.3861232	0.03450413
3.3883364	0.03455212
3.3905525	0.034840055
3.3927715	0.035032012
3.3949924	0.03512799
3.3972173	0.035223968
3.3994448	0.035463914
3.4016755	0.035607878
3.403909	0.035655867
3.4061456	0.035799835
3.408385	0.036039785
3.4106274	0.036279727
3.4128728	0.036519673
3.4151211	0.036615651
3.4173725	0.03666364
3.4196265	0.036711629
3.4218838	0.036903586
3.424144	0.037239511
3.4264071	0.037479453
3.4286733	0.037527442
3.4309425	0.037575431
3.4332149	0.03762342
3.4354899	0.037767388
3.4377682	0.038007334
3.4400494	0.038103312
3.4423335	0.038151298
3.4446208	0.038295269
3.4469111	0.038583204
3.449204	0.038775161
3.4515004	0.038871139
3.4537997	0.038919125
3.4561024	0.039159071
3.4584079	0.039351027
3.4607165	0.039399017
3.4630284	0.03954298
3.4653432	0.039782926
3.4676619	0.039926898
3.4699829	0.040070862
3.472307	0.04016684
3.4746342	0.040262818
3.4769647	0.040310808
3.4792981	0.040358797
3.4816349	0.040550753
3.4839747	0.040790696
3.4863167	0.040934667
3.488663	0.040934667
3.4910121	0.040934667
3.4933646	0.041174613
3.4957201	0.041462544
3.4980791	0.041654501
3.5004408	0.041750483
3.5028062	0.041750483
3.5051751	0.041846454
3.5075467	0.041990425
3.5099213	0.042182378
3.5122993	0.042422324
3.5146806	0.042662274
3.517065	0.042758245
3.5194528	0.042854227
3.5218437	0.043046188
3.5242381	0.043238144
3.5266356	0.043382108
3.5290363	0.043622054
3.5314403	0.043862
3.5338476	0.044005964
3.536258	0.044053957
3.538672	0.04424591
3.5410891	0.044389881
3.5435085	0.044581831
3.5459323	0.04482178
3.5483594	0.044965748
3.5507898	0.045109715
3.5532234	0.045301672
3.5556605	0.045397647
3.5581009	0.045541614
3.5605447	0.045829549
3.5629921	0.046117485
3.5654426	0.046261452
3.5678964	0.046357431
3.5703535	0.046549384
3.5728142	0.046693355
3.5752783	0.046885308
3.5777457	0.047077265
3.5802164	0.04712525
3.5826914	0.047269221
3.5851691	0.047413189
3.5876501	0.047605149
3.5901346	0.04794107
3.5926225	0.048037045
3.595114	0.048085034
3.5976088	0.048229005
3.6001072	0.048372969
3.6026084	0.048564922
3.6051137	0.048708893
3.6076224	0.048804872
3.6101346	0.048996828
3.6126504	0.049140796
3.6151698	0.049188778
3.6176925	0.04928476
3.620219	0.049476717
3.6227491	0.049620684
3.6252825	0.049764652
3.6278193	0.049956609
3.6303599	0.050052587
3.6329038	0.050196551
3.6354516	0.050436497
3.6380026	0.050580464
3.6405575	0.050628453
3.6431165	0.050772425
3.6456785	0.050868403
3.6482441	0.05106036
3.6508133	0.051252313
3.6533861	0.051300302
3.6559625	0.051348291
3.6585426	0.05144427
3.6611264	0.051540248
3.6637127	0.051684216
3.6663036	0.051780194
3.6688983	0.051924158
3.6714969	0.052068125
3.6740987	0.052212093
3.6767046	0.052260082
3.6793139	0.052356061
3.6819272	0.052452039
3.6845443	0.052548017
3.687165	0.052691985
3.6897893	0.052787967
3.6924174	0.052931927
3.695049	0.052979916
3.6976848	0.053075895
3.7003241	0.053171873
3.7029672	0.053363834
3.7056146	0.053459812
3.7082653	0.053459812
3.7109196	0.053507801
3.713578	0.05360378
3.7162399	0.053699758
3.7189059	0.05374774
3.7215757	0.053891711
3.7242491	0.054083668
3.7269256	0.054083668
3.7296069	0.054083668
3.7322919	0.053987689
3.7349808	0.054035679
3.7376738	0.054131657
3.7403705	0.054227635
3.7430711	0.054227635
3.7457757	0.054323614
3.7484846	0.054467577
3.7511971	0.054611549
3.7539134	0.054611549
3.7566335	0.054611549
3.7593577	0.054563556
3.7620859	0.05451557
3.764818	0.054563556
3.767554	0.054707523
3.770293	0.054803502
3.7730372	0.054851491
3.7757852	0.05489948
3.778537	0.05489948
3.7812932	0.05489948
3.7840533	0.054851491
3.7868173	0.054851491
3.7895856	0.054851491
3.7923579	0.05489948
3.7951343	0.054803502
3.7979145	0.054755513
3.800699	0.054755513
3.8034875	0.054755513
3.8062801	0.054755513
3.8090768	0.054707523
3.8118775	0.054611549
3.8146832	0.054419592
3.8174922	0.054419592
3.8203053	0.054419592
3.8231227	0.054323614
3.8259442	0.054323614
3.8287699	0.054275624
3.8315997	0.054227635
3.8344338	0.054035679
3.837271	0.054035679
3.8401134	0.054083668
3.8429599	0.0539397
3.8458109	0.053795736
3.848666	0.053699758
3.8515253	0.053651761
3.8543887	0.053555783
3.8572567	0.053411823
3.8601296	0.053315844
3.8630059	0.053219862
3.8658867	0.053171873
3.8687716	0.053075895
3.8716609	0.052931927
3.8745544	0.052787967
3.8774524	0.05273997
3.8803546	0.052643996
3.8832617	0.052548017
3.8861728	0.052452039
3.8890882	0.052308071
3.8920078	0.052164104
3.894932	0.052020136
3.8978605	0.051972151
3.9007933	0.05182818
3.9037306	0.051636226
3.9066718	0.051540248
3.9096179	0.051396281
3.9125686	0.051252313
3.9155238	0.051108342
3.9184833	0.051012363
3.9214473	0.050964382
3.9244158	0.050868403
3.9273889	0.050676443
3.9303668	0.050580464
3.9333489	0.050484486
3.9363356	0.050484486
3.9393268	0.050436497
3.9423223	0.050436497
3.9453225	0.050436497
3.9483273	0.050388508
3.9513369	0.050388508
3.9543512	0.050436497
3.9573698	0.050340518
3.960393	0.050244547
3.9634209	0.050244547
3.9664533	0.050196551
3.9694903	0.050148565
3.972532	0.050100572
3.9755785	0.050004598
3.9786289	0.049956609
3.9816847	0.050052587
3.984745	0.050052587
3.9878104	0.050052587
3.9908803	0.050148565
3.9939549	0.050244547
3.9970343	0.050244547
4.0001183	0.050292529
4.0032082	0.050340518
4.0063019	0.050388508
4.0094004	0.050340518
4.0125036	0.050340518
4.0156116	0.050388508
4.0187244	0.050292529
4.021842	0.050148565
4.0249648	0.050004598
4.028091	0.049956609
4.0312233	0.04986063
4.0343604	0.049812641
4.0375023	0.049668673
4.0406489	0.049572695
4.0438008	0.049476717
4.046958	0.049476717
4.0501194	0.049380738
4.0532866	0.049188778
4.056458	0.049092807
4.0596347	0.048948839
4.0628161	0.048804872
4.0660028	0.048708893
4.0691943	0.048564922
4.0723906	0.048468944
4.0755925	0.048276991
4.0787992	0.048085034
4.0820107	0.047893077
4.0852275	0.047653135
4.0884495	0.047557157
4.0916762	0.047461178
4.0949082	0.047557157
4.0981455	0.04770112
4.1013875	0.047797099
4.1046343	0.047893077
4.1078868	0.047989056
4.1111441	0.048085034
4.1144071	0.048181016
4.1176748	0.048133023
4.1209483	0.048229005
4.1242266	0.048420962
4.1275101	0.048564922
4.1307993	0.0486609
4.1340938	0.0486609
4.137393	0.048612911
4.1406975	0.048564922
4.1440077	0.04851694
4.1473227	0.048612911
4.1506433	0.048612911
4.1539693	0.048564922
4.1573014	0.04851694
4.1606379	0.048420962
4.16398	0.048420962
4.1673269	0.048420962
4.1706796	0.048276991
4.1740379	0.048276991
4.1774011	0.048181016
4.1807699	0.047989056
4.1841431	0.04794107
4.1875229	0.047989056
4.190908	0.047893077
4.1942987	0.047797099
4.1976953	0.04770112
4.2010965	0.047557157
4.204504	0.047413189
4.2079167	0.047221228
4.2113357	0.047077265
4.2147593	0.046885308
4.2181888	0.046645362
4.2216239	0.046405416
4.2250643	0.046117485
4.2285104	0.045877542
4.2319622	0.045781564
4.2354198	0.045637593
4.2388835	0.045589607
4.242352	0.045685586
4.2458267	0.045733571
4.2493072	0.045781564
4.2527928	0.045973513
4.2562842	0.045973513
4.2597818	0.045733571
4.2632847	0.045493625
4.2667923	0.045253679
4.2703071	0.045013737
4.2738276	0.044869769
4.2773538	0.04482178
4.2808857	0.04482178
4.2844238	0.044725802
4.2879677	0.044533845
4.2915173	0.044341888
4.2950735	0.044293903
4.298635	0.044389881
4.3022022	0.044389881
4.3057756	0.044197921
4.3093548	0.044005964
4.3129401	0.044005964
4.3165312	0.044053957
4.3201284	0.044053957
4.3237324	0.044005964
4.3273416	0.043957978
4.3309565	0.043814011
4.3345776	0.043766022
4.3382049	0.04367004
4.3418384	0.043478087
4.3454776	0.043430094
4.3491235	0.043430094
4.3527737	0.043334115
4.3564315	0.043238144
4.3600955	0.043142166
4.3637652	0.043046188
4.3674417	0.042950206
4.3711243	0.042950206
4.3748131	0.042902216
4.3785081	0.042758245
4.3822103	0.042662274
4.3859177	0.042566296
4.3896313	0.042422324
4.3933511	0.04232635
4.3970776	0.04232635
4.4008102	0.042374339
4.4045491	0.04232635
4.4082947	0.042182378
4.412045	0.042038415
4.415803	0.042086404
4.4195676	0.042086404
4.4233384	0.042086404
4.4271159	0.042086404
4.4308996	0.042182378
4.43469	0.042278361
4.4384871	0.04232635
4.4422908	0.042422324
4.4461007	0.042470317
4.4499168	0.042470317
4.4537401	0.042566296
4.4575696	0.042662274
4.4614058	0.042758245
4.4652486	0.042902216
4.4690976	0.042998195
4.4729543	0.043046188
4.4768167	0.043190151
4.4806862	0.043382108
4.4845624	0.043526072
4.4884448	0.04367004
4.4923344	0.04367004
4.4962306	0.043766022
4.5001335	0.043909986
4.5040426	0.043957978
4.5079594	0.044005964
4.5118828	0.044053957
4.5158129	0.044053957
4.5197501	0.044149935
4.523694	0.044293903
4.5276446	0.044293903
4.5316024	0.04424591
4.5355678	0.044341888
4.5395393	0.044389881
4.5435181	0.044437867
4.5475035	0.044533845
4.551496	0.044485852
4.5554957	0.044485852
4.5595021	0.044533845
4.5635157	0.044581831
4.5675368	0.044485852
4.5715647	0.044485852
4.5755997	0.044485852
4.5796418	0.044485852
4.5836911	0.044437867
4.5877471	0.044341888
4.5918107	0.044293903
4.5958815	0.044293903
4.5999584	0.04424591
4.604044	0.044197921
4.6081362	0.044149935
4.612236	0.044101942
4.616343	0.044053957
4.6204576	0.043957978
4.6245794	0.043862
4.6287084	0.043814011
4.6328454	0.043718033
4.6369891	0.043526072
4.6411405	0.043574065
4.6452994	0.043574065
4.6494656	0.043478087
4.6536388	0.043334115
4.6578202	0.043238144
4.6620088	0.043094173
4.6662059	0.042950206
4.6704097	0.042806238
4.6746206	0.042614281
4.6788397	0.042518303
4.6830664	0.042422324
4.6873007	0.042278361
4.6915426	0.042086404
4.6957922	0.041846454
4.7000484	0.041654501
4.7043133	0.041462544
4.7085862	0.041222602
4.7128668	0.041078635
4.717155	0.040886674
4.7214513	0.040598746
4.7257552	0.040262818
4.7300668	0.039974883
4.7343879	0.039638959
4.7387152	0.039399017
4.7430506	0.039159071
4.7473941	0.038919125
4.7517457	0.038823146
4.7561049	0.038775161
4.7604723	0.038775161
4.7648478	0.038775161
4.7692318	0.038775161
4.7736235	0.038679183
4.7780232	0.03863119
4.7824311	0.03863119
4.7868466	0.038439237
4.7912707	0.038151298
4.7957029	0.038103312
4.8001437	0.038007334
4.8045907	0.037863366
4.8090477	0.03767141
4.8135128	0.037527442
4.8179865	0.037383474
4.8224683	0.037239511
4.8269582	0.037095539
4.8314571	0.036951575
4.8359637	0.036807608
4.8404803	0.036615651
4.8450041	0.036471684
4.8495364	0.036183748
4.8540773	0.035991795
4.8586264	0.035895817
4.8631845	0.035751846
4.8677506	0.035559889
4.8723259	0.035415925
4.8769083	0.035319947
4.8815002	0.035175979
4.8861008	0.035080001
4.8907104	0.034888044
4.8953285	0.034648102
4.8999557	0.03450413
4.9045911	0.03450413
4.909236	0.034312177
4.9138899	0.034024242
4.9185519	0.033832286
4.923223	0.033784293
4.9279027	0.033784293
4.9325914	0.03359234
4.9372892	0.033400387
4.9419956	0.033256415
4.9467115	0.033160437
4.951437	0.03296848
4.9561706	0.032776527
4.9609137	0.03263256
4.9656653	0.03258457
4.9704261	0.032392614
4.9751964	0.032200657
4.9799757	0.032008704
4.9847641	0.031960711
4.9895606	0.031768754
4.9943671	0.031672779
4.9991837	0.031528812
5.0040088	0.031288866
5.0088439	0.031144898
5.0136881	0.031000931
5.0185413	0.030808976
5.0234041	0.030712998
5.0282774	0.030617019
5.0331593	0.030425061
5.0380507	0.030233108
5.0429511	0.030233108
5.0478616	0.030089138
5.0527816	0.029945174
5.0577111	0.029849194
5.0626502	0.029657237
5.0675998	0.02946528
5.0725584	0.029369304
5.0775266	0.029273326
5.0825043	0.029081371
5.087492	0.028889412
5.0924897	0.028745444
5.097497	0.028601477
5.1025143	0.028457511
5.1075401	0.028361533
5.112577	0.028265554
5.1176243	0.028121589
5.1226811	0.027881641
5.127748	0.027737673
5.1328249	0.027641697
5.1379123	0.027545718
5.1430092	0.027353762
5.1481171	0.027113818
5.1532345	0.027017839
5.1583619	0.026921861
5.1634998	0.026777891
5.1686478	0.026633928
5.1738062	0.026489958
5.1789751	0.026298003
5.184154	0.026154036
5.1893444	0.026058057
5.1945438	0.025866102
5.1997542	0.025674146
5.2049747	0.02553018
5.210206	0.025386212
5.2154474	0.025194254
5.2206998	0.025146265
5.2259626	0.025002299
5.2312346	0.024810342
5.2365189	0.024618387
5.2418137	0.024522409
5.2471189	0.024378441
5.2524352	0.024186485
5.2577624	0.024042517
5.2631001	0.023946539
5.2684488	0.02385056
5.273809	0.023706594
5.2791796	0.02351464
5.2845607	0.02337067
5.2899532	0.023178715
5.2953568	0.023130726
5.3007712	0.023082737
5.3061967	0.022890782
5.3116336	0.022602847
5.3170795	0.022458879
5.3225384	0.02241089
5.3280087	0.022362901
5.3334904	0.022218933
5.3389831	0.021978989
5.3444872	0.021739043
5.3500028	0.021547087
5.3555293	0.021403119
5.3610692	0.02135513
5.3666191	0.021307141
5.37218	0.021211162
5.3777528	0.020971218
5.3833375	0.020875242
5.3889332	0.020827251
5.3945408	0.020779261
5.4001603	0.020587306
5.4057918	0.020443337
5.4114347	0.020347359
5.417089	0.020107415
5.4227557	0.01991546
5.4284339	0.019963449
5.434124	0.01991546
5.439826	0.019723503
5.44554	0.019723503
5.4512644	0.019723503
5.4570026	0.019531546
5.4627528	0.019243613
5.4685154	0.019147635
5.4742899	0.019099645
5.4800768	0.019099645
5.4858756	0.019147635
5.4916868	0.019099645
5.4975119	0.019003667
5.5033479	0.018907689
5.5091963	0.01881171
5.5150576	0.018715732
5.5209308	0.018715732
5.5268164	0.018667743
5.5327148	0.018619755
5.5386262	0.018523775
5.5445509	0.018475788
5.550487	0.018427799
5.5564361	0.018427799
5.562398	0.018379809
5.5683727	0.018379809
5.5743604	0.018235842
5.5803604	0.018187853
5.5863738	0.018427799
5.5923977	0.018475788
5.5984373	0.018427799
5.6044893	0.018475788
5.6105552	0.018571766
5.6166334	0.018571766
5.6227255	0.018619755
5.6288304	0.018619755
5.6349487	0.018571766
5.6410818	0.018427799
5.6472268	0.018667743
5.6533852	0.018859699
5.6595569	0.019051656
5.6657424	0.019291602
5.6719413	0.019339591
5.6781535	0.019483557
5.6843796	0.019723503
5.6906204	0.01986747
5.6968741	0.020059425
5.7031412	0.020155404
5.7094221	0.020155404
5.7157168	0.020491328
5.7220259	0.020923227
5.7283483	0.02135513
5.7346849	0.021691054
5.7410331	0.021978989
5.7473979	0.022362901
5.7537766	0.022986757
5.76017	0.023034746
5.7665772	0.023082737
5.7729988	0.023994528
5.7794347	0.024666376
5.7858849	0.025098275
5.7923512	0.025578169
5.7988305	0.02591409
5.8053241	0.026250014
5.811832	0.026345992
5.8183551	0.026106047
5.8248925	0.026489958
5.8314447	0.027209796
5.8380117	0.027737673
5.8445945	0.0280736
5.851191	0.028313544
5.8578029	0.028409522
5.864429	0.028649466
5.8710709	0.028937403
5.877727	0.028457511
5.8843989	0.028697455
5.8910856	0.029225336
5.8977852	0.029321315
5.9045024	0.030041149
5.9112349	0.030425061
5.9179831	0.03056903
5.9247465	0.030377071
5.9315252	0.029609248
5.9383197	0.029177345
5.9451299	0.029753216
5.9519572	0.029897183
5.9587984	0.029705226
5.9656553	0.029129356
5.9725285	0.029033381
5.9794173	0.028937403
5.9863219	0.028457511
5.9932423	0.028313544
6.0001788	0.0285055
6.0071297	0.028313544
6.0140982	0.02802561
6.0210834	0.027929632
6.0280848	0.027977621
6.0351024	0.027737673
6.0421362	0.026825881
6.0491862	0.026058057
6.0562534	0.026825881
6.0633373	0.027209796
6.0704374	0.026825881
6.0775537	0.02687387
6.0846872	0.027257785
6.0918374	0.027305774
6.0990043	0.027161807
6.1061878	0.026777891
6.1133885	0.026393984
6.1206079	0.026777891
6.1278424	0.027113818
6.1350942	0.027017839
6.1423635	0.02687387
6.1496496	0.026729906
6.1569533	0.026585937
6.1642742	0.026633928
6.1716127	0.026729906
6.1789665	0.026298003
6.1863399	0.026058057
6.1937308	0.026393984
6.2011395	0.026537947
6.2085662	0.026393984
6.2160106	0.026298003
6.2234726	0.026202025
6.2309527	0.026058057
6.238452	0.02591409
6.2459679	0.025770124
6.2535024	0.02553018
6.261055	0.025338221
6.2686257	0.025242243
6.2762151	0.025098275
6.2838225	0.02490632
6.2914486	0.024714366
6.2990947	0.024570398
6.3067579	0.024378441
6.3144398	0.024090508
6.3221402	0.02385056
6.3298597	0.023562625
6.3375978	0.023034746
6.345355	0.022554858
6.3531313	0.022698823
6.3609242	0.022602847
6.3687387	0.022218933
6.3765721	0.022170944
6.3844252	0.022122955
6.3922973	0.021978989
6.4001889	0.021691054
6.4081001	0.020779261
6.4160309	0.020395348
6.4239826	0.020875242
6.431953	0.021067197
6.4399428	0.021259151
6.4479527	0.021403119
6.4559822	0.021547087
6.4640322	0.021547087
6.4721022	0.021403119
6.4801922	0.021259151
6.4883046	0.021019207
6.4964356	0.021259151
6.5045867	0.022074968
6.5127583	0.022506868
6.5209503	0.022650836
6.5291634	0.023178715
6.5373969	0.023562625
6.545651	0.023802575
6.5539231	0.024186485
6.5622191	0.024522409
6.5705361	0.024618387
6.5788746	0.025386212
6.587234	0.026250014
6.5956144	0.027017839
6.6040168	0.027833652
6.6124401	0.0285055
6.6208863	0.029081371
6.629353	0.029177345
6.6378412	0.02946528
6.6463513	0.030904952
6.6548829	0.032056689
6.6634369	0.032488592
6.6720128	0.032680549
6.6806107	0.032872505
6.6892328	0.033448376
6.6978755	0.033832286
6.7065401	0.033736307
6.7152276	0.033832286
6.723937	0.034120221
6.7326698	0.034264188
6.7414246	0.03416821
6.7502027	0.033976253
6.7590008	0.033832286
6.7678242	0.033352397
6.7766714	0.032728538
6.7855411	0.031960711
6.7944345	0.031672779
6.8033509	0.031816743
6.8122911	0.03162479
6.8212547	0.031000931
6.8302436	0.03056903
6.8392544	0.030377071
6.848289	0.029897183
6.8573475	0.029033381
6.8664303	0.028649466
6.8755369	0.029033381
6.8846679	0.029081371
6.8938227	0.028889412
6.9029989	0.028553488
6.9122028	0.028457511
6.9214315	0.028457511
6.9306846	0.028409522
6.9399629	0.028313544
6.9492655	0.0280736
6.9585934	0.027593708
6.9679465	0.027833652
6.9773269	0.028217567
6.9867301	0.028217567
6.9961591	0.028217567
7.0056133	0.028313544
7.0150933	0.028265554
7.0245986	0.028361533
7.0341301	0.028313544
7.0436873	0.0280736
7.0532722	0.028409522
7.0628819	0.028937403
7.0725174	0.029225336
7.0821791	0.029369304
7.0918674	0.029609248
7.1015825	0.029849194
7.1113243	0.030041149
7.1210923	0.030233108
7.1308832	0.03056903
7.1407056	0.030712998
7.1505547	0.030808976
7.1604309	0.03104892
7.1703348	0.031192886
7.1802659	0.031528812
7.1902246	0.031864733
7.200211	0.032008704
7.210228	0.032200657
7.2202702	0.032440603
7.23034	0.032680549
7.2404385	0.032920491
7.2505651	0.033016469
7.2607198	0.033208426
7.2709031	0.033400387
7.2811151	0.03359234
7.2913575	0.033832286
7.3016272	0.033976253
7.3119259	0.034024242
7.3222532	0.034072232
7.3326101	0.034120221
7.3429961	0.034360167
7.3534117	0.034648102
7.3638568	0.034840055
7.3743277	0.034840055
7.3848329	0.034936033
7.3953671	0.035080001
7.4059319	0.035175979
7.4165273	0.035319947
7.4271526	0.035463914
7.4378085	0.035463914
7.4484949	0.035463914
7.4592152	0.035511903
7.4699631	0.035703856
7.4807425	0.035751846
7.4915524	0.035847828
7.5023942	0.035943806
7.513267	0.035991795
7.5241718	0.036039785
7.5351081	0.036135759
7.5460782	0.036183748
7.5570784	0.036087774
7.5681105	0.036135759
7.579175	0.036327716
7.5902719	0.036423694
7.6014013	0.036423694
7.6125636	0.036519673
7.6237588	0.036615651
7.6349821	0.03666364
7.6462431	0.036807608
7.6575375	0.036951575
7.6688652	0.036951575
7.6802268	0.036903586
7.6916218	0.036951575
7.7030506	0.037095539
7.7145133	0.037191521
7.7260127	0.037143532
7.7375441	0.037095539
7.7491097	0.037191521
7.7607102	0.0372875
7.7723455	0.037383474
7.7840157	0.037431464
7.7957211	0.037527442
7.8074613	0.03762342
7.8192339	0.03767141
7.8310452	0.037767388
7.8428926	0.037911355
7.8547754	0.038055319
7.8666949	0.038151298
7.8786502	0.038295269
7.8906422	0.038439237
7.9026704	0.038487226
7.9147372	0.038535215
7.9268394	0.03863119
7.9389782	0.038727168
7.9511547	0.038727168
7.9633684	0.038775161
7.9756198	0.038871139
7.9879088	0.038919125
8.0002356	0.038967114
8.0126038	0.039111082
8.0250072	0.039159071
8.0374498	0.039159071
8.0499296	0.03920706
8.0624495	0.039351027
8.0750074	0.039399017
8.0876055	0.039447006
8.1002417	0.039590973
8.1129141	0.039734941
8.1256304	0.039734941
8.1383867	0.039782926
8.1511831	0.039782926
8.1640196	0.039878905
8.1768961	0.039974883
8.1898146	0.039974883
8.2027731	0.039878905
8.2157736	0.040022876
8.2288151	0.040070862
8.2418976	0.040022876
8.2550211	0.040022876
8.2681875	0.040070862
8.281395	0.040118851
8.2946453	0.040118851
8.3079386	0.040118851
8.3212767	0.040070862
8.3346548	0.040070862
8.3480768	0.040118851
8.3615408	0.040214829
8.3750496	0.040214829
8.3886013	0.04016684
8.4021969	0.040214829
8.4158373	0.040214829
8.4295158	0.040214829
8.4432449	0.04016684
8.4570189	0.04016684
8.4708366	0.040118851
8.4847012	0.040070862
8.4986105	0.040118851
8.5125656	0.040022876
8.5265665	0.039878905
8.540616	0.039830919
8.5547094	0.039782926
8.5688496	0.039686952
8.5830364	0.039494995
8.59727	0.03920706
8.6115513	0.039111082
8.6258802	0.039063092
8.6402569	0.039063092
8.6546841	0.038919125
8.6691561	0.038727168
8.6836777	0.038583204
8.6982479	0.038487226
8.7128668	0.038391244
8.7275343	0.038343254
8.7422523	0.038391244
8.75702	0.038343254
8.7718325	0.038199291
8.7866993	0.038007334
8.8016176	0.037911355
8.8165865	0.037959348
8.8316059	0.038007334
8.8466768	0.037959348
8.8617992	0.037911355
8.8769741	0.037959348
8.8922033	0.037959348
8.9074821	0.037959348
8.9228134	0.038007334
8.9381971	0.037959348
8.9536343	0.037911355
8.9691257	0.037863366
8.9846697	0.037815377
9.000268	0.037863366
9.0159235	0.037815377
9.0316315	0.037767388
9.0473928	0.037719399
9.0632105	0.037719399
9.0790825	0.037719399
9.0950108	0.03762342
9.1109953	0.037527442
9.1270351	0.037479453
9.1431274	0.037383474
9.1592817	0.037479453
9.1754923	0.037575431
9.191761	0.037479453
9.2080879	0.037431464
9.224472	0.037479453
9.2409153	0.037527442
9.2574167	0.037431464
9.2739801	0.037431464
9.2906008	0.037431464
9.3072805	0.037479453
9.3240204	0.037431464
9.3408203	0.037383474
9.3576803	0.037431464
9.3746023	0.037527442
9.3915854	0.03767141
9.4086237	0.03762342
9.4257298	0.037575431
9.4428988	0.03767141
9.4601307	0.037719399
9.4774246	0.037479453
9.4947834	0.036807608
9.5122042	0.035511903
9.5296898	0.034360167
9.5472441	0.033880275
9.5648584	0.034216199
9.5825386	0.034696087
9.6002836	0.035175979
9.6180954	0.035463914
9.635973	0.035559889
9.6539164	0.035703856
9.6719275	0.035799835
9.6900091	0.035991795
9.7081556	0.036183748
9.7263699	0.036279727
9.7446527	0.036231738
9.7630043	0.036231738
9.7814245	0.036519673
9.7999153	0.036567662
9.8184757	0.036423694
9.837101	0.036279727
9.8558025	0.036231738
9.8745756	0.036183748
9.8934202	0.036135759
9.9123363	0.036327716
9.9313259	0.036615651
9.950388	0.036615651
9.9695234	0.036423694
9.9887362	0.036519673
10.008019	0.03666364
10.027377	0.036759619
10.04681	0.036807608
10.066319	0.036855597
10.085902	0.036711629
10.105563	0.036471684
10.1253	0.036423694
10.145119	0.036711629
10.165011	0.036807608
10.184982	0.036759619
10.205031	0.03666364
10.22516	0.036471684
10.245367	0.036471684
10.265656	0.036471684
10.286023	0.036471684
10.306466	0.036519673
10.326997	0.036615651
10.34761	0.036615651
10.368304	0.036471684
10.389083	0.036375705
10.409945	0.036279727
10.43089	0.036279727
10.45192	0.036279727
10.473039	0.036231738
10.49424	0.036231738
10.515526	0.036375705
10.536899	0.036423694
10.558359	0.036423694
10.579906	0.036327716
10.601542	0.036231738
10.623267	0.036279727
10.645084	0.036375705
10.666988	0.036183748
10.688982	0.036087774
10.711066	0.036279727
10.733243	0.036327716
10.755511	0.036183748
10.777872	0.036135759
10.800325	0.036279727
10.822865	0.036183748
10.845508	0.036087774
10.868244	0.036231738
10.891077	0.036327716
10.914005	0.036327716
10.937031	0.036279727
10.960154	0.036279727
10.983374	0.036279727
11.006698	0.036183748
11.030116	0.036231738
11.053635	0.036423694
11.077253	0.036471684
11.100973	0.036567662
11.124795	0.036855597
11.14872	0.036951575
11.172747	0.037239511
11.196871	0.037383474
11.221107	0.037527442
11.245447	0.037767388
11.269894	0.037959348
11.294447	0.038295269
11.319107	0.038823146
11.343875	0.039303038
11.368752	0.039974883
11.393744	0.040982656
11.418839	0.042230371
11.444047	0.043622054
11.469365	0.045253679
11.494797	0.047893077
11.52034	0.051588237
11.545999	0.056819044
11.571771	0.064401314
11.597663	0.075054884
11.623667	0.089163661
11.649787	0.10571989
11.676025	0.1214603
11.702382	0.13249779
11.728858	0.13556908
11.755454	0.12880263
11.782171	0.1122944
11.809002	0.091755085
11.835962	0.075198852
11.863048	0.064737238
11.890256	0.058306701
11.91759	0.054131657
11.94505	0.05144427
11.972636	0.049668673
12.000351	0.048229005
12.028198	0.047173243
12.056171	0.046453409
12.084274	0.045685586
12.112508	0.045013737
12.140875	0.044437867
12.169374	0.044053957
12.198009	0.04367004
12.226777	0.04328613
12.255688	0.042806238
12.28473	0.042566296
12.31391	0.042422324
12.343228	0.04232635
12.372687	0.04232635
12.402287	0.042422324
12.432029	0.042614281
12.461913	0.042422324
12.491931	0.042086404
12.522105	0.041942436
12.552425	0.041942436
12.582892	0.041846454
12.613507	0.041846454
12.644272	0.041798469
12.675187	0.041510537
12.706254	0.041174613
12.737479	0.041078635
12.768852	0.041126624
12.80038	0.040838689
12.832064	0.040406786
12.863906	0.040262818
12.895905	0.040214829
12.928064	0.039974883
12.960384	0.03954298
12.992874	0.03920706
13.025519	0.038919125
13.05833	0.038343254
13.091305	0.03767141
13.124448	0.037239511
13.157759	0.036855597
13.191238	0.036423694
13.22489	0.036039785
13.258701	0.035703856
13.292698	0.03512799
13.326869	0.03455212
13.361217	0.034120221
13.395742	0.033688318
13.430446	0.033256415
13.46533	0.032776527
13.500397	0.032152668
13.535651	0.031576801
13.571085	0.031336855
13.606705	0.030952942
13.642511	0.030137127
13.678508	0.02951327
13.714694	0.029273326
13.751073	0.028985392
13.787644	0.0285055
13.82442	0.02802561
13.861383	0.027497729
13.898545	0.027017839
13.935907	0.026393984
13.97347	0.025818113
14.011236	0.025290232
14.049208	0.024666376
14.087384	0.024090508
14.125755	0.023754584
14.16435	0.023226704
14.203156	0.022842793
14.242176	0.022890782
14.281411	0.02337067
14.320862	0.024570398
14.360532	0.026298003
14.400422	0.028265554
14.440542	0.03047305
14.48088	0.03296848
14.521442	0.035223968
14.562233	0.037383474
14.603253	0.039063092
14.644506	0.040118851
14.685991	0.040358797
14.727713	0.039974883
14.76966	0.039063092
14.811859	0.038151298
14.8543	0.03767141
14.896984	0.03767141
14.939916	0.038199291
14.983094	0.039782926
15.026524	0.04232635
15.070205	0.045013737
15.11415	0.047653135
15.158343	0.049524706
15.202796	0.050532475
15.24751	0.051300302
15.292488	0.052164104
15.337732	0.052452039
15.383245	0.052691985
15.429028	0.052883945
15.475092	0.052883945
15.521424	0.053171873
15.568036	0.053555783
15.614927	0.05374774
15.662103	0.054467577
15.709563	0.055619314
15.757313	0.056627087
15.805353	0.057634857
15.853672	0.058690619
15.902304	0.060130287
15.951234	0.062049851
16.000465	0.064305335
16.050003	0.066656806
16.099848	0.068672337
16.150003	0.070351958
16.200472	0.072463475
16.251265	0.074910916
16.30237	0.077358365
16.353796	0.079373904
16.405548	0.08105351
16.45763	0.081917316
16.510042	0.082829118
16.56279	0.084028833
16.615877	0.084796667
16.669313	0.085468516
16.723085	0.085612476
16.777206	0.085468516
16.831676	0.085660473
16.886503	0.085708454
16.941689	0.085756443
16.997234	0.085660473
17.053146	0.085564487
17.109409	0.085228562
17.166063	0.0846527
17.223093	0.084364757
17.280504	0.084220789
17.338299	0.083740905
17.396481	0.083404981
17.455055	0.083021075
17.514025	0.082445204
17.573404	0.08153341
17.633179	0.080861561
17.693359	0.080621615
17.753954	0.080093734
17.814964	0.079565853
17.876394	0.078702055
17.938251	0.077694282
18.000536	0.077166408
18.063269	0.076782487
18.126427	0.076158635
18.190027	0.075438797
18.254078	0.074622989
18.318579	0.073807172
18.383539	0.072943367
18.448961	0.072319508
18.514851	0.071983591
18.58119	0.071743645
18.648029	0.071455702
18.715351	0.070975818
18.783159	0.07025598
18.851461	0.070016034
18.920263	0.070160002
18.989569	0.069344193
19.059383	0.06833642
19.129725	0.068528377
19.200575	0.06848038
19.271952	0.067424625
19.343863	0.066848755
19.416311	0.06713669
19.489305	0.066752777
19.562849	0.065745011
19.636951	0.066080935
19.711594	0.066128917
19.786827	0.065984957
19.862638	0.065793
19.939034	0.065601043
20.016018	0.065313108
20.093599	0.065457076
20.171785	0.064929195
20.250582	0.064161375
20.330009	0.063921422
20.410049	0.064017408
20.490723	0.064497292
20.572035	0.064131968
20.653994	0.063664608
20.73661	0.063820392
20.819889	0.064028107
20.903841	0.064028107
20.988487	0.062989533
21.073807	0.062522173
21.159821	0.062885679
21.246542	0.062314458
21.333977	0.062054817
21.422132	0.062522173
21.511023	0.06215867
21.600651	0.061172027
21.691	0.060704671
21.782139	0.060964312
21.874046	0.0611201
21.966734	0.060704671
22.060209	0.060237311
22.154484	0.059925735
22.249567	0.059510313
22.34547	0.058991022
22.442221	0.059302591
22.539797	0.059666093
22.638224	0.060029596
22.737514	0.059821881
22.837679	0.05914681
22.93873	0.059510313
23.04068	0.059821881
23.143541	0.05867945
23.247343	0.058056306
23.35206	0.057017732
23.457727	0.056394588
23.564352	0.055927224
23.671953	0.055927224
23.78054	0.056290727
23.890127	0.05571951
24.000731	0.054784801
24.112324	0.054525152
24.224998	0.054421294
24.338732	0.054265507
24.453537	0.053330794
24.569429	0.053019222
24.686426	0.052967288
24.804543	0.052967288
24.923796	0.05275958
25.044222	0.052396078
25.165796	0.052915361
25.288555	0.053278863
25.412519	0.052499935
25.537704	0.051409435
25.664127	0.050630499
25.791811	0.049591921
25.920769	0.049384207
26.051052	0.049072638
26.182623	0.048241775
26.315529	0.047722492
26.449793	0.047618635
26.585432	0.04694356
26.722471	0.046060774
26.860929	0.045229912
27.00083	0.045022193
27.142149	0.045489557
27.285002	0.045074128
27.429367	0.044191338
27.575268	0.043983623
27.722729	0.043879762
27.871777	0.043723978
28.022434	0.043568194
28.17473	0.043775905
28.328716	0.043516263
28.484369	0.042893119
28.641743	0.042789262
28.800863	0.04247769
28.961761	0.042529617
29.124468	0.04247769
29.289013	0.041646827
29.455427	0.041387185
29.623777	0.041854545
29.794029	0.042789262
29.966249	0.043100838
30.140471	0.042893119
30.316732	0.043879762
30.495066	0.044762552
30.67551	0.045281839
30.858103	0.046112698
31.04282	0.046787776
31.229824	0.047307063
31.419096	0.048241775
31.610676	0.04979964
31.804607	0.051253647
32.000931	0.052707646
32.199696	0.054317437
32.400944	0.056083012
32.604759	0.057640873
32.811115	0.05867945
33.020103	0.060964312
33.231773	0.06200289
33.446171	0.062677957
33.663353	0.063404962
33.883377	0.064495467
34.106293	0.06548211
34.332088	0.065845616
34.560966	0.066832259
34.792919	0.066988043
35.028008	0.06641683
35.266293	0.066572614
35.507843	0.067974687
35.752724	0.069376759
36.001007	0.069532558
36.252811	0.070155695
36.508114	0.072284773
36.767036	0.074465781
37.029659	0.077425711
37.296059	0.081008799
37.566319	0.08407259
37.840527	0.086149737
38.118767	0.087759525
38.40118	0.089732818
38.687756	0.090823323
38.978642	0.090615608
39.273933	0.090927176
39.573734	0.092069618
39.878147	0.092640832
40.187283	0.093679406
40.501244	0.096223913
40.820042	0.099962786
41.144012	0.104169
41.473164	0.10837524
41.807625	0.11403546
42.147522	0.11964376
42.492992	0.12410963
42.844173	0.12816007
43.20121	0.13086037
43.564312	0.13241823
43.933502	0.13428766
44.309002	0.1350666
44.690975	0.13574167
45.079594	0.13750724
45.475029	0.13813038
45.87746	0.13937667
46.287083	0.13942862
46.704159	0.13818231
47.128742	0.13771495
47.561119	0.1383381
48.001499	0.14098647
48.450111	0.14394639
48.907188	0.14861999
49.372971	0.15246272
49.847713	0.151528
50.331509	0.15012592
50.824955	0.14664669
51.328171	0.14197311
51.841454	0.13465117
52.365105	0.12613486
52.899441	0.11959184
53.444794	0.11497018
54.001511	0.11154289
54.570061	0.10811558
55.150593	0.10510373
55.74361	0.10489601
56.349518	0.10660966
56.968742	0.10858294
57.60173	0.11045238
58.24894	0.11221796
58.910862	0.11252952
59.588123	0.11034852
60.28101	0.10858294
60.9902	0.10915416
61.716274	0.10998503
62.459846	0.11045238
63.221554	0.11315268
64.002068	0.11310074
64.802094	0.11003695
65.622093	0.10894645
66.463402	0.1090503
67.326561	0.10744051
68.21244	0.10349393
69.121933	0.10068978
70.056015	0.098976135
71.015686	0.094873764
72.002014	0.090823323
73.016319	0.093367837
74.05941	0.10292272
75.132736	0.11491825
76.237625	0.12379806
77.375504	0.12649836
78.547859	0.12810814
79.756294	0.12805621
81.002487	0.12883514
82.28849	0.13106808
83.61573	0.1300295
84.986481	0.12545978
86.402931	0.12203248
87.867393	0.12161705
89.382355	0.12208442
90.95047	0.11787818
92.574593	0.11434703
94.25721	0.10281887
96.002708	0.094250627
97.814079	0.10068978
99.695114	0.10354586
101.64992	0.1072328
103.68291	0.10967344
105.79889	0.11034852
108.00303	0.11050431
110.30139	0.10780402
112.69925	0.10245536
115.20368	0.097937554
117.82195	0.093990974
120.562	0.0880711
123.43254	0.084643811
126.44309	0.093679406
129.60419	0.11377581
132.92625	0.13854583
136.42429	0.15988852
140.11142	0.16627575
144.00337	0.16637962
148.11772	0.16705468
152.47411	0.16814518
157.0945	0.17847899
162.00366	0.18995525
167.23055	0.18990332
172.80489	0.18102351
178.76367	0.1875146
185.14809	0.19322675
192.0054	0.20750716
199.39021	0.2164389
207.36581	0.19037069
216.00604	0.19582319
