# Water_Ice, Chemical Formula: H2O
# Sample ID: 680micron_110K
# wavelengths (microns), reflectance
0.45	0.84771
0.5	0.88157
0.55	0.82246
0.6	0.81764
0.65	0.81846
0.7000000000000001	0.80211
0.75	0.79937
0.8	0.78739
0.85	0.78947
0.9	0.77192
0.9500000000000001	0.7685
1.0	0.71217
1.01	0.68532
1.02	0.66351
1.03	0.6503
1.04	0.64084
1.05	0.61865
1.06	0.62078
1.07	0.65688
1.08	0.67296
1.09	0.6871
1.1	0.69542
1.11	0.6926
1.12	0.67423
1.1300000000000001	0.66321
1.1400000000000001	0.66523
1.1500000000000001	0.65803
1.16	0.63964
1.17	0.61776
1.18	0.57819
1.19	0.55369
1.2	0.5052
1.21	0.47956
1.22	0.44874
1.23	0.42729
1.24	0.4016
1.25	0.38768
1.26	0.36723
1.27	0.35417
1.28	0.36182
1.29	0.37507
1.3	0.35625
1.31	0.35437
1.32	0.38288
1.33	0.40793
1.34	0.42485
1.35	0.4277
1.36	0.42533
1.37	0.43557
1.3800000000000001	0.41912
1.3900000000000001	0.4058
1.4000000000000001	0.39885
1.41	0.37043
1.42	0.33203
1.43	0.28258
1.44	0.22634
1.45	0.16268
1.46	0.11148
1.47	0.07989
1.48	0.06236
1.49	0.05002
1.5	0.0463
1.51	0.04887
1.52	0.0469
1.53	0.04469
1.54	0.04542
1.55	0.04651
1.56	0.04665
1.57	0.0415
1.58	0.04515
1.59	0.0548
1.6	0.06069
1.61	0.06334
1.62	0.06832
1.6300000000000001	0.0603
1.6400000000000001	0.05732
1.6500000000000001	0.0551
1.6600000000000001	0.05874
1.67	0.07168
1.68	0.08789
1.69	0.10416
1.7	0.11168
1.71	0.12726
1.72	0.14557
1.73	0.15866
1.74	0.16516
1.75	0.17791
1.76	0.18432
1.77	0.18199
1.78	0.18425
1.79	0.18937
1.8	0.19148
1.81	0.19165
1.82	0.19368
1.83	0.1942
1.84	0.18816
1.85	0.18999
1.86	0.18265
1.87	0.16707
1.8800000000000001	0.13073
1.8900000000000001	0.11251
1.9000000000000001	0.08685
1.9100000000000001	0.05873
1.92	0.05006
1.93	0.04373
1.94	0.04742
1.95	0.03614
1.96	0.03625
1.97	0.03978
1.98	0.0359
1.99	0.03824
2.0	0.03123
2.0100000000000002	0.03066
2.02	0.03223
2.0300000000000002	0.03137
2.04	0.03686
2.05	0.03591
2.06	0.04137
2.07	0.03446
2.08	0.03703
2.09	0.03782
2.1	0.03619
2.11	0.04499
2.12	0.04645
2.13	0.05337
2.14	0.05805
2.15	0.06386
2.16	0.07151
2.17	0.07683
2.18	0.08963
2.19	0.09219
2.2	0.1149
2.21	0.11844
2.22	0.13405
2.23	0.13891
2.24	0.13958
2.25	0.13638
2.2600000000000002	0.13987
2.27	0.12153
2.2800000000000002	0.12103
2.29	0.09539
2.3000000000000003	0.08631
2.31	0.07656
2.32	0.06304
2.33	0.0633
2.34	0.0504
2.35	0.04273
2.36	0.0553
2.37	0.05878
2.38	0.03975
2.39	0.05171
2.4	0.04363
2.41	0.0321
2.42	0.04781
2.43	0.04537
2.44	0.04414
2.45	0.04878
2.46	0.04827
2.47	0.0347
2.48	0.04357
2.49	0.04034
2.5	0.04072
2.5100000000000002	0.04058
2.52	0.04746
2.5300000000000002	0.02888
2.54	0.03072
2.5500000000000003	0.04749
2.56	0.04463
2.57	0.04731
2.58	0.03227
2.59	0.0634
2.6	0.02953
2.61	0.041
2.62	0.03829
2.63	0.06046
2.64	0.02739
2.65	0.03722
2.66	0.04169
2.67	0.03852
2.68	0.05696
2.69	0.04947
2.7	0.00399
2.71	0.01861
2.72	0.02921
2.73	0.01621
2.74	0.03117
2.75	0.01787
2.7600000000000002	0.02184
2.77	0.03007
2.7800000000000002	0.02359
2.79	0.02116
2.8000000000000003	0.02195
2.81	0.01784
2.82	0.0189
2.83	0.02439
2.84	0.03499
2.85	0.0129
2.86	0.01429
2.87	0.01912
2.88	0.01483
2.89	0.01215
2.9	0.00738
2.91	0.01495
2.92	0.0258
2.93	0.01091
2.94	0.02507
2.95	0.03132
2.96	0.02966
2.97	0.02765
2.98	0.03156
2.99	0.02954
3.0	0.02789
3.0100000000000002	0.02463
3.02	0.02976
3.0300000000000002	0.03232
3.04	0.03512
3.0500000000000003	0.03776
3.06	0.05815
3.0700000000000003	0.05901
3.08	0.0815
3.09	0.09215
3.1	0.09818
3.11	0.10608
3.12	0.08922
3.13	0.08592
3.14	0.07542
3.15	0.06469
3.16	0.06325
3.17	0.05677
3.18	0.06222
3.19	0.0641
3.2	0.06034
3.21	0.07327
3.22	0.06981
3.23	0.06366
3.24	0.05735
3.25	0.05193
3.2600000000000002	0.04827
3.27	0.05439
3.2800000000000002	0.04983
3.29	0.04566
3.3000000000000003	0.05047
3.31	0.03758
3.3200000000000003	0.03017
3.33	0.04394
3.34	0.03713
3.35	0.03894
3.36	0.0329
3.37	0.03723
3.38	0.03437
3.39	0.03537
3.4	0.03361
3.41	0.02723
3.42	0.02969
3.43	0.02393
3.44	0.03559
3.45	0.03716
3.46	0.03387
3.47	0.02287
3.48	0.02827
3.49	0.03371
3.5	0.04256
3.5100000000000002	0.03661
3.52	0.03782
3.5300000000000002	0.03079
3.54	0.03172
3.5500000000000003	0.0336
3.56	0.04396
3.5700000000000003	0.02557
3.58	0.03549
3.59	0.03764
3.6	0.03853
3.65	0.02941
3.7	0.04224
3.75	0.03222
3.8000000000000003	0.03504
3.85	0.0294
3.9	0.0253
3.95	0.02494
4.0	0.03565
4.05	0.00997
4.1	0.02052
4.15	0.03182
4.2	0.02411
