4e-07 1.57 4.2809e-06
4.1e-07 1.57 4.012e-06
4.2e-07 1.57 4.0471e-06
4.3e-07 1.57 3.7461e-06
4.4e-07 1.57 3.6044e-06
4.5e-07 1.57 3.5181e-06
4.6e-07 1.57 3.3865e-06
4.7e-07 1.57 3.2095e-06
4.8e-07 1.57 3.101e-06
4.9e-07 1.57 3.0544e-06
5e-07 1.57 2.9751e-06
5.1e-07 1.57 2.9523e-06
5.2e-07 1.57 2.9165e-06
5.3e-07 1.57 2.9104e-06
5.4e-07 1.57 2.8301e-06
5.5e-07 1.57 2.8266e-06
5.6e-07 1.57 2.8643e-06
5.7e-07 1.57 2.8372e-06
5.8e-07 1.57 2.8489e-06
5.9e-07 1.57 2.8816e-06
6e-07 1.57 2.9237e-06
6.1e-07 1.57 2.9856e-06
6.2e-07 1.57 3.016e-06
6.3e-07 1.57 3.0671e-06
6.4e-07 1.57 3.1184e-06
6.5e-07 1.57 3.1909e-06
6.6e-07 1.57 3.2015e-06
6.7e-07 1.57 3.2645e-06
6.8e-07 1.57 3.2889e-06
6.9e-07 1.57 3.3115e-06
7e-07 1.57 3.3886e-06
7.1e-07 1.57 3.4033e-06
7.2e-07 1.57 3.4452e-06
7.3e-07 1.57 3.4424e-06
7.4e-07 1.57 3.4473e-06
7.5e-07 1.57 3.4703e-06
7.6e-07 1.57 3.4488e-06
7.7e-07 1.57 3.426e-06
7.8e-07 1.57 3.4502e-06
7.9e-07 1.57 3.4833e-06
8e-07 1.57 3.497e-06
8.1e-07 1.57 3.5665e-06
8.2e-07 1.57 3.6586e-06
8.3e-07 1.57 3.764e-06
8.4e-07 1.57 3.8221e-06
8.5e-07 1.57 3.8884e-06
8.6e-07 1.57 3.9477e-06
8.7e-07 1.57 4.0597e-06
8.8e-07 1.57 4.1284e-06
8.9e-07 1.57 4.1637e-06
9e-07 1.57 4.1905e-06
9.1e-07 1.57 4.3498e-06
9.2e-07 1.57 4.3633e-06
9.3e-07 1.57 4.4593e-06
9.4e-07 1.57 4.5385e-06
9.5e-07 1.57 4.6001e-06
9.6e-07 1.57 4.5716e-06
9.7e-07 1.57 4.7424e-06
9.8e-07 1.57 4.8537e-06
9.9e-07 1.57 4.881e-06
1e-06 1.57 5.2232e-06
1.01e-06 1.57 5.2962e-06
1.02e-06 1.57 5.4601e-06
1.03e-06 1.57 5.643e-06
1.04e-06 1.57 5.8647e-06
1.05e-06 1.57 6.0386e-06
1.06e-06 1.57 6.319e-06
1.07e-06 1.57 6.5864e-06
1.08e-06 1.57 6.9008e-06
1.09e-06 1.57 7.1705e-06
1.1e-06 1.57 7.3191e-06
1.11e-06 1.57 7.6052e-06
1.12e-06 1.57 7.8909e-06
1.13e-06 1.57 8.0712e-06
1.14e-06 1.57 8.4337e-06
1.15e-06 1.57 8.6371e-06
1.16e-06 1.57 8.9803e-06
1.17e-06 1.57 9.0644e-06
1.18e-06 1.57 9.3158e-06
1.19e-06 1.57 9.4853e-06
1.2e-06 1.57 9.6899e-06
1.21e-06 1.57 9.9959e-06
1.22e-06 1.57 1.0029e-05
1.23e-06 1.57 1.0144e-05
1.24e-06 1.57 1.0267e-05
1.25e-06 1.57 1.043e-05
1.26e-06 1.57 1.0395e-05
1.27e-06 1.57 1.0316e-05
1.28e-06 1.57 1.0575e-05
1.29e-06 1.57 1.0661e-05
1.3e-06 1.57 1.0837e-05
1.31e-06 1.57 1.0708e-05
1.32e-06 1.57 1.069e-05
1.33e-06 1.57 1.0683e-05
1.34e-06 1.57 1.0549e-05
1.35e-06 1.57 1.0808e-05
1.36e-06 1.57 1.0772e-05
1.37e-06 1.57 1.0815e-05
1.38e-06 1.57 1.0717e-05
1.39e-06 1.57 1.1219e-05
1.4e-06 1.57 1.1437e-05
1.41e-06 1.57 1.1609e-05
1.42e-06 1.57 1.134e-05
1.43e-06 1.57 1.1179e-05
1.44e-06 1.57 1.0889e-05
1.45e-06 1.57 1.079e-05
1.46e-06 1.57 1.0679e-05
1.47e-06 1.57 1.0329e-05
1.48e-06 1.57 1.0303e-05
1.49e-06 1.57 9.7e-06
1.5e-06 1.57 9.7625e-06
1.51e-06 1.57 9.5861e-06
1.52e-06 1.57 9.339e-06
1.53e-06 1.57 9.0983e-06
1.54e-06 1.57 9.0682e-06
1.55e-06 1.57 8.9283e-06
1.56e-06 1.57 8.6874e-06
1.57e-06 1.57 8.8271e-06
1.58e-06 1.57 8.6157e-06
1.59e-06 1.57 8.6103e-06
1.6e-06 1.57 8.5658e-06
1.61e-06 1.57 8.6175e-06
1.62e-06 1.57 8.4846e-06
1.63e-06 1.57 8.425e-06
1.64e-06 1.57 8.2198e-06
1.65e-06 1.57 8.4128e-06
1.66e-06 1.57 8.432e-06
1.67e-06 1.57 8.3364e-06
1.68e-06 1.57 8.3606e-06
1.69e-06 1.57 8.3261e-06
1.7e-06 1.57 8.0997e-06
1.71e-06 1.57 8.0362e-06
1.72e-06 1.57 8.1165e-06
1.73e-06 1.57 8.1384e-06
1.74e-06 1.57 8.2095e-06
1.75e-06 1.57 8.0695e-06
1.76e-06 1.57 8.3261e-06
1.77e-06 1.57 8.4407e-06
1.78e-06 1.57 8.4477e-06
1.79e-06 1.57 8.162e-06
1.8e-06 1.57 8.1031e-06
1.81e-06 1.57 8.0963e-06
1.82e-06 1.57 8.2847e-06
1.83e-06 1.57 8.2232e-06
1.84e-06 1.57 8.5339e-06
1.85e-06 1.57 8.5428e-06
1.86e-06 1.57 8.7416e-06
1.87e-06 1.57 9.0232e-06
1.88e-06 1.57 9.7281e-06
1.89e-06 1.57 1.1069e-05
1.9e-06 1.57 1.3519e-05
1.91e-06 1.57 1.599e-05
1.92e-06 1.57 1.8303e-05
1.93e-06 1.57 2.0298e-05
1.94e-06 1.57 2.3023e-05
1.95e-06 1.57 2.2486e-05
1.96e-06 1.57 2.0654e-05
1.97e-06 1.57 1.9857e-05
1.98e-06 1.57 1.8917e-05
1.99e-06 1.57 1.7869e-05
2e-06 1.57 1.7101e-05
2.01e-06 1.57 1.617e-05
2.02e-06 1.57 1.5379e-05
2.03e-06 1.57 1.4633e-05
2.04e-06 1.57 1.3868e-05
2.05e-06 1.57 1.336e-05
2.06e-06 1.57 1.2919e-05
2.07e-06 1.57 1.2439e-05
2.08e-06 1.57 1.2095e-05
2.09e-06 1.57 1.2242e-05
2.1e-06 1.57 1.2085e-05
2.11e-06 1.57 1.1936e-05
2.12e-06 1.57 1.1085e-05
2.13e-06 1.57 1.0746e-05
2.14e-06 1.57 1.0991e-05
2.15e-06 1.57 1.1226e-05
2.16e-06 1.57 1.1492e-05
2.17e-06 1.57 1.0968e-05
2.18e-06 1.57 1.158e-05
2.19e-06 1.57 1.1806e-05
2.2e-06 1.57 1.2224e-05
2.21e-06 1.57 1.2331e-05
2.22e-06 1.57 1.2113e-05
2.23e-06 1.57 1.1862e-05
2.24e-06 1.57 1.2045e-05
2.25e-06 1.57 1.2346e-05
2.26e-06 1.57 1.1889e-05
2.27e-06 1.57 1.1703e-05
2.28e-06 1.57 1.1991e-05
2.29e-06 1.57 1.2214e-05
2.3e-06 1.57 1.2293e-05
2.31e-06 1.57 1.2784e-05
2.32e-06 1.57 1.3966e-05
2.33e-06 1.57 1.3734e-05
2.34e-06 1.57 1.4141e-05
2.35e-06 1.57 1.4893e-05
2.36e-06 1.57 1.4902e-05
2.37e-06 1.57 1.5868e-05
2.38e-06 1.57 1.6123e-05
2.39e-06 1.57 1.6701e-05
2.4e-06 1.57 1.7455e-05
2.41e-06 1.57 1.9145e-05
2.42e-06 1.57 2.0352e-05
2.43e-06 1.57 2.2866e-05
2.44e-06 1.57 2.3167e-05
2.45e-06 1.57 2.3104e-05
2.46e-06 1.57 2.4709e-05
2.47e-06 1.57 2.45e-05
2.48e-06 1.57 2.3824e-05
2.49e-06 1.57 2.4801e-05
2.5e-06 1.57 2.5675e-05
