3e-07 1.66 8.6838e-05
3.05e-07 1.66 8.2779e-05
3.1e-07 1.66 7.9008e-05
3.15e-07 1.66 7.4693e-05
3.2e-07 1.66 7.0482e-05
3.25e-07 1.66 6.5307e-05
3.3e-07 1.66 6.1676e-05
3.35e-07 1.66 5.7911e-05
3.4e-07 1.66 5.406e-05
3.45e-07 1.66 5.0414e-05
3.5e-07 1.66 4.6993e-05
3.55e-07 1.66 4.3869e-05
3.6e-07 1.66 4.0037e-05
3.65e-07 1.66 3.667e-05
3.7e-07 1.66 3.4076e-05
3.75e-07 1.66 3.1718e-05
3.8e-07 1.66 2.9474e-05
3.85e-07 1.66 2.7509e-05
3.9e-07 1.66 2.5819e-05
3.95e-07 1.66 2.4612e-05
4e-07 1.66 2.3157e-05
4.05e-07 1.66 2.192e-05
4.1e-07 1.66 2.106e-05
4.15e-07 1.66 2.0013e-05
4.2e-07 1.66 1.9241e-05
4.25e-07 1.66 1.9066e-05
4.3e-07 1.66 1.8186e-05
4.35e-07 1.66 1.6858e-05
4.4e-07 1.66 1.6197e-05
4.45e-07 1.66 1.563e-05
4.5e-07 1.66 1.5177e-05
4.55e-07 1.66 1.4915e-05
4.6e-07 1.66 1.4594e-05
4.65e-07 1.66 1.4366e-05
4.7e-07 1.66 1.4109e-05
4.75e-07 1.66 1.3646e-05
4.8e-07 1.66 1.3336e-05
4.85e-07 1.66 1.2372e-05
4.9e-07 1.66 1.1838e-05
4.95e-07 1.66 1.1428e-05
5e-07 1.66 1.1291e-05
5.05e-07 1.66 1.2723e-05
5.1e-07 1.66 1.0608e-05
5.15e-07 1.66 1.0037e-05
5.2e-07 1.66 9.803e-06
5.25e-07 1.66 9.6199e-06
5.3e-07 1.66 9.4951e-06
5.35e-07 1.66 9.4245e-06
5.4e-07 1.66 9.6739e-06
5.45e-07 1.66 9.9607e-06
5.5e-07 1.66 1.009e-05
5.55e-07 1.66 9.8437e-06
5.6e-07 1.66 9.5861e-06
5.65e-07 1.66 9.5049e-06
5.7e-07 1.66 9.446e-06
5.75e-07 1.66 9.4696e-06
5.8e-07 1.66 9.4735e-06
5.85e-07 1.66 9.4696e-06
5.9e-07 1.66 9.4853e-06
5.95e-07 1.66 9.4558e-06
6e-07 1.66 9.4794e-06
6.05e-07 1.66 9.4813e-06
6.1e-07 1.66 9.5148e-06
6.15e-07 1.66 9.5405e-06
6.2e-07 1.66 9.598e-06
6.25e-07 1.66 9.5821e-06
6.3e-07 1.66 9.6358e-06
6.35e-07 1.66 9.6119e-06
6.4e-07 1.66 9.6558e-06
6.45e-07 1.66 9.7302e-06
6.5e-07 1.66 9.7281e-06
6.55e-07 1.66 9.7402e-06
6.6e-07 1.66 9.7221e-06
6.65e-07 1.66 9.714e-06
6.7e-07 1.66 9.6719e-06
6.75e-07 1.66 9.7181e-06
6.8e-07 1.66 9.7949e-06
6.85e-07 1.66 9.7524e-06
6.9e-07 1.66 9.8051e-06
6.95e-07 1.66 9.9463e-06
7e-07 1.66 1.0083e-05
7.05e-07 1.66 1.0224e-05
7.1e-07 1.66 1.0506e-05
7.15e-07 1.66 1.0737e-05
7.2e-07 1.66 1.1115e-05
7.25e-07 1.66 1.1728e-05
7.3e-07 1.66 1.2259e-05
7.35e-07 1.66 1.2986e-05
7.4e-07 1.66 1.3897e-05
7.45e-07 1.66 1.5042e-05
7.5e-07 1.66 1.6533e-05
7.55e-07 1.66 1.81e-05
7.6e-07 1.66 1.991e-05
7.65e-07 1.66 2.2185e-05
7.7e-07 1.66 2.5013e-05
7.75e-07 1.66 2.8301e-05
7.8e-07 1.66 3.181e-05
7.85e-07 1.66 3.5955e-05
7.9e-07 1.66 4.0808e-05
7.95e-07 1.66 4.5668e-05
8e-07 1.66 5.1309e-05
8.05e-07 1.66 5.7599e-05
8.1e-07 1.66 6.3676e-05
8.15e-07 1.66 7.1556e-05
8.2e-07 1.66 7.9204e-05
8.25e-07 1.66 8.7779e-05
8.3e-07 1.66 9.6e-05
8.35e-07 1.66 0.00010521
8.4e-07 1.66 0.00011411
8.45e-07 1.66 0.00012285
8.5e-07 1.66 0.00013204
8.55e-07 1.66 0.0001415
8.6e-07 1.66 0.00015011
8.65e-07 1.66 0.00015819
8.7e-07 1.66 0.00016612
8.75e-07 1.66 0.00017264
8.8e-07 1.66 0.00018032
8.85e-07 1.66 0.00018757
8.9e-07 1.66 0.00019377
8.95e-07 1.66 0.00019832
9e-07 1.66 0.00020335
9.05e-07 1.66 0.00020517
9.1e-07 1.66 0.00020886
9.15e-07 1.66 0.00020986
9.2e-07 1.66 0.00020951
9.25e-07 1.66 0.000208
9.3e-07 1.66 0.00020445
9.35e-07 1.66 0.00020214
9.4e-07 1.66 0.00019824
9.45e-07 1.66 0.00019197
9.5e-07 1.66 0.00018636
9.55e-07 1.66 0.00017802
9.6e-07 1.66 0.00016924
9.65e-07 1.66 0.0001606
9.7e-07 1.66 0.0001507
9.75e-07 1.66 0.00013992
9.8e-07 1.66 0.00013011
9.85e-07 1.66 0.00011978
9.9e-07 1.66 0.00010989
9.95e-07 1.66 0.00010021
1e-06 1.66 9.1683e-05
1.005e-06 1.66 8.2796e-05
1.01e-06 1.66 7.519e-05
1.015e-06 1.66 6.7719e-05
1.02e-06 1.66 6.1066e-05
1.025e-06 1.66 5.4907e-05
1.03e-06 1.66 4.9226e-05
1.035e-06 1.66 4.4243e-05
1.04e-06 1.66 3.9864e-05
1.045e-06 1.66 3.6164e-05
1.05e-06 1.66 3.2726e-05
1.055e-06 1.66 2.9849e-05
1.06e-06 1.66 2.7372e-05
1.065e-06 1.66 2.5226e-05
1.07e-06 1.66 2.3157e-05
1.075e-06 1.66 2.164e-05
1.08e-06 1.66 2.0138e-05
1.085e-06 1.66 1.885e-05
1.09e-06 1.66 1.7846e-05
1.095e-06 1.66 1.6865e-05
1.1e-06 1.66 1.616e-05
1.105e-06 1.66 1.5491e-05
1.11e-06 1.66 1.4871e-05
1.115e-06 1.66 1.4419e-05
1.12e-06 1.66 1.4048e-05
1.125e-06 1.66 1.3686e-05
1.13e-06 1.66 1.3394e-05
1.135e-06 1.66 1.3209e-05
1.14e-06 1.66 1.2933e-05
1.145e-06 1.66 1.2639e-05
1.15e-06 1.66 1.2498e-05
1.155e-06 1.66 1.2239e-05
1.16e-06 1.66 1.205e-05
1.165e-06 1.66 1.1892e-05
1.17e-06 1.66 1.1791e-05
1.175e-06 1.66 1.1733e-05
1.18e-06 1.66 1.1602e-05
1.185e-06 1.66 1.1607e-05
1.19e-06 1.66 1.1544e-05
1.195e-06 1.66 1.1425e-05
1.2e-06 1.66 1.1317e-05
1.205e-06 1.66 1.1166e-05
1.21e-06 1.66 1.1106e-05
1.215e-06 1.66 1.1136e-05
1.22e-06 1.66 1.1108e-05
1.225e-06 1.66 1.1078e-05
1.23e-06 1.66 1.1078e-05
1.235e-06 1.66 1.0991e-05
1.24e-06 1.66 1.0916e-05
1.245e-06 1.66 1.0977e-05
1.25e-06 1.66 1.0903e-05
1.255e-06 1.66 1.0862e-05
1.26e-06 1.66 1.0882e-05
1.265e-06 1.66 1.0923e-05
1.27e-06 1.66 1.088e-05
1.275e-06 1.66 1.1057e-05
1.28e-06 1.66 1.1126e-05
1.285e-06 1.66 1.1198e-05
1.29e-06 1.66 1.1359e-05
1.295e-06 1.66 1.1357e-05
1.3e-06 1.66 1.1459e-05
1.305e-06 1.66 1.1585e-05
1.31e-06 1.66 1.1636e-05
1.315e-06 1.66 1.1901e-05
1.32e-06 1.66 1.2035e-05
1.325e-06 1.66 1.2285e-05
1.33e-06 1.66 1.2568e-05
1.335e-06 1.66 1.2776e-05
1.34e-06 1.66 1.3043e-05
1.345e-06 1.66 1.3474e-05
1.35e-06 1.66 1.3897e-05
1.355e-06 1.66 1.4458e-05
1.36e-06 1.66 1.5151e-05
1.365e-06 1.66 1.5539e-05
1.37e-06 1.66 1.5875e-05
1.375e-06 1.66 1.6315e-05
1.38e-06 1.66 1.7318e-05
1.385e-06 1.66 1.8594e-05
1.39e-06 1.66 2.4429e-05
1.395e-06 1.66 2.2546e-05
1.4e-06 1.66 2.1906e-05
1.405e-06 1.66 2.1707e-05
1.41e-06 1.66 2.1457e-05
1.415e-06 1.66 2.2047e-05
1.42e-06 1.66 2.2824e-05
1.425e-06 1.66 2.3461e-05
1.43e-06 1.66 2.4318e-05
1.435e-06 1.66 2.5305e-05
1.44e-06 1.66 2.6256e-05
1.445e-06 1.66 2.7057e-05
1.45e-06 1.66 2.8079e-05
1.455e-06 1.66 2.9189e-05
1.46e-06 1.66 3.0298e-05
1.465e-06 1.66 3.1495e-05
1.47e-06 1.66 3.2577e-05
1.475e-06 1.66 3.4012e-05
1.48e-06 1.66 3.551e-05
1.485e-06 1.66 3.6952e-05
1.49e-06 1.66 3.8396e-05
1.495e-06 1.66 3.9979e-05
1.5e-06 1.66 4.1456e-05
1.505e-06 1.66 4.3237e-05
1.51e-06 1.66 4.5123e-05
1.515e-06 1.66 4.6751e-05
1.52e-06 1.66 4.8921e-05
1.525e-06 1.66 5.0781e-05
1.53e-06 1.66 5.2787e-05
1.535e-06 1.66 5.4907e-05
1.54e-06 1.66 5.7444e-05
1.545e-06 1.66 5.9123e-05
1.55e-06 1.66 6.1523e-05
1.555e-06 1.66 6.406e-05
1.56e-06 1.66 6.6536e-05
1.565e-06 1.66 6.8936e-05
1.57e-06 1.66 7.1527e-05
1.575e-06 1.66 7.3678e-05
1.58e-06 1.66 7.6463e-05
1.585e-06 1.66 7.9434e-05
1.59e-06 1.66 8.2147e-05
1.595e-06 1.66 8.4285e-05
1.6e-06 1.66 8.7961e-05
1.605e-06 1.66 9.0625e-05
1.61e-06 1.66 9.3933e-05
1.615e-06 1.66 9.714e-05
1.62e-06 1.66 9.9979e-05
1.625e-06 1.66 0.00010412
1.63e-06 1.66 0.00010708
1.635e-06 1.66 0.00011007
1.64e-06 1.66 0.00011284
1.645e-06 1.66 0.00011665
1.65e-06 1.66 0.00011981
1.655e-06 1.66 0.00012295
1.66e-06 1.66 0.00012699
1.665e-06 1.66 0.0001307
1.67e-06 1.66 0.00013388
1.675e-06 1.66 0.0001368
1.68e-06 1.66 0.00014027
1.685e-06 1.66 0.00014449
1.69e-06 1.66 0.00014813
1.695e-06 1.66 0.00015221
1.7e-06 1.66 0.00015449
1.705e-06 1.66 0.00015848
1.71e-06 1.66 0.00016207
1.715e-06 1.66 0.00016557
1.72e-06 1.66 0.00016816
1.725e-06 1.66 0.000172
1.73e-06 1.66 0.00017524
1.735e-06 1.66 0.00017817
1.74e-06 1.66 0.00018228
1.745e-06 1.66 0.00018479
1.75e-06 1.66 0.00018776
1.755e-06 1.66 0.00019193
1.76e-06 1.66 0.00019393
1.765e-06 1.66 0.00019656
1.77e-06 1.66 0.0001996
1.775e-06 1.66 0.00020239
1.78e-06 1.66 0.00020496
1.785e-06 1.66 0.00020718
1.79e-06 1.66 0.00020882
1.795e-06 1.66 0.00021178
1.8e-06 1.66 0.00021537
1.805e-06 1.66 0.00021653
1.81e-06 1.66 0.00021879
1.815e-06 1.66 0.00022162
1.82e-06 1.66 0.00022263
1.825e-06 1.66 0.00022291
1.83e-06 1.66 0.00022579
1.835e-06 1.66 0.00022551
1.84e-06 1.66 0.00022786
1.845e-06 1.66 0.00022838
1.85e-06 1.66 0.00022861
1.855e-06 1.66 0.00022914
1.86e-06 1.66 0.00022828
1.865e-06 1.66 0.00023014
1.87e-06 1.66 0.00023104
1.875e-06 1.66 0.00022762
1.88e-06 1.66 0.00022739
1.885e-06 1.66 0.00022776
1.89e-06 1.66 0.00022729
1.895e-06 1.66 0.00022847
1.9e-06 1.66 0.00022876
1.905e-06 1.66 0.00022772
1.91e-06 1.66 0.00022757
1.915e-06 1.66 0.00022621
1.92e-06 1.66 0.0002249
1.925e-06 1.66 0.00022189
1.93e-06 1.66 0.00021965
1.935e-06 1.66 0.0002177
1.94e-06 1.66 0.00021483
1.945e-06 1.66 0.00021178
1.95e-06 1.66 0.00020878
1.955e-06 1.66 0.00020607
1.96e-06 1.66 0.00020348
1.965e-06 1.66 0.00020088
1.97e-06 1.66 0.00019852
1.975e-06 1.66 0.00019526
1.98e-06 1.66 0.00019265
1.985e-06 1.66 0.00018917
1.99e-06 1.66 0.00018633
1.995e-06 1.66 0.00018269
2e-06 1.66 0.00017887
2.005e-06 1.66 0.00017571
2.01e-06 1.66 0.00017197
2.015e-06 1.66 0.00016795
2.02e-06 1.66 0.00016447
2.025e-06 1.66 0.0001612
2.03e-06 1.66 0.00015783
2.035e-06 1.66 0.00015405
2.04e-06 1.66 0.00015051
2.045e-06 1.66 0.00014739
2.05e-06 1.66 0.0001433
2.055e-06 1.66 0.00013981
2.06e-06 1.66 0.00013592
2.065e-06 1.66 0.0001322
2.07e-06 1.66 0.00012887
2.075e-06 1.66 0.00012553
2.08e-06 1.66 0.00012234
2.085e-06 1.66 0.00011951
2.09e-06 1.66 0.00011624
2.095e-06 1.66 0.00011308
2.1e-06 1.66 0.00010957
2.105e-06 1.66 0.00010677
2.11e-06 1.66 0.00010346
2.115e-06 1.66 0.00010039
2.12e-06 1.66 9.7605e-05
2.125e-06 1.66 9.4519e-05
2.13e-06 1.66 9.1721e-05
2.135e-06 1.66 8.9357e-05
2.14e-06 1.66 8.7162e-05
2.145e-06 1.66 8.4565e-05
2.15e-06 1.66 8.2215e-05
2.155e-06 1.66 7.9533e-05
2.16e-06 1.66 7.7163e-05
2.165e-06 1.66 7.4956e-05
2.17e-06 1.66 7.3237e-05
2.175e-06 1.66 7.0995e-05
2.18e-06 1.66 6.8779e-05
2.185e-06 1.66 6.6896e-05
2.19e-06 1.66 6.5077e-05
2.195e-06 1.66 6.3098e-05
2.2e-06 1.66 6.1868e-05
2.205e-06 1.66 6.0474e-05
2.21e-06 1.66 5.9123e-05
2.215e-06 1.66 5.7647e-05
2.22e-06 1.66 5.6453e-05
2.225e-06 1.66 5.4998e-05
2.23e-06 1.66 5.4071e-05
2.235e-06 1.66 5.2612e-05
2.24e-06 1.66 5.1097e-05
2.245e-06 1.66 5.0184e-05
2.25e-06 1.66 4.886e-05
2.255e-06 1.66 4.7987e-05
2.26e-06 1.66 4.7062e-05
2.265e-06 1.66 4.6799e-05
2.27e-06 1.66 4.6499e-05
2.275e-06 1.66 4.6799e-05
2.28e-06 1.66 4.7621e-05
2.285e-06 1.66 5.0393e-05
2.29e-06 1.66 5.3492e-05
2.295e-06 1.66 5.2809e-05
2.3e-06 1.66 5.193e-05
2.305e-06 1.66 5.4725e-05
2.31e-06 1.66 6.0236e-05
2.315e-06 1.66 6.1142e-05
2.32e-06 1.66 5.5089e-05
2.325e-06 1.66 5.0476e-05
2.33e-06 1.66 4.5517e-05
2.335e-06 1.66 4.2333e-05
2.34e-06 1.66 4.027e-05
2.345e-06 1.66 3.8941e-05
2.35e-06 1.66 3.8205e-05
2.355e-06 1.66 3.7702e-05
2.36e-06 1.66 3.7005e-05
2.365e-06 1.66 3.6761e-05
2.37e-06 1.66 3.7383e-05
2.375e-06 1.66 3.8348e-05
2.38e-06 1.66 3.9526e-05
2.385e-06 1.66 4.0783e-05
2.39e-06 1.66 4.108e-05
2.395e-06 1.66 4.0421e-05
2.4e-06 1.66 3.8071e-05
2.405e-06 1.66 3.6307e-05
2.41e-06 1.66 3.5327e-05
2.415e-06 1.66 3.4941e-05
2.42e-06 1.66 3.4847e-05
2.425e-06 1.66 3.5173e-05
2.43e-06 1.66 3.5334e-05
2.435e-06 1.66 3.5717e-05
2.44e-06 1.66 3.5532e-05
2.445e-06 1.66 3.597e-05
2.45e-06 1.66 3.6269e-05
2.455e-06 1.66 3.6556e-05
2.46e-06 1.66 3.7221e-05
2.465e-06 1.66 3.7906e-05
2.47e-06 1.66 3.7679e-05
2.475e-06 1.66 3.6952e-05
2.48e-06 1.66 3.6692e-05
2.485e-06 1.66 3.6647e-05
2.49e-06 1.66 3.7221e-05
2.495e-06 1.66 3.771e-05
2.5e-06 1.66 3.7945e-05
2.505e-06 1.66 3.7827e-05
2.51e-06 1.66 3.8095e-05
2.515e-06 1.66 3.8643e-05
2.52e-06 1.66 3.8364e-05
2.525e-06 1.66 3.878e-05
2.53e-06 1.66 3.9682e-05
2.535e-06 1.66 3.9086e-05
2.54e-06 1.66 3.9839e-05
2.545e-06 1.66 4.0162e-05
2.55e-06 1.66 3.9103e-05
2.555e-06 1.66 3.9485e-05
2.56e-06 1.66 4.2659e-05
2.565e-06 1.66 4.0254e-05
2.57e-06 1.66 4.1853e-05
2.575e-06 1.66 4.2044e-05
2.58e-06 1.66 4.2482e-05
2.585e-06 1.66 4.3534e-05
2.59e-06 1.66 4.3103e-05
2.595e-06 1.66 4.1637e-05
2.6e-06 1.66 4.2951e-05
2.605e-06 1.66 4.3543e-05
2.61e-06 1.66 4.2916e-05
2.615e-06 1.66 4.6663e-05
2.62e-06 1.66 4.28e-05
2.625e-06 1.66 4.6809e-05
2.63e-06 1.66 4.8739e-05
2.635e-06 1.66 4.3399e-05
2.64e-06 1.66 4.713e-05
2.645e-06 1.66 4.7296e-05
2.65e-06 1.66 4.8749e-05
