4e-07 0.48602
4.1e-07 0.50594
4.2e-07 0.51873
4.3e-07 0.53094
4.4e-07 0.54925
4.5e-07 0.55967
4.6e-07 0.56883
4.7e-07 0.57876
4.8e-07 0.59048
4.9e-07 0.60083
5e-07 0.61301
5.1e-07 0.62504
5.2e-07 0.63786
5.3e-07 0.64442
5.4e-07 0.64942
5.5e-07 0.64911
5.6e-07 0.65553
5.7e-07 0.65813
5.8e-07 0.65852
5.9e-07 0.65798
6e-07 0.6573
6.1e-07 0.6564
6.2e-07 0.65585
6.3e-07 0.65555
6.4e-07 0.65604
6.5e-07 0.65762
6.6e-07 0.65992
6.7e-07 0.66046
6.8e-07 0.66159
6.9e-07 0.66054
7e-07 0.6577
7.1e-07 0.654
7.2e-07 0.64764
7.3e-07 0.63897
7.4e-07 0.62666
7.5e-07 0.60988
7.6e-07 0.59201
7.7e-07 0.5697
7.8e-07 0.54278
7.9e-07 0.51458
8e-07 0.48641
8.1e-07 0.45817
8.2e-07 0.43082
8.3e-07 0.40694
8.4e-07 0.386
8.5e-07 0.3678
8.6e-07 0.35252
8.7e-07 0.33991
8.8e-07 0.32985
8.9e-07 0.32276
9e-07 0.31773
9.1e-07 0.31361
9.2e-07 0.31352
9.3e-07 0.31426
9.4e-07 0.31731
9.5e-07 0.32308
9.6e-07 0.33236
9.7e-07 0.34253
9.8e-07 0.35572
9.9e-07 0.37046
1e-06 0.38427
1.01e-06 0.40007
1.02e-06 0.41463
1.03e-06 0.42803
1.04e-06 0.44015
1.05e-06 0.45138
1.06e-06 0.46021
1.07e-06 0.47089
1.08e-06 0.47891
1.09e-06 0.48746
1.1e-06 0.49708
1.11e-06 0.5049
1.12e-06 0.51223
1.13e-06 0.51901
1.14e-06 0.52373
1.15e-06 0.53014
1.16e-06 0.53359
1.17e-06 0.53942
1.18e-06 0.54226
1.19e-06 0.54514
1.2e-06 0.5486
1.21e-06 0.54946
1.22e-06 0.55317
1.23e-06 0.55689
1.24e-06 0.55964
1.25e-06 0.56253
1.26e-06 0.56661
1.27e-06 0.57004
1.28e-06 0.57222
1.29e-06 0.5763
1.3e-06 0.57985
1.31e-06 0.58357
1.32e-06 0.58821
1.33e-06 0.59215
1.34e-06 0.59719
1.35e-06 0.59882
1.36e-06 0.60253
1.37e-06 0.60441
1.38e-06 0.60821
1.39e-06 0.59716
1.4e-06 0.60239
1.41e-06 0.60879
1.42e-06 0.61167
1.43e-06 0.61203
1.44e-06 0.61345
1.45e-06 0.61362
1.46e-06 0.61287
1.47e-06 0.61162
1.48e-06 0.60748
1.49e-06 0.60768
1.5e-06 0.60188
1.51e-06 0.59796
1.52e-06 0.59363
1.53e-06 0.58799
1.54e-06 0.58195
1.55e-06 0.57583
1.56e-06 0.57076
1.57e-06 0.56208
1.58e-06 0.55638
1.59e-06 0.54886
1.6e-06 0.54218
1.61e-06 0.53478
1.62e-06 0.52801
1.63e-06 0.52146
1.64e-06 0.51641
1.65e-06 0.50775
1.66e-06 0.50057
1.67e-06 0.49555
1.68e-06 0.48873
1.69e-06 0.48266
1.7e-06 0.47886
1.71e-06 0.47459
1.72e-06 0.46894
1.73e-06 0.46447
1.74e-06 0.45979
1.75e-06 0.45591
1.76e-06 0.4519
1.77e-06 0.44897
1.78e-06 0.4463
1.79e-06 0.44563
1.8e-06 0.4433
1.81e-06 0.44101
1.82e-06 0.43984
1.83e-06 0.43953
1.84e-06 0.43631
1.85e-06 0.43731
1.86e-06 0.43707
1.87e-06 0.43945
1.88e-06 0.43882
1.89e-06 0.43873
1.9e-06 0.43782
1.91e-06 0.43749
1.92e-06 0.43829
1.93e-06 0.44005
1.94e-06 0.44194
1.95e-06 0.44573
1.96e-06 0.45197
1.97e-06 0.45887
1.98e-06 0.46392
1.99e-06 0.46985
2e-06 0.47632
2.01e-06 0.48362
2.02e-06 0.49121
2.03e-06 0.50026
2.04e-06 0.5078
2.05e-06 0.51612
2.06e-06 0.52431
2.07e-06 0.53268
2.08e-06 0.54311
2.09e-06 0.55011
2.1e-06 0.55748
2.11e-06 0.56481
2.12e-06 0.57659
2.13e-06 0.58741
2.14e-06 0.59378
2.15e-06 0.59958
2.16e-06 0.60682
2.17e-06 0.61966
2.18e-06 0.62047
2.19e-06 0.62765
2.2e-06 0.63256
2.21e-06 0.63907
2.22e-06 0.64449
2.23e-06 0.65007
2.24e-06 0.65422
2.25e-06 0.65867
2.26e-06 0.66558
2.27e-06 0.66713
2.28e-06 0.66491
2.29e-06 0.65307
2.3e-06 0.65648
2.31e-06 0.64384
2.32e-06 0.65053
2.33e-06 0.66946
2.34e-06 0.68038
2.35e-06 0.6819
2.36e-06 0.68722
2.37e-06 0.68149
2.38e-06 0.67987
2.39e-06 0.67791
2.4e-06 0.68476
2.41e-06 0.68502
2.42e-06 0.68439
2.43e-06 0.67717
2.44e-06 0.67717
2.45e-06 0.67885
2.46e-06 0.67305
2.47e-06 0.67559
2.48e-06 0.68008
2.49e-06 0.6757
2.5e-06 0.67349
