4e-07 1.67 1.2665e-05
4.1e-07 1.67 1.1583e-05
4.2e-07 1.67 1.1161e-05
4.3e-07 1.67 1.0815e-05
4.4e-07 1.67 1.0216e-05
4.5e-07 1.67 1.018e-05
4.6e-07 1.67 9.7362e-06
4.7e-07 1.67 9.2619e-06
4.8e-07 1.67 8.5872e-06
4.9e-07 1.67 8.3901e-06
5e-07 1.67 7.5879e-06
5.1e-07 1.67 6.7635e-06
5.2e-07 1.67 6.2422e-06
5.3e-07 1.67 5.9135e-06
5.4e-07 1.67 5.608e-06
5.5e-07 1.67 5.5375e-06
5.6e-07 1.67 5.4567e-06
5.7e-07 1.67 5.6138e-06
5.8e-07 1.67 5.8574e-06
5.9e-07 1.67 6.1791e-06
6e-07 1.67 6.4929e-06
6.1e-07 1.67 6.8311e-06
6.2e-07 1.67 7.2152e-06
6.3e-07 1.67 7.5393e-06
6.4e-07 1.67 7.7339e-06
6.5e-07 1.67 7.7355e-06
6.6e-07 1.67 7.651e-06
6.7e-07 1.67 7.7051e-06
6.8e-07 1.67 7.7951e-06
6.9e-07 1.67 8.1199e-06
7e-07 1.67 8.5747e-06
7.1e-07 1.67 9.1039e-06
7.2e-07 1.67 9.8458e-06
7.3e-07 1.67 1.081e-05
7.4e-07 1.67 1.2013e-05
7.5e-07 1.67 1.3717e-05
7.6e-07 1.67 1.553e-05
7.7e-07 1.67 1.7699e-05
7.8e-07 1.67 2.0641e-05
7.9e-07 1.67 2.3903e-05
8e-07 1.67 2.739e-05
8.1e-07 1.67 3.1561e-05
8.2e-07 1.67 3.6014e-05
8.3e-07 1.67 4.0362e-05
8.4e-07 1.67 4.5048e-05
8.5e-07 1.67 4.9832e-05
8.6e-07 1.67 5.4217e-05
8.7e-07 1.67 5.8514e-05
8.8e-07 1.67 6.2785e-05
8.9e-07 1.67 6.6192e-05
9e-07 1.67 6.9813e-05
9.1e-07 1.67 7.3862e-05
9.2e-07 1.67 7.6828e-05
9.3e-07 1.67 8.0129e-05
9.4e-07 1.67 8.3433e-05
9.5e-07 1.67 8.63e-05
9.6e-07 1.67 8.8454e-05
9.7e-07 1.67 9.1172e-05
9.8e-07 1.67 9.4187e-05
9.9e-07 1.67 9.6259e-05
1e-06 1.67 9.8908e-05
1.01e-06 1.67 0.00010077
1.02e-06 1.67 0.00010248
1.03e-06 1.67 0.00010397
1.04e-06 1.67 0.00010484
1.05e-06 1.67 0.00010477
1.06e-06 1.67 0.00010449
1.07e-06 1.67 0.00010138
1.08e-06 1.67 9.9298e-05
1.09e-06 1.67 9.6099e-05
1.1e-06 1.67 9.1778e-05
1.11e-06 1.67 8.8052e-05
1.12e-06 1.67 8.446e-05
1.13e-06 1.67 8.1216e-05
1.14e-06 1.67 7.8909e-05
1.15e-06 1.67 7.5816e-05
1.16e-06 1.67 7.423e-05
1.17e-06 1.67 7.1764e-05
1.18e-06 1.67 7.0643e-05
1.19e-06 1.67 6.9828e-05
1.2e-06 1.67 6.8481e-05
1.21e-06 1.67 6.8282e-05
1.22e-06 1.67 6.6965e-05
1.23e-06 1.67 6.5483e-05
1.24e-06 1.67 6.4553e-05
1.25e-06 1.67 6.3282e-05
1.26e-06 1.67 6.1779e-05
1.27e-06 1.67 6.0612e-05
1.28e-06 1.67 5.9356e-05
1.29e-06 1.67 5.7385e-05
1.3e-06 1.67 5.5502e-05
1.31e-06 1.67 5.4015e-05
1.32e-06 1.67 5.1758e-05
1.33e-06 1.67 4.9677e-05
1.34e-06 1.67 4.7355e-05
1.35e-06 1.67 4.5659e-05
1.36e-06 1.67 4.3471e-05
1.37e-06 1.67 4.1922e-05
1.38e-06 1.67 3.9469e-05
1.39e-06 1.67 3.8293e-05
1.4e-06 1.67 3.5888e-05
1.41e-06 1.67 3.421e-05
1.42e-06 1.67 3.2282e-05
1.43e-06 1.67 3.0894e-05
1.44e-06 1.67 2.9249e-05
1.45e-06 1.67 2.7905e-05
1.46e-06 1.67 2.6551e-05
1.47e-06 1.67 2.542e-05
1.48e-06 1.67 2.4977e-05
1.49e-06 1.67 2.3578e-05
1.5e-06 1.67 2.3268e-05
1.51e-06 1.67 2.2565e-05
1.52e-06 1.67 2.2272e-05
1.53e-06 1.67 2.2111e-05
1.54e-06 1.67 2.2139e-05
1.55e-06 1.67 2.1938e-05
1.56e-06 1.67 2.1856e-05
1.57e-06 1.67 2.2425e-05
1.58e-06 1.67 2.236e-05
1.59e-06 1.67 2.2999e-05
1.6e-06 1.67 2.333e-05
1.61e-06 1.67 2.3824e-05
1.62e-06 1.67 2.4535e-05
1.63e-06 1.67 2.4889e-05
1.64e-06 1.67 2.5221e-05
1.65e-06 1.67 2.6256e-05
1.66e-06 1.67 2.7118e-05
1.67e-06 1.67 2.7807e-05
1.68e-06 1.67 2.8733e-05
1.69e-06 1.67 2.9781e-05
1.7e-06 1.67 2.9955e-05
1.71e-06 1.67 3.043e-05
1.72e-06 1.67 3.1613e-05
1.73e-06 1.67 3.2248e-05
1.74e-06 1.67 3.2889e-05
1.75e-06 1.67 3.3655e-05
1.76e-06 1.67 3.4739e-05
1.77e-06 1.67 3.5371e-05
1.78e-06 1.67 3.591e-05
1.79e-06 1.67 3.6029e-05
1.8e-06 1.67 3.651e-05
1.81e-06 1.67 3.7075e-05
1.82e-06 1.67 3.7198e-05
1.83e-06 1.67 3.7391e-05
1.84e-06 1.67 3.8277e-05
1.85e-06 1.67 3.8079e-05
1.86e-06 1.67 3.7953e-05
1.87e-06 1.67 3.7221e-05
1.88e-06 1.67 3.8032e-05
1.89e-06 1.67 3.7694e-05
1.9e-06 1.67 3.7344e-05
1.91e-06 1.67 3.709e-05
1.92e-06 1.67 3.6776e-05
1.93e-06 1.67 3.6261e-05
1.94e-06 1.67 3.4876e-05
1.95e-06 1.67 3.4724e-05
1.96e-06 1.67 3.3844e-05
1.97e-06 1.67 3.3142e-05
1.98e-06 1.67 3.2295e-05
1.99e-06 1.67 3.1242e-05
2e-06 1.67 3.0538e-05
2.01e-06 1.67 2.9646e-05
2.02e-06 1.67 2.8756e-05
2.03e-06 1.67 2.7778e-05
2.04e-06 1.67 2.6761e-05
2.05e-06 1.67 2.5787e-05
2.06e-06 1.67 2.4951e-05
2.07e-06 1.67 2.3923e-05
2.08e-06 1.67 2.2994e-05
2.09e-06 1.67 2.2217e-05
2.1e-06 1.67 2.2024e-05
2.11e-06 1.67 2.1222e-05
2.12e-06 1.67 1.9997e-05
2.13e-06 1.67 1.9209e-05
2.14e-06 1.67 1.885e-05
2.15e-06 1.67 1.8517e-05
2.16e-06 1.67 1.8209e-05
2.17e-06 1.67 1.6691e-05
2.18e-06 1.67 1.7257e-05
2.19e-06 1.67 1.6632e-05
2.2e-06 1.67 1.6694e-05
2.21e-06 1.67 1.5884e-05
2.22e-06 1.67 1.6007e-05
2.23e-06 1.67 1.5601e-05
2.24e-06 1.67 1.5341e-05
2.25e-06 1.67 1.5607e-05
2.26e-06 1.67 1.4983e-05
2.27e-06 1.67 1.5057e-05
2.28e-06 1.67 1.5265e-05
2.29e-06 1.67 1.5704e-05
2.3e-06 1.67 1.5501e-05
2.31e-06 1.67 1.5607e-05
2.32e-06 1.67 1.6284e-05
2.33e-06 1.67 1.5151e-05
2.34e-06 1.67 1.4443e-05
2.35e-06 1.67 1.4422e-05
2.36e-06 1.67 1.3909e-05
2.37e-06 1.67 1.4841e-05
2.38e-06 1.67 1.4697e-05
2.39e-06 1.67 1.4265e-05
2.4e-06 1.67 1.3828e-05
2.41e-06 1.67 1.3822e-05
2.42e-06 1.67 1.3671e-05
2.43e-06 1.67 1.4357e-05
2.44e-06 1.67 1.4059e-05
2.45e-06 1.67 1.3671e-05
2.46e-06 1.67 1.4167e-05
2.47e-06 1.67 1.3877e-05
2.48e-06 1.67 1.3874e-05
2.49e-06 1.67 1.444e-05
2.5e-06 1.67 1.4551e-05
